   3.2765500e+12   5.4292424e+04   2.9843551e+03   2.9219484e+02
   3.2765500e+12   5.4292424e+04   2.9843551e+03   2.9219484e+02
   3.2765500e+12   5.4292424e+04   2.9843551e+03   2.9219484e+02
   3.2765500e+12   5.4292424e+04   2.9843551e+03   2.9219484e+02
   3.2750519e+12   5.4453952e+04   2.9830938e+03   2.9195803e+02
   3.2750519e+12   5.4453952e+04   2.9830938e+03   2.9195803e+02
   1.8564068e+12   6.0688762e+04   1.6925151e+03   1.6389160e+02
   1.5569993e+12   6.4011019e+04   1.4675642e+03   8.9435026e+01
   1.5569993e+12   6.4011019e+04   1.4675642e+03   8.9435026e+01
   1.5569993e+12   6.4011019e+04   1.4675642e+03   8.9435026e+01
   1.1892820e+12   4.9800416e+04   1.0661610e+03   1.2312094e+02
   1.1892820e+12   4.9800416e+04   1.0661610e+03   1.2312094e+02
   1.1887339e+12   4.9518202e+04   1.0655754e+03   1.2315845e+02
   1.0051817e+12   5.3922313e+04   8.9976584e+02   1.0541580e+02
   9.3491511e+11   5.9702685e+04   7.8913816e+02   1.4577690e+02
   8.3334590e+11   5.7580169e+04   6.5558377e+02   1.7776207e+02
   7.2164795e+11   5.2335088e+04   6.6177958e+02   5.9868324e+01
   7.1173614e+11   5.6607711e+04   6.1317429e+02   9.8561790e+01
   5.5412824e+11   5.7787485e+04   4.7859304e+02   7.5535142e+01
   4.3524284e+11   5.7264781e+04   3.7203495e+02   6.3207835e+01
   4.1210356e+11   5.3058727e+04   3.6122227e+02   5.0881237e+01
   4.1210356e+11   5.3058727e+04   3.6122227e+02   5.0881237e+01
   4.1210356e+11   5.3058727e+04   3.6122227e+02   5.0881237e+01
   3.6733513e+11   5.3544752e+04   3.1103370e+02   5.6301377e+01
   3.5262886e+11   5.3714401e+04   3.0114565e+02   5.1483161e+01
   2.8951010e+11   5.4496229e+04   2.5679691e+02   3.2713132e+01
   1.8552149e+11   5.8877546e+04   1.6454346e+02   2.0977978e+01
   1.8543237e+11   5.8949914e+04   1.6448027e+02   2.0952044e+01
   1.8497217e+11   5.9194688e+04   1.6404430e+02   2.0927813e+01
   1.7863464e+11   5.9374651e+04   1.5656676e+02   2.2067812e+01
   1.7439409e+11   5.7152273e+04   1.5508015e+02   1.9313877e+01
   1.6456107e+11   5.7009724e+04   1.4904473e+02   1.5516283e+01
   1.6456107e+11   5.7009724e+04   1.4904473e+02   1.5516283e+01
   1.5120220e+11   5.7838015e+04   1.3927198e+02   1.1930169e+01
   1.2635717e+11   5.6805740e+04   1.0233634e+02   2.4020767e+01
   1.2132320e+11   5.7931489e+04   1.0893809e+02   1.2385052e+01
   8.6671932e+10   6.0319106e+04   7.4860651e+01   1.1811221e+01
   8.6671932e+10   6.0319106e+04   7.4860651e+01   1.1811221e+01
   8.6671932e+10   6.0319106e+04   7.4860651e+01   1.1811221e+01
   7.0544459e+10   6.2339116e+04   6.4909693e+01   5.6347036e+00
   3.2765500e+12   5.4292424e+04   2.9843551e+03   2.9219484e+02
   3.2765500e+12   5.4292424e+04   2.9843551e+03   2.9219484e+02
   3.2765500e+12   5.4292424e+04   2.9843551e+03   2.9219484e+02
   3.2765500e+12   5.4292424e+04   2.9843551e+03   2.9219484e+02
   3.2750519e+12   5.4453952e+04   2.9830938e+03   2.9195803e+02
   3.2750519e+12   5.4453952e+04   2.9830938e+03   2.9195803e+02
   1.8564068e+12   6.0688762e+04   1.6925151e+03   1.6389160e+02
   3.2765500e+12   5.4292424e+04   2.9843551e+03   2.9219484e+02
   2.8349820e+12   5.8839677e+04   2.4673815e+03   3.6760046e+02
   2.8349820e+12   5.8839677e+04   2.4673815e+03   3.6760046e+02
   3.6421649e+12   4.9885901e+04   3.3287388e+03   3.1342608e+02
   3.6421649e+12   4.9885901e+04   3.3287388e+03   3.1342608e+02
   3.6421649e+12   4.9885901e+04   3.3287388e+03   3.1342608e+02
   3.4159267e+12   5.1865185e+04   3.0715031e+03   3.4442350e+02
   3.2958409e+12   5.4273409e+04   2.9923252e+03   3.0351559e+02
   3.2210198e+12   5.2607186e+04   2.8313293e+03   3.8969049e+02
   2.3514895e+12   5.2658281e+04   1.9357660e+03   4.1572341e+02
   2.3514895e+12   5.2658281e+04   1.9357660e+03   4.1572341e+02
   2.3514895e+12   5.2658281e+04   1.9357660e+03   4.1572341e+02
   1.6673902e+12   4.9387454e+04   1.4451158e+03   2.2227434e+02
   1.6673902e+12   4.9387454e+04   1.4451158e+03   2.2227434e+02
