   4.0000000e+01   4.0275929e+13   6.3556752e+04   2.9497978e+04   1.0777951e+04   4.0275929e+13   6.3556752e+04   2.9497978e+04   1.0777951e+04
   3.1000000e+02   3.9925800e+13   6.8244628e+04   2.9228198e+04   1.0697602e+04   3.9925800e+13   6.8244628e+04   2.9228198e+04   1.0697602e+04
   2.8890000e+04   1.3613954e+13   6.4165843e+04   1.1287205e+04   2.3267490e+03   1.3613954e+13   6.4165843e+04   1.1287205e+04   2.3267490e+03
   2.8930000e+04   1.3593334e+13   6.4125732e+04   1.1266532e+04   2.3268013e+03   1.3593334e+13   6.4125732e+04   1.1266532e+04   2.3268013e+03
   2.9200000e+04   1.3211608e+13   7.0832178e+04   1.1015006e+04   2.1966019e+03   1.3211608e+13   7.0832178e+04   1.1015006e+04   2.1966019e+03
   2.9240000e+04   1.3119111e+13   7.1274120e+04   1.0918624e+04   2.2004872e+03   1.3119111e+13   7.1274120e+04   1.0918624e+04   2.2004872e+03
   2.9470000e+04   1.3070273e+13   7.1728807e+04   1.0921717e+04   2.1485554e+03   1.3070273e+13   7.1728807e+04   1.0921717e+04   2.1485554e+03
   2.9560000e+04   1.2885051e+13   7.2818909e+04   1.0745945e+04   2.1391059e+03   1.2885051e+13   7.2818909e+04   1.0745945e+04   2.1391059e+03
   2.9640000e+04   1.2864500e+13   7.3514554e+04   1.0729375e+04   2.1351243e+03   1.2864500e+13   7.3514554e+04   1.0729375e+04   2.1351243e+03
   2.9870000e+04   1.2760174e+13   7.5047755e+04   1.0626413e+04   2.1337610e+03   1.2760174e+13   7.5047755e+04   1.0626413e+04   2.1337610e+03
   3.0100000e+04   1.2473129e+13   7.8163016e+04   1.0357304e+04   2.1158248e+03   1.2473129e+13   7.8163016e+04   1.0357304e+04   2.1158248e+03
   3.0140000e+04   1.2452125e+13   7.8750044e+04   1.0343373e+04   2.1087517e+03   1.2452125e+13   7.8750044e+04   1.0343373e+04   2.1087517e+03
   3.0180000e+04   1.2396134e+13   7.9176475e+04   1.0298906e+04   2.0972275e+03   1.2396134e+13   7.9176475e+04   1.0298906e+04   2.0972275e+03
   3.0220000e+04   1.2395337e+13   7.9599831e+04   1.0298338e+04   2.0969998e+03   1.2395337e+13   7.9599831e+04   1.0298338e+04   2.0969998e+03
   3.0460000e+04   1.1966981e+13   8.1889940e+04   1.0037608e+04   1.9293725e+03   1.1966981e+13   8.1889940e+04   1.0037608e+04   1.9293725e+03
   3.0540000e+04   1.1960162e+13   8.2649616e+04   1.0032000e+04   1.9281620e+03   1.1960162e+13   8.2649616e+04   1.0032000e+04   1.9281620e+03
   5.9200000e+04   8.2171157e+12   8.1577185e+04   6.9702527e+03   1.2468629e+03   8.2171157e+12   8.1577185e+04   6.9702527e+03   1.2468629e+03
   5.9240000e+04   7.9069898e+12   8.2305901e+04   6.6665012e+03   1.2404885e+03   7.9069898e+12   8.2305901e+04   6.6665012e+03   1.2404885e+03
   5.9480000e+04   7.5139553e+12   8.5139116e+04   6.3267642e+03   1.1871910e+03   7.5139553e+12   8.5139116e+04   6.3267642e+03   1.1871910e+03
   5.9600000e+04   7.1332844e+12   8.5091095e+04   6.1031356e+03   1.0301487e+03   7.1332844e+12   8.5091095e+04   6.1031356e+03   1.0301487e+03
   5.9720000e+04   6.4237587e+12   8.8435984e+04   5.4773033e+03   9.4645532e+02   6.4237587e+12   8.8435984e+04   5.4773033e+03   9.4645532e+02
   5.9760000e+04   6.2141348e+12   8.8581266e+04   5.3113071e+03   9.0282753e+02   6.2141348e+12   8.8581266e+04   5.3113071e+03   9.0282753e+02
   6.0000000e+04   5.9829143e+12   9.3040879e+04   5.0839676e+03   8.9894661e+02   5.9829143e+12   9.3040879e+04   5.0839676e+03   8.9894661e+02
   6.0230000e+04   5.7900368e+12   9.7536697e+04   4.9227203e+03   8.6731639e+02   5.7900368e+12   9.7536697e+04   4.9227203e+03   8.6731639e+02
   6.0270000e+04   5.7535323e+12   1.0000990e+05   4.8957985e+03   8.5773369e+02   5.7535323e+12   1.0000990e+05   4.8957985e+03   8.5773369e+02
   6.0310000e+04   5.7051245e+12   1.0042521e+05   4.8646665e+03   8.4045791e+02   5.7051245e+12   1.0042521e+05   4.8646665e+03   8.4045791e+02
   6.0350000e+04   5.3779687e+12   1.0161688e+05   4.5459634e+03   8.3200518e+02   5.3779687e+12   1.0161688e+05   4.5459634e+03   8.3200518e+02
   6.0470000e+04   5.3697975e+12   1.0263463e+05   4.5397625e+03   8.3003497e+02   5.3697975e+12   1.0263463e+05   4.5397625e+03   8.3003497e+02
   6.0510000e+04   4.9738867e+12   1.0322612e+05   4.2021008e+03   7.7178580e+02   4.9738867e+12   1.0322612e+05   4.2021008e+03   7.7178580e+02
   6.0550000e+04   4.9732166e+12   1.0440783e+05   4.2019918e+03   7.7122467e+02   4.9732166e+12   1.0440783e+05   4.2019918e+03   7.7122467e+02
   6.0780000e+04   4.8904879e+12   1.0759721e+05   4.0912560e+03   7.9923182e+02   4.8904879e+12   1.0759721e+05   4.0912560e+03   7.9923182e+02
   6.0820000e+04   4.8813501e+12   1.0764263e+05   4.0874700e+03   7.9388002e+02   4.8813501e+12   1.0764263e+05   4.0874700e+03   7.9388002e+02
   6.0900000e+04   4.8812242e+12   1.0724461e+05   4.0872177e+03   7.9400648e+02   4.8812242e+12   1.0724461e+05   4.0872177e+03   7.9400648e+02
   6.0940000e+04   4.8786343e+12   1.0753882e+05   4.0871598e+03   7.9147440e+02   4.8786343e+12   1.0753882e+05   4.0871598e+03   7.9147440e+02
   6.1020000e+04   4.8611905e+12   1.0815845e+05   4.0744860e+03   7.8670440e+02   4.8611905e+12   1.0815845e+05   4.0744860e+03   7.8670440e+02
   6.1060000e+04   4.8608293e+12   1.0855010e+05   4.0748713e+03   7.8595789e+02   4.8608293e+12   1.0855010e+05   4.0748713e+03   7.8595789e+02
   6.1260000e+04   4.8003058e+12   1.1302249e+05   4.0562546e+03   7.4405109e+02   4.8003058e+12   1.1302249e+05   4.0562546e+03   7.4405109e+02
   6.1310000e+04   4.2242861e+12   1.1422676e+05   3.5549471e+03   6.6933896e+02   4.2242861e+12   1.1422676e+05   3.5549471e+03   6.6933896e+02
   6.1350000e+04   4.2241056e+12   1.1465012e+05   3.5546850e+03   6.6942048e+02   4.2241056e+12   1.1465012e+05   3.5546850e+03   6.6942048e+02
   6.1430000e+04   4.2159942e+12   1.1628153e+05   3.5504584e+03   6.6553574e+02   4.2159942e+12   1.1628153e+05   3.5504584e+03   6.6553574e+02
   6.1470000e+04   4.1691864e+12   1.1764018e+05   3.5256063e+03   6.4357993e+02   4.1691864e+12   1.1764018e+05   3.5256063e+03   6.4357993e+02
   6.1550000e+04   4.1611582e+12   1.1758891e+05   3.5176614e+03   6.4349668e+02   4.1611582e+12   1.1758891e+05   3.5176614e+03   6.4349668e+02
   6.1590000e+04   4.1574406e+12   1.1808604e+05   3.5183724e+03   6.3906808e+02   4.1574406e+12   1.1808604e+05   3.5183724e+03   6.3906808e+02
   6.1710000e+04   4.1006657e+12   1.1990141e+05   3.4750157e+03   6.2564986e+02   4.1006657e+12   1.1990141e+05   3.4750157e+03   6.2564986e+02
   6.1950000e+04   3.9867562e+12   1.2489252e+05   3.3983957e+03   5.8836038e+02   3.9867562e+12   1.2489252e+05   3.3983957e+03   5.8836038e+02
   6.1990000e+04   3.9867321e+12   1.2486616e+05   3.3983639e+03   5.8836804e+02   3.9867321e+12   1.2486616e+05   3.3983639e+03   5.8836804e+02
   6.2110000e+04   3.8708772e+12   1.2722928e+05   3.2958322e+03   5.7504489e+02   3.8708772e+12   1.2722928e+05   3.2958322e+03   5.7504489e+02
   6.2190000e+04   3.8706630e+12   1.2825877e+05   3.2957181e+03   5.7494483e+02   3.8706630e+12   1.2825877e+05   3.2957181e+03   5.7494483e+02
   6.2310000e+04   3.7314028e+12   1.2777852e+05   3.1650812e+03   5.6632153e+02   3.7314028e+12   1.2777852e+05   3.1650812e+03   5.6632153e+02
   6.2390000e+04   3.7265597e+12   1.2779059e+05   3.1607953e+03   5.6576424e+02   3.7265597e+12   1.2779059e+05   3.1607953e+03   5.6576424e+02
   6.2430000e+04   3.7125329e+12   1.2820424e+05   3.1551587e+03   5.5737405e+02   3.7125329e+12   1.2820424e+05   3.1551587e+03   5.5737405e+02
   6.2470000e+04   3.7124794e+12   1.2761187e+05   3.1549946e+03   5.5748472e+02   3.7124794e+12   1.2761187e+05   3.1549946e+03   5.5748472e+02
   6.2510000e+04   3.6684456e+12   1.2869144e+05   3.1175691e+03   5.5087639e+02   3.6684456e+12   1.2869144e+05   3.1175691e+03   5.5087639e+02
   6.2550000e+04   3.6655178e+12   1.2734187e+05   3.0953554e+03   5.7016234e+02   3.6655178e+12   1.2734187e+05   3.0953554e+03   5.7016234e+02
   9.1140000e+04   2.5088168e+12   1.1577483e+05   2.1149221e+03   3.9389458e+02   2.5088168e+12   1.1577483e+05   2.1149221e+03   3.9389458e+02
   9.1180000e+04   2.5045142e+12   1.1488040e+05   2.1080826e+03   3.9643153e+02   2.5045142e+12   1.1488040e+05   2.1080826e+03   3.9643153e+02
   9.1220000e+04   2.5021997e+12   1.1529404e+05   2.1071805e+03   3.9501908e+02   2.5021997e+12   1.1529404e+05   2.1071805e+03   3.9501908e+02
   9.1300000e+04   2.4703439e+12   1.1632483e+05   2.0881164e+03   3.8222743e+02   2.4703439e+12   1.1632483e+05   2.0881164e+03   3.8222743e+02
   9.1340000e+04   2.4679631e+12   1.1611374e+05   2.0853243e+03   3.8263875e+02   2.4679631e+12   1.1611374e+05   2.0853243e+03   3.8263875e+02
   9.1380000e+04   2.4639891e+12   1.1659763e+05   2.0836709e+03   3.8031804e+02   2.4639891e+12   1.1659763e+05   2.0836709e+03   3.8031804e+02
   9.1500000e+04   2.2948375e+12   1.2084349e+05   1.9172181e+03   3.7761924e+02   2.2948375e+12   1.2084349e+05   1.9172181e+03   3.7761924e+02
   9.2300000e+04   6.9010391e+11   1.2805925e+05   3.3635484e+02   3.5374894e+02   6.9010391e+11   1.2805925e+05   3.3635484e+02   3.5374894e+02
   9.2340000e+04   6.7311844e+11   1.2991288e+05   3.3102685e+02   3.4209146e+02   6.7311844e+11   1.2991288e+05   3.3102685e+02   3.4209146e+02
   9.2380000e+04   6.7267851e+11   1.3008508e+05   3.3103697e+02   3.4164141e+02   6.7267851e+11   1.3008508e+05   3.3103697e+02   3.4164141e+02
   9.2580000e+04   6.5901978e+11   1.3176322e+05   3.2596269e+02   3.3305697e+02   6.5901978e+11   1.3176322e+05   3.2596269e+02   3.3305697e+02
   9.2660000e+04   5.3173173e+11   1.3277205e+05   2.2476232e+02   3.0696928e+02   5.3173173e+11   1.3277205e+05   2.2476232e+02   3.0696928e+02
   9.2700000e+04   5.0004523e+11   1.3281959e+05   1.9302569e+02   3.0701941e+02   5.0004523e+11   1.3281959e+05   1.9302569e+02   3.0701941e+02
   9.2710000e+04   5.0004523e+11   1.3281959e+05   1.9302569e+02   3.0701941e+02   5.0004523e+11   1.3281959e+05   1.9302569e+02   3.0701941e+02
   9.2760000e+04   4.9850206e+11   1.3245918e+05   1.9133410e+02   3.0716783e+02   4.9850206e+11   1.3245918e+05   1.9133410e+02   3.0716783e+02
   9.2800000e+04   4.9848963e+11   1.3308306e+05   1.9133687e+02   3.0715262e+02   4.9848963e+11   1.3308306e+05   1.9133687e+02   3.0715262e+02
   9.2920000e+04   4.4098995e+11   1.3518788e+05   1.6245768e+02   2.7853213e+02   4.4098995e+11   1.3518788e+05   1.6245768e+02   2.7853213e+02
   9.2960000e+04   4.3857549e+11   1.3553004e+05   1.6215836e+02   2.7641699e+02   4.3857549e+11   1.3553004e+05   1.6215836e+02   2.7641699e+02
   9.3090000e+04   4.3792849e+11   1.3629399e+05   1.6199897e+02   2.7592939e+02   4.3792849e+11   1.3629399e+05   1.6199897e+02   2.7592939e+02
   9.3180000e+04   4.2199183e+11   1.3714374e+05   1.5028835e+02   2.7170335e+02   4.2199183e+11   1.3714374e+05   1.5028835e+02   2.7170335e+02
   9.3220000e+04   4.2176480e+11   1.3773566e+05   1.5024107e+02   2.7152359e+02   4.2176480e+11   1.3773566e+05   1.5024107e+02   2.7152359e+02
   9.3260000e+04   4.2015019e+11   1.3813271e+05   1.4885141e+02   2.7129865e+02   4.2015019e+11   1.3813271e+05   1.4885141e+02   2.7129865e+02
   9.3300000e+04   3.9183572e+11   1.3927606e+05   1.4048516e+02   2.5135042e+02   3.9183572e+11   1.3927606e+05   1.4048516e+02   2.5135042e+02
   9.3340000e+04   3.9118041e+11   1.3958377e+05   1.4015055e+02   2.5102972e+02   3.9118041e+11   1.3958377e+05   1.4015055e+02   2.5102972e+02
   9.3420000e+04   3.8681846e+11   1.4003803e+05   1.3595165e+02   2.5086667e+02   3.8681846e+11   1.4003803e+05   1.3595165e+02   2.5086667e+02
   9.3460000e+04   3.8670391e+11   1.4042395e+05   1.3592594e+02   2.5077783e+02   3.8670391e+11   1.4042395e+05   1.3592594e+02   2.5077783e+02
   9.3500000e+04   3.7193259e+11   1.4115509e+05   1.4534758e+02   2.2658486e+02   3.7193259e+11   1.4115509e+05   1.4534758e+02   2.2658486e+02
   9.3750000e+04   3.4288582e+11   1.4236665e+05   1.3514802e+02   2.0773765e+02   3.4288582e+11   1.4236665e+05   1.3514802e+02   2.0773765e+02
   9.3790000e+04   3.1769745e+11   1.4547836e+05   1.2957795e+02   1.8811935e+02   3.1769745e+11   1.4547836e+05   1.2957795e+02   1.8811935e+02
   9.3830000e+04   3.1639659e+11   1.4680299e+05   1.2928843e+02   1.8710802e+02   3.1639659e+11   1.4680299e+05   1.2928843e+02   1.8710802e+02
   9.3870000e+04   3.1480850e+11   1.4680793e+05   1.2770217e+02   1.8710618e+02   3.1480850e+11   1.4680793e+05   1.2770217e+02   1.8710618e+02
   9.3910000e+04   3.1457252e+11   1.4700474e+05   1.2748748e+02   1.8708490e+02   3.1457252e+11   1.4700474e+05   1.2748748e+02   1.8708490e+02
   9.3950000e+04   3.0805634e+11   1.4692270e+05   1.1897173e+02   1.8908446e+02   3.0805634e+11   1.4692270e+05   1.1897173e+02   1.8908446e+02
   9.3990000e+04   3.0803388e+11   1.4632927e+05   1.1845379e+02   1.8957994e+02   3.0803388e+11   1.4632927e+05   1.1845379e+02   1.8957994e+02
   9.4030000e+04   2.9525595e+11   1.4670647e+05   1.1545486e+02   1.7980094e+02   2.9525595e+11   1.4670647e+05   1.1545486e+02   1.7980094e+02
   9.4080000e+04   2.9519559e+11   1.4642036e+05   1.1537169e+02   1.7982375e+02   2.9519559e+11   1.4642036e+05   1.1537169e+02   1.7982375e+02
   9.4120000e+04   2.9518813e+11   1.4701273e+05   1.1537773e+02   1.7981025e+02   2.9518813e+11   1.4701273e+05   1.1537773e+02   1.7981025e+02
   9.4160000e+04   2.9460733e+11   1.4671838e+05   1.1479717e+02   1.7981001e+02   2.9460733e+11   1.4671838e+05   1.1479717e+02   1.7981001e+02
   9.4170000e+04   2.9460733e+11   1.4671838e+05   1.1479717e+02   1.7981001e+02   2.9460733e+11   1.4671838e+05   1.1479717e+02   1.7981001e+02
   9.4210000e+04   2.9455263e+11   1.4709655e+05   1.1476547e+02   1.7978701e+02   2.9455263e+11   1.4709655e+05   1.1476547e+02   1.7978701e+02
   9.4220000e+04   2.9455263e+11   1.4709655e+05   1.1476547e+02   1.7978701e+02   2.9455263e+11   1.4709655e+05   1.1476547e+02   1.7978701e+02
   9.4260000e+04   2.9452634e+11   1.4752298e+05   1.1475335e+02   1.7977284e+02   2.9452634e+11   1.4752298e+05   1.1475335e+02   1.7977284e+02
   9.4310000e+04   2.8898749e+11   1.4790890e+05   1.1219847e+02   1.7678887e+02   2.8898749e+11   1.4790890e+05   1.1219847e+02   1.7678887e+02
   9.4390000e+04   2.8789299e+11   1.4901640e+05   1.1208334e+02   1.7580951e+02   2.8789299e+11   1.4901640e+05   1.1208334e+02   1.7580951e+02
   9.4430000e+04   2.8702453e+11   1.4967485e+05   1.1181329e+02   1.7521108e+02   2.8702453e+11   1.4967485e+05   1.1181329e+02   1.7521108e+02
   9.4550000e+04   2.8060234e+11   1.4896335e+05   1.1340383e+02   1.6719836e+02   2.8060234e+11   1.4896335e+05   1.1340383e+02   1.6719836e+02
   9.4590000e+04   2.8059296e+11   1.4922468e+05   1.1341180e+02   1.6718102e+02   2.8059296e+11   1.4922468e+05   1.1341180e+02   1.6718102e+02
   9.4630000e+04   2.8031496e+11   1.4671166e+05   1.1334149e+02   1.6697333e+02   2.8031496e+11   1.4671166e+05   1.1334149e+02   1.6697333e+02
   9.4710000e+04   2.7975340e+11   1.4809942e+05   1.1150611e+02   1.6824715e+02   2.7975340e+11   1.4809942e+05   1.1150611e+02   1.6824715e+02
   9.4720000e+04   2.7975340e+11   1.4809942e+05   1.1150611e+02   1.6824715e+02   2.7975340e+11   1.4809942e+05   1.1150611e+02   1.6824715e+02
   9.4760000e+04   2.7470013e+11   1.4877298e+05   1.0906449e+02   1.6563550e+02   2.7470013e+11   1.4877298e+05   1.0906449e+02   1.6563550e+02
   9.4800000e+04   2.7469536e+11   1.4931875e+05   1.0907266e+02   1.6562255e+02   2.7469536e+11   1.4931875e+05   1.0907266e+02   1.6562255e+02
   9.4880000e+04   1.9992351e+11   1.4820185e+05   4.4090385e+01   1.5583298e+02   1.9992351e+11   1.4820185e+05   4.4090385e+01   1.5583298e+02
   9.5000000e+04   1.9988209e+11   1.4853249e+05   4.4050170e+01   1.5583177e+02   1.9988209e+11   1.4853249e+05   4.4050170e+01   1.5583177e+02
   9.5080000e+04   1.9342779e+11   1.5037590e+05   4.4655720e+01   1.4877192e+02   1.9342779e+11   1.5037590e+05   4.4655720e+01   1.4877192e+02
   9.5160000e+04   1.9337302e+11   1.5120552e+05   4.4661605e+01   1.4871126e+02   1.9337302e+11   1.5120552e+05   4.4661605e+01   1.4871126e+02
   9.5200000e+04   1.9314131e+11   1.5162923e+05   4.4483656e+01   1.4865751e+02   1.9314131e+11   1.5162923e+05   4.4483656e+01   1.4865751e+02
   9.5330000e+04   1.9056198e+11   1.5348310e+05   4.4361166e+01   1.4620066e+02   1.9056198e+11   1.5348310e+05   4.4361166e+01   1.4620066e+02
   9.5370000e+04   1.4734145e+11   1.5359546e+05   7.1388273e+01   7.5953020e+01   1.4734145e+11   1.5359546e+05   7.1388273e+01   7.5953020e+01
   9.5420000e+04   1.4036720e+11   1.5312876e+05   5.2222602e+01   8.8144444e+01   1.4036720e+11   1.5312876e+05   5.2222602e+01   8.8144444e+01
   9.5900000e+04   1.0572691e+11   1.5748987e+05   3.3201529e+01   7.2525220e+01   1.0572691e+11   1.5748987e+05   3.3201529e+01   7.2525220e+01
   9.5940000e+04   1.0492565e+11   1.5729728e+05   3.2279299e+01   7.2646197e+01   1.0492565e+11   1.5729728e+05   3.2279299e+01   7.2646197e+01
   9.6100000e+04   9.7826478e+10   1.5950731e+05   3.1559059e+01   6.6267260e+01   9.7826478e+10   1.5950731e+05   3.1559059e+01   6.6267260e+01
   9.6140000e+04   9.7755147e+10   1.6008688e+05   3.1551719e+01   6.6203268e+01   9.7755147e+10   1.6008688e+05   3.1551719e+01   6.6203268e+01
   9.6220000e+04   9.6086307e+10   1.6276857e+05   3.2030944e+01   6.4055200e+01   9.6086307e+10   1.6276857e+05   3.2030944e+01   6.4055200e+01
   9.6270000e+04   9.6004843e+10   1.6319500e+05   3.2027463e+01   6.3977217e+01   9.6004843e+10   1.6319500e+05   3.2027463e+01   6.3977217e+01
   9.6360000e+04   8.0627813e+10   1.6403508e+05   2.3941024e+01   5.6686625e+01   8.0627813e+10   1.6403508e+05   2.3941024e+01   5.6686625e+01
   9.6370000e+04   8.0627813e+10   1.6403508e+05   2.3941024e+01   5.6686625e+01   8.0627813e+10   1.6403508e+05   2.3941024e+01   5.6686625e+01
   9.6410000e+04   8.0622077e+10   1.6460290e+05   2.3933526e+01   5.6688387e+01   8.0622077e+10   1.6460290e+05   2.3933526e+01   5.6688387e+01
   9.6450000e+04   8.0315011e+10   1.6533127e+05   2.3849463e+01   5.6465383e+01   8.0315011e+10   1.6533127e+05   2.3849463e+01   5.6465383e+01
   9.6460000e+04   8.0315011e+10   1.6533127e+05   2.3849463e+01   5.6465383e+01   8.0315011e+10   1.6533127e+05   2.3849463e+01   5.6465383e+01
   9.6470000e+04   8.0315011e+10   1.6533127e+05   2.3849463e+01   5.6465383e+01   8.0315011e+10   1.6533127e+05   2.3849463e+01   5.6465383e+01
   9.6510000e+04   8.0313113e+10   1.6491332e+05   2.3820975e+01   5.6491974e+01   8.0313113e+10   1.6491332e+05   2.3820975e+01   5.6491974e+01
   9.6550000e+04   7.9710550e+10   1.6533230e+05   2.3735858e+01   5.5974526e+01   7.9710550e+10   1.6533230e+05   2.3735858e+01   5.5974526e+01
   9.6640000e+04   7.4918262e+10   1.6752920e+05   1.9834495e+01   5.5083600e+01   7.4918262e+10   1.6752920e+05   1.9834495e+01   5.5083600e+01
   9.6730000e+04   7.2307069e+10   1.6719038e+05   1.9819971e+01   5.2486931e+01   7.2307069e+10   1.6719038e+05   1.9819971e+01   5.2486931e+01
   1.2528000e+05   5.8685265e+10   1.6845102e+05   1.3731615e+01   4.4953482e+01   5.8685265e+10   1.6845102e+05   1.3731615e+01   4.4953482e+01
   1.5387000e+05   2.4436609e+10   1.6554974e+05   1.4419277e+01   1.0017166e+01   2.4436609e+10   1.6554974e+05   1.4419277e+01   1.0017166e+01
   1.5391000e+05   2.4376342e+10   1.6511084e+05   1.4279447e+01   1.0096729e+01   2.4376342e+10   1.6511084e+05   1.4279447e+01   1.0096729e+01
   1.5395000e+05   2.4326821e+10   1.6446537e+05   1.4192244e+01   1.0134412e+01   2.4326821e+10   1.6446537e+05   1.4192244e+01   1.0134412e+01
   1.5399000e+05   2.0770851e+10   1.6581495e+05   1.0889893e+01   9.8807917e+00   2.0770851e+10   1.6581495e+05   1.0889893e+01   9.8807917e+00
   1.5400000e+05   2.0770851e+10   1.6581495e+05   1.0889893e+01   9.8807917e+00   2.0770851e+10   1.6581495e+05   1.0889893e+01   9.8807917e+00
   1.5404000e+05   2.0762625e+10   1.6629883e+05   1.0897094e+01   9.8653653e+00   2.0762625e+10   1.6629883e+05   1.0897094e+01   9.8653653e+00
   1.5409000e+05   2.0453217e+10   1.6648804e+05   1.0591714e+01   9.8613366e+00   2.0453217e+10   1.6648804e+05   1.0591714e+01   9.8613366e+00
   1.5425000e+05   1.9340815e+10   1.6685972e+05   9.8500497e+00   9.4905980e+00   1.9340815e+10   1.6685972e+05   9.8500497e+00   9.4905980e+00
   1.5438000e+05   1.8825841e+10   1.6723384e+05   9.3411208e+00   9.4845533e+00   1.8825841e+10   1.6723384e+05   9.3411208e+00   9.4845533e+00
   1.5442000e+05   1.8666461e+10   1.6644916e+05   9.1180130e+00   9.5482811e+00   1.8666461e+10   1.6644916e+05   9.1180130e+00   9.5482811e+00
   1.5447000e+05   1.8663722e+10   1.6584192e+05   9.1152709e+00   9.5482852e+00   1.8663722e+10   1.6584192e+05   9.1152709e+00   9.5482852e+00
   1.5460000e+05   1.8393595e+10   1.6816658e+05   8.8948144e+00   9.4986121e+00   1.8393595e+10   1.6816658e+05   8.8948144e+00   9.4986121e+00
   1.5464000e+05   1.8266594e+10   1.6884014e+05   9.0416477e+00   9.2247770e+00   1.8266594e+10   1.6884014e+05   9.0416477e+00   9.2247770e+00
   1.5468000e+05   1.8252117e+10   1.6942014e+05   9.0411946e+00   9.2107535e+00   1.8252117e+10   1.6942014e+05   9.0411946e+00   9.2107535e+00
   1.5472000e+05   1.8178359e+10   1.6715902e+05   8.8198633e+00   9.3583282e+00   1.8178359e+10   1.6715902e+05   8.8198633e+00   9.3583282e+00
   1.5473000e+05   1.8178359e+10   1.6715902e+05   8.8198633e+00   9.3583282e+00   1.8178359e+10   1.6715902e+05   8.8198633e+00   9.3583282e+00
   1.5474000e+05   1.8178359e+10   1.6715902e+05   8.8198633e+00   9.3583282e+00   1.8178359e+10   1.6715902e+05   8.8198633e+00   9.3583282e+00
   1.5479000e+05   1.8177896e+10   1.6750340e+05   8.8200303e+00   9.3576985e+00   1.8177896e+10   1.6750340e+05   8.8200303e+00   9.3576985e+00
   1.5484000e+05   1.7468444e+10   1.6867888e+05   8.8488399e+00   8.6194355e+00   1.7468444e+10   1.6867888e+05   8.8488399e+00   8.6194355e+00
   1.5485000e+05   1.7468444e+10   1.6867888e+05   8.8488399e+00   8.6194355e+00   1.7468444e+10   1.6867888e+05   8.8488399e+00   8.6194355e+00
   1.5494000e+05   1.7171799e+10   1.7215895e+05   8.5952857e+00   8.5763408e+00   1.7171799e+10   1.7215895e+05   8.5952857e+00   8.5763408e+00
   1.5495000e+05   1.7171799e+10   1.7215895e+05   8.5952857e+00   8.5763408e+00   1.7171799e+10   1.7215895e+05   8.5952857e+00   8.5763408e+00
   1.5504000e+05   1.7134667e+10   1.7524999e+05   8.6092826e+00   8.5252094e+00   1.7134667e+10   1.7524999e+05   8.6092826e+00   8.5252094e+00
   1.5508000e+05   1.7086231e+10   1.7567277e+05   8.6053429e+00   8.4807129e+00   1.7086231e+10   1.7567277e+05   8.6053429e+00   8.4807129e+00
   1.5516000e+05   1.4874621e+10   1.7654446e+05   8.6664660e+00   6.2079781e+00   1.4874621e+10   1.7654446e+05   8.6664660e+00   6.2079781e+00
   1.5549000e+05   1.2540478e+10   1.7481309e+05   6.3725145e+00   6.1677884e+00   1.2540478e+10   1.7481309e+05   6.3725145e+00   6.1677884e+00
   1.5553000e+05   1.2489466e+10   1.7523384e+05   6.3772351e+00   6.1120560e+00   1.2489466e+10   1.7523384e+05   6.3772351e+00   6.1120560e+00
   1.5557000e+05   1.2261187e+10   1.7619074e+05   6.3124384e+00   5.9485722e+00   1.2261187e+10   1.7619074e+05   6.3124384e+00   5.9485722e+00
   1.5558000e+05   1.2261187e+10   1.7619074e+05   6.3124384e+00   5.9485722e+00   1.2261187e+10   1.7619074e+05   6.3124384e+00   5.9485722e+00
   1.5559000e+05   1.2261187e+10   1.7619074e+05   6.3124384e+00   5.9485722e+00   1.2261187e+10   1.7619074e+05   6.3124384e+00   5.9485722e+00
   1.5560000e+05   1.2261187e+10   1.7619074e+05   6.3124384e+00   5.9485722e+00   1.2261187e+10   1.7619074e+05   6.3124384e+00   5.9485722e+00
   1.5565000e+05   1.2240625e+10   1.7576599e+05   6.2683259e+00   5.9721230e+00   1.2240625e+10   1.7576599e+05   6.2683259e+00   5.9721230e+00
   1.5566000e+05   1.2240625e+10   1.7576599e+05   6.2683259e+00   5.9721230e+00   1.2240625e+10   1.7576599e+05   6.2683259e+00   5.9721230e+00
   1.5570000e+05   9.8391364e+09   1.7618393e+05   3.8761341e+00   5.9628261e+00   9.8391364e+09   1.7618393e+05   3.8761341e+00   5.9628261e+00
   1.5582000e+05   9.5957932e+09   1.7726248e+05   3.6578189e+00   5.9377970e+00   9.5957932e+09   1.7726248e+05   3.6578189e+00   5.9377970e+00
   1.5586000e+05   9.5860747e+09   1.7685000e+05   3.6420605e+00   5.9438373e+00   9.5860747e+09   1.7685000e+05   3.6420605e+00   5.9438373e+00
   1.5594000e+05   9.5798320e+09   1.7681760e+05   3.6147050e+00   5.9649502e+00   9.5798320e+09   1.7681760e+05   3.6147050e+00   5.9649502e+00
   1.5611000e+05   8.6903468e+09   1.7871800e+05   3.0740845e+00   5.6160835e+00   8.6903468e+09   1.7871800e+05   3.0740845e+00   5.6160835e+00
   1.5612000e+05   8.6903468e+09   1.7871800e+05   3.0740845e+00   5.6160835e+00   8.6903468e+09   1.7871800e+05   3.0740845e+00   5.6160835e+00
   1.5616000e+05   8.2995179e+09   1.7981264e+05   3.0537992e+00   5.2455389e+00   8.2995179e+09   1.7981264e+05   3.0537992e+00   5.2455389e+00
   1.5617000e+05   8.2995179e+09   1.7981264e+05   3.0537992e+00   5.2455389e+00   8.2995179e+09   1.7981264e+05   3.0537992e+00   5.2455389e+00
   1.5621000e+05   8.2114168e+09   1.8110964e+05   3.0496213e+00   5.1616144e+00   8.2114168e+09   1.8110964e+05   3.0496213e+00   5.1616144e+00
   1.5625000e+05   8.2037067e+09   1.8103730e+05   3.0421928e+00   5.1613328e+00   8.2037067e+09   1.8103730e+05   3.0421928e+00   5.1613328e+00
   1.5646000e+05   8.1119870e+09   1.8086416e+05   2.9515901e+00   5.1602160e+00   8.1119870e+09   1.8086416e+05   2.9515901e+00   5.1602160e+00
   1.5651000e+05   8.1008915e+09   1.8128891e+05   2.9507611e+00   5.1499491e+00   8.1008915e+09   1.8128891e+05   2.9507611e+00   5.1499491e+00
   1.5667000e+05   8.0903432e+09   1.8028042e+05   2.9406121e+00   5.1495509e+00   8.0903432e+09   1.8028042e+05   2.9406121e+00   5.1495509e+00
   1.5675000e+05   8.0635233e+09   1.8046123e+05   2.8992883e+00   5.1640546e+00   8.0635233e+09   1.8046123e+05   2.8992883e+00   5.1640546e+00
   1.5680000e+05   8.0576326e+09   1.7986054e+05   2.8992941e+00   5.1581587e+00   8.0576326e+09   1.7986054e+05   2.8992941e+00   5.1581587e+00
   1.5684000e+05   8.0545504e+09   1.7925748e+05   2.8995711e+00   5.1548000e+00   8.0545504e+09   1.7925748e+05   2.8995711e+00   5.1548000e+00
   1.5689000e+05   8.0517153e+09   1.7790443e+05   2.8930673e+00   5.1584700e+00   8.0517153e+09   1.7790443e+05   2.8930673e+00   5.1584700e+00
   1.5690000e+05   8.0517153e+09   1.7790443e+05   2.8930673e+00   5.1584700e+00   8.0517153e+09   1.7790443e+05   2.8930673e+00   5.1584700e+00
   1.5691000e+05   8.0517153e+09   1.7790443e+05   2.8930673e+00   5.1584700e+00   8.0517153e+09   1.7790443e+05   2.8930673e+00   5.1584700e+00
   1.5692000e+05   8.0517153e+09   1.7790443e+05   2.8930673e+00   5.1584700e+00   8.0517153e+09   1.7790443e+05   2.8930673e+00   5.1584700e+00
   1.5693000e+05   8.0517153e+09   1.7790443e+05   2.8930673e+00   5.1584700e+00   8.0517153e+09   1.7790443e+05   2.8930673e+00   5.1584700e+00
   1.5694000e+05   8.0517153e+09   1.7790443e+05   2.8930673e+00   5.1584700e+00   8.0517153e+09   1.7790443e+05   2.8930673e+00   5.1584700e+00
   1.5702000e+05   6.7287818e+09   1.7765211e+05   1.6751615e+00   5.0534427e+00   6.7287818e+09   1.7765211e+05   1.6751615e+00   5.0534427e+00
   1.5707000e+05   6.6645724e+09   1.7725060e+05   1.6488995e+00   5.0154957e+00   6.6645724e+09   1.7725060e+05   1.6488995e+00   5.0154957e+00
   1.5708000e+05   6.6645724e+09   1.7725060e+05   1.6488995e+00   5.0154957e+00   6.6645724e+09   1.7725060e+05   1.6488995e+00   5.0154957e+00
   1.5713000e+05   6.6625101e+09   1.7784166e+05   1.6539070e+00   5.0084253e+00   6.6625101e+09   1.7784166e+05   1.6539070e+00   5.0084253e+00
   1.5717000e+05   6.6614615e+09   1.7725060e+05   1.6533196e+00   5.0079647e+00   6.6614615e+09   1.7725060e+05   1.6533196e+00   5.0079647e+00
   1.5722000e+05   6.6600578e+09   1.7752178e+05   1.6527233e+00   5.0071570e+00   6.6600578e+09   1.7752178e+05   1.6527233e+00   5.0071570e+00
   1.5730000e+05   6.5988669e+09   1.7793115e+05   1.6460026e+00   4.9526864e+00   6.5988669e+09   1.7793115e+05   1.6460026e+00   4.9526864e+00
   1.5731000e+05   6.5988669e+09   1.7793115e+05   1.6460026e+00   4.9526864e+00   6.5988669e+09   1.7793115e+05   1.6460026e+00   4.9526864e+00
   1.5732000e+05   6.5988669e+09   1.7793115e+05   1.6460026e+00   4.9526864e+00   6.5988669e+09   1.7793115e+05   1.6460026e+00   4.9526864e+00
   1.5733000e+05   6.5988669e+09   1.7793115e+05   1.6460026e+00   4.9526864e+00   6.5988669e+09   1.7793115e+05   1.6460026e+00   4.9526864e+00
   1.5746000e+05   6.5361362e+09   1.7674975e+05   1.6464523e+00   4.8895071e+00   6.5361362e+09   1.7674975e+05   1.6464523e+00   4.8895071e+00
   1.5747000e+05   6.5361362e+09   1.7674975e+05   1.6464523e+00   4.8895071e+00   6.5361362e+09   1.7674975e+05   1.6464523e+00   4.8895071e+00
   1.5748000e+05   6.5361362e+09   1.7674975e+05   1.6464523e+00   4.8895071e+00   6.5361362e+09   1.7674975e+05   1.6464523e+00   4.8895071e+00
   1.5769000e+05   3.4456608e+09   1.7724964e+05   8.5065356e-02   3.3604181e+00   3.4456608e+09   1.7724964e+05   8.5065356e-02   3.3604181e+00
   1.5773000e+05   3.4227222e+09   1.7613770e+05   8.4335170e-02   3.3382109e+00   3.4227222e+09   1.7613770e+05   8.4335170e-02   3.3382109e+00
   1.5790000e+05   3.2734137e+09   1.7588804e+05   0.0000000e+00   3.2732378e+00   3.2734137e+09   1.7588804e+05   0.0000000e+00   3.2732378e+00
   1.5794000e+05   3.2719661e+09   1.7563657e+05   0.0000000e+00   3.2717905e+00   3.2719661e+09   1.7563657e+05   0.0000000e+00   3.2717905e+00
   1.5802000e+05   3.2572352e+09   1.7676845e+05   4.1064056e-05   3.2570174e+00   3.2572352e+09   1.7676845e+05   4.1064056e-05   3.2570174e+00
   1.5811000e+05   3.2503496e+09   1.7626064e+05   8.4102585e-05   3.2500893e+00   3.2503496e+09   1.7626064e+05   8.4102585e-05   3.2500893e+00
   1.5815000e+05   3.2494294e+09   1.7684022e+05   0.0000000e+00   3.2492525e+00   3.2494294e+09   1.7684022e+05   0.0000000e+00   3.2492525e+00
   1.5827000e+05   3.2487979e+09   1.7584566e+05   0.0000000e+00   3.2486221e+00   3.2487979e+09   1.7584566e+05   0.0000000e+00   3.2486221e+00
   1.5832000e+05   3.2446070e+09   1.7542417e+05   1.5846634e-03   3.2428469e+00   3.2446070e+09   1.7542417e+05   1.5846634e-03   3.2428469e+00
   1.5836000e+05   3.2432978e+09   1.7582568e+05   2.2842093e-04   3.2428936e+00   3.2432978e+09   1.7582568e+05   2.2842093e-04   3.2428936e+00
   1.5837000e+05   3.2432978e+09   1.7582568e+05   2.2842093e-04   3.2428936e+00   3.2432978e+09   1.7582568e+05   2.2842093e-04   3.2428936e+00
   1.5846000e+05   3.2206160e+09   1.7485497e+05   6.4267192e-03   3.2140145e+00   3.2206160e+09   1.7485497e+05   6.4267192e-03   3.2140145e+00
   1.5851000e+05   3.2194431e+09   1.7427540e+05   5.0817344e-03   3.2141871e+00   3.2194431e+09   1.7427540e+05   5.0817344e-03   3.2141871e+00
   1.5856000e+05   3.2060150e+09   1.7384897e+05   5.2377386e-03   3.2006034e+00   3.2060150e+09   1.7384897e+05   5.2377386e-03   3.2006034e+00
   1.5865000e+05   3.1880654e+09   1.7263866e+05   6.1501953e-03   3.1817426e+00   3.1880654e+09   1.7263866e+05   6.1501953e-03   3.1817426e+00
   1.5873000e+05   3.1867166e+09   1.7165427e+05   4.4761150e-03   3.1820688e+00   3.1867166e+09   1.7165427e+05   4.4761150e-03   3.1820688e+00
   1.5874000e+05   3.1867166e+09   1.7165427e+05   4.4761150e-03   3.1820688e+00   3.1867166e+09   1.7165427e+05   4.4761150e-03   3.1820688e+00
   1.5875000e+05   3.1867166e+09   1.7165427e+05   4.4761150e-03   3.1820688e+00   3.1867166e+09   1.7165427e+05   4.4761150e-03   3.1820688e+00
   1.5879000e+05   3.1861351e+09   1.7127666e+05   4.4148891e-03   3.1815489e+00   3.1861351e+09   1.7127666e+05   4.4148891e-03   3.1815489e+00
   1.5888000e+05   3.1803637e+09   1.7112508e+05   5.9067945e-03   3.1742858e+00   3.1803637e+09   1.7112508e+05   5.9067945e-03   3.1742858e+00
   1.5892000e+05   3.1791246e+09   1.7075476e+05   5.4584220e-03   3.1734955e+00   3.1791246e+09   1.7075476e+05   5.4584220e-03   3.1734955e+00
   1.5893000e+05   3.1791246e+09   1.7075476e+05   5.4584220e-03   3.1734955e+00   3.1791246e+09   1.7075476e+05   5.4584220e-03   3.1734955e+00
   1.5906000e+05   3.0298628e+09   1.7131704e+05   2.2605399e-02   3.0070860e+00   3.0298628e+09   1.7131704e+05   2.2605399e-02   3.0070860e+00
   1.5907000e+05   3.0298628e+09   1.7131704e+05   2.2605399e-02   3.0070860e+00   3.0298628e+09   1.7131704e+05   2.2605399e-02   3.0070860e+00
   1.5911000e+05   2.5686237e+09   1.7157837e+05   3.0196275e-02   2.5382558e+00   2.5686237e+09   1.7157837e+05   3.0196275e-02   2.5382558e+00
   1.5915000e+05   2.5641097e+09   1.7099880e+05   3.3130687e-02   2.5308080e+00   2.5641097e+09   1.7099880e+05   3.3130687e-02   2.5308080e+00
   1.5916000e+05   2.5641097e+09   1.7099880e+05   3.3130687e-02   2.5308080e+00   2.5641097e+09   1.7099880e+05   3.3130687e-02   2.5308080e+00
   1.5917000e+05   2.5641097e+09   1.7099880e+05   3.3130687e-02   2.5308080e+00   2.5641097e+09   1.7099880e+05   3.3130687e-02   2.5308080e+00
   1.5918000e+05   2.5641097e+09   1.7099880e+05   3.3130687e-02   2.5308080e+00   2.5641097e+09   1.7099880e+05   3.3130687e-02   2.5308080e+00
   1.5923000e+05   2.5640373e+09   1.7061861e+05   3.3030073e-02   2.5308366e+00   2.5640373e+09   1.7061861e+05   3.3030073e-02   2.5308366e+00
   1.5927000e+05   2.5636432e+09   1.7088792e+05   3.2933653e-02   2.5305387e+00   2.5636432e+09   1.7088792e+05   3.2933653e-02   2.5305387e+00
   1.5931000e+05   2.5447109e+09   1.7055653e+05   3.4856802e-02   2.5096835e+00   2.5447109e+09   1.7055653e+05   3.4856802e-02   2.5096835e+00
   1.5935000e+05   2.5069542e+09   1.6963255e+05   3.2710005e-02   2.4740745e+00   2.5069542e+09   1.6963255e+05   3.2710005e-02   2.4740745e+00
   1.5944000e+05   2.4241600e+09   1.7105258e+05   3.1171818e-02   2.3928171e+00   2.4241600e+09   1.7105258e+05   3.1171818e-02   2.3928171e+00
   1.5957000e+05   2.4119923e+09   1.7249483e+05   2.9556020e-02   2.3822637e+00   2.4119923e+09   1.7249483e+05   2.9556020e-02   2.3822637e+00
   1.5961000e+05   2.4113576e+09   1.7190377e+05   2.9253158e-02   2.3819326e+00   2.4113576e+09   1.7190377e+05   2.9253158e-02   2.3819326e+00
   1.5966000e+05   2.3581840e+09   1.7259382e+05   4.5811099e-03   2.3534303e+00   2.3581840e+09   1.7259382e+05   4.5811099e-03   2.3534303e+00
   1.5967000e+05   2.3581840e+09   1.7259382e+05   4.5811099e-03   2.3534303e+00   2.3581840e+09   1.7259382e+05   4.5811099e-03   2.3534303e+00
   1.5968000e+05   2.3581840e+09   1.7259382e+05   4.5811099e-03   2.3534303e+00   2.3581840e+09   1.7259382e+05   4.5811099e-03   2.3534303e+00
   1.5973000e+05   2.3548696e+09   1.7217851e+05   1.2971318e-03   2.3534003e+00   2.3548696e+09   1.7217851e+05   1.2971318e-03   2.3534003e+00
   1.5974000e+05   2.3548696e+09   1.7217851e+05   1.2971318e-03   2.3534003e+00   2.3548696e+09   1.7217851e+05   1.2971318e-03   2.3534003e+00
   1.8841000e+05   1.3960987e+09   1.7396066e+05   1.0046106e-01   1.2954637e+00   1.3960987e+09   1.7396066e+05   1.0046106e-01   1.2954637e+00
   1.8846000e+05   1.3828989e+09   1.7396836e+05   8.7226628e-02   1.2954983e+00   1.3828989e+09   1.7396836e+05   8.7226628e-02   1.2954983e+00
   1.8855000e+05   1.3783685e+09   1.7232048e+05   8.3739908e-02   1.2944563e+00   1.3783685e+09   1.7232048e+05   8.3739908e-02   1.2944563e+00
   1.8856000e+05   1.3783685e+09   1.7232048e+05   8.3739908e-02   1.2944563e+00   1.3783685e+09   1.7232048e+05   8.3739908e-02   1.2944563e+00
   1.8857000e+05   1.3783685e+09   1.7232048e+05   8.3739908e-02   1.2944563e+00   1.3783685e+09   1.7232048e+05   8.3739908e-02   1.2944563e+00
   1.8858000e+05   1.3783685e+09   1.7232048e+05   8.3739908e-02   1.2944563e+00   1.3783685e+09   1.7232048e+05   8.3739908e-02   1.2944563e+00
   1.8871000e+05   1.3774281e+09   1.7371452e+05   8.2703768e-02   1.2945507e+00   1.3774281e+09   1.7371452e+05   8.2703768e-02   1.2945507e+00
   1.8875000e+05   1.3706447e+09   1.7426752e+05   7.5683641e-02   1.2947868e+00   1.3706447e+09   1.7426752e+05   7.5683641e-02   1.2947868e+00
   1.8876000e+05   1.3706447e+09   1.7426752e+05   7.5683641e-02   1.2947868e+00   1.3706447e+09   1.7426752e+05   7.5683641e-02   1.2947868e+00
   1.8877000e+05   1.3706447e+09   1.7426752e+05   7.5683641e-02   1.2947868e+00   1.3706447e+09   1.7426752e+05   7.5683641e-02   1.2947868e+00
   1.8890000e+05   1.3647284e+09   1.7283508e+05   7.4436344e-02   1.2901192e+00   1.3647284e+09   1.7283508e+05   7.4436344e-02   1.2901192e+00
   1.8894000e+05   1.3595951e+09   1.7225551e+05   7.4969749e-02   1.2844531e+00   1.3595951e+09   1.7225551e+05   7.4969749e-02   1.2844531e+00
   1.8899000e+05   1.3594210e+09   1.7183076e+05   7.4679843e-02   1.2845693e+00   1.3594210e+09   1.7183076e+05   7.4679843e-02   1.2845693e+00
   1.8900000e+05   1.3594210e+09   1.7183076e+05   7.4679843e-02   1.2845693e+00   1.3594210e+09   1.7183076e+05   7.4679843e-02   1.2845693e+00
   1.8904000e+05   1.1859911e+09   1.7272462e+05   1.7683763e-01   1.0089807e+00   1.1859911e+09   1.7272462e+05   1.7683763e-01   1.0089807e+00
   1.8908000e+05   1.1721986e+09   1.7313710e+05   1.2731473e-01   1.0447107e+00   1.1721986e+09   1.7313710e+05   1.2731473e-01   1.0447107e+00
   1.8909000e+05   1.1721986e+09   1.7313710e+05   1.2731473e-01   1.0447107e+00   1.1721986e+09   1.7313710e+05   1.2731473e-01   1.0447107e+00
   1.8913000e+05   1.1633457e+09   1.7255564e+05   1.2304901e-01   1.0401241e+00   1.1633457e+09   1.7255564e+05   1.2304901e-01   1.0401241e+00
   1.8917000e+05   1.1616055e+09   1.7289004e+05   1.2307574e-01   1.0383569e+00   1.1616055e+09   1.7289004e+05   1.2307574e-01   1.0383569e+00
   1.8918000e+05   1.1616055e+09   1.7289004e+05   1.2307574e-01   1.0383569e+00   1.1616055e+09   1.7289004e+05   1.2307574e-01   1.0383569e+00
   1.8931000e+05   1.1444808e+09   1.7332742e+05   1.1153221e-01   1.0327753e+00   1.1444808e+09   1.7332742e+05   1.1153221e-01   1.0327753e+00
   1.8947000e+05   1.0739218e+09   1.7219564e+05   9.3748682e-02   9.8000092e-01   1.0739218e+09   1.7219564e+05   9.3748682e-02   9.8000092e-01
   1.8948000e+05   1.0739218e+09   1.7219564e+05   9.3748682e-02   9.8000092e-01   1.0739218e+09   1.7219564e+05   9.3748682e-02   9.8000092e-01
   1.8953000e+05   1.0679075e+09   1.7049699e+05   8.9181006e-02   9.7855601e-01   1.0679075e+09   1.7049699e+05   8.9181006e-02   9.7855601e-01
   1.8962000e+05   1.0652642e+09   1.7031937e+05   9.0370689e-02   9.7472321e-01   1.0652642e+09   1.7031937e+05   9.0370689e-02   9.7472321e-01
   1.8963000e+05   1.0652642e+09   1.7031937e+05   9.0370689e-02   9.7472321e-01   1.0652642e+09   1.7031937e+05   9.0370689e-02   9.7472321e-01
   1.8964000e+05   1.0652642e+09   1.7031937e+05   9.0370689e-02   9.7472321e-01   1.0652642e+09   1.7031937e+05   9.0370689e-02   9.7472321e-01
   1.8965000e+05   1.0652642e+09   1.7031937e+05   9.0370689e-02   9.7472321e-01   1.0652642e+09   1.7031937e+05   9.0370689e-02   9.7472321e-01
   1.8970000e+05   1.0638793e+09   1.6979220e+05   8.8913338e-02   9.7479619e-01   1.0638793e+09   1.6979220e+05   8.8913338e-02   9.7479619e-01
   1.8971000e+05   1.0638793e+09   1.6979220e+05   8.8913338e-02   9.7479619e-01   1.0638793e+09   1.6979220e+05   8.8913338e-02   9.7479619e-01
   1.8972000e+05   1.0638793e+09   1.6979220e+05   8.8913338e-02   9.7479619e-01   1.0638793e+09   1.6979220e+05   8.8913338e-02   9.7479619e-01
   1.8977000e+05   1.0564897e+09   1.6934931e+05   8.9330050e-02   9.6699034e-01   1.0564897e+09   1.6934931e+05   8.9330050e-02   9.6699034e-01
   1.8982000e+05   1.0563616e+09   1.6994534e+05   8.8785670e-02   9.6740599e-01   1.0563616e+09   1.6994534e+05   8.8785670e-02   9.6740599e-01
   1.8983000e+05   1.0563616e+09   1.6994534e+05   8.8785670e-02   9.6740599e-01   1.0563616e+09   1.6994534e+05   8.8785670e-02   9.6740599e-01
   1.8988000e+05   1.0549030e+09   1.6993333e+05   8.8763567e-02   9.6596945e-01   1.0549030e+09   1.6993333e+05   8.8763567e-02   9.6596945e-01
   1.8993000e+05   1.0516328e+09   1.6986872e+05   8.2631698e-02   9.6883121e-01   1.0516328e+09   1.6986872e+05   8.2631698e-02   9.6883121e-01
   1.8994000e+05   1.0516328e+09   1.6986872e+05   8.2631698e-02   9.6883121e-01   1.0516328e+09   1.6986872e+05   8.2631698e-02   9.6883121e-01
   1.8995000e+05   1.0516328e+09   1.6986872e+05   8.2631698e-02   9.6883121e-01   1.0516328e+09   1.6986872e+05   8.2631698e-02   9.6883121e-01
   1.9012000e+05   1.0150161e+09   1.7016256e+05   4.6260775e-02   9.6858519e-01   1.0150161e+09   1.7016256e+05   4.6260775e-02   9.6858519e-01
   1.9017000e+05   9.9214286e+08   1.7044358e+05   4.4342484e-02   9.4762994e-01   9.9214286e+08   1.7044358e+05   4.4342484e-02   9.4762994e-01
   1.9018000e+05   9.9214286e+08   1.7044358e+05   4.4342484e-02   9.4762994e-01   9.9214286e+08   1.7044358e+05   4.4342484e-02   9.4762994e-01
   1.9023000e+05   9.9022214e+08   1.6985625e+05   4.2397818e-02   9.4765446e-01   9.9022214e+08   1.6985625e+05   4.2397818e-02   9.4765446e-01
   1.9032000e+05   9.8983632e+08   1.6932593e+05   4.2652944e-02   9.4701405e-01   9.8983632e+08   1.6932593e+05   4.2652944e-02   9.4701405e-01
   1.9036000e+05   9.8776805e+08   1.6945068e+05   4.2184567e-02   9.4541403e-01   9.8776805e+08   1.6945068e+05   4.2184567e-02   9.4541403e-01
   1.9037000e+05   9.8776805e+08   1.6945068e+05   4.2184567e-02   9.4541403e-01   9.8776805e+08   1.6945068e+05   4.2184567e-02   9.4541403e-01
   1.9046000e+05   9.5765104e+08   1.6956860e+05   4.3386484e-02   9.1409498e-01   9.5765104e+08   1.6956860e+05   4.3386484e-02   9.1409498e-01
   1.9047000e+05   9.5765104e+08   1.6956860e+05   4.3386484e-02   9.1409498e-01   9.5765104e+08   1.6956860e+05   4.3386484e-02   9.1409498e-01
   1.9051000e+05   9.5538580e+08   1.7017584e+05   4.1049677e-02   9.1416595e-01   9.5538580e+08   1.7017584e+05   4.1049677e-02   9.1416595e-01
   1.9056000e+05   9.5528599e+08   1.6959085e+05   4.0399408e-02   9.1471699e-01   9.5528599e+08   1.6959085e+05   4.0399408e-02   9.1471699e-01
   1.9057000e+05   9.5528599e+08   1.6959085e+05   4.0399408e-02   9.1471699e-01   9.5528599e+08   1.6959085e+05   4.0399408e-02   9.1471699e-01
   1.9058000e+05   9.5528599e+08   1.6959085e+05   4.0399408e-02   9.1471699e-01   9.5528599e+08   1.6959085e+05   4.0399408e-02   9.1471699e-01
   1.9059000e+05   9.5528599e+08   1.6959085e+05   4.0399408e-02   9.1471699e-01   9.5528599e+08   1.6959085e+05   4.0399408e-02   9.1471699e-01
   1.9060000e+05   9.5528599e+08   1.6959085e+05   4.0399408e-02   9.1471699e-01   9.5528599e+08   1.6959085e+05   4.0399408e-02   9.1471699e-01
   1.9061000e+05   9.5528599e+08   1.6959085e+05   4.0399408e-02   9.1471699e-01   9.5528599e+08   1.6959085e+05   4.0399408e-02   9.1471699e-01
   1.9062000e+05   9.5528599e+08   1.6959085e+05   4.0399408e-02   9.1471699e-01   9.5528599e+08   1.6959085e+05   4.0399408e-02   9.1471699e-01
   1.9063000e+05   9.5528599e+08   1.6959085e+05   4.0399408e-02   9.1471699e-01   9.5528599e+08   1.6959085e+05   4.0399408e-02   9.1471699e-01
   1.9064000e+05   9.5528599e+08   1.6959085e+05   4.0399408e-02   9.1471699e-01   9.5528599e+08   1.6959085e+05   4.0399408e-02   9.1471699e-01
   1.9065000e+05   9.5528599e+08   1.6959085e+05   4.0399408e-02   9.1471699e-01   9.5528599e+08   1.6959085e+05   4.0399408e-02   9.1471699e-01
   1.9066000e+05   9.5528599e+08   1.6959085e+05   4.0399408e-02   9.1471699e-01   9.5528599e+08   1.6959085e+05   4.0399408e-02   9.1471699e-01
   1.9067000e+05   9.5528599e+08   1.6959085e+05   4.0399408e-02   9.1471699e-01   9.5528599e+08   1.6959085e+05   4.0399408e-02   9.1471699e-01
   1.9068000e+05   9.5528599e+08   1.6959085e+05   4.0399408e-02   9.1471699e-01   9.5528599e+08   1.6959085e+05   4.0399408e-02   9.1471699e-01
   1.9069000e+05   9.5528599e+08   1.6959085e+05   4.0399408e-02   9.1471699e-01   9.5528599e+08   1.6959085e+05   4.0399408e-02   9.1471699e-01
   1.9070000e+05   9.5528599e+08   1.6959085e+05   4.0399408e-02   9.1471699e-01   9.5528599e+08   1.6959085e+05   4.0399408e-02   9.1471699e-01
   1.9071000e+05   9.5528599e+08   1.6959085e+05   4.0399408e-02   9.1471699e-01   9.5528599e+08   1.6959085e+05   4.0399408e-02   9.1471699e-01
   1.9072000e+05   9.5528599e+08   1.6959085e+05   4.0399408e-02   9.1471699e-01   9.5528599e+08   1.6959085e+05   4.0399408e-02   9.1471699e-01
   1.9073000e+05   9.5528599e+08   1.6959085e+05   4.0399408e-02   9.1471699e-01   9.5528599e+08   1.6959085e+05   4.0399408e-02   9.1471699e-01
   1.9074000e+05   9.5528599e+08   1.6959085e+05   4.0399408e-02   9.1471699e-01   9.5528599e+08   1.6959085e+05   4.0399408e-02   9.1471699e-01
   1.9075000e+05   9.5528599e+08   1.6959085e+05   4.0399408e-02   9.1471699e-01   9.5528599e+08   1.6959085e+05   4.0399408e-02   9.1471699e-01
   1.9076000e+05   9.5528599e+08   1.6959085e+05   4.0399408e-02   9.1471699e-01   9.5528599e+08   1.6959085e+05   4.0399408e-02   9.1471699e-01
   1.9077000e+05   9.5528599e+08   1.6959085e+05   4.0399408e-02   9.1471699e-01   9.5528599e+08   1.6959085e+05   4.0399408e-02   9.1471699e-01
   1.9082000e+05   9.2587920e+08   1.6961313e+05   9.3629279e-03   9.1634666e-01   9.2587920e+08   1.6961313e+05   9.3629279e-03   9.1634666e-01
   1.9083000e+05   9.2587920e+08   1.6961313e+05   9.3629279e-03   9.1634666e-01   9.2587920e+08   1.6961313e+05   9.3629279e-03   9.1634666e-01
   1.9088000e+05   9.2175903e+08   1.6964664e+05   8.3389275e-03   9.1325045e-01   9.2175903e+08   1.6964664e+05   8.3389275e-03   9.1325045e-01
   1.9089000e+05   9.2175903e+08   1.6964664e+05   8.3389275e-03   9.1325045e-01   9.2175903e+08   1.6964664e+05   8.3389275e-03   9.1325045e-01
   1.9090000e+05   9.2175903e+08   1.6964664e+05   8.3389275e-03   9.1325045e-01   9.2175903e+08   1.6964664e+05   8.3389275e-03   9.1325045e-01
   1.9091000e+05   9.2175903e+08   1.6964664e+05   8.3389275e-03   9.1325045e-01   9.2175903e+08   1.6964664e+05   8.3389275e-03   9.1325045e-01
   1.9092000e+05   9.2175903e+08   1.6964664e+05   8.3389275e-03   9.1325045e-01   9.2175903e+08   1.6964664e+05   8.3389275e-03   9.1325045e-01
   1.9093000e+05   9.2175903e+08   1.6964664e+05   8.3389275e-03   9.1325045e-01   9.2175903e+08   1.6964664e+05   8.3389275e-03   9.1325045e-01
   1.9098000e+05   9.2174834e+08   1.6970700e+05   6.7147457e-03   9.1486389e-01   9.2174834e+08   1.6970700e+05   6.7147457e-03   9.1486389e-01
   1.9099000e+05   9.2174834e+08   1.6970700e+05   6.7147457e-03   9.1486389e-01   9.2174834e+08   1.6970700e+05   6.7147457e-03   9.1486389e-01
   1.9100000e+05   9.2174834e+08   1.6970700e+05   6.7147457e-03   9.1486389e-01   9.2174834e+08   1.6970700e+05   6.7147457e-03   9.1486389e-01
   1.9101000e+05   9.2174834e+08   1.6970700e+05   6.7147457e-03   9.1486389e-01   9.2174834e+08   1.6970700e+05   6.7147457e-03   9.1486389e-01
   1.9102000e+05   9.2174834e+08   1.6970700e+05   6.7147457e-03   9.1486389e-01   9.2174834e+08   1.6970700e+05   6.7147457e-03   9.1486389e-01
   1.9103000e+05   9.2174834e+08   1.6970700e+05   6.7147457e-03   9.1486389e-01   9.2174834e+08   1.6970700e+05   6.7147457e-03   9.1486389e-01
   1.9104000e+05   9.2174834e+08   1.6970700e+05   6.7147457e-03   9.1486389e-01   9.2174834e+08   1.6970700e+05   6.7147457e-03   9.1486389e-01
   1.9105000e+05   9.2174834e+08   1.6970700e+05   6.7147457e-03   9.1486389e-01   9.2174834e+08   1.6970700e+05   6.7147457e-03   9.1486389e-01
   1.9106000e+05   9.2174834e+08   1.6970700e+05   6.7147457e-03   9.1486389e-01   9.2174834e+08   1.6970700e+05   6.7147457e-03   9.1486389e-01
   1.9107000e+05   9.2174834e+08   1.6970700e+05   6.7147457e-03   9.1486389e-01   9.2174834e+08   1.6970700e+05   6.7147457e-03   9.1486389e-01
   1.9108000e+05   9.2174834e+08   1.6970700e+05   6.7147457e-03   9.1486389e-01   9.2174834e+08   1.6970700e+05   6.7147457e-03   9.1486389e-01
   1.9109000e+05   9.2174834e+08   1.6970700e+05   6.7147457e-03   9.1486389e-01   9.2174834e+08   1.6970700e+05   6.7147457e-03   9.1486389e-01
   1.9110000e+05   9.2174834e+08   1.6970700e+05   6.7147457e-03   9.1486389e-01   9.2174834e+08   1.6970700e+05   6.7147457e-03   9.1486389e-01
   1.9111000e+05   9.2174834e+08   1.6970700e+05   6.7147457e-03   9.1486389e-01   9.2174834e+08   1.6970700e+05   6.7147457e-03   9.1486389e-01
