   1.0331000e+04   4.8948899e+04   4.8948899e+04   0.0000000e+00   0.0000000e+00   4.8948899e+04   4.8948899e+04   0.0000000e+00   0.0000000e+00
   2.8298000e+04   4.2329810e+04   4.2329810e+04   0.0000000e+00   0.0000000e+00   4.2329810e+04   4.2329810e+04   0.0000000e+00   0.0000000e+00
   2.9908000e+04   4.2089664e+04   4.2089664e+04   0.0000000e+00   0.0000000e+00   4.2089664e+04   4.2089664e+04   0.0000000e+00   0.0000000e+00
   3.1489000e+04   4.2015374e+04   4.2015374e+04   0.0000000e+00   0.0000000e+00   4.2015374e+04   4.2015374e+04   0.0000000e+00   0.0000000e+00
   3.3072000e+04   4.1977670e+04   4.1977670e+04   0.0000000e+00   0.0000000e+00   4.1977670e+04   4.1977670e+04   0.0000000e+00   0.0000000e+00
   3.4644000e+04   4.1930300e+04   4.1930300e+04   0.0000000e+00   0.0000000e+00   4.1930300e+04   4.1930300e+04   0.0000000e+00   0.0000000e+00
   3.6209000e+04   4.1880759e+04   4.1880759e+04   0.0000000e+00   0.0000000e+00   4.1880759e+04   4.1880759e+04   0.0000000e+00   0.0000000e+00
   3.7748000e+04   4.1871476e+04   4.1871476e+04   0.0000000e+00   0.0000000e+00   4.1871476e+04   4.1871476e+04   0.0000000e+00   0.0000000e+00
   3.9287000e+04   4.1856052e+04   4.1856052e+04   0.0000000e+00   0.0000000e+00   4.1856052e+04   4.1856052e+04   0.0000000e+00   0.0000000e+00
   4.0827000e+04   4.1845417e+04   4.1845417e+04   0.0000000e+00   0.0000000e+00   4.1845417e+04   4.1845417e+04   0.0000000e+00   0.0000000e+00
   4.2385000e+04   4.1789638e+04   4.1789638e+04   0.0000000e+00   0.0000000e+00   4.1789638e+04   4.1789638e+04   0.0000000e+00   0.0000000e+00
   4.3929000e+04   4.1770899e+04   4.1770899e+04   0.0000000e+00   0.0000000e+00   4.1770899e+04   4.1770899e+04   0.0000000e+00   0.0000000e+00
   4.5478000e+04   4.1761099e+04   4.1761099e+04   0.0000000e+00   0.0000000e+00   4.1761099e+04   4.1761099e+04   0.0000000e+00   0.0000000e+00
   4.9672000e+04   4.0793212e+04   4.0793212e+04   0.0000000e+00   0.0000000e+00   4.0793212e+04   4.0793212e+04   0.0000000e+00   0.0000000e+00
