   1.6737000e+04   5.3579755e+04   5.3579755e+04   0.0000000e+00   0.0000000e+00   5.3579755e+04   5.3579755e+04   0.0000000e+00   0.0000000e+00
   2.4548000e+04   5.0589835e+04   5.0589835e+04   0.0000000e+00   0.0000000e+00   5.0589835e+04   5.0589835e+04   0.0000000e+00   0.0000000e+00
   2.7832000e+04   4.9305074e+04   4.9305074e+04   0.0000000e+00   0.0000000e+00   4.9305074e+04   4.9305074e+04   0.0000000e+00   0.0000000e+00
   2.9473000e+04   4.9113126e+04   4.9113126e+04   0.0000000e+00   0.0000000e+00   4.9113126e+04   4.9113126e+04   0.0000000e+00   0.0000000e+00
   3.1036000e+04   4.9013309e+04   4.9013309e+04   0.0000000e+00   0.0000000e+00   4.9013309e+04   4.9013309e+04   0.0000000e+00   0.0000000e+00
   3.2603000e+04   4.8988637e+04   4.8988637e+04   0.0000000e+00   0.0000000e+00   4.8988637e+04   4.8988637e+04   0.0000000e+00   0.0000000e+00
   3.5129000e+04   4.8963657e+04   4.8963657e+04   0.0000000e+00   0.0000000e+00   4.8963657e+04   4.8963657e+04   0.0000000e+00   0.0000000e+00
   3.6672000e+04   4.8942570e+04   4.8942570e+04   0.0000000e+00   0.0000000e+00   4.8942570e+04   4.8942570e+04   0.0000000e+00   0.0000000e+00
   3.8213000e+04   4.8941202e+04   4.8941202e+04   0.0000000e+00   0.0000000e+00   4.8941202e+04   4.8941202e+04   0.0000000e+00   0.0000000e+00
   3.9753000e+04   4.8937172e+04   4.8937172e+04   0.0000000e+00   0.0000000e+00   4.8937172e+04   4.8937172e+04   0.0000000e+00   0.0000000e+00
   4.1289000e+04   4.8936956e+04   4.8936956e+04   0.0000000e+00   0.0000000e+00   4.8936956e+04   4.8936956e+04   0.0000000e+00   0.0000000e+00
   4.2824000e+04   4.8936956e+04   4.8936956e+04   0.0000000e+00   0.0000000e+00   4.8936956e+04   4.8936956e+04   0.0000000e+00   0.0000000e+00
   4.4359000e+04   4.8936956e+04   4.8936956e+04   0.0000000e+00   0.0000000e+00   4.8936956e+04   4.8936956e+04   0.0000000e+00   0.0000000e+00
   4.5894000e+04   4.8936956e+04   4.8936956e+04   0.0000000e+00   0.0000000e+00   4.8936956e+04   4.8936956e+04   0.0000000e+00   0.0000000e+00
   4.7429000e+04   4.8936956e+04   4.8936956e+04   0.0000000e+00   0.0000000e+00   4.8936956e+04   4.8936956e+04   0.0000000e+00   0.0000000e+00
   4.8964000e+04   4.8936956e+04   4.8936956e+04   0.0000000e+00   0.0000000e+00   4.8936956e+04   4.8936956e+04   0.0000000e+00   0.0000000e+00
   5.0499000e+04   4.8936956e+04   4.8936956e+04   0.0000000e+00   0.0000000e+00   4.8936956e+04   4.8936956e+04   0.0000000e+00   0.0000000e+00
   5.2034000e+04   4.8936956e+04   4.8936956e+04   0.0000000e+00   0.0000000e+00   4.8936956e+04   4.8936956e+04   0.0000000e+00   0.0000000e+00
   5.3569000e+04   4.8936956e+04   4.8936956e+04   0.0000000e+00   0.0000000e+00   4.8936956e+04   4.8936956e+04   0.0000000e+00   0.0000000e+00
   5.5104000e+04   4.8936956e+04   4.8936956e+04   0.0000000e+00   0.0000000e+00   4.8936956e+04   4.8936956e+04   0.0000000e+00   0.0000000e+00
