   1.1358000e+04   5.3278087e+04   5.3278087e+04   0.0000000e+00   0.0000000e+00   5.3278087e+04   5.3278087e+04   0.0000000e+00   0.0000000e+00
   1.6974000e+04   5.1293430e+04   5.1293430e+04   0.0000000e+00   0.0000000e+00   5.1293430e+04   5.1293430e+04   0.0000000e+00   0.0000000e+00
   2.0982000e+04   5.0557024e+04   5.0557024e+04   0.0000000e+00   0.0000000e+00   5.0557024e+04   5.0557024e+04   0.0000000e+00   0.0000000e+00
   2.6893000e+04   4.6867551e+04   4.6867551e+04   0.0000000e+00   0.0000000e+00   4.6867551e+04   4.6867551e+04   0.0000000e+00   0.0000000e+00
   3.3414000e+04   4.3669914e+04   4.3669914e+04   0.0000000e+00   0.0000000e+00   4.3669914e+04   4.3669914e+04   0.0000000e+00   0.0000000e+00
   3.5663000e+04   4.3437057e+04   4.3437057e+04   0.0000000e+00   0.0000000e+00   4.3437057e+04   4.3437057e+04   0.0000000e+00   0.0000000e+00
   3.9024000e+04   4.2154872e+04   4.2154872e+04   0.0000000e+00   0.0000000e+00   4.2154872e+04   4.2154872e+04   0.0000000e+00   0.0000000e+00
   4.1920000e+04   4.1199468e+04   4.1199468e+04   0.0000000e+00   0.0000000e+00   4.1199468e+04   4.1199468e+04   0.0000000e+00   0.0000000e+00
   4.3678000e+04   4.0804961e+04   4.0804961e+04   0.0000000e+00   0.0000000e+00   4.0804961e+04   4.0804961e+04   0.0000000e+00   0.0000000e+00
   4.5317000e+04   4.0725181e+04   4.0725181e+04   0.0000000e+00   0.0000000e+00   4.0725181e+04   4.0725181e+04   0.0000000e+00   0.0000000e+00
   4.6989000e+04   4.0616033e+04   4.0616033e+04   0.0000000e+00   0.0000000e+00   4.0616033e+04   4.0616033e+04   0.0000000e+00   0.0000000e+00
