   3.0916000e+04   3.8767486e+04   3.8767486e+04   0.0000000e+00   0.0000000e+00   3.8767486e+04   3.8767486e+04   0.0000000e+00   0.0000000e+00
   3.2533000e+04   3.8612202e+04   3.8612202e+04   0.0000000e+00   0.0000000e+00   3.8612202e+04   3.8612202e+04   0.0000000e+00   0.0000000e+00
   3.4665000e+04   3.8480581e+04   3.8480581e+04   0.0000000e+00   0.0000000e+00   3.8480581e+04   3.8480581e+04   0.0000000e+00   0.0000000e+00
   3.6217000e+04   3.8450437e+04   3.8450437e+04   0.0000000e+00   0.0000000e+00   3.8450437e+04   3.8450437e+04   0.0000000e+00   0.0000000e+00
   3.7754000e+04   3.8442114e+04   3.8442114e+04   0.0000000e+00   0.0000000e+00   3.8442114e+04   3.8442114e+04   0.0000000e+00   0.0000000e+00
   3.9286000e+04   3.8442114e+04   3.8442114e+04   0.0000000e+00   0.0000000e+00   3.8442114e+04   3.8442114e+04   0.0000000e+00   0.0000000e+00
   4.0818000e+04   3.8442114e+04   3.8442114e+04   0.0000000e+00   0.0000000e+00   3.8442114e+04   3.8442114e+04   0.0000000e+00   0.0000000e+00
   4.2350000e+04   3.8442114e+04   3.8442114e+04   0.0000000e+00   0.0000000e+00   3.8442114e+04   3.8442114e+04   0.0000000e+00   0.0000000e+00
   4.3882000e+04   3.8442114e+04   3.8442114e+04   0.0000000e+00   0.0000000e+00   3.8442114e+04   3.8442114e+04   0.0000000e+00   0.0000000e+00
   4.5414000e+04   3.8442114e+04   3.8442114e+04   0.0000000e+00   0.0000000e+00   3.8442114e+04   3.8442114e+04   0.0000000e+00   0.0000000e+00
   4.6946000e+04   3.8442114e+04   3.8442114e+04   0.0000000e+00   0.0000000e+00   3.8442114e+04   3.8442114e+04   0.0000000e+00   0.0000000e+00
   4.8478000e+04   3.8442114e+04   3.8442114e+04   0.0000000e+00   0.0000000e+00   3.8442114e+04   3.8442114e+04   0.0000000e+00   0.0000000e+00
   5.0010000e+04   3.8442114e+04   3.8442114e+04   0.0000000e+00   0.0000000e+00   3.8442114e+04   3.8442114e+04   0.0000000e+00   0.0000000e+00
   5.1542000e+04   3.8442114e+04   3.8442114e+04   0.0000000e+00   0.0000000e+00   3.8442114e+04   3.8442114e+04   0.0000000e+00   0.0000000e+00
   5.3074000e+04   3.8442114e+04   3.8442114e+04   0.0000000e+00   0.0000000e+00   3.8442114e+04   3.8442114e+04   0.0000000e+00   0.0000000e+00
   5.4606000e+04   3.8442114e+04   3.8442114e+04   0.0000000e+00   0.0000000e+00   3.8442114e+04   3.8442114e+04   0.0000000e+00   0.0000000e+00
   5.6138000e+04   3.8442114e+04   3.8442114e+04   0.0000000e+00   0.0000000e+00   3.8442114e+04   3.8442114e+04   0.0000000e+00   0.0000000e+00
   5.7670000e+04   3.8442114e+04   3.8442114e+04   0.0000000e+00   0.0000000e+00   3.8442114e+04   3.8442114e+04   0.0000000e+00   0.0000000e+00
