   2.3185000e+04   3.6836122e+04   3.6836122e+04   0.0000000e+00   0.0000000e+00   3.6836122e+04   3.6836122e+04   0.0000000e+00   0.0000000e+00
   2.5674000e+04   3.5725387e+04   3.5725387e+04   0.0000000e+00   0.0000000e+00   3.5725387e+04   3.5725387e+04   0.0000000e+00   0.0000000e+00
   3.3617000e+04   3.3107212e+04   3.3107212e+04   0.0000000e+00   0.0000000e+00   3.3107212e+04   3.3107212e+04   0.0000000e+00   0.0000000e+00
   3.6184000e+04   3.2599669e+04   3.2599669e+04   0.0000000e+00   0.0000000e+00   3.2599669e+04   3.2599669e+04   0.0000000e+00   0.0000000e+00
   3.7784000e+04   3.2462536e+04   3.2462536e+04   0.0000000e+00   0.0000000e+00   3.2462536e+04   3.2462536e+04   0.0000000e+00   0.0000000e+00
   3.9763000e+04   3.2129242e+04   3.2129242e+04   0.0000000e+00   0.0000000e+00   3.2129242e+04   3.2129242e+04   0.0000000e+00   0.0000000e+00
   4.2081000e+04   3.2028093e+04   3.2028093e+04   0.0000000e+00   0.0000000e+00   3.2028093e+04   3.2028093e+04   0.0000000e+00   0.0000000e+00
   4.3642000e+04   3.1984133e+04   3.1984133e+04   0.0000000e+00   0.0000000e+00   3.1984133e+04   3.1984133e+04   0.0000000e+00   0.0000000e+00
   4.5187000e+04   3.1955283e+04   3.1955283e+04   0.0000000e+00   0.0000000e+00   3.1955283e+04   3.1955283e+04   0.0000000e+00   0.0000000e+00
   4.6730000e+04   3.1926141e+04   3.1926141e+04   0.0000000e+00   0.0000000e+00   3.1926141e+04   3.1926141e+04   0.0000000e+00   0.0000000e+00
   4.8259000e+04   3.1919276e+04   3.1919276e+04   0.0000000e+00   0.0000000e+00   3.1919276e+04   3.1919276e+04   0.0000000e+00   0.0000000e+00
