   2.6358000e+04   8.3545776e+04   8.3545776e+04   0.0000000e+00   0.0000000e+00   8.3545776e+04   8.3545776e+04   0.0000000e+00   0.0000000e+00
   2.8699000e+04   8.3171268e+04   8.3171268e+04   0.0000000e+00   0.0000000e+00   8.3171268e+04   8.3171268e+04   0.0000000e+00   0.0000000e+00
   3.0289000e+04   8.2990027e+04   8.2990027e+04   0.0000000e+00   0.0000000e+00   8.2990027e+04   8.2990027e+04   0.0000000e+00   0.0000000e+00
   3.1830000e+04   8.2953147e+04   8.2953147e+04   0.0000000e+00   0.0000000e+00   8.2953147e+04   8.2953147e+04   0.0000000e+00   0.0000000e+00
   3.3396000e+04   8.2876324e+04   8.2876324e+04   0.0000000e+00   0.0000000e+00   8.2876324e+04   8.2876324e+04   0.0000000e+00   0.0000000e+00
   3.4922000e+04   8.2874149e+04   8.2874149e+04   0.0000000e+00   0.0000000e+00   8.2874149e+04   8.2874149e+04   0.0000000e+00   0.0000000e+00
   3.6456000e+04   8.2830450e+04   8.2830450e+04   0.0000000e+00   0.0000000e+00   8.2830450e+04   8.2830450e+04   0.0000000e+00   0.0000000e+00
   3.7994000e+04   8.2795094e+04   8.2795094e+04   0.0000000e+00   0.0000000e+00   8.2795094e+04   8.2795094e+04   0.0000000e+00   0.0000000e+00
   3.9515000e+04   8.2794720e+04   8.2794720e+04   0.0000000e+00   0.0000000e+00   8.2794720e+04   8.2794720e+04   0.0000000e+00   0.0000000e+00
   4.1035000e+04   8.2794720e+04   8.2794720e+04   0.0000000e+00   0.0000000e+00   8.2794720e+04   8.2794720e+04   0.0000000e+00   0.0000000e+00
   4.3475000e+04   8.2615544e+04   8.2615544e+04   0.0000000e+00   0.0000000e+00   8.2615544e+04   8.2615544e+04   0.0000000e+00   0.0000000e+00
   4.5032000e+04   8.2545143e+04   8.2545143e+04   0.0000000e+00   0.0000000e+00   8.2545143e+04   8.2545143e+04   0.0000000e+00   0.0000000e+00
   4.6648000e+04   8.2391039e+04   8.2391039e+04   0.0000000e+00   0.0000000e+00   8.2391039e+04   8.2391039e+04   0.0000000e+00   0.0000000e+00
   4.8300000e+04   8.2093172e+04   8.2093172e+04   0.0000000e+00   0.0000000e+00   8.2093172e+04   8.2093172e+04   0.0000000e+00   0.0000000e+00
   5.0397000e+04   8.2032938e+04   8.2032938e+04   0.0000000e+00   0.0000000e+00   8.2032938e+04   8.2032938e+04   0.0000000e+00   0.0000000e+00
