   1.7297000e+04   3.5182607e+04   3.5182607e+04   0.0000000e+00   0.0000000e+00   3.5182607e+04   3.5182607e+04   0.0000000e+00   0.0000000e+00
   1.9267000e+04   3.4760765e+04   3.4760765e+04   0.0000000e+00   0.0000000e+00   3.4760765e+04   3.4760765e+04   0.0000000e+00   0.0000000e+00
   2.1473000e+04   3.4469223e+04   3.4469223e+04   0.0000000e+00   0.0000000e+00   3.4469223e+04   3.4469223e+04   0.0000000e+00   0.0000000e+00
   2.3101000e+04   3.4355059e+04   3.4355059e+04   0.0000000e+00   0.0000000e+00   3.4355059e+04   3.4355059e+04   0.0000000e+00   0.0000000e+00
   2.4686000e+04   3.4289919e+04   3.4289919e+04   0.0000000e+00   0.0000000e+00   3.4289919e+04   3.4289919e+04   0.0000000e+00   0.0000000e+00
   2.6227000e+04   3.4269112e+04   3.4269112e+04   0.0000000e+00   0.0000000e+00   3.4269112e+04   3.4269112e+04   0.0000000e+00   0.0000000e+00
   2.7767000e+04   3.4253263e+04   3.4253263e+04   0.0000000e+00   0.0000000e+00   3.4253263e+04   3.4253263e+04   0.0000000e+00   0.0000000e+00
   2.9300000e+04   3.4252918e+04   3.4252918e+04   0.0000000e+00   0.0000000e+00   3.4252918e+04   3.4252918e+04   0.0000000e+00   0.0000000e+00
   3.0850000e+04   3.4204400e+04   3.4204400e+04   0.0000000e+00   0.0000000e+00   3.4204400e+04   3.4204400e+04   0.0000000e+00   0.0000000e+00
   3.2391000e+04   3.4189796e+04   3.4189796e+04   0.0000000e+00   0.0000000e+00   3.4189796e+04   3.4189796e+04   0.0000000e+00   0.0000000e+00
   3.3925000e+04   3.4178715e+04   3.4178715e+04   0.0000000e+00   0.0000000e+00   3.4178715e+04   3.4178715e+04   0.0000000e+00   0.0000000e+00
   3.6049000e+04   3.3935542e+04   3.3935542e+04   0.0000000e+00   0.0000000e+00   3.3935542e+04   3.3935542e+04   0.0000000e+00   0.0000000e+00
   3.7984000e+04   3.3788308e+04   3.3788308e+04   0.0000000e+00   0.0000000e+00   3.3788308e+04   3.3788308e+04   0.0000000e+00   0.0000000e+00
   4.0156000e+04   3.3319730e+04   3.3319730e+04   0.0000000e+00   0.0000000e+00   3.3319730e+04   3.3319730e+04   0.0000000e+00   0.0000000e+00
   4.1847000e+04   3.3255157e+04   3.3255157e+04   0.0000000e+00   0.0000000e+00   3.3255157e+04   3.3255157e+04   0.0000000e+00   0.0000000e+00
   4.3416000e+04   3.3230139e+04   3.3230139e+04   0.0000000e+00   0.0000000e+00   3.3230139e+04   3.3230139e+04   0.0000000e+00   0.0000000e+00
   4.5005000e+04   3.3185200e+04   3.3185200e+04   0.0000000e+00   0.0000000e+00   3.3185200e+04   3.3185200e+04   0.0000000e+00   0.0000000e+00
   4.6560000e+04   3.3167818e+04   3.3167818e+04   0.0000000e+00   0.0000000e+00   3.3167818e+04   3.3167818e+04   0.0000000e+00   0.0000000e+00
   4.8117000e+04   3.3141482e+04   3.3141482e+04   0.0000000e+00   0.0000000e+00   3.3141482e+04   3.3141482e+04   0.0000000e+00   0.0000000e+00
   4.9653000e+04   3.3140741e+04   3.3140741e+04   0.0000000e+00   0.0000000e+00   3.3140741e+04   3.3140741e+04   0.0000000e+00   0.0000000e+00
