   1.9061000e+04   3.9902249e+04   3.9902249e+04   0.0000000e+00   0.0000000e+00   3.9902249e+04   3.9902249e+04   0.0000000e+00   0.0000000e+00
   2.1519000e+04   3.9364111e+04   3.9364111e+04   0.0000000e+00   0.0000000e+00   3.9364111e+04   3.9364111e+04   0.0000000e+00   0.0000000e+00
   2.3123000e+04   3.9254208e+04   3.9254208e+04   0.0000000e+00   0.0000000e+00   3.9254208e+04   3.9254208e+04   0.0000000e+00   0.0000000e+00
   2.4702000e+04   3.9097953e+04   3.9097953e+04   0.0000000e+00   0.0000000e+00   3.9097953e+04   3.9097953e+04   0.0000000e+00   0.0000000e+00
   2.6297000e+04   3.8945241e+04   3.8945241e+04   0.0000000e+00   0.0000000e+00   3.8945241e+04   3.8945241e+04   0.0000000e+00   0.0000000e+00
   2.9516000e+04   3.8490856e+04   3.8490856e+04   0.0000000e+00   0.0000000e+00   3.8490856e+04   3.8490856e+04   0.0000000e+00   0.0000000e+00
   3.1442000e+04   3.8134796e+04   3.8134796e+04   0.0000000e+00   0.0000000e+00   3.8134796e+04   3.8134796e+04   0.0000000e+00   0.0000000e+00
   3.2989000e+04   3.8103703e+04   3.8103703e+04   0.0000000e+00   0.0000000e+00   3.8103703e+04   3.8103703e+04   0.0000000e+00   0.0000000e+00
   3.4527000e+04   3.8078010e+04   3.8078010e+04   0.0000000e+00   0.0000000e+00   3.8078010e+04   3.8078010e+04   0.0000000e+00   0.0000000e+00
   3.6069000e+04   3.8057869e+04   3.8057869e+04   0.0000000e+00   0.0000000e+00   3.8057869e+04   3.8057869e+04   0.0000000e+00   0.0000000e+00
   3.7607000e+04   3.8022711e+04   3.8022711e+04   0.0000000e+00   0.0000000e+00   3.8022711e+04   3.8022711e+04   0.0000000e+00   0.0000000e+00
   3.9160000e+04   3.8016497e+04   3.8016497e+04   0.0000000e+00   0.0000000e+00   3.8016497e+04   3.8016497e+04   0.0000000e+00   0.0000000e+00
   4.0694000e+04   3.7989823e+04   3.7989823e+04   0.0000000e+00   0.0000000e+00   3.7989823e+04   3.7989823e+04   0.0000000e+00   0.0000000e+00
   4.2241000e+04   3.7976822e+04   3.7976822e+04   0.0000000e+00   0.0000000e+00   3.7976822e+04   3.7976822e+04   0.0000000e+00   0.0000000e+00
   4.3775000e+04   3.7958084e+04   3.7958084e+04   0.0000000e+00   0.0000000e+00   3.7958084e+04   3.7958084e+04   0.0000000e+00   0.0000000e+00
   4.5307000e+04   3.7940396e+04   3.7940396e+04   0.0000000e+00   0.0000000e+00   3.7940396e+04   3.7940396e+04   0.0000000e+00   0.0000000e+00
   4.6841000e+04   3.7936624e+04   3.7936624e+04   0.0000000e+00   0.0000000e+00   3.7936624e+04   3.7936624e+04   0.0000000e+00   0.0000000e+00
   4.8376000e+04   3.7914405e+04   3.7914405e+04   0.0000000e+00   0.0000000e+00   3.7914405e+04   3.7914405e+04   0.0000000e+00   0.0000000e+00
   4.9903000e+04   3.7914405e+04   3.7914405e+04   0.0000000e+00   0.0000000e+00   3.7914405e+04   3.7914405e+04   0.0000000e+00   0.0000000e+00
   5.1430000e+04   3.7914405e+04   3.7914405e+04   0.0000000e+00   0.0000000e+00   3.7914405e+04   3.7914405e+04   0.0000000e+00   0.0000000e+00
