   2.1788000e+04   2.9261462e+04   2.9261462e+04   0.0000000e+00   0.0000000e+00   2.9261462e+04   2.9261462e+04   0.0000000e+00   0.0000000e+00
   2.3491000e+04   2.8746476e+04   2.8746476e+04   0.0000000e+00   0.0000000e+00   2.8746476e+04   2.8746476e+04   0.0000000e+00   0.0000000e+00
   2.5524000e+04   2.7785439e+04   2.7785439e+04   0.0000000e+00   0.0000000e+00   2.7785439e+04   2.7785439e+04   0.0000000e+00   0.0000000e+00
   3.4602000e+04   2.6320209e+04   2.6320209e+04   0.0000000e+00   0.0000000e+00   2.6320209e+04   2.6320209e+04   0.0000000e+00   0.0000000e+00
   3.6306000e+04   2.6179259e+04   2.6179259e+04   0.0000000e+00   0.0000000e+00   2.6179259e+04   2.6179259e+04   0.0000000e+00   0.0000000e+00
   3.7857000e+04   2.6168319e+04   2.6168319e+04   0.0000000e+00   0.0000000e+00   2.6168319e+04   2.6168319e+04   0.0000000e+00   0.0000000e+00
   3.9385000e+04   2.6168319e+04   2.6168319e+04   0.0000000e+00   0.0000000e+00   2.6168319e+04   2.6168319e+04   0.0000000e+00   0.0000000e+00
   4.8623000e+04   2.5201271e+04   2.5201271e+04   0.0000000e+00   0.0000000e+00   2.5201271e+04   2.5201271e+04   0.0000000e+00   0.0000000e+00
   5.0346000e+04   2.4996934e+04   2.4996934e+04   0.0000000e+00   0.0000000e+00   2.4996934e+04   2.4996934e+04   0.0000000e+00   0.0000000e+00
   5.2478000e+04   2.4449879e+04   2.4449879e+04   0.0000000e+00   0.0000000e+00   2.4449879e+04   2.4449879e+04   0.0000000e+00   0.0000000e+00
