   3.0758000e+04   3.8449205e+04   3.8449205e+04   0.0000000e+00   0.0000000e+00   3.8449205e+04   3.8449205e+04   0.0000000e+00   0.0000000e+00
   3.2995000e+04   3.7883823e+04   3.7883823e+04   0.0000000e+00   0.0000000e+00   3.7883823e+04   3.7883823e+04   0.0000000e+00   0.0000000e+00
   3.4665000e+04   3.7681369e+04   3.7681369e+04   0.0000000e+00   0.0000000e+00   3.7681369e+04   3.7681369e+04   0.0000000e+00   0.0000000e+00
   3.6244000e+04   3.7643184e+04   3.7643184e+04   0.0000000e+00   0.0000000e+00   3.7643184e+04   3.7643184e+04   0.0000000e+00   0.0000000e+00
   3.8661000e+04   3.7489806e+04   3.7489806e+04   0.0000000e+00   0.0000000e+00   3.7489806e+04   3.7489806e+04   0.0000000e+00   0.0000000e+00
   4.0229000e+04   3.7476484e+04   3.7476484e+04   0.0000000e+00   0.0000000e+00   3.7476484e+04   3.7476484e+04   0.0000000e+00   0.0000000e+00
   4.2205000e+04   3.7069420e+04   3.7069420e+04   0.0000000e+00   0.0000000e+00   3.7069420e+04   3.7069420e+04   0.0000000e+00   0.0000000e+00
   4.3861000e+04   3.7002429e+04   3.7002429e+04   0.0000000e+00   0.0000000e+00   3.7002429e+04   3.7002429e+04   0.0000000e+00   0.0000000e+00
   4.7866000e+04   3.6740800e+04   3.6740800e+04   0.0000000e+00   0.0000000e+00   3.6740800e+04   3.6740800e+04   0.0000000e+00   0.0000000e+00
   4.9601000e+04   3.6562068e+04   3.6562068e+04   0.0000000e+00   0.0000000e+00   3.6562068e+04   3.6562068e+04   0.0000000e+00   0.0000000e+00
   5.1224000e+04   3.6403627e+04   3.6403627e+04   0.0000000e+00   0.0000000e+00   3.6403627e+04   3.6403627e+04   0.0000000e+00   0.0000000e+00
