   1.0123000e+04   3.6147427e+04   3.6147427e+04   0.0000000e+00   0.0000000e+00   3.6147427e+04   3.6147427e+04   0.0000000e+00   0.0000000e+00
   2.3252000e+04   2.9675337e+04   2.9675337e+04   0.0000000e+00   0.0000000e+00   2.9675337e+04   2.9675337e+04   0.0000000e+00   0.0000000e+00
   2.7557000e+04   2.9084878e+04   2.9084878e+04   0.0000000e+00   0.0000000e+00   2.9084878e+04   2.9084878e+04   0.0000000e+00   0.0000000e+00
   2.9158000e+04   2.8977930e+04   2.8977930e+04   0.0000000e+00   0.0000000e+00   2.8977930e+04   2.8977930e+04   0.0000000e+00   0.0000000e+00
   3.0702000e+04   2.8959072e+04   2.8959072e+04   0.0000000e+00   0.0000000e+00   2.8959072e+04   2.8959072e+04   0.0000000e+00   0.0000000e+00
   3.2238000e+04   2.8958898e+04   2.8958898e+04   0.0000000e+00   0.0000000e+00   2.8958898e+04   2.8958898e+04   0.0000000e+00   0.0000000e+00
   3.3773000e+04   2.8958898e+04   2.8958898e+04   0.0000000e+00   0.0000000e+00   2.8958898e+04   2.8958898e+04   0.0000000e+00   0.0000000e+00
   3.5308000e+04   2.8958898e+04   2.8958898e+04   0.0000000e+00   0.0000000e+00   2.8958898e+04   2.8958898e+04   0.0000000e+00   0.0000000e+00
   3.6843000e+04   2.8958898e+04   2.8958898e+04   0.0000000e+00   0.0000000e+00   2.8958898e+04   2.8958898e+04   0.0000000e+00   0.0000000e+00
   3.8378000e+04   2.8958898e+04   2.8958898e+04   0.0000000e+00   0.0000000e+00   2.8958898e+04   2.8958898e+04   0.0000000e+00   0.0000000e+00
   3.9913000e+04   2.8958898e+04   2.8958898e+04   0.0000000e+00   0.0000000e+00   2.8958898e+04   2.8958898e+04   0.0000000e+00   0.0000000e+00
   4.1448000e+04   2.8958898e+04   2.8958898e+04   0.0000000e+00   0.0000000e+00   2.8958898e+04   2.8958898e+04   0.0000000e+00   0.0000000e+00
   4.2983000e+04   2.8958898e+04   2.8958898e+04   0.0000000e+00   0.0000000e+00   2.8958898e+04   2.8958898e+04   0.0000000e+00   0.0000000e+00
   4.4518000e+04   2.8958898e+04   2.8958898e+04   0.0000000e+00   0.0000000e+00   2.8958898e+04   2.8958898e+04   0.0000000e+00   0.0000000e+00
   4.6053000e+04   2.8958898e+04   2.8958898e+04   0.0000000e+00   0.0000000e+00   2.8958898e+04   2.8958898e+04   0.0000000e+00   0.0000000e+00
   4.7588000e+04   2.8958898e+04   2.8958898e+04   0.0000000e+00   0.0000000e+00   2.8958898e+04   2.8958898e+04   0.0000000e+00   0.0000000e+00
   4.9123000e+04   2.8958898e+04   2.8958898e+04   0.0000000e+00   0.0000000e+00   2.8958898e+04   2.8958898e+04   0.0000000e+00   0.0000000e+00
