   3.2042000e+04   5.2866912e+04   5.2866912e+04   0.0000000e+00   0.0000000e+00   5.2866912e+04   5.2866912e+04   0.0000000e+00   0.0000000e+00
   3.3747000e+04   5.2719705e+04   5.2719705e+04   0.0000000e+00   0.0000000e+00   5.2719705e+04   5.2719705e+04   0.0000000e+00   0.0000000e+00
   3.5365000e+04   5.2565951e+04   5.2565951e+04   0.0000000e+00   0.0000000e+00   5.2565951e+04   5.2565951e+04   0.0000000e+00   0.0000000e+00
   3.7006000e+04   5.2210822e+04   5.2210822e+04   0.0000000e+00   0.0000000e+00   5.2210822e+04   5.2210822e+04   0.0000000e+00   0.0000000e+00
   3.8611000e+04   5.2031583e+04   5.2031583e+04   0.0000000e+00   0.0000000e+00   5.2031583e+04   5.2031583e+04   0.0000000e+00   0.0000000e+00
   4.0186000e+04   5.1906112e+04   5.1906112e+04   0.0000000e+00   0.0000000e+00   5.1906112e+04   5.1906112e+04   0.0000000e+00   0.0000000e+00
   4.2765000e+04   5.1693624e+04   5.1693624e+04   0.0000000e+00   0.0000000e+00   5.1693624e+04   5.1693624e+04   0.0000000e+00   0.0000000e+00
   4.4343000e+04   5.1479278e+04   5.1479278e+04   0.0000000e+00   0.0000000e+00   5.1479278e+04   5.1479278e+04   0.0000000e+00   0.0000000e+00
   4.6693000e+04   5.1210247e+04   5.1210247e+04   0.0000000e+00   0.0000000e+00   5.1210247e+04   5.1210247e+04   0.0000000e+00   0.0000000e+00
   4.8228000e+04   5.1197636e+04   5.1197636e+04   0.0000000e+00   0.0000000e+00   5.1197636e+04   5.1197636e+04   0.0000000e+00   0.0000000e+00
