   2.7069598e+02   1.3786290e+01   1.5156691e+04   8.0000000e+00
   2.4002343e+02   2.4318658e+01   1.2157095e+04   1.1000000e+01
   2.3785284e+02   2.5040540e+01   1.1884930e+04   1.2000000e+01
   2.2835158e+02   2.2476330e+01   1.1704440e+04   1.3000000e+01
   2.0774864e+02   2.0068843e+01   1.1388623e+04   1.4000000e+01
   1.9629964e+02   1.9618103e+01   1.1296198e+04   1.5000000e+01
   1.2766760e+02   9.9867424e+00   1.0594322e+04   1.6000000e+01
   9.7869611e+01   6.3733025e+00   1.0538258e+04   1.7000000e+01
   2.1271195e+01   4.7080457e-01   1.0552212e+04   1.8000000e+01
   2.1139177e+01   4.4713507e-01   1.0473798e+04   2.0000000e+01
   1.7279620e+01   9.9793488e-02   1.0494904e+04   2.1000000e+01
   1.5351761e+01   5.9300665e-02   1.0638990e+04   2.3000000e+01
   1.4759961e+01   5.2727420e-02   1.0839747e+04   2.4000000e+01
   1.4720581e+01   5.0372130e-02   1.0904054e+04   2.5000000e+01
   1.4495162e+01   6.1029144e-02   1.0987799e+04   2.6000000e+01
   1.4313694e+01   2.7446875e-02   1.1133629e+04   2.7000000e+01
   1.1682941e+01   0.0000000e+00   1.4161017e+04   2.9000000e+01
   1.0781910e+01   0.0000000e+00   1.4286288e+04   3.0000000e+01
   1.0601526e+01   0.0000000e+00   1.4391764e+04   3.1000000e+01
   1.0366960e+01   0.0000000e+00   1.4540640e+04   3.3000000e+01
   5.7440771e+00   0.0000000e+00   2.3484518e+04   3.5000000e+01
   3.1605321e+00   0.0000000e+00   2.9112589e+04   3.6000000e+01
   2.9614150e+00   0.0000000e+00   2.9697487e+04   3.8000000e+01
   2.4214914e+00   0.0000000e+00   2.2784643e+04   5.1000000e+01
   2.3840130e+00   0.0000000e+00   1.9196603e+04   5.2000000e+01
   2.3040669e+00   0.0000000e+00   1.9130802e+04   5.4000000e+01
   2.2999949e+00   0.0000000e+00   1.9024002e+04   5.7000000e+01
   5.8673211e-01   0.0000000e+00   1.7683917e+04   6.0000000e+01
   5.8125707e-01   0.0000000e+00   1.7601958e+04   6.1000000e+01
   7.1211058e-02   0.0000000e+00   1.7226198e+04   6.3000000e+01
   0.0000000e+00   0.0000000e+00   1.9256892e+04   6.6000000e+01
   0.0000000e+00   0.0000000e+00   1.5402060e+04   8.8000000e+01
   0.0000000e+00   0.0000000e+00   1.3266495e+04   9.2000000e+01
   0.0000000e+00   0.0000000e+00   1.3157389e+04   9.4000000e+01
   0.0000000e+00   0.0000000e+00   1.3070399e+04   1.0000000e+02
   0.0000000e+00   0.0000000e+00   1.2983802e+04   1.2500000e+02
   0.0000000e+00   0.0000000e+00   1.2887305e+04   1.2700000e+02
   0.0000000e+00   0.0000000e+00   1.2855372e+04   1.2900000e+02
   0.0000000e+00   0.0000000e+00   1.2845507e+04   1.3000000e+02
   0.0000000e+00   0.0000000e+00   1.2331471e+04   1.3200000e+02
   0.0000000e+00   0.0000000e+00   1.2314680e+04   1.3300000e+02
   0.0000000e+00   0.0000000e+00   1.2296952e+04   1.3400000e+02
   0.0000000e+00   0.0000000e+00   1.2235017e+04   1.3500000e+02
   0.0000000e+00   0.0000000e+00   1.2089816e+04   1.6100000e+02
   0.0000000e+00   0.0000000e+00   1.1580417e+04   1.6300000e+02
   0.0000000e+00   0.0000000e+00   1.0833761e+04   1.6400000e+02
   0.0000000e+00   0.0000000e+00   1.0790679e+04   1.6600000e+02
   0.0000000e+00   0.0000000e+00   1.0754406e+04   1.6700000e+02
   0.0000000e+00   0.0000000e+00   1.0701355e+04   1.9700000e+02
   0.0000000e+00   0.0000000e+00   1.0110825e+04   1.9900000e+02
   0.0000000e+00   0.0000000e+00   1.0097367e+04   2.0000000e+02
   0.0000000e+00   0.0000000e+00   1.0088658e+04   2.0100000e+02
   0.0000000e+00   0.0000000e+00   9.9059963e+03   2.0300000e+02
   0.0000000e+00   0.0000000e+00   9.8731670e+03   2.0400000e+02
   0.0000000e+00   0.0000000e+00   9.8507408e+03   2.0500000e+02
   0.0000000e+00   0.0000000e+00   9.7910893e+03   2.3000000e+02
   0.0000000e+00   0.0000000e+00   9.6428098e+03   2.3600000e+02
   0.0000000e+00   0.0000000e+00   9.1090308e+03   2.3700000e+02
   0.0000000e+00   0.0000000e+00   9.0099679e+03   2.3800000e+02
   0.0000000e+00   0.0000000e+00   8.9581820e+03   2.4000000e+02
   0.0000000e+00   0.0000000e+00   8.8136794e+03   2.7000000e+02
   0.0000000e+00   0.0000000e+00   8.6619813e+03   2.7400000e+02
   0.0000000e+00   0.0000000e+00   8.6440964e+03   2.7600000e+02
   0.0000000e+00   0.0000000e+00   8.5869842e+03   3.1000000e+02
   0.0000000e+00   0.0000000e+00   8.3972619e+03   3.1100000e+02
   0.0000000e+00   0.0000000e+00   8.2536415e+03   3.1200000e+02
   0.0000000e+00   0.0000000e+00   8.1830809e+03   3.4600000e+02
   0.0000000e+00   0.0000000e+00   8.1666154e+03   3.5100000e+02
   0.0000000e+00   0.0000000e+00   8.1236595e+03   3.8200000e+02
   0.0000000e+00   0.0000000e+00   8.0997684e+03   3.8400000e+02
   0.0000000e+00   0.0000000e+00   8.0759321e+03   3.8700000e+02
   0.0000000e+00   0.0000000e+00   8.0200010e+03   4.2000000e+02
   0.0000000e+00   0.0000000e+00   7.7050232e+03   4.2200000e+02
   0.0000000e+00   0.0000000e+00   7.6683784e+03   4.2300000e+02
   0.0000000e+00   0.0000000e+00   7.6606414e+03   4.5900000e+02
   0.0000000e+00   0.0000000e+00   7.6287742e+03   4.6000000e+02
   0.0000000e+00   0.0000000e+00   7.5911067e+03   4.9400000e+02
   0.0000000e+00   0.0000000e+00   7.5594925e+03   5.2900000e+02
   0.0000000e+00   0.0000000e+00   7.5185630e+03   5.3000000e+02
   0.0000000e+00   0.0000000e+00   7.4728133e+03   5.3400000e+02
   0.0000000e+00   0.0000000e+00   7.4571525e+03   5.6700000e+02
   0.0000000e+00   0.0000000e+00   7.3916058e+03   7.5400000e+02
   0.0000000e+00   0.0000000e+00   7.3906662e+03   7.5600000e+02
   0.0000000e+00   0.0000000e+00   7.3814871e+03   9.4100000e+02
   0.0000000e+00   0.0000000e+00   7.3810643e+03   1.1620000e+03
   0.0000000e+00   0.0000000e+00   7.3803584e+03   1.1630000e+03
   0.0000000e+00   0.0000000e+00   7.3464170e+03   1.2350000e+03
   0.0000000e+00   0.0000000e+00   7.3384539e+03   1.3470000e+03
   0.0000000e+00   0.0000000e+00   7.2768264e+03   1.3480000e+03
   0.0000000e+00   0.0000000e+00   7.2732061e+03   1.3850000e+03
   0.0000000e+00   0.0000000e+00   7.2548589e+03   1.4190000e+03
   0.0000000e+00   0.0000000e+00   7.1763165e+03   1.4210000e+03
   0.0000000e+00   0.0000000e+00   7.1757306e+03   1.4580000e+03
   0.0000000e+00   0.0000000e+00   7.1284906e+03   1.4930000e+03
   0.0000000e+00   0.0000000e+00   7.1013083e+03   1.4940000e+03
   0.0000000e+00   0.0000000e+00   7.0997028e+03   1.5320000e+03
   0.0000000e+00   0.0000000e+00   7.0953446e+03   1.6800000e+03
   0.0000000e+00   0.0000000e+00   7.0756221e+03   1.6840000e+03
   0.0000000e+00   0.0000000e+00   7.0753681e+03   1.8650000e+03
   0.0000000e+00   0.0000000e+00   7.0576990e+03   1.8660000e+03
   0.0000000e+00   0.0000000e+00   7.0284484e+03   1.9730000e+03
   0.0000000e+00   0.0000000e+00   7.0279836e+03   2.1640000e+03
   0.0000000e+00   0.0000000e+00   7.0024563e+03   2.2360000e+03
   0.0000000e+00   0.0000000e+00   6.9747313e+03   2.2700000e+03
   0.0000000e+00   0.0000000e+00   6.9687915e+03   2.3470000e+03
   0.0000000e+00   0.0000000e+00   6.9684443e+03   2.3830000e+03
   0.0000000e+00   0.0000000e+00   6.9579637e+03   2.6780000e+03
   0.0000000e+00   0.0000000e+00   6.9513769e+03   3.6050000e+03
   0.0000000e+00   0.0000000e+00   6.9511125e+03   3.6410000e+03
   0.0000000e+00   0.0000000e+00   6.9356319e+03   3.6770000e+03
   0.0000000e+00   0.0000000e+00   6.9101055e+03   4.0120000e+03
   0.0000000e+00   0.0000000e+00   6.9091714e+03   4.0140000e+03
   0.0000000e+00   0.0000000e+00   6.9009280e+03   4.0480000e+03
   0.0000000e+00   0.0000000e+00   6.8908745e+03   4.2690000e+03
   0.0000000e+00   0.0000000e+00   6.8866727e+03   4.3070000e+03
   0.0000000e+00   0.0000000e+00   6.8831782e+03   4.6030000e+03
   0.0000000e+00   0.0000000e+00   6.8729592e+03   4.7490000e+03
   0.0000000e+00   0.0000000e+00   6.8726619e+03   4.9730000e+03
   0.0000000e+00   0.0000000e+00   6.8722960e+03   5.1950000e+03
   0.0000000e+00   0.0000000e+00   6.8677838e+03   5.2330000e+03
   0.0000000e+00   0.0000000e+00   6.8673661e+03   5.2690000e+03
   0.0000000e+00   0.0000000e+00   6.8671868e+03   5.6390000e+03
   0.0000000e+00   0.0000000e+00   6.8663348e+03   6.0860000e+03
   0.0000000e+00   0.0000000e+00   6.8593169e+03   6.4890000e+03
   0.0000000e+00   0.0000000e+00   6.8255727e+03   7.4100000e+03
   0.0000000e+00   0.0000000e+00   6.7977707e+03   7.5250000e+03
   0.0000000e+00   0.0000000e+00   6.7973945e+03   7.5260000e+03
   0.0000000e+00   0.0000000e+00   6.7972190e+03   7.8590000e+03
   0.0000000e+00   0.0000000e+00   6.7920422e+03   8.3040000e+03
   0.0000000e+00   0.0000000e+00   6.7723758e+03   8.5610000e+03
   0.0000000e+00   0.0000000e+00   6.7717631e+03   8.6360000e+03
   0.0000000e+00   0.0000000e+00   6.7447803e+03   8.8920000e+03
   0.0000000e+00   0.0000000e+00   6.7440209e+03   9.0090000e+03
   0.0000000e+00   0.0000000e+00   6.7235413e+03   9.1870000e+03
   0.0000000e+00   0.0000000e+00   6.7146975e+03   9.3380000e+03
   0.0000000e+00   0.0000000e+00   6.7129873e+03   9.5620000e+03
   0.0000000e+00   0.0000000e+00   6.7048927e+03   9.7450000e+03
   0.0000000e+00   0.0000000e+00   6.6948699e+03   1.0634000e+04
   0.0000000e+00   0.0000000e+00   6.6929547e+03   1.0709000e+04
   0.0000000e+00   0.0000000e+00   6.6877401e+03   1.0854000e+04
   0.0000000e+00   0.0000000e+00   6.6797666e+03   1.1262000e+04
   0.0000000e+00   0.0000000e+00   6.6748691e+03   1.1412000e+04
   0.0000000e+00   0.0000000e+00   6.6747981e+03   1.1781000e+04
   0.0000000e+00   0.0000000e+00   6.6624456e+03   1.2299000e+04
   0.0000000e+00   0.0000000e+00   6.6526637e+03   1.3630000e+04
   0.0000000e+00   0.0000000e+00   6.6516027e+03   1.3632000e+04
   0.0000000e+00   0.0000000e+00   6.6512677e+03   1.3853000e+04
   0.0000000e+00   0.0000000e+00   6.6510884e+03   1.4038000e+04
   0.0000000e+00   0.0000000e+00   6.6459669e+03   1.4185000e+04
   0.0000000e+00   0.0000000e+00   6.6436291e+03   1.4297000e+04
   0.0000000e+00   0.0000000e+00   6.6415619e+03   1.4556000e+04
   0.0000000e+00   0.0000000e+00   6.6377039e+03   1.4557000e+04
   0.0000000e+00   0.0000000e+00   6.6363722e+03   1.4630000e+04
   0.0000000e+00   0.0000000e+00   6.6325986e+03   1.6148000e+04
   0.0000000e+00   0.0000000e+00   6.6120616e+03   1.6182000e+04
   0.0000000e+00   0.0000000e+00   6.6113861e+03   1.8663000e+04
   0.0000000e+00   0.0000000e+00   6.6081393e+03   1.9589000e+04
   0.0000000e+00   0.0000000e+00   6.5988439e+03   1.9957000e+04
   0.0000000e+00   0.0000000e+00   6.5890733e+03   2.0365000e+04
   0.0000000e+00   0.0000000e+00   6.5885394e+03   2.0624000e+04
   0.0000000e+00   0.0000000e+00   6.5800229e+03   2.1659000e+04
   0.0000000e+00   0.0000000e+00   6.5785209e+03   2.2031000e+04
   0.0000000e+00   0.0000000e+00   6.5767312e+03   2.3917000e+04
   0.0000000e+00   0.0000000e+00   6.5764848e+03   2.4065000e+04
   0.0000000e+00   0.0000000e+00   6.5763018e+03   2.4916000e+04
   0.0000000e+00   0.0000000e+00   6.5757431e+03   2.5471000e+04
   0.0000000e+00   0.0000000e+00   6.5717079e+03   2.5656000e+04
   0.0000000e+00   0.0000000e+00   6.5715147e+03   2.5841000e+04
   0.0000000e+00   0.0000000e+00   6.5711488e+03   2.6396000e+04
   0.0000000e+00   0.0000000e+00   6.5709622e+03   2.7173000e+04
   0.0000000e+00   0.0000000e+00   6.5673347e+03   2.7395000e+04
   0.0000000e+00   0.0000000e+00   6.5654740e+03   2.7802000e+04
   0.0000000e+00   0.0000000e+00   6.5610410e+03   2.7876000e+04
   0.0000000e+00   0.0000000e+00   6.5608656e+03   2.7987000e+04
   0.0000000e+00   0.0000000e+00   6.5606901e+03   2.8431000e+04
   0.0000000e+00   0.0000000e+00   6.5460460e+03   2.8615000e+04
   0.0000000e+00   0.0000000e+00   6.5455884e+03   2.8838000e+04
   0.0000000e+00   0.0000000e+00   6.5453952e+03   2.8949000e+04
   0.0000000e+00   0.0000000e+00   6.5373737e+03   2.9095000e+04
   0.0000000e+00   0.0000000e+00   6.5221800e+03   3.0243000e+04
   0.0000000e+00   0.0000000e+00   6.5152754e+03   3.1463000e+04
   0.0000000e+00   0.0000000e+00   6.5126485e+03   3.1612000e+04
   0.0000000e+00   0.0000000e+00   6.4862517e+03   3.2833000e+04
   0.0000000e+00   0.0000000e+00   6.4859544e+03   3.4277000e+04
   0.0000000e+00   0.0000000e+00   6.4824185e+03   3.5721000e+04
   0.0000000e+00   0.0000000e+00   6.4737357e+03   3.6533000e+04
   0.0000000e+00   0.0000000e+00   6.4695366e+03   3.9161000e+04
   0.0000000e+00   0.0000000e+00   6.4694543e+03   4.2676000e+04
   0.0000000e+00   0.0000000e+00   6.4693010e+03   4.6006000e+04
   0.0000000e+00   0.0000000e+00   6.4689714e+03   4.6191000e+04
   0.0000000e+00   0.0000000e+00   6.4601202e+03   4.8557000e+04
   0.0000000e+00   0.0000000e+00   6.4597091e+03   4.9299000e+04
   0.0000000e+00   0.0000000e+00   6.4589315e+03   5.2037000e+04
   0.0000000e+00   0.0000000e+00   6.4451566e+03   5.2479000e+04
   0.0000000e+00   0.0000000e+00   6.4448099e+03   5.3961000e+04
   0.0000000e+00   0.0000000e+00   6.4418777e+03   5.4996000e+04
   0.0000000e+00   0.0000000e+00   6.4416911e+03   5.5404000e+04
   0.0000000e+00   0.0000000e+00   6.4400848e+03   5.5516000e+04
   0.0000000e+00   0.0000000e+00   6.4398983e+03   5.5774000e+04
   0.0000000e+00   0.0000000e+00   6.4397153e+03   5.5848000e+04
   0.0000000e+00   0.0000000e+00   6.4391218e+03   5.9622000e+04
   0.0000000e+00   0.0000000e+00   6.4340381e+03   6.0291000e+04
   0.0000000e+00   0.0000000e+00   6.4138596e+03   6.0730000e+04
   0.0000000e+00   0.0000000e+00   6.4136696e+03   6.1176000e+04
   0.0000000e+00   0.0000000e+00   6.4132468e+03   6.2434000e+04
   0.0000000e+00   0.0000000e+00   6.4064170e+03   6.2507000e+04
   0.0000000e+00   0.0000000e+00   6.4046460e+03   6.3101000e+04
   0.0000000e+00   0.0000000e+00   6.4028962e+03   6.3211000e+04
   0.0000000e+00   0.0000000e+00   6.4024159e+03   6.3396000e+04
   0.0000000e+00   0.0000000e+00   6.4001444e+03   6.3693000e+04
   0.0000000e+00   0.0000000e+00   6.3989497e+03   6.5395000e+04
   0.0000000e+00   0.0000000e+00   6.3957299e+03   7.1867000e+04
   0.0000000e+00   0.0000000e+00   6.3863260e+03   7.2164000e+04
   0.0000000e+00   0.0000000e+00   6.3859964e+03   7.4866000e+04
   0.0000000e+00   0.0000000e+00   6.3511124e+03   7.4899000e+04
   0.0000000e+00   0.0000000e+00   6.3510415e+03   7.5791000e+04
   0.0000000e+00   0.0000000e+00   6.3467657e+03   7.6013000e+04
   0.0000000e+00   0.0000000e+00   6.3421832e+03   7.9231000e+04
   0.0000000e+00   0.0000000e+00   6.3420039e+03   8.0675000e+04
   0.0000000e+00   0.0000000e+00   6.3285324e+03   8.1007000e+04
   0.0000000e+00   0.0000000e+00   6.3281526e+03   8.3820000e+04
   0.0000000e+00   0.0000000e+00   6.3278168e+03   8.6151000e+04
   0.0000000e+00   0.0000000e+00   6.3276413e+03   9.2626000e+04
   0.0000000e+00   0.0000000e+00   6.3186109e+03   9.4585000e+04
   0.0000000e+00   0.0000000e+00   6.3185399e+03   1.0372600e+05
   0.0000000e+00   0.0000000e+00   6.3183645e+03   1.1105200e+05
   0.0000000e+00   0.0000000e+00   6.3131230e+03   1.1145800e+05
   0.0000000e+00   0.0000000e+00   6.3123425e+03   1.1201200e+05
   0.0000000e+00   0.0000000e+00   6.3122602e+03   1.1345700e+05
   0.0000000e+00   0.0000000e+00   6.3030822e+03   1.1378800e+05
   0.0000000e+00   0.0000000e+00   6.3028957e+03   1.2078300e+05
   0.0000000e+00   0.0000000e+00   6.2944602e+03   1.2118900e+05
   0.0000000e+00   0.0000000e+00   6.2943892e+03   1.2385400e+05
   0.0000000e+00   0.0000000e+00   6.2943055e+03   1.2722300e+05
   0.0000000e+00   0.0000000e+00   6.2931118e+03   1.2755500e+05
   0.0000000e+00   0.0000000e+00   6.2929218e+03   1.2792400e+05
   0.0000000e+00   0.0000000e+00   6.2927685e+03   1.3328900e+05
   0.0000000e+00   0.0000000e+00   6.2839174e+03   1.3339800e+05
   0.0000000e+00   0.0000000e+00   6.2746414e+03   1.3909600e+05
   0.0000000e+00   0.0000000e+00   6.2744659e+03   1.4154000e+05
   0.0000000e+00   0.0000000e+00   6.2709652e+03   1.4420700e+05
   0.0000000e+00   0.0000000e+00   6.2707752e+03   1.4612800e+05
   0.0000000e+00   0.0000000e+00   6.2623397e+03   1.5201000e+05
   0.0000000e+00   0.0000000e+00   6.2597413e+03   1.5204700e+05
   0.0000000e+00   0.0000000e+00   6.2364137e+03   1.5267100e+05
   0.0000000e+00   0.0000000e+00   6.2363314e+03   1.5282500e+05
   0.0000000e+00   0.0000000e+00   6.2361667e+03   1.5356500e+05
   0.0000000e+00   0.0000000e+00   6.2314140e+03   1.5559900e+05
   0.0000000e+00   0.0000000e+00   6.2311860e+03   1.6066900e+05
   0.0000000e+00   0.0000000e+00   6.2284542e+03   1.6558800e+05
   0.0000000e+00   0.0000000e+00   6.2280362e+03   1.6995600e+05
   0.0000000e+00   0.0000000e+00   6.2165070e+03   1.7346900e+05
   0.0000000e+00   0.0000000e+00   6.2162790e+03   1.7424800e+05
   0.0000000e+00   0.0000000e+00   6.2074278e+03   1.7698400e+05
   0.0000000e+00   0.0000000e+00   6.1869932e+03   1.7753800e+05
   0.0000000e+00   0.0000000e+00   6.1866464e+03   1.8076000e+05
   0.0000000e+00   0.0000000e+00   6.1847661e+03   1.8516200e+05
   0.0000000e+00   0.0000000e+00   6.1845729e+03   1.9293300e+05
   0.0000000e+00   0.0000000e+00   6.1843863e+03   1.9689200e+05
