   5.0100000e+02   6.2451134e+12   1.6305353e+04   7.9024185e+01   5.3999648e-01
   5.0300000e+02   6.1416663e+12   1.6286760e+04   7.8368630e+01   1.5505652e-01
   5.0400000e+02   5.9833388e+12   1.6177167e+04   7.7352007e+01   7.6646960e-02
   5.0700000e+02   5.9536882e+12   1.6197253e+04   7.7160090e+01   9.3003730e-02
   5.0800000e+02   5.8614041e+12   1.6234219e+04   7.6559709e+01   1.2307635e-01
   5.1400000e+02   5.3801009e+12   1.6259076e+04   7.3349067e+01   1.2360632e-01
   5.1500000e+02   5.2632521e+12   1.6194325e+04   7.2548156e+01   1.3100808e-01
   5.1700000e+02   4.9944872e+12   1.6327795e+04   7.0671557e+01   1.3487662e-01
   5.1800000e+02   4.5609713e+12   1.6545933e+04   6.7534884e+01   1.0369922e-01
   5.1900000e+02   4.4553489e+12   1.6639329e+04   6.6748316e+01   1.0579722e-01
   5.2100000e+02   4.4277152e+12   1.6679229e+04   6.6541003e+01   1.0058078e-01
   5.2400000e+02   4.2342729e+12   1.6653658e+04   6.5071265e+01   5.7596040e-02
   5.2500000e+02   4.2054108e+12   1.6773350e+04   6.4849111e+01   5.9841116e-02
   5.2800000e+02   4.1982032e+12   1.6808591e+04   6.4793518e+01   5.7196381e-02
   5.3000000e+02   3.8706670e+12   1.6978176e+04   6.2214611e+01   9.5737882e-02
   5.3100000e+02   3.6966295e+12   1.7058572e+04   6.0799899e+01   4.2527731e-02
   5.3500000e+02   3.5498592e+12   1.6878482e+04   5.9580680e+01   4.1979315e-02
   5.4000000e+02   3.3752985e+12   1.6974716e+04   5.8097310e+01   3.2128208e-02
   5.4100000e+02   3.3419868e+12   1.6969901e+04   5.7809913e+01   2.6899233e-02
   5.4300000e+02   3.2947982e+12   1.7200411e+04   5.7400326e+01   2.6344928e-02
   5.4600000e+02   3.2741433e+12   1.7373918e+04   5.7220124e+01   2.7321899e-02
   5.5100000e+02   3.1716444e+12   1.7424177e+04   5.6317354e+01   7.2108744e-03
   5.5200000e+02   3.1038912e+12   1.7494958e+04   5.5712576e+01   6.8461824e-03
   5.5300000e+02   2.8349711e+12   1.7478640e+04   5.3244447e+01   0.0000000e+00
   5.5500000e+02   2.7861826e+12   1.7401541e+04   5.2784302e+01   0.0000000e+00
   5.6000000e+02   2.7397979e+12   1.7397749e+04   5.2343078e+01   0.0000000e+00
   5.6400000e+02   2.5694992e+12   1.7395125e+04   5.0690227e+01   0.0000000e+00
   5.6900000e+02   2.5501743e+12   1.7335432e+04   5.0499251e+01   4.3974540e-03
   5.7000000e+02   1.8955139e+12   1.7608989e+04   4.3537500e+01   0.0000000e+00
   5.7200000e+02   1.7580973e+12   1.7800050e+04   4.1929670e+01   0.0000000e+00
   5.7600000e+02   1.6223226e+12   1.7846288e+04   4.0278064e+01   8.6071070e-03
   5.7700000e+02   1.5877235e+12   1.8031033e+04   3.9846247e+01   6.7862749e-03
   5.8100000e+02   1.5485721e+12   1.8246807e+04   3.9351900e+01   9.8727002e-03
   5.8300000e+02   1.5141883e+12   1.8323031e+04   3.8912570e+01   1.1877436e-02
   5.8600000e+02   1.4555057e+12   1.8456087e+04   3.8151090e+01   5.3908714e-03
   5.8800000e+02   1.4485781e+12   1.8581722e+04   3.8060190e+01   5.6364369e-03
   5.9500000e+02   1.4340577e+12   1.8707905e+04   3.7868953e+01   4.6133513e-03
   5.9700000e+02   1.4250105e+12   1.8917737e+04   3.7749310e+01   5.9915707e-03
   5.9900000e+02   1.2418903e+12   1.8979307e+04   3.5240464e+01   0.0000000e+00
   6.0100000e+02   1.2223984e+12   1.9049864e+04   3.4962815e+01   0.0000000e+00
   6.0400000e+02   1.2158989e+12   1.8951631e+04   3.4869742e+01   0.0000000e+00
   6.0500000e+02   1.2152621e+12   1.8920474e+04   3.4860610e+01   0.0000000e+00
   6.0600000e+02   1.1340588e+12   1.9033916e+04   3.3675790e+01   0.0000000e+00
   6.0700000e+02   1.1176740e+12   1.9349125e+04   3.3431632e+01   0.0000000e+00
   6.1000000e+02   1.0507841e+12   1.9347582e+04   3.2415800e+01   0.0000000e+00
   6.1300000e+02   1.0056274e+12   1.9317562e+04   3.1711628e+01   0.0000000e+00
   6.1600000e+02   1.0039544e+12   1.9441869e+04   3.1685240e+01   0.0000000e+00
   6.1900000e+02   1.0023056e+12   1.9462067e+04   3.1659210e+01   0.0000000e+00
   6.2000000e+02   9.5639030e+11   1.9621759e+04   3.0925560e+01   0.0000000e+00
   6.2100000e+02   9.4147688e+11   1.9615001e+04   3.0683495e+01   0.0000000e+00
   6.2200000e+02   8.9306175e+11   1.9668110e+04   2.9884138e+01   0.0000000e+00
   6.2300000e+02   6.5833452e+11   1.9630599e+04   2.5658030e+01   0.0000000e+00
   6.2400000e+02   6.5794414e+11   1.9985922e+04   2.5650422e+01   0.0000000e+00
   6.2600000e+02   6.5351145e+11   1.9963576e+04   2.5563870e+01   0.0000000e+00
   6.2700000e+02   4.9222868e+11   2.0104989e+04   2.2186227e+01   0.0000000e+00
   6.2800000e+02   4.8641527e+11   2.0004438e+04   2.2054824e+01   0.0000000e+00
   6.3400000e+02   4.7974191e+11   2.0126507e+04   2.1903011e+01   0.0000000e+00
   6.3700000e+02   4.7804352e+11   2.0097291e+04   2.1864206e+01   0.0000000e+00
   6.4200000e+02   4.6227149e+11   2.0021034e+04   2.1500499e+01   0.0000000e+00
   6.5100000e+02   4.6053052e+11   1.9951426e+04   2.1459974e+01   0.0000000e+00
   6.5300000e+02   4.5366266e+11   1.9994053e+04   2.1299358e+01   0.0000000e+00
   6.5500000e+02   3.8533538e+11   2.0059703e+04   1.9629961e+01   0.0000000e+00
   6.6000000e+02   3.8411212e+11   2.0137203e+04   1.9598778e+01   0.0000000e+00
   6.6200000e+02   3.8298368e+11   2.0308060e+04   1.9569968e+01   0.0000000e+00
   6.6500000e+02   3.7800374e+11   2.0249702e+04   1.9442318e+01   0.0000000e+00
   6.6800000e+02   3.7463402e+11   2.0490940e+04   1.9355464e+01   0.0000000e+00
   6.7300000e+02   3.4922955e+11   2.0545622e+04   1.8687684e+01   0.0000000e+00
   6.7500000e+02   3.4140604e+11   2.0696006e+04   1.8477176e+01   0.0000000e+00
   6.8100000e+02   2.9964030e+11   2.0750217e+04   1.7310121e+01   0.0000000e+00
   6.9600000e+02   2.9389615e+11   2.0821837e+04   1.7143399e+01   0.0000000e+00
   6.9800000e+02   2.8022306e+11   2.0831250e+04   1.6739864e+01   0.0000000e+00
   7.0300000e+02   2.6229007e+11   2.1032569e+04   1.6195371e+01   0.0000000e+00
   7.0400000e+02   2.5634645e+11   2.1055759e+04   1.6010822e+01   0.0000000e+00
   7.1200000e+02   2.5489199e+11   2.1165281e+04   1.5965336e+01   0.0000000e+00
   7.1400000e+02   2.5136213e+11   2.0981847e+04   1.5854403e+01   0.0000000e+00
   7.1600000e+02   2.4854100e+11   2.1108751e+04   1.5765183e+01   0.0000000e+00
   7.2200000e+02   2.4270483e+11   2.1146564e+04   1.5578986e+01   0.0000000e+00
   7.2600000e+02   2.3799084e+11   2.1207570e+04   1.5426951e+01   0.0000000e+00
   7.2700000e+02   2.3504321e+11   2.1186173e+04   1.5331118e+01   0.0000000e+00
   7.3200000e+02   2.3479140e+11   2.1160395e+04   1.5322904e+01   0.0000000e+00
   7.3500000e+02   2.3439361e+11   2.1217712e+04   1.5309918e+01   0.0000000e+00
   7.4700000e+02   2.3358803e+11   2.1314229e+04   1.5283586e+01   0.0000000e+00
   7.5200000e+02   1.5821476e+11   2.1335073e+04   1.2578344e+01   0.0000000e+00
   7.6000000e+02   1.0474427e+11   2.1222813e+04   1.0234464e+01   0.0000000e+00
   7.6100000e+02   8.6972170e+10   2.1507505e+04   9.3258859e+00   0.0000000e+00
   7.6400000e+02   8.2925636e+10   2.1505973e+04   9.1063502e+00   0.0000000e+00
   7.6700000e+02   8.2799832e+10   2.1462626e+04   9.0994401e+00   0.0000000e+00
   7.8400000e+02   8.2575503e+10   2.1619033e+04   9.0871052e+00   0.0000000e+00
   7.8700000e+02   8.2529163e+10   2.1538391e+04   9.0845551e+00   0.0000000e+00
   7.8900000e+02   8.1195525e+10   2.1574882e+04   9.0108548e+00   0.0000000e+00
   7.9800000e+02   7.6136962e+10   2.1609842e+04   8.7256484e+00   0.0000000e+00
   8.0900000e+02   7.6081660e+10   2.1719338e+04   8.7224789e+00   0.0000000e+00
   8.2200000e+02   7.4085112e+10   2.1565272e+04   8.6072696e+00   0.0000000e+00
   8.2300000e+02   6.4106043e+10   2.1610080e+04   8.0066236e+00   0.0000000e+00
   8.2400000e+02   6.3372467e+10   2.1668348e+04   7.9606812e+00   0.0000000e+00
   8.2800000e+02   6.2137584e+10   2.1644033e+04   7.8827382e+00   0.0000000e+00
   8.2900000e+02   6.1225339e+10   2.1486217e+04   7.8246608e+00   0.0000000e+00
   8.3200000e+02   5.1268159e+10   2.1625986e+04   7.1601772e+00   0.0000000e+00
   8.3400000e+02   5.0110882e+10   2.1747519e+04   7.0789025e+00   0.0000000e+00
   8.3500000e+02   4.9168278e+10   2.1572955e+04   7.0120080e+00   0.0000000e+00
   8.3800000e+02   4.8752326e+10   2.1498885e+04   6.9822850e+00   0.0000000e+00
   8.4200000e+02   2.4019986e+10   2.1712569e+04   4.9010166e+00   0.0000000e+00
   8.4500000e+02   2.3604071e+10   2.1808333e+04   4.8583999e+00   0.0000000e+00
   8.4600000e+02   2.1673670e+10   2.1746276e+04   4.6554965e+00   0.0000000e+00
   8.4800000e+02   9.4613379e+09   2.1800210e+04   3.0759252e+00   0.0000000e+00
   8.5200000e+02   8.7201928e+09   2.1898496e+04   2.9529936e+00   0.0000000e+00
   8.5300000e+02   8.5933805e+09   2.1868864e+04   2.9314431e+00   0.0000000e+00
   8.5700000e+02   8.1589177e+09   2.2029582e+04   2.8563781e+00   0.0000000e+00
   8.6100000e+02   7.5718722e+09   2.1889320e+04   2.7516995e+00   0.0000000e+00
   8.6500000e+02   7.5635387e+09   2.1985922e+04   2.7501849e+00   0.0000000e+00
   8.7700000e+02   6.8314756e+09   2.2194335e+04   2.6137049e+00   0.0000000e+00
   8.8500000e+02   6.3967530e+09   2.2234113e+04   2.5291759e+00   0.0000000e+00
   8.8900000e+02   1.7740939e+08   2.2177721e+04   4.2117361e-01   0.0000000e+00
   8.9600000e+02   1.7614395e+08   2.2096650e+04   4.1966874e-01   0.0000000e+00
   8.9700000e+02   1.6230337e+08   2.2015097e+04   4.0284160e-01   0.0000000e+00
   8.9900000e+02   1.3748845e+08   2.2151714e+04   3.7076448e-01   0.0000000e+00
   9.0900000e+02   4.3023477e+07   2.2194374e+04   2.0736751e-01   0.0000000e+00
   9.1600000e+02   4.0928725e+07   2.2219860e+04   2.0225357e-01   0.0000000e+00
   9.1700000e+02   4.0712374e+07   2.2186029e+04   2.0171809e-01   0.0000000e+00
   9.1900000e+02   3.9228483e+07   2.2176457e+04   1.9800582e-01   0.0000000e+00
   9.2200000e+02   3.8803714e+07   2.2193150e+04   1.9693024e-01   0.0000000e+00
   9.2300000e+02   3.8300765e+07   2.2334495e+04   1.9564874e-01   0.0000000e+00
   9.2900000e+02   3.7220337e+07   2.2314571e+04   1.9286789e-01   0.0000000e+00
   9.3200000e+02   3.6625094e+07   2.2548518e+04   1.9131792e-01   0.0000000e+00
   9.3400000e+02   3.6261985e+07   2.2506233e+04   1.9036670e-01   0.0000000e+00
   9.3600000e+02   3.1607502e+07   2.2648285e+04   1.7772128e-01   0.0000000e+00
   9.4500000e+02   3.1589995e+07   2.2583952e+04   1.7767220e-01   0.0000000e+00
   9.4700000e+02   3.1105077e+07   2.2586054e+04   1.7630227e-01   0.0000000e+00
   9.5200000e+02   2.5606839e+07   2.2830032e+04   1.5995002e-01   0.0000000e+00
   9.5800000e+02   1.9102537e+07   2.2902453e+04   1.3812905e-01   0.0000000e+00
   9.6400000e+02   1.8415910e+07   2.3036569e+04   1.3562033e-01   0.0000000e+00
   9.6700000e+02   1.8408970e+07   2.3313846e+04   1.3559372e-01   0.0000000e+00
   9.7000000e+02   9.6862572e+06   2.3361691e+04   9.8300028e-02   0.0000000e+00
   9.7200000e+02   9.6032385e+06   2.3360368e+04   9.7876852e-02   0.0000000e+00
   9.7400000e+02   1.3125550e+06   2.3584264e+04   3.5902238e-02   0.0000000e+00
   9.8000000e+02   1.2978010e+06   2.3372695e+04   3.5699135e-02   0.0000000e+00
   9.9000000e+02   2.3265672e+04   2.3265672e+04   0.0000000e+00   0.0000000e+00
   1.0000000e+03   2.3215438e+04   2.3215438e+04   0.0000000e+00   0.0000000e+00
   1.0020000e+03   2.2938912e+04   2.2938912e+04   0.0000000e+00   0.0000000e+00
   1.0030000e+03   2.2918274e+04   2.2918274e+04   0.0000000e+00   0.0000000e+00
   1.0040000e+03   2.2750270e+04   2.2750270e+04   0.0000000e+00   0.0000000e+00
   1.0050000e+03   2.2652671e+04   2.2652671e+04   0.0000000e+00   0.0000000e+00
   1.0070000e+03   2.2644246e+04   2.2644246e+04   0.0000000e+00   0.0000000e+00
   1.0100000e+03   2.2574412e+04   2.2574412e+04   0.0000000e+00   0.0000000e+00
   1.0170000e+03   2.2355237e+04   2.2355237e+04   0.0000000e+00   0.0000000e+00
   1.0220000e+03   2.2332371e+04   2.2332371e+04   0.0000000e+00   0.0000000e+00
   1.0250000e+03   2.2189995e+04   2.2189995e+04   0.0000000e+00   0.0000000e+00
   1.0280000e+03   2.1963693e+04   2.1963693e+04   0.0000000e+00   0.0000000e+00
   1.0370000e+03   2.1693150e+04   2.1693150e+04   0.0000000e+00   0.0000000e+00
   1.0410000e+03   2.1442651e+04   2.1442651e+04   0.0000000e+00   0.0000000e+00
   1.0450000e+03   2.1343444e+04   2.1343444e+04   0.0000000e+00   0.0000000e+00
   1.0460000e+03   2.1288409e+04   2.1288409e+04   0.0000000e+00   0.0000000e+00
   1.0550000e+03   2.1095933e+04   2.1095933e+04   0.0000000e+00   0.0000000e+00
   1.0560000e+03   2.1012870e+04   2.1012870e+04   0.0000000e+00   0.0000000e+00
   1.0600000e+03   2.0722868e+04   2.0722868e+04   0.0000000e+00   0.0000000e+00
   1.0680000e+03   2.0708305e+04   2.0708305e+04   0.0000000e+00   0.0000000e+00
   1.0730000e+03   2.0700982e+04   2.0700982e+04   0.0000000e+00   0.0000000e+00
   1.0840000e+03   2.0580174e+04   2.0580174e+04   0.0000000e+00   0.0000000e+00
   1.0910000e+03   2.0426577e+04   2.0426577e+04   0.0000000e+00   0.0000000e+00
   1.1030000e+03   2.0388252e+04   2.0388252e+04   0.0000000e+00   0.0000000e+00
   1.1040000e+03   2.0369028e+04   2.0369028e+04   0.0000000e+00   0.0000000e+00
   1.1090000e+03   2.0194931e+04   2.0194931e+04   0.0000000e+00   0.0000000e+00
   1.1100000e+03   2.0103174e+04   2.0103174e+04   0.0000000e+00   0.0000000e+00
   1.1180000e+03   2.0027389e+04   2.0027389e+04   0.0000000e+00   0.0000000e+00
   1.1270000e+03   1.9786978e+04   1.9786978e+04   0.0000000e+00   0.0000000e+00
   1.1320000e+03   1.9759493e+04   1.9759493e+04   0.0000000e+00   0.0000000e+00
   1.1360000e+03   1.9743460e+04   1.9743460e+04   0.0000000e+00   0.0000000e+00
   1.1400000e+03   1.9459926e+04   1.9459926e+04   0.0000000e+00   0.0000000e+00
   1.1490000e+03   1.9293847e+04   1.9293847e+04   0.0000000e+00   0.0000000e+00
   1.1630000e+03   1.9239949e+04   1.9239949e+04   0.0000000e+00   0.0000000e+00
   1.1640000e+03   1.9067686e+04   1.9067686e+04   0.0000000e+00   0.0000000e+00
   1.1650000e+03   1.8944237e+04   1.8944237e+04   0.0000000e+00   0.0000000e+00
   1.1670000e+03   1.8888995e+04   1.8888995e+04   0.0000000e+00   0.0000000e+00
   1.1730000e+03   1.8717043e+04   1.8717043e+04   0.0000000e+00   0.0000000e+00
   1.1780000e+03   1.8676551e+04   1.8676551e+04   0.0000000e+00   0.0000000e+00
   1.1810000e+03   1.8617784e+04   1.8617784e+04   0.0000000e+00   0.0000000e+00
   1.1830000e+03   1.8553546e+04   1.8553546e+04   0.0000000e+00   0.0000000e+00
   1.1880000e+03   1.8527948e+04   1.8527948e+04   0.0000000e+00   0.0000000e+00
   1.1890000e+03   1.8399018e+04   1.8399018e+04   0.0000000e+00   0.0000000e+00
   1.1920000e+03   1.8320070e+04   1.8320070e+04   0.0000000e+00   0.0000000e+00
   1.2040000e+03   1.8219098e+04   1.8219098e+04   0.0000000e+00   0.0000000e+00
   1.2140000e+03   1.8136861e+04   1.8136861e+04   0.0000000e+00   0.0000000e+00
   1.2290000e+03   1.7975823e+04   1.7975823e+04   0.0000000e+00   0.0000000e+00
   1.2390000e+03   1.7816688e+04   1.7816688e+04   0.0000000e+00   0.0000000e+00
   1.2430000e+03   1.7815726e+04   1.7815726e+04   0.0000000e+00   0.0000000e+00
   1.2720000e+03   1.7803079e+04   1.7803079e+04   0.0000000e+00   0.0000000e+00
   1.3010000e+03   1.7709061e+04   1.7709061e+04   0.0000000e+00   0.0000000e+00
   1.3140000e+03   1.7670720e+04   1.7670720e+04   0.0000000e+00   0.0000000e+00
   1.3370000e+03   1.7594264e+04   1.7594264e+04   0.0000000e+00   0.0000000e+00
   1.3400000e+03   1.7531747e+04   1.7531747e+04   0.0000000e+00   0.0000000e+00
   1.3460000e+03   1.7515865e+04   1.7515865e+04   0.0000000e+00   0.0000000e+00
   1.3480000e+03   1.7331436e+04   1.7331436e+04   0.0000000e+00   0.0000000e+00
   1.3500000e+03   1.7309374e+04   1.7306146e+04   5.6811921e-05   0.0000000e+00
   1.3590000e+03   1.7270397e+04   1.7270397e+04   0.0000000e+00   0.0000000e+00
   1.3610000e+03   1.7237308e+04   1.7237308e+04   0.0000000e+00   0.0000000e+00
   1.3740000e+03   1.7215652e+04   1.7215652e+04   0.0000000e+00   0.0000000e+00
   1.4040000e+03   1.7117043e+04   1.7117043e+04   0.0000000e+00   0.0000000e+00
   1.4080000e+03   1.7063199e+04   1.7063199e+04   0.0000000e+00   0.0000000e+00
   1.4410000e+03   1.7016146e+04   1.7016146e+04   0.0000000e+00   0.0000000e+00
   1.4450000e+03   1.6939803e+04   1.6939803e+04   0.0000000e+00   0.0000000e+00
   1.4460000e+03   1.6934637e+04   1.6934637e+04   0.0000000e+00   0.0000000e+00
   1.4470000e+03   1.6743798e+04   1.6743798e+04   0.0000000e+00   0.0000000e+00
   1.4550000e+03   1.6699942e+04   1.6699942e+04   0.0000000e+00   0.0000000e+00
   1.4620000e+03   1.6688211e+04   1.6688211e+04   0.0000000e+00   0.0000000e+00
   1.4770000e+03   1.6648162e+04   1.6648162e+04   0.0000000e+00   0.0000000e+00
   1.4990000e+03   1.6639714e+04   1.6639714e+04   0.0000000e+00   0.0000000e+00
   1.5070000e+03   1.6604538e+04   1.6604538e+04   0.0000000e+00   0.0000000e+00
   1.5170000e+03   1.6250840e+04   1.6250840e+04   0.0000000e+00   0.0000000e+00
   1.5260000e+03   1.6065939e+04   1.6065939e+04   0.0000000e+00   0.0000000e+00
   1.5270000e+03   1.5995011e+04   1.5995011e+04   0.0000000e+00   0.0000000e+00
   1.5470000e+03   1.5990382e+04   1.5990382e+04   0.0000000e+00   0.0000000e+00
   1.5590000e+03   1.5845622e+04   1.5845622e+04   0.0000000e+00   0.0000000e+00
   1.5650000e+03   1.5781117e+04   1.5781117e+04   0.0000000e+00   0.0000000e+00
   1.5710000e+03   1.5758681e+04   1.5758681e+04   0.0000000e+00   0.0000000e+00
   1.5730000e+03   1.5751431e+04   1.5751431e+04   0.0000000e+00   0.0000000e+00
   1.5820000e+03   1.5733684e+04   1.5733684e+04   0.0000000e+00   0.0000000e+00
   1.5870000e+03   1.5583798e+04   1.5583798e+04   0.0000000e+00   0.0000000e+00
   1.5980000e+03   1.5503718e+04   1.5503718e+04   0.0000000e+00   0.0000000e+00
   1.6410000e+03   1.5393551e+04   1.5393551e+04   0.0000000e+00   0.0000000e+00
   1.6660000e+03   1.5184819e+04   1.5184819e+04   0.0000000e+00   0.0000000e+00
   1.6670000e+03   1.5178688e+04   1.5178688e+04   0.0000000e+00   0.0000000e+00
   1.6710000e+03   1.5054036e+04   1.5054036e+04   0.0000000e+00   0.0000000e+00
   1.6950000e+03   1.4929817e+04   1.4929817e+04   0.0000000e+00   0.0000000e+00
   1.7000000e+03   1.4858214e+04   1.4858214e+04   0.0000000e+00   0.0000000e+00
   1.7310000e+03   1.4769733e+04   1.4769733e+04   0.0000000e+00   0.0000000e+00
   1.7500000e+03   1.4731414e+04   1.4731414e+04   0.0000000e+00   0.0000000e+00
   1.7600000e+03   1.4724125e+04   1.4724125e+04   0.0000000e+00   0.0000000e+00
   1.7610000e+03   1.4662549e+04   1.4662549e+04   0.0000000e+00   0.0000000e+00
   1.7720000e+03   1.4644603e+04   1.4644603e+04   0.0000000e+00   0.0000000e+00
   1.7860000e+03   1.4499966e+04   1.4499966e+04   0.0000000e+00   0.0000000e+00
   1.7880000e+03   1.4493538e+04   1.4493538e+04   0.0000000e+00   0.0000000e+00
   1.8040000e+03   1.4479317e+04   1.4479317e+04   0.0000000e+00   0.0000000e+00
   1.8050000e+03   1.4401429e+04   1.4401429e+04   0.0000000e+00   0.0000000e+00
   1.8060000e+03   1.4267944e+04   1.4267944e+04   0.0000000e+00   0.0000000e+00
   1.8140000e+03   1.4193112e+04   1.4193112e+04   0.0000000e+00   0.0000000e+00
   1.8380000e+03   1.4082545e+04   1.4082545e+04   0.0000000e+00   0.0000000e+00
   1.8400000e+03   1.3997610e+04   1.3997610e+04   0.0000000e+00   0.0000000e+00
   1.8440000e+03   1.3966815e+04   1.3966815e+04   0.0000000e+00   0.0000000e+00
   1.8570000e+03   1.3934975e+04   1.3934975e+04   0.0000000e+00   0.0000000e+00
   1.8680000e+03   1.3911627e+04   1.3911627e+04   0.0000000e+00   0.0000000e+00
   1.8950000e+03   1.3872145e+04   1.3872145e+04   0.0000000e+00   0.0000000e+00
   1.8970000e+03   1.3805802e+04   1.3805802e+04   0.0000000e+00   0.0000000e+00
   1.9050000e+03   1.3783598e+04   1.3783598e+04   0.0000000e+00   0.0000000e+00
   1.9430000e+03   1.3726782e+04   1.3726782e+04   0.0000000e+00   0.0000000e+00
   1.9440000e+03   1.3682606e+04   1.3682606e+04   0.0000000e+00   0.0000000e+00
   1.9460000e+03   1.3680939e+04   1.3680939e+04   0.0000000e+00   0.0000000e+00
   1.9470000e+03   1.3621927e+04   1.3621927e+04   0.0000000e+00   0.0000000e+00
   1.9680000e+03   1.3608953e+04   1.3608953e+04   0.0000000e+00   0.0000000e+00
   1.9690000e+03   1.3511613e+04   1.3511613e+04   0.0000000e+00   0.0000000e+00
   1.9740000e+03   1.3507519e+04   1.3507519e+04   0.0000000e+00   0.0000000e+00
   1.9770000e+03   1.3477088e+04   1.3477088e+04   0.0000000e+00   0.0000000e+00
   1.9950000e+03   1.3430897e+04   1.3430897e+04   0.0000000e+00   0.0000000e+00
   2.0120000e+03   1.3422936e+04   1.3422936e+04   0.0000000e+00   0.0000000e+00
   2.0170000e+03   1.3103389e+04   1.3103389e+04   0.0000000e+00   0.0000000e+00
   2.0260000e+03   1.3033036e+04   1.3033036e+04   0.0000000e+00   0.0000000e+00
   2.0290000e+03   1.2990217e+04   1.2990217e+04   0.0000000e+00   0.0000000e+00
   2.0370000e+03   1.2948757e+04   1.2948757e+04   0.0000000e+00   0.0000000e+00
   2.0540000e+03   1.2545174e+04   1.2545174e+04   0.0000000e+00   0.0000000e+00
   2.0620000e+03   1.2437972e+04   1.2437972e+04   0.0000000e+00   0.0000000e+00
   2.0800000e+03   1.2266809e+04   1.2266809e+04   0.0000000e+00   0.0000000e+00
   2.0830000e+03   1.2093703e+04   1.2093703e+04   0.0000000e+00   0.0000000e+00
   2.0960000e+03   1.2044529e+04   1.2044529e+04   0.0000000e+00   0.0000000e+00
   2.1240000e+03   1.2014474e+04   1.2014474e+04   0.0000000e+00   0.0000000e+00
   2.1480000e+03   1.1992065e+04   1.1992065e+04   0.0000000e+00   0.0000000e+00
   2.1580000e+03   1.1908234e+04   1.1908234e+04   0.0000000e+00   0.0000000e+00
   2.1690000e+03   1.1889079e+04   1.1889079e+04   0.0000000e+00   0.0000000e+00
   2.2140000e+03   1.1880194e+04   1.1880194e+04   0.0000000e+00   0.0000000e+00
   2.2280000e+03   1.1872353e+04   1.1872353e+04   0.0000000e+00   0.0000000e+00
   2.2670000e+03   1.1822550e+04   1.1822550e+04   0.0000000e+00   0.0000000e+00
   2.2710000e+03   1.1818842e+04   1.1818842e+04   0.0000000e+00   0.0000000e+00
   2.2820000e+03   1.1809422e+04   1.1809422e+04   0.0000000e+00   0.0000000e+00
   2.2880000e+03   1.1748070e+04   1.1748070e+04   0.0000000e+00   0.0000000e+00
   2.2910000e+03   1.1736549e+04   1.1736549e+04   0.0000000e+00   0.0000000e+00
   2.2920000e+03   1.1721528e+04   1.1721528e+04   0.0000000e+00   0.0000000e+00
   2.3050000e+03   1.1619047e+04   1.1619047e+04   0.0000000e+00   0.0000000e+00
   2.3180000e+03   1.1619025e+04   1.1619025e+04   0.0000000e+00   0.0000000e+00
   2.3270000e+03   1.1522965e+04   1.1522965e+04   0.0000000e+00   0.0000000e+00
   2.3450000e+03   1.1510864e+04   1.1510864e+04   0.0000000e+00   0.0000000e+00
   2.3730000e+03   1.1504129e+04   1.1504129e+04   0.0000000e+00   0.0000000e+00
   2.3920000e+03   1.1484925e+04   1.1484925e+04   0.0000000e+00   0.0000000e+00
   2.4050000e+03   1.1462196e+04   1.1462196e+04   0.0000000e+00   0.0000000e+00
   2.4100000e+03   1.1429127e+04   1.1429127e+04   0.0000000e+00   0.0000000e+00
   2.4220000e+03   1.1343537e+04   1.1343537e+04   0.0000000e+00   0.0000000e+00
   2.4240000e+03   1.1117169e+04   1.1117169e+04   0.0000000e+00   0.0000000e+00
   2.4360000e+03   1.1093256e+04   1.1093256e+04   0.0000000e+00   0.0000000e+00
   2.4370000e+03   1.1071726e+04   1.1071726e+04   0.0000000e+00   0.0000000e+00
   2.4400000e+03   1.1016926e+04   1.1016926e+04   0.0000000e+00   0.0000000e+00
   2.4420000e+03   1.0979713e+04   1.0979713e+04   0.0000000e+00   0.0000000e+00
   2.4710000e+03   1.0929926e+04   1.0929926e+04   0.0000000e+00   0.0000000e+00
   2.4830000e+03   1.0907234e+04   1.0907234e+04   0.0000000e+00   0.0000000e+00
   2.4980000e+03   1.0786172e+04   1.0786172e+04   0.0000000e+00   0.0000000e+00
   2.5420000e+03   1.0771950e+04   1.0771950e+04   0.0000000e+00   0.0000000e+00
   2.5690000e+03   1.0743631e+04   1.0743631e+04   0.0000000e+00   0.0000000e+00
   2.5770000e+03   1.0732799e+04   1.0732799e+04   0.0000000e+00   0.0000000e+00
   2.5810000e+03   1.0699964e+04   1.0699964e+04   0.0000000e+00   0.0000000e+00
   2.5830000e+03   1.0678804e+04   1.0678804e+04   0.0000000e+00   0.0000000e+00
   2.5920000e+03   1.0668064e+04   1.0668064e+04   0.0000000e+00   0.0000000e+00
   2.6030000e+03   1.0629139e+04   1.0629139e+04   0.0000000e+00   0.0000000e+00
   2.6160000e+03   1.0627999e+04   1.0627999e+04   0.0000000e+00   0.0000000e+00
   2.6290000e+03   1.0480056e+04   1.0480056e+04   0.0000000e+00   0.0000000e+00
   2.6560000e+03   1.0469857e+04   1.0469857e+04   0.0000000e+00   0.0000000e+00
   2.6840000e+03   1.0399945e+04   1.0399945e+04   0.0000000e+00   0.0000000e+00
   2.6970000e+03   1.0395028e+04   1.0395028e+04   0.0000000e+00   0.0000000e+00
   2.7020000e+03   1.0369439e+04   1.0369439e+04   0.0000000e+00   0.0000000e+00
   2.7600000e+03   1.0361684e+04   1.0361684e+04   0.0000000e+00   0.0000000e+00
   2.7670000e+03   1.0331638e+04   1.0331638e+04   0.0000000e+00   0.0000000e+00
   2.7780000e+03   1.0308408e+04   1.0308408e+04   0.0000000e+00   0.0000000e+00
   2.8000000e+03   1.0240306e+04   1.0240306e+04   0.0000000e+00   0.0000000e+00
   2.8360000e+03   1.0209684e+04   1.0209684e+04   0.0000000e+00   0.0000000e+00
   2.8710000e+03   1.0189987e+04   1.0189987e+04   0.0000000e+00   0.0000000e+00
   2.8760000e+03   1.0146257e+04   1.0146257e+04   0.0000000e+00   0.0000000e+00
   2.8810000e+03   1.0144737e+04   1.0144737e+04   0.0000000e+00   0.0000000e+00
   2.8850000e+03   1.0126914e+04   1.0126914e+04   0.0000000e+00   0.0000000e+00
   2.8930000e+03   1.0119283e+04   1.0119283e+04   0.0000000e+00   0.0000000e+00
   2.9070000e+03   1.0075175e+04   1.0075175e+04   0.0000000e+00   0.0000000e+00
   2.9510000e+03   1.0061849e+04   1.0061849e+04   0.0000000e+00   0.0000000e+00
   2.9620000e+03   1.0015828e+04   1.0015828e+04   0.0000000e+00   0.0000000e+00
   2.9630000e+03   9.9898768e+03   9.9898768e+03   0.0000000e+00   0.0000000e+00
   2.9770000e+03   9.9622047e+03   9.9622047e+03   0.0000000e+00   0.0000000e+00
   2.9870000e+03   9.9225678e+03   9.9225678e+03   0.0000000e+00   0.0000000e+00
   2.9980000e+03   9.9137984e+03   9.9137984e+03   0.0000000e+00   0.0000000e+00
   3.0200000e+03   9.8999606e+03   9.8999606e+03   0.0000000e+00   0.0000000e+00
   3.0220000e+03   9.8745701e+03   9.8745701e+03   0.0000000e+00   0.0000000e+00
   3.0400000e+03   9.8602022e+03   9.8602022e+03   0.0000000e+00   0.0000000e+00
   3.0730000e+03   9.8024648e+03   9.8024648e+03   0.0000000e+00   0.0000000e+00
   3.1190000e+03   9.7217560e+03   9.7217560e+03   0.0000000e+00   0.0000000e+00
   3.1470000e+03   9.6518150e+03   9.6518150e+03   0.0000000e+00   0.0000000e+00
   3.2280000e+03   9.6406074e+03   9.6406074e+03   0.0000000e+00   0.0000000e+00
   3.2440000e+03   9.6168776e+03   9.6168776e+03   0.0000000e+00   0.0000000e+00
   3.2510000e+03   9.6139191e+03   9.6139191e+03   0.0000000e+00   0.0000000e+00
   3.2630000e+03   9.5915712e+03   9.5915712e+03   0.0000000e+00   0.0000000e+00
   3.2970000e+03   9.5258417e+03   9.5258417e+03   0.0000000e+00   0.0000000e+00
   3.3100000e+03   9.5011076e+03   9.5011076e+03   0.0000000e+00   0.0000000e+00
   3.3300000e+03   9.4866023e+03   9.4866023e+03   0.0000000e+00   0.0000000e+00
   3.3370000e+03   9.4850024e+03   9.4850024e+03   0.0000000e+00   0.0000000e+00
   3.3570000e+03   9.4737888e+03   9.4737888e+03   0.0000000e+00   0.0000000e+00
   3.4180000e+03   9.4494860e+03   9.4494860e+03   0.0000000e+00   0.0000000e+00
   3.4380000e+03   9.4155079e+03   9.4155079e+03   0.0000000e+00   0.0000000e+00
   3.4950000e+03   9.4044749e+03   9.4044749e+03   0.0000000e+00   0.0000000e+00
   3.5160000e+03   9.3833711e+03   9.3833711e+03   0.0000000e+00   0.0000000e+00
   3.5350000e+03   9.3192434e+03   9.3192434e+03   0.0000000e+00   0.0000000e+00
   3.5900000e+03   9.3178695e+03   9.3178695e+03   0.0000000e+00   0.0000000e+00
   3.6480000e+03   9.3029969e+03   9.3029969e+03   0.0000000e+00   0.0000000e+00
   3.6770000e+03   9.2735837e+03   9.2735837e+03   0.0000000e+00   0.0000000e+00
   3.7570000e+03   9.2176510e+03   9.2176510e+03   0.0000000e+00   0.0000000e+00
   3.7640000e+03   9.1948942e+03   9.1948942e+03   0.0000000e+00   0.0000000e+00
   3.7990000e+03   9.1575555e+03   9.1575555e+03   0.0000000e+00   0.0000000e+00
   3.8200000e+03   9.1054485e+03   9.1054485e+03   0.0000000e+00   0.0000000e+00
   3.8380000e+03   9.0416954e+03   9.0362547e+03   7.3761165e-05   0.0000000e+00
   3.8540000e+03   9.0258075e+03   9.0258075e+03   0.0000000e+00   0.0000000e+00
   3.9250000e+03   9.0171756e+03   9.0171756e+03   0.0000000e+00   0.0000000e+00
   3.9370000e+03   9.0132846e+03   9.0132846e+03   0.0000000e+00   0.0000000e+00
   3.9410000e+03   9.0031693e+03   9.0031693e+03   0.0000000e+00   0.0000000e+00
   3.9780000e+03   8.9676838e+03   8.9676838e+03   0.0000000e+00   0.0000000e+00
   4.0110000e+03   8.9537488e+03   8.9537488e+03   0.0000000e+00   0.0000000e+00
   4.0390000e+03   8.9273302e+03   8.9273302e+03   0.0000000e+00   0.0000000e+00
   4.0510000e+03   8.8925187e+03   8.8925187e+03   0.0000000e+00   0.0000000e+00
   4.1070000e+03   8.8608846e+03   8.8608846e+03   0.0000000e+00   0.0000000e+00
   4.1080000e+03   8.8570916e+03   8.8570916e+03   0.0000000e+00   0.0000000e+00
   4.1230000e+03   8.8438601e+03   8.8438601e+03   0.0000000e+00   0.0000000e+00
   4.1320000e+03   8.8119950e+03   8.8119950e+03   0.0000000e+00   0.0000000e+00
   4.1390000e+03   8.7907132e+03   8.7907132e+03   0.0000000e+00   0.0000000e+00
   4.1540000e+03   8.7901761e+03   8.7901761e+03   0.0000000e+00   0.0000000e+00
   4.1810000e+03   8.7754765e+03   8.7754765e+03   0.0000000e+00   0.0000000e+00
   4.3090000e+03   8.7749974e+03   8.7749974e+03   0.0000000e+00   0.0000000e+00
   4.3130000e+03   8.7531144e+03   8.7531144e+03   0.0000000e+00   0.0000000e+00
   4.3220000e+03   8.7332591e+03   8.7332591e+03   0.0000000e+00   0.0000000e+00
   4.3470000e+03   8.6839209e+03   8.6839209e+03   0.0000000e+00   0.0000000e+00
   4.3580000e+03   8.6413794e+03   8.6413794e+03   0.0000000e+00   0.0000000e+00
   4.3940000e+03   8.6153016e+03   8.6153016e+03   0.0000000e+00   0.0000000e+00
   4.4350000e+03   8.5556928e+03   8.5556928e+03   0.0000000e+00   0.0000000e+00
   4.4360000e+03   8.5434160e+03   8.5434160e+03   0.0000000e+00   0.0000000e+00
   4.4880000e+03   8.5104309e+03   8.5104309e+03   0.0000000e+00   0.0000000e+00
   4.4890000e+03   8.4911970e+03   8.4911970e+03   0.0000000e+00   0.0000000e+00
   4.5180000e+03   8.4192408e+03   8.4192408e+03   0.0000000e+00   0.0000000e+00
   4.6280000e+03   8.4024994e+03   8.4024994e+03   0.0000000e+00   0.0000000e+00
   4.6440000e+03   8.3907172e+03   8.3907172e+03   0.0000000e+00   0.0000000e+00
   4.6550000e+03   8.3868148e+03   8.3868148e+03   0.0000000e+00   0.0000000e+00
   4.7010000e+03   8.3769308e+03   8.3769308e+03   0.0000000e+00   0.0000000e+00
   4.7030000e+03   8.3555890e+03   8.3555890e+03   0.0000000e+00   0.0000000e+00
   4.7050000e+03   8.3507431e+03   8.3507431e+03   0.0000000e+00   0.0000000e+00
   4.7840000e+03   8.3454085e+03   8.3454085e+03   0.0000000e+00   0.0000000e+00
   4.8120000e+03   8.3452540e+03   8.3452540e+03   0.0000000e+00   0.0000000e+00
   4.8220000e+03   8.2661929e+03   8.2661929e+03   0.0000000e+00   0.0000000e+00
   4.8230000e+03   8.2626123e+03   8.2626123e+03   0.0000000e+00   0.0000000e+00
   4.8480000e+03   8.2456328e+03   8.2456328e+03   0.0000000e+00   0.0000000e+00
   4.8760000e+03   8.2077658e+03   8.2077658e+03   0.0000000e+00   0.0000000e+00
   4.8770000e+03   8.2063141e+03   8.2063141e+03   0.0000000e+00   0.0000000e+00
   4.9160000e+03   8.1783603e+03   8.1783603e+03   0.0000000e+00   0.0000000e+00
   4.9460000e+03   8.1740040e+03   8.1740040e+03   0.0000000e+00   0.0000000e+00
   5.0540000e+03   8.1641249e+03   8.1641249e+03   0.0000000e+00   0.0000000e+00
   5.1810000e+03   8.1575955e+03   8.1575955e+03   0.0000000e+00   0.0000000e+00
   5.1850000e+03   8.1002902e+03   8.1002902e+03   0.0000000e+00   0.0000000e+00
   5.1860000e+03   8.0796222e+03   8.0796222e+03   0.0000000e+00   0.0000000e+00
   5.2290000e+03   8.0415946e+03   8.0415946e+03   0.0000000e+00   0.0000000e+00
   5.2500000e+03   8.0057374e+03   8.0057374e+03   0.0000000e+00   0.0000000e+00
   5.2510000e+03   8.0052701e+03   8.0052701e+03   0.0000000e+00   0.0000000e+00
   5.2630000e+03   7.9681808e+03   7.9681808e+03   0.0000000e+00   0.0000000e+00
   5.3170000e+03   7.9526953e+03   7.9526953e+03   0.0000000e+00   0.0000000e+00
   5.3530000e+03   7.9411547e+03   7.9411547e+03   0.0000000e+00   0.0000000e+00
   5.3770000e+03   7.9357622e+03   7.9357622e+03   0.0000000e+00   0.0000000e+00
   5.3910000e+03   7.8918145e+03   7.8918145e+03   0.0000000e+00   0.0000000e+00
   5.4900000e+03   7.8655235e+03   7.8655235e+03   0.0000000e+00   0.0000000e+00
   5.4970000e+03   7.8101097e+03   7.8101097e+03   0.0000000e+00   0.0000000e+00
   5.5260000e+03   7.7884622e+03   7.7884622e+03   0.0000000e+00   0.0000000e+00
   5.6240000e+03   7.7782074e+03   7.7782074e+03   0.0000000e+00   0.0000000e+00
   5.6300000e+03   7.7527689e+03   7.7527689e+03   0.0000000e+00   0.0000000e+00
   5.6580000e+03   7.7507509e+03   7.7507509e+03   0.0000000e+00   0.0000000e+00
   5.6900000e+03   7.7439563e+03   7.7439563e+03   0.0000000e+00   0.0000000e+00
   5.7180000e+03   7.7139590e+03   7.7139590e+03   0.0000000e+00   0.0000000e+00
   5.8110000e+03   7.7102001e+03   7.7102001e+03   0.0000000e+00   0.0000000e+00
   5.8170000e+03   7.6757082e+03   7.6757082e+03   0.0000000e+00   0.0000000e+00
   5.8550000e+03   7.6741897e+03   7.6741897e+03   0.0000000e+00   0.0000000e+00
   5.9300000e+03   7.6610055e+03   7.6610055e+03   0.0000000e+00   0.0000000e+00
   5.9620000e+03   7.6485874e+03   7.6485874e+03   0.0000000e+00   0.0000000e+00
   5.9990000e+03   7.6185092e+03   7.6185092e+03   0.0000000e+00   0.0000000e+00
   6.0030000e+03   7.5980527e+03   7.5980527e+03   0.0000000e+00   0.0000000e+00
   6.0080000e+03   7.5653705e+03   7.5653705e+03   0.0000000e+00   0.0000000e+00
   6.0600000e+03   7.5366221e+03   7.5366221e+03   0.0000000e+00   0.0000000e+00
   6.0900000e+03   7.5276208e+03   7.5276208e+03   0.0000000e+00   0.0000000e+00
   6.0980000e+03   7.5246123e+03   7.5246123e+03   0.0000000e+00   0.0000000e+00
   6.1310000e+03   7.5232410e+03   7.5232410e+03   0.0000000e+00   0.0000000e+00
   6.1920000e+03   7.5020885e+03   7.5020885e+03   0.0000000e+00   0.0000000e+00
   6.1970000e+03   7.4903086e+03   7.4903086e+03   0.0000000e+00   0.0000000e+00
   6.2230000e+03   7.4877461e+03   7.4877461e+03   0.0000000e+00   0.0000000e+00
   6.2260000e+03   7.4708647e+03   7.4708647e+03   0.0000000e+00   0.0000000e+00
   6.2760000e+03   7.4382375e+03   7.4382375e+03   0.0000000e+00   0.0000000e+00
   6.3170000e+03   7.4134488e+03   7.4134488e+03   0.0000000e+00   0.0000000e+00
   6.3690000e+03   7.4060820e+03   7.4060820e+03   0.0000000e+00   0.0000000e+00
   6.5390000e+03   7.3578844e+03   7.3578844e+03   0.0000000e+00   0.0000000e+00
   6.6640000e+03   7.3090030e+03   7.3090030e+03   0.0000000e+00   0.0000000e+00
   6.8030000e+03   7.3018875e+03   7.3018875e+03   0.0000000e+00   0.0000000e+00
   6.8640000e+03   7.2870269e+03   7.2870269e+03   0.0000000e+00   0.0000000e+00
   6.9440000e+03   7.2584045e+03   7.2584045e+03   0.0000000e+00   0.0000000e+00
   7.0740000e+03   7.2508169e+03   7.2508169e+03   0.0000000e+00   0.0000000e+00
   7.2470000e+03   7.2242262e+03   7.2242262e+03   0.0000000e+00   0.0000000e+00
   7.4370000e+03   7.2206896e+03   7.2206896e+03   0.0000000e+00   0.0000000e+00
   7.7280000e+03   7.2053878e+03   7.2053878e+03   0.0000000e+00   0.0000000e+00
   8.0600000e+03   7.2048529e+03   7.2048529e+03   0.0000000e+00   0.0000000e+00
   8.1160000e+03   7.2041934e+03   7.2041934e+03   0.0000000e+00   0.0000000e+00
   8.1610000e+03   7.1886802e+03   7.1886802e+03   0.0000000e+00   0.0000000e+00
   8.1650000e+03   7.1493302e+03   7.1493302e+03   0.0000000e+00   0.0000000e+00
   8.3010000e+03   7.1014455e+03   7.1014455e+03   0.0000000e+00   0.0000000e+00
   8.4170000e+03   7.0987852e+03   7.0987852e+03   0.0000000e+00   0.0000000e+00
   8.4960000e+03   7.0973226e+03   7.0973226e+03   0.0000000e+00   0.0000000e+00
   8.5720000e+03   7.0958719e+03   7.0958719e+03   0.0000000e+00   0.0000000e+00
   8.6840000e+03   7.0947332e+03   7.0947332e+03   0.0000000e+00   0.0000000e+00
   8.8240000e+03   7.0879477e+03   7.0879477e+03   0.0000000e+00   0.0000000e+00
   8.9020000e+03   7.0859700e+03   7.0859700e+03   0.0000000e+00   0.0000000e+00
   8.9880000e+03   7.0641697e+03   7.0641697e+03   0.0000000e+00   0.0000000e+00
   9.1420000e+03   7.0603223e+03   7.0603223e+03   0.0000000e+00   0.0000000e+00
   9.1700000e+03   7.0347316e+03   7.0288068e+03   7.6972968e-05   0.0000000e+00
   9.2510000e+03   7.0338132e+03   7.0336304e+03   1.3521881e-05   0.0000000e+00
   9.2650000e+03   7.0263828e+03   7.0248821e+03   3.8738736e-05   0.0000000e+00
   9.3340000e+03   7.0162802e+03   7.0162802e+03   0.0000000e+00   0.0000000e+00
   9.3540000e+03   7.0153911e+03   7.0153911e+03   0.0000000e+00   0.0000000e+00
   9.4410000e+03   7.0135681e+03   7.0135681e+03   0.0000000e+00   0.0000000e+00
   9.4490000e+03   6.9915496e+03   6.9915496e+03   0.0000000e+00   0.0000000e+00
   9.5460000e+03   6.9348542e+03   6.9348542e+03   0.0000000e+00   0.0000000e+00
   9.6950000e+03   6.9105442e+03   6.9105442e+03   0.0000000e+00   0.0000000e+00
   9.7230000e+03   6.9096775e+03   6.9096775e+03   0.0000000e+00   0.0000000e+00
   9.8090000e+03   6.8633424e+03   6.8633424e+03   0.0000000e+00   0.0000000e+00
   9.8450000e+03   6.8521171e+03   6.8521171e+03   0.0000000e+00   0.0000000e+00
   1.0174000e+04   6.8307875e+03   6.8307875e+03   0.0000000e+00   0.0000000e+00
   1.0187000e+04   6.8268151e+03   6.8268151e+03   0.0000000e+00   0.0000000e+00
   1.0315000e+04   6.8156441e+03   6.8156441e+03   0.0000000e+00   0.0000000e+00
   1.0370000e+04   6.7923311e+03   6.7923311e+03   0.0000000e+00   0.0000000e+00
   1.0837000e+04   6.7769218e+03   6.7769218e+03   0.0000000e+00   0.0000000e+00
   1.0946000e+04   6.7743755e+03   6.7743755e+03   0.0000000e+00   0.0000000e+00
   1.1257000e+04   6.7735026e+03   6.7735026e+03   0.0000000e+00   0.0000000e+00
   1.1283000e+04   6.7715949e+03   6.7715949e+03   0.0000000e+00   0.0000000e+00
   1.1396000e+04   6.7544955e+03   6.7544955e+03   0.0000000e+00   0.0000000e+00
   1.1448000e+04   6.7480811e+03   6.7480811e+03   0.0000000e+00   0.0000000e+00
   1.1464000e+04   6.7358744e+03   6.7358744e+03   0.0000000e+00   0.0000000e+00
   1.1594000e+04   6.7334044e+03   6.7334044e+03   0.0000000e+00   0.0000000e+00
