   2.3098185e+02   8.9243120e+00   1.7402783e+04   9.0000000e+00
   2.2621288e+02   9.2409121e+00   1.7266912e+04   1.2000000e+01
   2.2380064e+02   9.1234187e+00   1.7261320e+04   1.3000000e+01
   2.2320668e+02   9.0904033e+00   1.7087561e+04   1.7000000e+01
   2.0377388e+02   9.0003299e+00   1.7033451e+04   1.8000000e+01
   2.0244568e+02   8.5870073e+00   1.7040865e+04   2.0000000e+01
   1.1756288e+02   1.5461714e+00   1.7129276e+04   2.1000000e+01
   9.1142450e+01   4.7370253e-01   1.7288440e+04   2.4000000e+01
   8.4773238e+01   4.9548074e-01   1.7309477e+04   2.5000000e+01
   7.6787755e+01   2.7951375e-01   1.7266608e+04   2.6000000e+01
   7.6735129e+01   2.2223134e-01   1.7404266e+04   2.7000000e+01
   7.5723372e+01   1.8224131e-01   1.7309647e+04   2.8000000e+01
   7.4006611e+01   8.3250081e-02   1.7399907e+04   3.0000000e+01
   7.3966452e+01   9.7805826e-02   1.7590480e+04   3.2000000e+01
   7.3522317e+01   8.3712303e-02   1.7714816e+04   3.3000000e+01
   6.8190835e+01   4.0269593e-02   1.8112678e+04   3.5000000e+01
   6.5676505e+01   3.7259379e-02   1.8573059e+04   3.6000000e+01
   6.5365749e+01   2.4794894e-02   1.8880089e+04   3.7000000e+01
   5.2277917e+01   0.0000000e+00   1.9671656e+04   3.8000000e+01
   5.1083703e+01   0.0000000e+00   1.9630973e+04   4.9000000e+01
   5.0990943e+01   0.0000000e+00   1.9425073e+04   5.6000000e+01
   4.7986089e+01   0.0000000e+00   1.9465664e+04   5.9000000e+01
   4.7858859e+01   0.0000000e+00   1.9319201e+04   6.0000000e+01
   4.7548617e+01   0.0000000e+00   1.9220159e+04   6.1000000e+01
   4.7383582e+01   0.0000000e+00   1.9294783e+04   6.2000000e+01
   4.6169989e+01   0.0000000e+00   1.9331598e+04   6.3000000e+01
   4.4845015e+01   0.0000000e+00   1.9457644e+04   6.4000000e+01
   3.9255080e+01   0.0000000e+00   1.9600945e+04   6.5000000e+01
   3.8153867e+01   0.0000000e+00   1.9708308e+04   6.6000000e+01
   3.2572506e+01   0.0000000e+00   1.9711618e+04   6.7000000e+01
   3.1961360e+01   0.0000000e+00   1.9904947e+04   6.8000000e+01
   2.9007731e+01   0.0000000e+00   2.0290847e+04   6.9000000e+01
   2.8232777e+01   0.0000000e+00   2.0409251e+04   7.1000000e+01
   2.7982534e+01   0.0000000e+00   2.0723736e+04   7.2000000e+01
   2.7512698e+01   0.0000000e+00   2.0996868e+04   7.3000000e+01
   2.5211692e+01   0.0000000e+00   2.1574640e+04   7.5000000e+01
   2.5171810e+01   0.0000000e+00   2.1550257e+04   8.3000000e+01
   2.4479819e+01   0.0000000e+00   2.1276495e+04   8.5000000e+01
   2.4315604e+01   0.0000000e+00   2.1223425e+04   8.6000000e+01
   2.0192612e+01   0.0000000e+00   2.1192519e+04   8.7000000e+01
   1.8632428e+01   0.0000000e+00   2.1099415e+04   8.8000000e+01
   1.8605244e+01   0.0000000e+00   2.0956298e+04   8.9000000e+01
   1.8179459e+01   0.0000000e+00   2.0839813e+04   9.3000000e+01
   1.7911075e+01   0.0000000e+00   2.0813067e+04   9.4000000e+01
   1.7633201e+01   0.0000000e+00   2.0615938e+04   9.8000000e+01
   1.7477347e+01   0.0000000e+00   2.0558206e+04   9.9000000e+01
   1.6750735e+01   0.0000000e+00   2.0684740e+04   1.0000000e+02
   1.5804884e+01   0.0000000e+00   2.0674776e+04   1.0100000e+02
   1.5633886e+01   0.0000000e+00   2.0589177e+04   1.0200000e+02
   9.9661775e+00   0.0000000e+00   2.0829639e+04   1.0300000e+02
   9.6125687e+00   0.0000000e+00   2.1137588e+04   1.0500000e+02
   9.4997471e+00   0.0000000e+00   2.1243336e+04   1.0700000e+02
   9.4528984e+00   0.0000000e+00   2.1429315e+04   1.0800000e+02
   9.1193077e+00   0.0000000e+00   2.1895811e+04   1.0900000e+02
   9.0927576e+00   0.0000000e+00   2.2290171e+04   1.1000000e+02
   9.0168238e+00   0.0000000e+00   2.2981698e+04   1.1200000e+02
   8.9636314e+00   0.0000000e+00   2.2790932e+04   1.2300000e+02
   8.9014844e+00   0.0000000e+00   2.2653531e+04   1.2600000e+02
   8.8776492e+00   0.0000000e+00   2.2681117e+04   1.2800000e+02
   8.0123674e+00   0.0000000e+00   2.2676537e+04   1.3000000e+02
   8.0051654e+00   0.0000000e+00   2.2598197e+04   1.3200000e+02
   7.9567261e+00   0.0000000e+00   2.2510181e+04   1.3300000e+02
   7.9281862e+00   0.0000000e+00   2.2324605e+04   1.3500000e+02
   7.8871800e+00   0.0000000e+00   2.2398287e+04   1.3700000e+02
   7.3843637e+00   0.0000000e+00   2.2565870e+04   1.3800000e+02
   6.7801675e+00   0.0000000e+00   2.2705527e+04   1.3900000e+02
   6.4095914e+00   0.0000000e+00   2.2753358e+04   1.4000000e+02
   6.3611650e+00   0.0000000e+00   2.2981776e+04   1.4200000e+02
   6.3140275e+00   0.0000000e+00   2.3226808e+04   1.4300000e+02
   6.1365247e+00   0.0000000e+00   2.3385274e+04   1.4400000e+02
   6.1347610e+00   0.0000000e+00   2.3665670e+04   1.4500000e+02
   6.1134306e+00   0.0000000e+00   2.3957004e+04   1.4600000e+02
   6.0841918e+00   0.0000000e+00   2.3677481e+04   1.5700000e+02
   5.6296230e+00   0.0000000e+00   2.3487503e+04   1.5900000e+02
   5.5539309e+00   0.0000000e+00   2.3248131e+04   1.6400000e+02
   5.1657276e+00   0.0000000e+00   2.3154830e+04   1.6700000e+02
   5.1467859e+00   0.0000000e+00   2.3167671e+04   1.6900000e+02
   5.0095775e+00   0.0000000e+00   2.3171121e+04   1.7000000e+02
   5.0006768e+00   0.0000000e+00   2.3131465e+04   1.7400000e+02
   4.9838301e+00   0.0000000e+00   2.3174460e+04   1.7600000e+02
   4.9743693e+00   0.0000000e+00   2.3234291e+04   1.7700000e+02
   4.9347668e+00   0.0000000e+00   2.3249177e+04   1.7900000e+02
   4.9255520e+00   0.0000000e+00   2.3441176e+04   1.8000000e+02
   4.8707009e+00   0.0000000e+00   2.3647461e+04   1.8100000e+02
   4.8539770e+00   0.0000000e+00   2.4014749e+04   1.8200000e+02
   4.7833364e+00   0.0000000e+00   2.4496972e+04   1.8300000e+02
   4.7644190e+00   0.0000000e+00   2.4747522e+04   1.8400000e+02
   4.6341829e+00   0.0000000e+00   2.5043560e+04   1.8500000e+02
   4.5543171e+00   0.0000000e+00   2.4913566e+04   1.9500000e+02
   4.4330042e+00   0.0000000e+00   2.4627781e+04   1.9800000e+02
   4.3009157e+00   0.0000000e+00   2.4426480e+04   1.9900000e+02
   4.1903046e+00   0.0000000e+00   2.4288436e+04   2.0100000e+02
   4.1699315e+00   0.0000000e+00   2.4308498e+04   2.0500000e+02
   3.7866974e+00   0.0000000e+00   2.4232208e+04   2.0700000e+02
   3.7781352e+00   0.0000000e+00   2.4206562e+04   2.0800000e+02
   3.7397624e+00   0.0000000e+00   2.4031184e+04   2.0900000e+02
   3.7096859e+00   0.0000000e+00   2.3900197e+04   2.1000000e+02
   3.5711807e+00   0.0000000e+00   2.3895100e+04   2.1200000e+02
   2.7589262e+00   0.0000000e+00   2.3934486e+04   2.1300000e+02
   2.7308848e+00   0.0000000e+00   2.4003910e+04   2.1500000e+02
   2.6354635e+00   0.0000000e+00   2.4145488e+04   2.1700000e+02
   2.6013323e+00   0.0000000e+00   2.4317829e+04   2.2100000e+02
   2.5885852e+00   0.0000000e+00   2.4735122e+04   2.2300000e+02
   2.5386251e+00   0.0000000e+00   2.4554126e+04   2.3200000e+02
   2.5310721e+00   0.0000000e+00   2.4468874e+04   2.4400000e+02
   2.5209452e+00   0.0000000e+00   2.4384063e+04   2.4700000e+02
   2.5070632e+00   0.0000000e+00   2.4257019e+04   2.5000000e+02
   2.4831163e+00   0.0000000e+00   2.4411838e+04   2.5300000e+02
   2.4797536e+00   0.0000000e+00   2.4606543e+04   2.5400000e+02
   2.4729154e+00   0.0000000e+00   2.4897251e+04   2.5600000e+02
   2.4582251e+00   0.0000000e+00   2.4966673e+04   2.8100000e+02
   2.4330829e+00   0.0000000e+00   2.5014805e+04   2.8200000e+02
   2.4273705e+00   0.0000000e+00   2.4807648e+04   2.8300000e+02
   2.3984353e+00   0.0000000e+00   2.4809778e+04   2.8700000e+02
   1.6251450e+00   0.0000000e+00   2.4927405e+04   2.8800000e+02
   1.6120080e+00   0.0000000e+00   2.5013564e+04   2.8900000e+02
   1.5925419e+00   0.0000000e+00   2.5329058e+04   2.9500000e+02
   1.3052027e+00   0.0000000e+00   2.5940180e+04   2.9700000e+02
   1.2775857e+00   0.0000000e+00   2.5781620e+04   3.0600000e+02
   1.2768744e+00   0.0000000e+00   2.5536534e+04   3.1200000e+02
   1.2666695e+00   0.0000000e+00   2.5377226e+04   3.1500000e+02
   1.2458207e+00   0.0000000e+00   2.5277130e+04   3.1800000e+02
   1.2393549e+00   0.0000000e+00   2.5200780e+04   3.2100000e+02
   1.2027296e+00   0.0000000e+00   2.5294500e+04   3.2400000e+02
   1.1291108e+00   0.0000000e+00   2.5679681e+04   3.3300000e+02
   1.1248783e+00   0.0000000e+00   2.5442329e+04   3.5400000e+02
   1.1182385e+00   0.0000000e+00   2.5323260e+04   3.5700000e+02
   1.0041952e+00   0.0000000e+00   2.5524886e+04   3.6100000e+02
   1.0013817e+00   0.0000000e+00   2.5566609e+04   3.6200000e+02
   9.5158295e-01   0.0000000e+00   2.5623841e+04   3.6300000e+02
   9.5078552e-01   0.0000000e+00   2.5885941e+04   3.6700000e+02
   9.4183921e-01   0.0000000e+00   2.6220225e+04   3.6900000e+02
   9.3396273e-01   0.0000000e+00   2.6467957e+04   3.7100000e+02
   9.2699469e-01   0.0000000e+00   2.6402704e+04   3.8600000e+02
   9.2432800e-01   0.0000000e+00   2.6134180e+04   3.8700000e+02
   9.1907748e-01   0.0000000e+00   2.6139842e+04   3.9500000e+02
   5.6077148e-01   0.0000000e+00   2.6273666e+04   3.9800000e+02
   5.5839948e-01   0.0000000e+00   2.6397329e+04   4.0000000e+02
   5.4567041e-01   0.0000000e+00   2.6417414e+04   4.0100000e+02
   5.4451749e-01   0.0000000e+00   2.6854977e+04   4.0400000e+02
   5.3695456e-01   0.0000000e+00   2.6641313e+04   4.2000000e+02
   5.3414965e-01   0.0000000e+00   2.6544625e+04   4.2300000e+02
   5.3392658e-01   0.0000000e+00   2.6355645e+04   4.2400000e+02
   5.2837967e-01   0.0000000e+00   2.6365084e+04   4.3000000e+02
   5.2723286e-01   0.0000000e+00   2.6174909e+04   4.3400000e+02
   5.2684155e-01   0.0000000e+00   2.6192454e+04   4.3700000e+02
   5.2452402e-01   0.0000000e+00   2.6094999e+04   4.3800000e+02
   5.2434471e-01   0.0000000e+00   2.6163117e+04   4.3900000e+02
   5.1625846e-01   0.0000000e+00   2.6346415e+04   4.4000000e+02
   0.0000000e+00   0.0000000e+00   2.6911858e+04   4.4500000e+02
   0.0000000e+00   0.0000000e+00   2.6641837e+04   4.5300000e+02
   0.0000000e+00   0.0000000e+00   2.6442622e+04   4.5400000e+02
   0.0000000e+00   0.0000000e+00   2.6221978e+04   4.5500000e+02
   0.0000000e+00   0.0000000e+00   2.6100013e+04   4.5800000e+02
   0.0000000e+00   0.0000000e+00   2.6072397e+04   4.5900000e+02
   0.0000000e+00   0.0000000e+00   2.5899325e+04   4.6000000e+02
   0.0000000e+00   0.0000000e+00   2.5759842e+04   4.6100000e+02
   0.0000000e+00   0.0000000e+00   2.5440835e+04   4.6200000e+02
   0.0000000e+00   0.0000000e+00   2.5311484e+04   4.6400000e+02
   0.0000000e+00   0.0000000e+00   2.5308489e+04   4.6600000e+02
   0.0000000e+00   0.0000000e+00   2.5261299e+04   4.6700000e+02
   0.0000000e+00   0.0000000e+00   2.5033976e+04   4.6800000e+02
   0.0000000e+00   0.0000000e+00   2.4920544e+04   4.9200000e+02
   0.0000000e+00   0.0000000e+00   2.4899084e+04   4.9500000e+02
   0.0000000e+00   0.0000000e+00   2.4742096e+04   4.9700000e+02
   0.0000000e+00   0.0000000e+00   2.4466424e+04   4.9800000e+02
   0.0000000e+00   0.0000000e+00   2.4251158e+04   4.9900000e+02
   0.0000000e+00   0.0000000e+00   2.4159858e+04   5.0100000e+02
   0.0000000e+00   0.0000000e+00   2.4102278e+04   5.0200000e+02
   0.0000000e+00   0.0000000e+00   2.3968570e+04   5.0500000e+02
   0.0000000e+00   0.0000000e+00   2.3928701e+04   5.1000000e+02
   0.0000000e+00   0.0000000e+00   2.3912815e+04   5.1200000e+02
   0.0000000e+00   0.0000000e+00   2.3806462e+04   5.2300000e+02
   0.0000000e+00   0.0000000e+00   2.3524065e+04   5.3100000e+02
   0.0000000e+00   0.0000000e+00   2.3311732e+04   5.3200000e+02
   0.0000000e+00   0.0000000e+00   2.3219871e+04   5.3300000e+02
   0.0000000e+00   0.0000000e+00   2.3154404e+04   5.3400000e+02
   0.0000000e+00   0.0000000e+00   2.2920978e+04   5.3500000e+02
   0.0000000e+00   0.0000000e+00   2.2851185e+04   5.4000000e+02
   0.0000000e+00   0.0000000e+00   2.2637845e+04   5.4100000e+02
   0.0000000e+00   0.0000000e+00   2.2529970e+04   5.4800000e+02
   0.0000000e+00   0.0000000e+00   2.2417791e+04   5.7100000e+02
   0.0000000e+00   0.0000000e+00   2.2400509e+04   5.7400000e+02
   0.0000000e+00   0.0000000e+00   2.2360219e+04   5.8100000e+02
   0.0000000e+00   0.0000000e+00   2.2274644e+04   5.8500000e+02
   0.0000000e+00   0.0000000e+00   2.2220036e+04   6.0100000e+02
   0.0000000e+00   0.0000000e+00   2.2016492e+04   6.0400000e+02
   0.0000000e+00   0.0000000e+00   2.1909347e+04   6.0500000e+02
   0.0000000e+00   0.0000000e+00   2.1656173e+04   6.0700000e+02
   0.0000000e+00   0.0000000e+00   2.1424211e+04   6.0900000e+02
   0.0000000e+00   0.0000000e+00   2.1400913e+04   6.1000000e+02
   0.0000000e+00   0.0000000e+00   2.1369091e+04   6.1100000e+02
   0.0000000e+00   0.0000000e+00   2.1327295e+04   6.1300000e+02
   0.0000000e+00   0.0000000e+00   2.1054099e+04   6.1400000e+02
   0.0000000e+00   0.0000000e+00   2.0961289e+04   6.1600000e+02
   0.0000000e+00   0.0000000e+00   2.0936254e+04   6.2200000e+02
   0.0000000e+00   0.0000000e+00   2.0575859e+04   6.3800000e+02
   0.0000000e+00   0.0000000e+00   2.0447047e+04   6.3900000e+02
   0.0000000e+00   0.0000000e+00   2.0276638e+04   6.4200000e+02
   0.0000000e+00   0.0000000e+00   2.0097882e+04   6.4400000e+02
   0.0000000e+00   0.0000000e+00   1.9957826e+04   6.4700000e+02
   0.0000000e+00   0.0000000e+00   1.9953550e+04   6.4900000e+02
   0.0000000e+00   0.0000000e+00   1.9758286e+04   6.5100000e+02
   0.0000000e+00   0.0000000e+00   1.9584493e+04   6.5400000e+02
   0.0000000e+00   0.0000000e+00   1.9501646e+04   6.5500000e+02
   0.0000000e+00   0.0000000e+00   1.9290063e+04   6.5600000e+02
   0.0000000e+00   0.0000000e+00   1.8939602e+04   6.7200000e+02
   0.0000000e+00   0.0000000e+00   1.8831123e+04   6.7500000e+02
   0.0000000e+00   0.0000000e+00   1.8746064e+04   6.8400000e+02
   0.0000000e+00   0.0000000e+00   1.8666061e+04   6.8500000e+02
   0.0000000e+00   0.0000000e+00   1.8659453e+04   6.8800000e+02
   0.0000000e+00   0.0000000e+00   1.8434884e+04   7.1800000e+02
   0.0000000e+00   0.0000000e+00   1.8405464e+04   7.2700000e+02
   0.0000000e+00   0.0000000e+00   1.8303272e+04   7.5400000e+02
   0.0000000e+00   0.0000000e+00   1.8095146e+04   7.5600000e+02
   0.0000000e+00   0.0000000e+00   1.8070391e+04   7.5700000e+02
   0.0000000e+00   0.0000000e+00   1.8068418e+04   7.5800000e+02
   0.0000000e+00   0.0000000e+00   1.7934483e+04   7.6100000e+02
   0.0000000e+00   0.0000000e+00   1.7924253e+04   7.6200000e+02
   0.0000000e+00   0.0000000e+00   1.7872065e+04   7.6500000e+02
   0.0000000e+00   0.0000000e+00   1.7662977e+04   7.8800000e+02
   0.0000000e+00   0.0000000e+00   1.7491218e+04   7.9000000e+02
   0.0000000e+00   0.0000000e+00   1.7349673e+04   7.9300000e+02
   0.0000000e+00   0.0000000e+00   1.7325104e+04   7.9400000e+02
   0.0000000e+00   0.0000000e+00   1.7278916e+04   7.9600000e+02
   0.0000000e+00   0.0000000e+00   1.7054529e+04   7.9900000e+02
   0.0000000e+00   0.0000000e+00   1.7031881e+04   8.0000000e+02
   0.0000000e+00   0.0000000e+00   1.6944648e+04   8.2700000e+02
   0.0000000e+00   0.0000000e+00   1.6843182e+04   8.2800000e+02
   0.0000000e+00   0.0000000e+00   1.6658516e+04   8.3000000e+02
   0.0000000e+00   0.0000000e+00   1.6568798e+04   8.3300000e+02
   0.0000000e+00   0.0000000e+00   1.6534242e+04   8.3400000e+02
   0.0000000e+00   0.0000000e+00   1.6436153e+04   8.3500000e+02
   0.0000000e+00   0.0000000e+00   1.6414363e+04   8.3600000e+02
   0.0000000e+00   0.0000000e+00   1.6408784e+04   8.6700000e+02
   0.0000000e+00   0.0000000e+00   1.6396651e+04   8.6800000e+02
   0.0000000e+00   0.0000000e+00   1.6360100e+04   8.7100000e+02
   0.0000000e+00   0.0000000e+00   1.6297340e+04   8.7300000e+02
   0.0000000e+00   0.0000000e+00   1.6140647e+04   8.7400000e+02
   0.0000000e+00   0.0000000e+00   1.5992761e+04   8.7500000e+02
   0.0000000e+00   0.0000000e+00   1.5984135e+04   8.8000000e+02
   0.0000000e+00   0.0000000e+00   1.5868957e+04   8.9800000e+02
   0.0000000e+00   0.0000000e+00   1.5726299e+04   9.0000000e+02
   0.0000000e+00   0.0000000e+00   1.5476237e+04   9.0100000e+02
   0.0000000e+00   0.0000000e+00   1.5444822e+04   9.0200000e+02
   0.0000000e+00   0.0000000e+00   1.5444338e+04   9.0300000e+02
   0.0000000e+00   0.0000000e+00   1.5327834e+04   9.0400000e+02
   0.0000000e+00   0.0000000e+00   1.5298421e+04   9.0600000e+02
   0.0000000e+00   0.0000000e+00   1.5241846e+04   9.0700000e+02
   0.0000000e+00   0.0000000e+00   1.5180830e+04   9.0800000e+02
   0.0000000e+00   0.0000000e+00   1.5005353e+04   9.1000000e+02
   0.0000000e+00   0.0000000e+00   1.5002247e+04   9.1100000e+02
   0.0000000e+00   0.0000000e+00   1.4913241e+04   9.3400000e+02
   0.0000000e+00   0.0000000e+00   1.4792570e+04   9.3900000e+02
   0.0000000e+00   0.0000000e+00   1.4759206e+04   9.4100000e+02
   0.0000000e+00   0.0000000e+00   1.4726331e+04   9.4800000e+02
   0.0000000e+00   0.0000000e+00   1.4701710e+04   9.7600000e+02
   0.0000000e+00   0.0000000e+00   1.4692288e+04   9.7800000e+02
   0.0000000e+00   0.0000000e+00   1.4676013e+04   9.7900000e+02
   0.0000000e+00   0.0000000e+00   1.4537709e+04   9.8000000e+02
   0.0000000e+00   0.0000000e+00   1.4509244e+04   9.8200000e+02
   0.0000000e+00   0.0000000e+00   1.4465434e+04   9.8300000e+02
   0.0000000e+00   0.0000000e+00   1.4464731e+04   9.8400000e+02
   0.0000000e+00   0.0000000e+00   1.4424012e+04   9.8700000e+02
   0.0000000e+00   0.0000000e+00   1.4394967e+04   1.0120000e+03
   0.0000000e+00   0.0000000e+00   1.4367234e+04   1.0140000e+03
   0.0000000e+00   0.0000000e+00   1.4333439e+04   1.0150000e+03
   0.0000000e+00   0.0000000e+00   1.4217364e+04   1.0160000e+03
   0.0000000e+00   0.0000000e+00   1.4172378e+04   1.0220000e+03
   0.0000000e+00   0.0000000e+00   1.4050712e+04   1.0500000e+03
   0.0000000e+00   0.0000000e+00   1.3997944e+04   1.0510000e+03
   0.0000000e+00   0.0000000e+00   1.3986470e+04   1.0550000e+03
   0.0000000e+00   0.0000000e+00   1.3959817e+04   1.0580000e+03
   0.0000000e+00   0.0000000e+00   1.3907586e+04   1.0840000e+03
   0.0000000e+00   0.0000000e+00   1.3903623e+04   1.0880000e+03
   0.0000000e+00   0.0000000e+00   1.3848633e+04   1.0890000e+03
   0.0000000e+00   0.0000000e+00   1.3846546e+04   1.0900000e+03
   0.0000000e+00   0.0000000e+00   1.3845717e+04   1.0910000e+03
   0.0000000e+00   0.0000000e+00   1.3819917e+04   1.0970000e+03
   0.0000000e+00   0.0000000e+00   1.3785084e+04   1.1220000e+03
   0.0000000e+00   0.0000000e+00   1.3755515e+04   1.1340000e+03
   0.0000000e+00   0.0000000e+00   1.3711505e+04   1.1740000e+03
   0.0000000e+00   0.0000000e+00   1.3618280e+04   1.1960000e+03
   0.0000000e+00   0.0000000e+00   1.3566227e+04   1.1980000e+03
   0.0000000e+00   0.0000000e+00   1.3553967e+04   1.2040000e+03
   0.0000000e+00   0.0000000e+00   1.3398196e+04   1.2080000e+03
   0.0000000e+00   0.0000000e+00   1.3371857e+04   1.2130000e+03
   0.0000000e+00   0.0000000e+00   1.3346930e+04   1.2400000e+03
   0.0000000e+00   0.0000000e+00   1.3199248e+04   1.2420000e+03
   0.0000000e+00   0.0000000e+00   1.3162999e+04   1.2440000e+03
   0.0000000e+00   0.0000000e+00   1.3044688e+04   1.2690000e+03
   0.0000000e+00   0.0000000e+00   1.3029262e+04   1.2780000e+03
   0.0000000e+00   0.0000000e+00   1.2938490e+04   1.3030000e+03
   0.0000000e+00   0.0000000e+00   1.2905452e+04   1.3110000e+03
   0.0000000e+00   0.0000000e+00   1.2879476e+04   1.3160000e+03
   0.0000000e+00   0.0000000e+00   1.2866632e+04   1.3170000e+03
   0.0000000e+00   0.0000000e+00   1.2783158e+04   1.3200000e+03
   0.0000000e+00   0.0000000e+00   1.2781371e+04   1.3240000e+03
   0.0000000e+00   0.0000000e+00   1.2623502e+04   1.3430000e+03
   0.0000000e+00   0.0000000e+00   1.2493727e+04   1.3450000e+03
   0.0000000e+00   0.0000000e+00   1.2486030e+04   1.3490000e+03
   0.0000000e+00   0.0000000e+00   1.2411070e+04   1.3810000e+03
   0.0000000e+00   0.0000000e+00   1.2380973e+04   1.3820000e+03
   0.0000000e+00   0.0000000e+00   1.2335592e+04   1.3830000e+03
   0.0000000e+00   0.0000000e+00   1.2333073e+04   1.3850000e+03
   0.0000000e+00   0.0000000e+00   1.2280269e+04   1.3870000e+03
   0.0000000e+00   0.0000000e+00   1.2276376e+04   1.3880000e+03
   0.0000000e+00   0.0000000e+00   1.2248414e+04   1.3890000e+03
   0.0000000e+00   0.0000000e+00   1.2245560e+04   1.3900000e+03
   0.0000000e+00   0.0000000e+00   1.2204782e+04   1.3910000e+03
   0.0000000e+00   0.0000000e+00   1.2087203e+04   1.4150000e+03
   0.0000000e+00   0.0000000e+00   1.1905935e+04   1.4170000e+03
   0.0000000e+00   0.0000000e+00   1.1900263e+04   1.4190000e+03
   0.0000000e+00   0.0000000e+00   1.1877138e+04   1.4210000e+03
   0.0000000e+00   0.0000000e+00   1.1868008e+04   1.4250000e+03
   0.0000000e+00   0.0000000e+00   1.1830511e+04   1.4550000e+03
   0.0000000e+00   0.0000000e+00   1.1755127e+04   1.4560000e+03
   0.0000000e+00   0.0000000e+00   1.1735425e+04   1.4590000e+03
   0.0000000e+00   0.0000000e+00   1.1723335e+04   1.4610000e+03
   0.0000000e+00   0.0000000e+00   1.1711823e+04   1.4620000e+03
   0.0000000e+00   0.0000000e+00   1.1706309e+04   1.4640000e+03
   0.0000000e+00   0.0000000e+00   1.1641680e+04   1.4890000e+03
   0.0000000e+00   0.0000000e+00   1.1610025e+04   1.4930000e+03
   0.0000000e+00   0.0000000e+00   1.1609401e+04   1.4940000e+03
   0.0000000e+00   0.0000000e+00   1.1589910e+04   1.4950000e+03
   0.0000000e+00   0.0000000e+00   1.1466596e+04   1.5030000e+03
   0.0000000e+00   0.0000000e+00   1.1377144e+04   1.5290000e+03
   0.0000000e+00   0.0000000e+00   1.1371533e+04   1.5340000e+03
   0.0000000e+00   0.0000000e+00   1.1353092e+04   1.5350000e+03
   0.0000000e+00   0.0000000e+00   1.1347998e+04   1.5380000e+03
   0.0000000e+00   0.0000000e+00   1.1339199e+04   1.5690000e+03
   0.0000000e+00   0.0000000e+00   1.1321993e+04   1.5700000e+03
   0.0000000e+00   0.0000000e+00   1.1305335e+04   1.5720000e+03
   0.0000000e+00   0.0000000e+00   1.1293927e+04   1.5740000e+03
   0.0000000e+00   0.0000000e+00   1.1255567e+04   1.6050000e+03
   0.0000000e+00   0.0000000e+00   1.1247163e+04   1.6060000e+03
   0.0000000e+00   0.0000000e+00   1.1171459e+04   1.6070000e+03
   0.0000000e+00   0.0000000e+00   1.1133728e+04   1.6110000e+03
   0.0000000e+00   0.0000000e+00   1.1007973e+04   1.6150000e+03
   0.0000000e+00   0.0000000e+00   1.0964348e+04   1.6400000e+03
   0.0000000e+00   0.0000000e+00   1.0919410e+04   1.6450000e+03
   0.0000000e+00   0.0000000e+00   1.0752501e+04   1.6460000e+03
   0.0000000e+00   0.0000000e+00   1.0635415e+04   1.6490000e+03
   0.0000000e+00   0.0000000e+00   1.0632131e+04   1.6510000e+03
   0.0000000e+00   0.0000000e+00   1.0490202e+04   1.6520000e+03
   0.0000000e+00   0.0000000e+00   1.0423057e+04   1.6730000e+03
   0.0000000e+00   0.0000000e+00   1.0415262e+04   1.6790000e+03
   0.0000000e+00   0.0000000e+00   1.0354590e+04   1.6900000e+03
   0.0000000e+00   0.0000000e+00   1.0309479e+04   1.7090000e+03
   0.0000000e+00   0.0000000e+00   1.0290015e+04   1.7130000e+03
   0.0000000e+00   0.0000000e+00   1.0282823e+04   1.7140000e+03
   0.0000000e+00   0.0000000e+00   1.0281696e+04   1.7160000e+03
   0.0000000e+00   0.0000000e+00   1.0273656e+04   1.7180000e+03
   0.0000000e+00   0.0000000e+00   1.0261959e+04   1.7510000e+03
   0.0000000e+00   0.0000000e+00   1.0187369e+04   1.7540000e+03
   0.0000000e+00   0.0000000e+00   1.0177435e+04   1.7560000e+03
   0.0000000e+00   0.0000000e+00   1.0176705e+04   1.7570000e+03
   0.0000000e+00   0.0000000e+00   1.0157716e+04   1.7940000e+03
   0.0000000e+00   0.0000000e+00   1.0109506e+04   1.8240000e+03
   0.0000000e+00   0.0000000e+00   1.0101767e+04   1.8270000e+03
   0.0000000e+00   0.0000000e+00   9.9437873e+03   1.8320000e+03
   0.0000000e+00   0.0000000e+00   9.9174878e+03   1.8630000e+03
   0.0000000e+00   0.0000000e+00   9.8966142e+03   1.8640000e+03
   0.0000000e+00   0.0000000e+00   9.8839133e+03   1.8660000e+03
   0.0000000e+00   0.0000000e+00   9.8742372e+03   1.9070000e+03
   0.0000000e+00   0.0000000e+00   9.8474153e+03   1.9350000e+03
   0.0000000e+00   0.0000000e+00   9.8404225e+03   1.9390000e+03
   0.0000000e+00   0.0000000e+00   9.8226195e+03   1.9420000e+03
   0.0000000e+00   0.0000000e+00   9.7126988e+03   1.9740000e+03
   0.0000000e+00   0.0000000e+00   9.6601101e+03   1.9750000e+03
   0.0000000e+00   0.0000000e+00   9.6324863e+03   1.9760000e+03
   0.0000000e+00   0.0000000e+00   9.5036391e+03   2.0070000e+03
   0.0000000e+00   0.0000000e+00   9.4567011e+03   2.0110000e+03
   0.0000000e+00   0.0000000e+00   9.4566240e+03   2.0120000e+03
   0.0000000e+00   0.0000000e+00   9.4206433e+03   2.0130000e+03
   0.0000000e+00   0.0000000e+00   9.3828240e+03   2.0450000e+03
   0.0000000e+00   0.0000000e+00   9.3593011e+03   2.0470000e+03
   0.0000000e+00   0.0000000e+00   9.3581311e+03   2.0510000e+03
   0.0000000e+00   0.0000000e+00   9.3012175e+03   2.0520000e+03
   0.0000000e+00   0.0000000e+00   9.2840354e+03   2.0860000e+03
   0.0000000e+00   0.0000000e+00   9.2452700e+03   2.0870000e+03
   0.0000000e+00   0.0000000e+00   9.1899584e+03   2.1230000e+03
   0.0000000e+00   0.0000000e+00   9.1830269e+03   2.1240000e+03
   0.0000000e+00   0.0000000e+00   9.1822120e+03   2.1260000e+03
   0.0000000e+00   0.0000000e+00   9.1816913e+03   2.1270000e+03
   0.0000000e+00   0.0000000e+00   9.1581900e+03   2.1570000e+03
   0.0000000e+00   0.0000000e+00   9.1302527e+03   2.1960000e+03
   0.0000000e+00   0.0000000e+00   9.0880952e+03   2.1970000e+03
   0.0000000e+00   0.0000000e+00   9.0641261e+03   2.2320000e+03
   0.0000000e+00   0.0000000e+00   9.0295657e+03   2.2330000e+03
   0.0000000e+00   0.0000000e+00   9.0156919e+03   2.2340000e+03
   0.0000000e+00   0.0000000e+00   8.9702425e+03   2.2380000e+03
   0.0000000e+00   0.0000000e+00   8.9384121e+03   2.2410000e+03
   0.0000000e+00   0.0000000e+00   8.9154998e+03   2.2650000e+03
   0.0000000e+00   0.0000000e+00   8.9112438e+03   2.2740000e+03
   0.0000000e+00   0.0000000e+00   8.9057150e+03   2.3050000e+03
   0.0000000e+00   0.0000000e+00   8.7556862e+03   2.3060000e+03
   0.0000000e+00   0.0000000e+00   8.7295024e+03   2.3070000e+03
   0.0000000e+00   0.0000000e+00   8.6335775e+03   2.3090000e+03
   0.0000000e+00   0.0000000e+00   8.6171262e+03   2.3440000e+03
   0.0000000e+00   0.0000000e+00   8.5116073e+03   2.3480000e+03
   0.0000000e+00   0.0000000e+00   8.4917686e+03   2.3500000e+03
   0.0000000e+00   0.0000000e+00   8.4737643e+03   2.3530000e+03
   0.0000000e+00   0.0000000e+00   8.4326529e+03   2.3800000e+03
   0.0000000e+00   0.0000000e+00   8.4005173e+03   2.3810000e+03
   0.0000000e+00   0.0000000e+00   8.2995688e+03   2.4140000e+03
   0.0000000e+00   0.0000000e+00   8.2885677e+03   2.4190000e+03
   0.0000000e+00   0.0000000e+00   8.2643197e+03   2.4200000e+03
   0.0000000e+00   0.0000000e+00   8.2436314e+03   2.4210000e+03
   0.0000000e+00   0.0000000e+00   8.2052550e+03   2.4260000e+03
   0.0000000e+00   0.0000000e+00   8.1440011e+03   2.4490000e+03
   0.0000000e+00   0.0000000e+00   8.0142518e+03   2.4570000e+03
   0.0000000e+00   0.0000000e+00   7.9295605e+03   2.4910000e+03
   0.0000000e+00   0.0000000e+00   7.8985132e+03   2.4920000e+03
   0.0000000e+00   0.0000000e+00   7.8826848e+03   2.4950000e+03
   0.0000000e+00   0.0000000e+00   7.8509146e+03   2.5240000e+03
   0.0000000e+00   0.0000000e+00   7.8077890e+03   2.5270000e+03
   0.0000000e+00   0.0000000e+00   7.7906490e+03   2.5290000e+03
   0.0000000e+00   0.0000000e+00   7.7502944e+03   2.5300000e+03
   0.0000000e+00   0.0000000e+00   7.7378322e+03   2.6060000e+03
   0.0000000e+00   0.0000000e+00   7.7340113e+03   2.6450000e+03
   0.0000000e+00   0.0000000e+00   7.7117853e+03   2.6780000e+03
   0.0000000e+00   0.0000000e+00   7.6635557e+03   2.6800000e+03
   0.0000000e+00   0.0000000e+00   7.6537954e+03   2.6810000e+03
   0.0000000e+00   0.0000000e+00   7.6401502e+03   2.8590000e+03
   0.0000000e+00   0.0000000e+00   7.6145440e+03   2.8610000e+03
   0.0000000e+00   0.0000000e+00   7.6091258e+03   2.8650000e+03
   0.0000000e+00   0.0000000e+00   7.6014800e+03   3.0150000e+03
   0.0000000e+00   0.0000000e+00   7.5975810e+03   3.0460000e+03
   0.0000000e+00   0.0000000e+00   7.5796509e+03   3.0500000e+03
   0.0000000e+00   0.0000000e+00   7.5480438e+03   3.0790000e+03
   0.0000000e+00   0.0000000e+00   7.4930569e+03   3.0870000e+03
   0.0000000e+00   0.0000000e+00   7.4455507e+03   3.1160000e+03
   0.0000000e+00   0.0000000e+00   7.4213854e+03   3.1200000e+03
   0.0000000e+00   0.0000000e+00   7.4045223e+03   3.1560000e+03
   0.0000000e+00   0.0000000e+00   7.4031110e+03   3.2320000e+03
   0.0000000e+00   0.0000000e+00   7.3998300e+03   3.2330000e+03
   0.0000000e+00   0.0000000e+00   7.3877699e+03   3.2700000e+03
   0.0000000e+00   0.0000000e+00   7.3841749e+03   3.2740000e+03
   0.0000000e+00   0.0000000e+00   7.3712808e+03   3.3060000e+03
   0.0000000e+00   0.0000000e+00   7.3664820e+03   3.3810000e+03
   0.0000000e+00   0.0000000e+00   7.3359738e+03   3.3820000e+03
   0.0000000e+00   0.0000000e+00   7.3293973e+03   3.4170000e+03
   0.0000000e+00   0.0000000e+00   7.2817606e+03   3.4200000e+03
   0.0000000e+00   0.0000000e+00   7.2811359e+03   3.4220000e+03
   0.0000000e+00   0.0000000e+00   7.2538950e+03   3.4530000e+03
   0.0000000e+00   0.0000000e+00   7.2396374e+03   3.4900000e+03
   0.0000000e+00   0.0000000e+00   7.2364834e+03   3.6740000e+03
   0.0000000e+00   0.0000000e+00   7.2179233e+03   3.6800000e+03
   0.0000000e+00   0.0000000e+00   7.2121632e+03   3.6810000e+03
   0.0000000e+00   0.0000000e+00   7.1930973e+03   3.7140000e+03
   0.0000000e+00   0.0000000e+00   7.1892014e+03   3.7860000e+03
   0.0000000e+00   0.0000000e+00   7.1564023e+03   3.8290000e+03
   0.0000000e+00   0.0000000e+00   7.1491798e+03   3.9010000e+03
   0.0000000e+00   0.0000000e+00   7.1350306e+03   3.9340000e+03
   0.0000000e+00   0.0000000e+00   7.1083400e+03   4.0090000e+03
   0.0000000e+00   0.0000000e+00   7.0860710e+03   4.0410000e+03
   0.0000000e+00   0.0000000e+00   7.0704621e+03   4.0470000e+03
   0.0000000e+00   0.0000000e+00   7.0693458e+03   4.1220000e+03
   0.0000000e+00   0.0000000e+00   7.0687711e+03   4.1940000e+03
   0.0000000e+00   0.0000000e+00   7.0578203e+03   4.1950000e+03
   0.0000000e+00   0.0000000e+00   7.0284733e+03   4.1960000e+03
   0.0000000e+00   0.0000000e+00   7.0017776e+03   4.2300000e+03
   0.0000000e+00   0.0000000e+00   6.9955111e+03   4.2320000e+03
   0.0000000e+00   0.0000000e+00   6.9764061e+03   4.3080000e+03
   0.0000000e+00   0.0000000e+00   6.9686779e+03   4.3720000e+03
   0.0000000e+00   0.0000000e+00   6.9642519e+03   4.3780000e+03
   0.0000000e+00   0.0000000e+00   6.9552009e+03   4.3790000e+03
   0.0000000e+00   0.0000000e+00   6.9550491e+03   4.3820000e+03
   0.0000000e+00   0.0000000e+00   6.9521609e+03   4.4170000e+03
   0.0000000e+00   0.0000000e+00   6.9500329e+03   4.4190000e+03
   0.0000000e+00   0.0000000e+00   6.9417141e+03   4.4530000e+03
   0.0000000e+00   0.0000000e+00   6.9180417e+03   4.4880000e+03
   0.0000000e+00   0.0000000e+00   6.9173147e+03   4.5270000e+03
   0.0000000e+00   0.0000000e+00   6.8899918e+03   4.5600000e+03
   0.0000000e+00   0.0000000e+00   6.8869061e+03   4.6010000e+03
   0.0000000e+00   0.0000000e+00   6.8835447e+03   4.6060000e+03
   0.0000000e+00   0.0000000e+00   6.8751612e+03   4.6330000e+03
   0.0000000e+00   0.0000000e+00   6.8691266e+03   4.6380000e+03
   0.0000000e+00   0.0000000e+00   6.8665997e+03   4.6760000e+03
   0.0000000e+00   0.0000000e+00   6.8520762e+03   4.7500000e+03
   0.0000000e+00   0.0000000e+00   6.8363573e+03   5.0070000e+03
   0.0000000e+00   0.0000000e+00   6.8328209e+03   5.0450000e+03
   0.0000000e+00   0.0000000e+00   6.8056246e+03   5.0800000e+03
   0.0000000e+00   0.0000000e+00   6.7997337e+03   5.0810000e+03
   0.0000000e+00   0.0000000e+00   6.7974396e+03   5.0820000e+03
   0.0000000e+00   0.0000000e+00   6.7957510e+03   5.1910000e+03
   0.0000000e+00   0.0000000e+00   6.7937783e+03   5.1930000e+03
   0.0000000e+00   0.0000000e+00   6.7917359e+03   5.1950000e+03
   0.0000000e+00   0.0000000e+00   6.7797770e+03   5.2300000e+03
   0.0000000e+00   0.0000000e+00   6.7739780e+03   5.2310000e+03
   0.0000000e+00   0.0000000e+00   6.7643726e+03   5.2650000e+03
   0.0000000e+00   0.0000000e+00   6.7585601e+03   5.2670000e+03
   0.0000000e+00   0.0000000e+00   6.7536144e+03   5.2680000e+03
   0.0000000e+00   0.0000000e+00   6.7418024e+03   5.2700000e+03
   0.0000000e+00   0.0000000e+00   6.7286806e+03   5.3390000e+03
   0.0000000e+00   0.0000000e+00   6.7163923e+03   5.3800000e+03
   0.0000000e+00   0.0000000e+00   6.6888587e+03   5.4110000e+03
   0.0000000e+00   0.0000000e+00   6.6873026e+03   5.4530000e+03
   0.0000000e+00   0.0000000e+00   6.6651443e+03   5.6010000e+03
   0.0000000e+00   0.0000000e+00   6.6326047e+03   5.6370000e+03
   0.0000000e+00   0.0000000e+00   6.6243166e+03   5.7870000e+03
   0.0000000e+00   0.0000000e+00   6.5932974e+03   5.8540000e+03
   0.0000000e+00   0.0000000e+00   6.5704065e+03   5.8920000e+03
   0.0000000e+00   0.0000000e+00   6.5632114e+03   5.9340000e+03
   0.0000000e+00   0.0000000e+00   6.5548184e+03   6.0060000e+03
   0.0000000e+00   0.0000000e+00   6.5489154e+03   6.1920000e+03
   0.0000000e+00   0.0000000e+00   6.5451344e+03   6.2290000e+03
   0.0000000e+00   0.0000000e+00   6.5444780e+03   6.2310000e+03
   0.0000000e+00   0.0000000e+00   6.5344283e+03   6.2650000e+03
   0.0000000e+00   0.0000000e+00   6.5139281e+03   6.3760000e+03
   0.0000000e+00   0.0000000e+00   6.5044350e+03   6.5240000e+03
   0.0000000e+00   0.0000000e+00   6.4782016e+03   6.7450000e+03
   0.0000000e+00   0.0000000e+00   6.4775048e+03   6.8590000e+03
   0.0000000e+00   0.0000000e+00   6.4724791e+03   7.0400000e+03
   0.0000000e+00   0.0000000e+00   6.4595813e+03   7.0420000e+03
   0.0000000e+00   0.0000000e+00   6.3712386e+03   7.0920000e+03
   0.0000000e+00   0.0000000e+00   6.3366543e+03   7.3020000e+03
   0.0000000e+00   0.0000000e+00   6.3351051e+03   7.5260000e+03
   0.0000000e+00   0.0000000e+00   6.2808128e+03   7.6340000e+03
   0.0000000e+00   0.0000000e+00   6.2806465e+03   7.6360000e+03
   0.0000000e+00   0.0000000e+00   6.2765322e+03   7.7090000e+03
   0.0000000e+00   0.0000000e+00   6.2728556e+03   7.8560000e+03
   0.0000000e+00   0.0000000e+00   6.2636643e+03   8.1890000e+03
   0.0000000e+00   0.0000000e+00   6.2591441e+03   8.4120000e+03
   0.0000000e+00   0.0000000e+00   6.2585451e+03   8.5580000e+03
   0.0000000e+00   0.0000000e+00   6.2374344e+03   8.5600000e+03
   0.0000000e+00   0.0000000e+00   6.2293024e+03   9.0740000e+03
   0.0000000e+00   0.0000000e+00   6.2187374e+03   9.0770000e+03
   0.0000000e+00   0.0000000e+00   6.2097426e+03   9.0780000e+03
   0.0000000e+00   0.0000000e+00   6.2059166e+03   9.2980000e+03
   0.0000000e+00   0.0000000e+00   6.1878624e+03   9.4470000e+03
   0.0000000e+00   0.0000000e+00   6.1832941e+03   9.4820000e+03
   0.0000000e+00   0.0000000e+00   6.1800999e+03   9.6710000e+03
   0.0000000e+00   0.0000000e+00   6.1734002e+03   1.0184000e+04
   0.0000000e+00   0.0000000e+00   6.1537236e+03   1.1186000e+04
   0.0000000e+00   0.0000000e+00   6.1490322e+03   1.2558000e+04
   0.0000000e+00   0.0000000e+00   6.1453425e+03   1.3627000e+04
   0.0000000e+00   0.0000000e+00   6.1410614e+03   1.4112000e+04
   0.0000000e+00   0.0000000e+00   6.1377340e+03   1.4407000e+04
   0.0000000e+00   0.0000000e+00   6.1358343e+03   1.4702000e+04
   0.0000000e+00   0.0000000e+00   6.1284861e+03   1.4772000e+04
   0.0000000e+00   0.0000000e+00   6.1228292e+03   1.4923000e+04
   0.0000000e+00   0.0000000e+00   6.1085369e+03   1.5110000e+04
   0.0000000e+00   0.0000000e+00   6.1021976e+03   1.5257000e+04
   0.0000000e+00   0.0000000e+00   6.0983383e+03   1.5331000e+04
   0.0000000e+00   0.0000000e+00   6.0968502e+03   1.5368000e+04
   0.0000000e+00   0.0000000e+00   6.0943368e+03   1.5404000e+04
   0.0000000e+00   0.0000000e+00   6.0915552e+03   1.5516000e+04
   0.0000000e+00   0.0000000e+00   6.0690785e+03   1.5589000e+04
   0.0000000e+00   0.0000000e+00   6.0631183e+03   1.6070000e+04
   0.0000000e+00   0.0000000e+00   6.0605147e+03   1.6220000e+04
   0.0000000e+00   0.0000000e+00   6.0585011e+03   1.6335000e+04
   0.0000000e+00   0.0000000e+00   6.0579755e+03   1.7108000e+04
   0.0000000e+00   0.0000000e+00   6.0562869e+03   1.7402000e+04
   0.0000000e+00   0.0000000e+00   6.0558608e+03   1.7547000e+04
   0.0000000e+00   0.0000000e+00   6.0556742e+03   1.7923000e+04
   0.0000000e+00   0.0000000e+00   6.0407884e+03   1.7994000e+04
   0.0000000e+00   0.0000000e+00   6.0378065e+03   1.8178000e+04
   0.0000000e+00   0.0000000e+00   6.0333830e+03   1.8847000e+04
   0.0000000e+00   0.0000000e+00   6.0263005e+03   1.9807000e+04
   0.0000000e+00   0.0000000e+00   6.0248459e+03   1.9843000e+04
   0.0000000e+00   0.0000000e+00   6.0206595e+03   2.0510000e+04
   0.0000000e+00   0.0000000e+00   6.0155172e+03   2.1249000e+04
   0.0000000e+00   0.0000000e+00   6.0148562e+03   2.1733000e+04
   0.0000000e+00   0.0000000e+00   6.0122901e+03   2.2066000e+04
   0.0000000e+00   0.0000000e+00   6.0077663e+03   2.2918000e+04
   0.0000000e+00   0.0000000e+00   5.9982464e+03   2.5210000e+04
   0.0000000e+00   0.0000000e+00   5.9967918e+03   2.6355000e+04
   0.0000000e+00   0.0000000e+00   5.9842987e+03   2.8799000e+04
   0.0000000e+00   0.0000000e+00   5.9767604e+03   3.4425000e+04
   0.0000000e+00   0.0000000e+00   5.9757379e+03   3.5052000e+04
   0.0000000e+00   0.0000000e+00   5.9693330e+03   3.5384000e+04
   0.0000000e+00   0.0000000e+00   5.9678784e+03   3.5864000e+04
   0.0000000e+00   0.0000000e+00   5.9659983e+03   3.6456000e+04
   0.0000000e+00   0.0000000e+00   5.9622798e+03   3.6903000e+04
   0.0000000e+00   0.0000000e+00   5.9600447e+03   3.7011000e+04
   0.0000000e+00   0.0000000e+00   5.9578096e+03   3.7456000e+04
   0.0000000e+00   0.0000000e+00   5.9525069e+03   3.7864000e+04
   0.0000000e+00   0.0000000e+00   5.9486457e+03   3.8900000e+04
   0.0000000e+00   0.0000000e+00   5.9459530e+03   3.9602000e+04
   0.0000000e+00   0.0000000e+00   5.9444984e+03   4.0675000e+04
   0.0000000e+00   0.0000000e+00   5.9422632e+03   4.0749000e+04
   0.0000000e+00   0.0000000e+00   5.9371923e+03   4.1044000e+04
   0.0000000e+00   0.0000000e+00   5.9312419e+03   4.2009000e+04
   0.0000000e+00   0.0000000e+00   5.9289925e+03   4.2749000e+04
   0.0000000e+00   0.0000000e+00   5.9263978e+03   4.4818000e+04
   0.0000000e+00   0.0000000e+00   5.9251373e+03   4.5195000e+04
   0.0000000e+00   0.0000000e+00   5.9219987e+03   4.5524000e+04
   0.0000000e+00   0.0000000e+00   5.9199986e+03   4.5600000e+04
   0.0000000e+00   0.0000000e+00   5.9185419e+03   4.5854000e+04
   0.0000000e+00   0.0000000e+00   5.9158407e+03   4.6597000e+04
   0.0000000e+00   0.0000000e+00   5.9121298e+03   4.6858000e+04
   0.0000000e+00   0.0000000e+00   5.9022891e+03   4.6928000e+04
   0.0000000e+00   0.0000000e+00   5.8993255e+03   4.8374000e+04
   0.0000000e+00   0.0000000e+00   5.8852836e+03   4.8444000e+04
   0.0000000e+00   0.0000000e+00   5.8801484e+03   5.0701000e+04
   0.0000000e+00   0.0000000e+00   5.8799095e+03   5.1628000e+04
   0.0000000e+00   0.0000000e+00   5.8708766e+03   5.2033000e+04
   0.0000000e+00   0.0000000e+00   5.8686916e+03   5.4663000e+04
   0.0000000e+00   0.0000000e+00   5.8682963e+03   5.5325000e+04
   0.0000000e+00   0.0000000e+00   5.8639543e+03   5.6661000e+04
   0.0000000e+00   0.0000000e+00   5.8635924e+03   5.7030000e+04
   0.0000000e+00   0.0000000e+00   5.8635701e+03   5.7473000e+04
   0.0000000e+00   0.0000000e+00   5.8598936e+03   5.7584000e+04
   0.0000000e+00   0.0000000e+00   5.8527897e+03   5.7843000e+04
   0.0000000e+00   0.0000000e+00   5.8435301e+03   6.1983000e+04
   0.0000000e+00   0.0000000e+00   5.8422844e+03   6.6021000e+04
   0.0000000e+00   0.0000000e+00   5.8420577e+03   6.6317000e+04
   0.0000000e+00   0.0000000e+00   5.8416318e+03   6.7390000e+04
   0.0000000e+00   0.0000000e+00   5.8401772e+03   7.2420000e+04
   0.0000000e+00   0.0000000e+00   5.8387226e+03   7.4826000e+04
   0.0000000e+00   0.0000000e+00   5.8370915e+03   7.8379000e+04
   0.0000000e+00   0.0000000e+00   5.8350387e+03   8.1635000e+04
   0.0000000e+00   0.0000000e+00   5.8242980e+03   8.1857000e+04
   0.0000000e+00   0.0000000e+00   5.8203360e+03   8.2004000e+04
   0.0000000e+00   0.0000000e+00   5.8178271e+03   8.3485000e+04
   0.0000000e+00   0.0000000e+00   5.8163725e+03   8.3890000e+04
   0.0000000e+00   0.0000000e+00   5.8127744e+03   8.6999000e+04
   0.0000000e+00   0.0000000e+00   5.8113334e+03   9.2183000e+04
   0.0000000e+00   0.0000000e+00   5.8065695e+03   9.3475000e+04
   0.0000000e+00   0.0000000e+00   5.8040606e+03   9.4770000e+04
   0.0000000e+00   0.0000000e+00   5.8034138e+03   9.6806000e+04
   0.0000000e+00   0.0000000e+00   5.7997579e+03   9.8397000e+04
   0.0000000e+00   0.0000000e+00   5.7960813e+03   9.9097000e+04
   0.0000000e+00   0.0000000e+00   5.7957239e+03   1.0353900e+05
   0.0000000e+00   0.0000000e+00   5.7956919e+03   1.0805200e+05
   0.0000000e+00   0.0000000e+00   5.7947692e+03   1.0857100e+05
   0.0000000e+00   0.0000000e+00   5.7887246e+03   1.0979300e+05
   0.0000000e+00   0.0000000e+00   5.7868909e+03   1.1042100e+05
   0.0000000e+00   0.0000000e+00   5.7846558e+03   1.1067900e+05
   0.0000000e+00   0.0000000e+00   5.7806939e+03   1.1075300e+05
   0.0000000e+00   0.0000000e+00   5.7784588e+03   1.3054700e+05
   0.0000000e+00   0.0000000e+00   5.7770042e+03   1.5182200e+05
   0.0000000e+00   0.0000000e+00   5.7755495e+03   1.5796400e+05
   0.0000000e+00   0.0000000e+00   5.7686594e+03   1.9222300e+05
