   4.0109214e+02   2.1672103e+01   1.6218425e+04   7.0000000e+00
   3.9030668e+02   2.1029304e+01   1.6063494e+04   8.0000000e+00
   3.8079960e+02   1.9663791e+01   1.5876976e+04   1.4000000e+01
   3.7539396e+02   1.9813842e+01   1.5642386e+04   1.5000000e+01
   3.7469691e+02   1.9287443e+01   1.5433615e+04   1.6000000e+01
   3.7233793e+02   1.9255927e+01   1.5274344e+04   1.7000000e+01
   3.7014638e+02   1.9524145e+01   1.5046893e+04   1.8000000e+01
   3.6915906e+02   1.9386658e+01   1.4972485e+04   1.9000000e+01
   3.5205896e+02   1.8305608e+01   1.4977496e+04   2.0000000e+01
   3.5041403e+02   1.6908498e+01   1.5044105e+04   2.2000000e+01
   3.1762396e+02   1.3015886e+01   1.5005421e+04   2.3000000e+01
   3.1053448e+02   1.2702984e+01   1.4983521e+04   2.5000000e+01
   3.1000779e+02   1.2410985e+01   1.5101873e+04   2.6000000e+01
   3.0987522e+02   1.2328219e+01   1.5050855e+04   2.7000000e+01
   3.0817896e+02   1.2104204e+01   1.5141798e+04   2.8000000e+01
   3.0723687e+02   1.1895874e+01   1.5281034e+04   2.9000000e+01
   2.9285725e+02   1.1375440e+01   1.5513764e+04   3.0000000e+01
   2.9269917e+02   1.0757457e+01   1.5618106e+04   3.1000000e+01
   2.7956020e+02   9.0310763e+00   1.5950055e+04   3.2000000e+01
   2.5598718e+02   7.0302655e+00   1.6401944e+04   3.3000000e+01
   2.5335163e+02   6.9806766e+00   1.6699863e+04   3.5000000e+01
   2.5315997e+02   6.8044316e+00   1.6951264e+04   3.6000000e+01
   2.4613221e+02   5.7355554e+00   1.7428500e+04   3.7000000e+01
   2.3195880e+02   3.6745385e+00   1.8379784e+04   3.8000000e+01
   2.2716794e+02   3.6181681e+00   1.8220120e+04   4.7000000e+01
   2.2701742e+02   3.6443711e+00   1.8082353e+04   5.0000000e+01
   2.2649235e+02   4.0579277e+00   1.7774125e+04   5.1000000e+01
   2.2246403e+02   4.0671902e+00   1.7628240e+04   5.4000000e+01
   2.2062547e+02   3.9552895e+00   1.7638522e+04   5.5000000e+01
   2.1380581e+02   3.9782004e+00   1.7477713e+04   5.7000000e+01
   2.0958163e+02   3.0588546e+00   1.7537731e+04   5.9000000e+01
   1.9532213e+02   2.6751169e+00   1.7506615e+04   6.0000000e+01
   1.8400995e+02   2.5372073e+00   1.7504521e+04   6.1000000e+01
   1.8305782e+02   2.5226809e+00   1.7535716e+04   6.2000000e+01
   1.8237838e+02   2.5044313e+00   1.7582769e+04   6.3000000e+01
   1.8172169e+02   2.4582002e+00   1.7632735e+04   6.4000000e+01
   1.7455478e+02   2.3962947e+00   1.7800926e+04   6.5000000e+01
   1.7297771e+02   2.4234788e+00   1.7881634e+04   6.6000000e+01
   1.6981239e+02   2.2367739e+00   1.7954825e+04   6.7000000e+01
   1.6775110e+02   2.2141003e+00   1.8296483e+04   7.0000000e+01
   1.6727671e+02   2.1993919e+00   1.8667293e+04   7.1000000e+01
   1.6347762e+02   2.1057497e+00   1.9362140e+04   7.4000000e+01
   1.6309199e+02   2.0777041e+00   2.0066172e+04   7.5000000e+01
   1.5746963e+02   2.0971092e+00   1.9934791e+04   8.5000000e+01
   1.5079216e+02   2.1217578e+00   1.9824126e+04   9.1000000e+01
   1.4714631e+02   2.1108875e+00   1.9729150e+04   9.2000000e+01
   1.4547711e+02   2.1556689e+00   1.9651124e+04   9.3000000e+01
   1.3734869e+02   2.0992632e+00   1.9632488e+04   9.4000000e+01
   1.3680549e+02   1.9921253e+00   1.9615982e+04   9.5000000e+01
   1.3627511e+02   1.9952009e+00   1.9689508e+04   9.6000000e+01
   1.3572416e+02   1.9784184e+00   1.9743831e+04   9.9000000e+01
   1.3508716e+02   1.9586562e+00   1.9640409e+04   1.0000000e+02
   1.3221312e+02   1.9406116e+00   1.9758627e+04   1.0100000e+02
   1.2011214e+02   1.1123375e+00   1.9932557e+04   1.0200000e+02
   1.1909998e+02   1.0845748e+00   1.9956286e+04   1.0300000e+02
   1.1736462e+02   1.0751543e+00   1.9951932e+04   1.0400000e+02
   1.1600374e+02   1.0160217e+00   2.0006786e+04   1.0500000e+02
   1.0604296e+02   7.2320840e-01   2.0359754e+04   1.0600000e+02
   1.0083500e+02   5.3216865e-01   2.0532093e+04   1.0700000e+02
   9.7038013e+01   4.6935864e-01   2.0884310e+04   1.0800000e+02
   9.6756881e+01   4.4268366e-01   2.0963885e+04   1.0900000e+02
   9.5998186e+01   4.4342306e-01   2.1471578e+04   1.1100000e+02
   9.5798801e+01   4.3859249e-01   2.1804922e+04   1.1200000e+02
   9.4508592e+01   4.1999075e-01   2.1709728e+04   1.2400000e+02
   8.5363465e+01   1.1736304e-01   2.1743333e+04   1.2600000e+02
   8.2868272e+01   1.2039504e-01   2.1715598e+04   1.2800000e+02
   8.2661664e+01   9.2447640e-02   2.1630467e+04   1.3000000e+02
   8.2360539e+01   1.1046996e-01   2.1317354e+04   1.3100000e+02
   8.1583842e+01   1.0752845e-01   2.1192047e+04   1.3600000e+02
   8.0698665e+01   1.0759506e-01   2.1271237e+04   1.3700000e+02
   7.9308725e+01   1.1213171e-01   2.1434353e+04   1.3900000e+02
   7.9244324e+01   1.1111423e-01   2.1466255e+04   1.4000000e+02
   7.8307532e+01   1.1213106e-01   2.1597370e+04   1.4200000e+02
   7.8002375e+01   1.0555029e-01   2.2070072e+04   1.4600000e+02
   7.7887220e+01   1.0540841e-01   2.2344506e+04   1.4700000e+02
   7.7364684e+01   1.0498675e-01   2.2892341e+04   1.4900000e+02
   7.4963117e+01   2.0870687e-01   2.2724751e+04   1.5300000e+02
   7.3232536e+01   1.7409892e-01   2.2665750e+04   1.6000000e+02
   7.3228484e+01   1.7874394e-01   2.2504503e+04   1.6300000e+02
   6.0616961e+01   1.6934446e-01   2.2343163e+04   1.6600000e+02
   6.0164775e+01   2.1445771e-01   2.2231657e+04   1.6800000e+02
   5.9961672e+01   2.1556938e-01   2.2141691e+04   1.6900000e+02
   5.9667103e+01   2.1216619e-01   2.2112305e+04   1.7100000e+02
   5.8884142e+01   1.6682468e-01   2.2205658e+04   1.7300000e+02
   5.8448063e+01   1.6842603e-01   2.2189704e+04   1.7600000e+02
   5.7514401e+01   1.5311861e-01   2.2292915e+04   1.7700000e+02
   5.7311169e+01   1.4667952e-01   2.2385462e+04   1.7800000e+02
   5.7102535e+01   1.4357482e-01   2.2664718e+04   1.7900000e+02
   5.6482337e+01   1.2937931e-01   2.3004914e+04   1.8000000e+02
   3.1196216e+01   1.3162487e-01   2.3295028e+04   1.8100000e+02
   3.0995947e+01   9.0165694e-02   2.3726751e+04   1.8200000e+02
   3.0126844e+01   7.7457145e-02   2.4250254e+04   1.8300000e+02
   2.9462779e+01   7.8623870e-02   2.4586232e+04   1.8400000e+02
   2.9228171e+01   7.6996804e-02   2.4937516e+04   1.8500000e+02
   2.8511752e+01   7.9416737e-02   2.5448354e+04   1.8600000e+02
   2.8352984e+01   8.5849160e-02   2.5227182e+04   2.0100000e+02
   2.6976690e+01   0.0000000e+00   2.5229472e+04   2.0400000e+02
   2.6891378e+01   0.0000000e+00   2.5138661e+04   2.0500000e+02
   2.6854237e+01   0.0000000e+00   2.5101075e+04   2.0700000e+02
   2.5977145e+01   0.0000000e+00   2.5108596e+04   2.0900000e+02
   1.8121100e+01   0.0000000e+00   2.5016142e+04   2.1000000e+02
   1.6818309e+01   0.0000000e+00   2.5077824e+04   2.1100000e+02
   1.5502993e+01   0.0000000e+00   2.5031403e+04   2.1400000e+02
   1.5323412e+01   0.0000000e+00   2.5190338e+04   2.1500000e+02
   1.4992484e+01   0.0000000e+00   2.5348422e+04   2.1700000e+02
   1.4849368e+01   0.0000000e+00   2.5523772e+04   2.1800000e+02
   1.4690723e+01   0.0000000e+00   2.5894403e+04   2.1900000e+02
   1.4687978e+01   0.0000000e+00   2.6296617e+04   2.2000000e+02
   1.0586922e+01   0.0000000e+00   2.6422564e+04   2.2100000e+02
   1.0528629e+01   0.0000000e+00   2.6787601e+04   2.2200000e+02
   1.0521850e+01   0.0000000e+00   2.7248447e+04   2.2300000e+02
   1.0446672e+01   0.0000000e+00   2.7203908e+04   2.3100000e+02
   1.0407477e+01   0.0000000e+00   2.6997220e+04   2.3600000e+02
   1.0095280e+01   0.0000000e+00   2.6923672e+04   2.3700000e+02
   9.9132238e+00   0.0000000e+00   2.6755168e+04   2.4300000e+02
   9.7005496e+00   0.0000000e+00   2.6794735e+04   2.4800000e+02
   9.6955441e+00   0.0000000e+00   2.6817168e+04   2.5000000e+02
   9.6686648e+00   0.0000000e+00   2.6852766e+04   2.5100000e+02
   5.9491012e+00   0.0000000e+00   2.6966930e+04   2.5400000e+02
   5.9176945e+00   0.0000000e+00   2.7154939e+04   2.5500000e+02
   5.8956295e+00   0.0000000e+00   2.7216730e+04   2.5700000e+02
   5.8573819e+00   0.0000000e+00   2.7453035e+04   2.5900000e+02
   5.7767200e+00   0.0000000e+00   2.8032697e+04   2.6000000e+02
   5.7689249e+00   0.0000000e+00   2.8005872e+04   2.6900000e+02
   5.7296325e+00   0.0000000e+00   2.8020562e+04   2.7600000e+02
   5.0452497e+00   0.0000000e+00   2.8027019e+04   2.7800000e+02
   4.9936026e+00   0.0000000e+00   2.7918291e+04   2.7900000e+02
   4.9765388e+00   0.0000000e+00   2.7965591e+04   2.8400000e+02
   4.9526600e+00   0.0000000e+00   2.8017197e+04   2.8800000e+02
   4.3474034e-01   0.0000000e+00   2.8295775e+04   2.8900000e+02
   3.6609147e-01   0.0000000e+00   2.8310665e+04   2.9000000e+02
   3.4077367e-01   0.0000000e+00   2.8310897e+04   2.9300000e+02
   3.0051208e-01   0.0000000e+00   2.8496470e+04   2.9500000e+02
   2.9660280e-01   0.0000000e+00   2.8761084e+04   2.9700000e+02
   2.8623915e-01   0.0000000e+00   2.8534781e+04   3.1300000e+02
   2.8390060e-01   0.0000000e+00   2.8426313e+04   3.1400000e+02
   2.7714695e-01   0.0000000e+00   2.8226344e+04   3.2100000e+02
   2.7244999e-01   0.0000000e+00   2.8271278e+04   3.2500000e+02
   2.5419080e-01   0.0000000e+00   2.8486610e+04   3.2800000e+02
   2.5207674e-01   0.0000000e+00   2.8697337e+04   3.3200000e+02
   2.4998214e-01   0.0000000e+00   2.9330483e+04   3.3400000e+02
   7.6400130e-02   0.0000000e+00   2.9034711e+04   3.4600000e+02
   7.2579620e-02   0.0000000e+00   2.8903368e+04   3.4800000e+02
   7.2337649e-02   0.0000000e+00   2.8538020e+04   3.5300000e+02
   7.0989888e-02   0.0000000e+00   2.8163796e+04   3.5400000e+02
   6.3695351e-02   0.0000000e+00   2.8004118e+04   3.5600000e+02
   6.2673245e-02   0.0000000e+00   2.7584953e+04   3.5900000e+02
   6.1399280e-02   0.0000000e+00   2.7497613e+04   3.6000000e+02
   5.4746724e-02   0.0000000e+00   2.7337695e+04   3.6200000e+02
   5.2995495e-02   0.0000000e+00   2.7540488e+04   3.6400000e+02
   5.1881009e-02   0.0000000e+00   2.7741009e+04   3.6500000e+02
   0.0000000e+00   0.0000000e+00   2.7909205e+04   3.6700000e+02
   0.0000000e+00   0.0000000e+00   2.7671851e+04   3.8100000e+02
   0.0000000e+00   0.0000000e+00   2.7270624e+04   3.8300000e+02
   0.0000000e+00   0.0000000e+00   2.6833309e+04   3.8400000e+02
   0.0000000e+00   0.0000000e+00   2.6611622e+04   3.8500000e+02
   0.0000000e+00   0.0000000e+00   2.6275819e+04   3.8600000e+02
   0.0000000e+00   0.0000000e+00   2.5985062e+04   3.8700000e+02
   0.0000000e+00   0.0000000e+00   2.5827280e+04   3.8800000e+02
   0.0000000e+00   0.0000000e+00   2.5556946e+04   3.8900000e+02
   0.0000000e+00   0.0000000e+00   2.5352731e+04   3.9000000e+02
   0.0000000e+00   0.0000000e+00   2.5258517e+04   3.9100000e+02
   0.0000000e+00   0.0000000e+00   2.4920919e+04   3.9200000e+02
   0.0000000e+00   0.0000000e+00   2.4910411e+04   3.9300000e+02
   0.0000000e+00   0.0000000e+00   2.4834115e+04   3.9400000e+02
   0.0000000e+00   0.0000000e+00   2.4820055e+04   3.9600000e+02
   0.0000000e+00   0.0000000e+00   2.4790687e+04   3.9700000e+02
   0.0000000e+00   0.0000000e+00   2.4769021e+04   3.9800000e+02
   0.0000000e+00   0.0000000e+00   2.4740532e+04   3.9900000e+02
   0.0000000e+00   0.0000000e+00   2.4662694e+04   4.2000000e+02
   0.0000000e+00   0.0000000e+00   2.4354080e+04   4.2100000e+02
   0.0000000e+00   0.0000000e+00   2.4334920e+04   4.2200000e+02
   0.0000000e+00   0.0000000e+00   2.4286639e+04   4.2300000e+02
   0.0000000e+00   0.0000000e+00   2.4110733e+04   4.2400000e+02
   0.0000000e+00   0.0000000e+00   2.3688041e+04   4.2600000e+02
   0.0000000e+00   0.0000000e+00   2.3508458e+04   4.2800000e+02
   0.0000000e+00   0.0000000e+00   2.3446547e+04   4.2900000e+02
   0.0000000e+00   0.0000000e+00   2.3333711e+04   4.3000000e+02
   0.0000000e+00   0.0000000e+00   2.3290174e+04   4.3100000e+02
   0.0000000e+00   0.0000000e+00   2.3076499e+04   4.3200000e+02
   0.0000000e+00   0.0000000e+00   2.2975264e+04   4.3400000e+02
   0.0000000e+00   0.0000000e+00   2.2745618e+04   4.3500000e+02
   0.0000000e+00   0.0000000e+00   2.2696703e+04   4.3700000e+02
   0.0000000e+00   0.0000000e+00   2.2358343e+04   4.5500000e+02
   0.0000000e+00   0.0000000e+00   2.2156923e+04   4.5900000e+02
   0.0000000e+00   0.0000000e+00   2.2057974e+04   4.6000000e+02
   0.0000000e+00   0.0000000e+00   2.1888820e+04   4.6100000e+02
   0.0000000e+00   0.0000000e+00   2.1599781e+04   4.6200000e+02
   0.0000000e+00   0.0000000e+00   2.1522179e+04   4.6400000e+02
   0.0000000e+00   0.0000000e+00   2.1492390e+04   4.6500000e+02
   0.0000000e+00   0.0000000e+00   2.1285356e+04   4.6600000e+02
   0.0000000e+00   0.0000000e+00   2.1177543e+04   4.6800000e+02
   0.0000000e+00   0.0000000e+00   2.1099388e+04   4.6900000e+02
   0.0000000e+00   0.0000000e+00   2.1041984e+04   4.9200000e+02
   0.0000000e+00   0.0000000e+00   2.0810584e+04   4.9300000e+02
   0.0000000e+00   0.0000000e+00   2.0744904e+04   4.9400000e+02
   0.0000000e+00   0.0000000e+00   2.0690791e+04   4.9500000e+02
   0.0000000e+00   0.0000000e+00   2.0592168e+04   4.9600000e+02
   0.0000000e+00   0.0000000e+00   2.0464248e+04   4.9700000e+02
   0.0000000e+00   0.0000000e+00   2.0358550e+04   4.9800000e+02
   0.0000000e+00   0.0000000e+00   2.0297135e+04   4.9900000e+02
   0.0000000e+00   0.0000000e+00   2.0027267e+04   5.0000000e+02
   0.0000000e+00   0.0000000e+00   1.9795717e+04   5.0100000e+02
   0.0000000e+00   0.0000000e+00   1.9717147e+04   5.0200000e+02
   0.0000000e+00   0.0000000e+00   1.9697267e+04   5.0300000e+02
   0.0000000e+00   0.0000000e+00   1.9474704e+04   5.0400000e+02
   0.0000000e+00   0.0000000e+00   1.9370525e+04   5.0500000e+02
   0.0000000e+00   0.0000000e+00   1.9265030e+04   5.0700000e+02
   0.0000000e+00   0.0000000e+00   1.9207915e+04   5.1100000e+02
   0.0000000e+00   0.0000000e+00   1.9039320e+04   5.2900000e+02
   0.0000000e+00   0.0000000e+00   1.8959470e+04   5.3000000e+02
   0.0000000e+00   0.0000000e+00   1.8836555e+04   5.3200000e+02
   0.0000000e+00   0.0000000e+00   1.8721565e+04   5.3400000e+02
   0.0000000e+00   0.0000000e+00   1.8658878e+04   5.3500000e+02
   0.0000000e+00   0.0000000e+00   1.8330418e+04   5.3600000e+02
   0.0000000e+00   0.0000000e+00   1.8184946e+04   5.4300000e+02
   0.0000000e+00   0.0000000e+00   1.7943791e+04   5.4400000e+02
   0.0000000e+00   0.0000000e+00   1.7829219e+04   5.4500000e+02
   0.0000000e+00   0.0000000e+00   1.7684469e+04   5.6300000e+02
   0.0000000e+00   0.0000000e+00   1.7627571e+04   5.6600000e+02
   0.0000000e+00   0.0000000e+00   1.7461996e+04   5.6900000e+02
   0.0000000e+00   0.0000000e+00   1.7270021e+04   5.7100000e+02
   0.0000000e+00   0.0000000e+00   1.7013539e+04   5.7200000e+02
   0.0000000e+00   0.0000000e+00   1.6665463e+04   5.7300000e+02
   0.0000000e+00   0.0000000e+00   1.6661767e+04   5.7400000e+02
   0.0000000e+00   0.0000000e+00   1.6620517e+04   5.7500000e+02
   0.0000000e+00   0.0000000e+00   1.6523183e+04   5.7600000e+02
   0.0000000e+00   0.0000000e+00   1.6516612e+04   5.7700000e+02
   0.0000000e+00   0.0000000e+00   1.6371600e+04   5.8100000e+02
   0.0000000e+00   0.0000000e+00   1.6264998e+04   6.0500000e+02
   0.0000000e+00   0.0000000e+00   1.6167372e+04   6.0600000e+02
   0.0000000e+00   0.0000000e+00   1.6128936e+04   6.0700000e+02
   0.0000000e+00   0.0000000e+00   1.5924801e+04   6.0800000e+02
   0.0000000e+00   0.0000000e+00   1.5817346e+04   6.1200000e+02
   0.0000000e+00   0.0000000e+00   1.5815961e+04   6.1500000e+02
   0.0000000e+00   0.0000000e+00   1.5755954e+04   6.1600000e+02
   0.0000000e+00   0.0000000e+00   1.5696634e+04   6.4200000e+02
   0.0000000e+00   0.0000000e+00   1.5506923e+04   6.4300000e+02
   0.0000000e+00   0.0000000e+00   1.5506882e+04   6.4400000e+02
   0.0000000e+00   0.0000000e+00   1.5359201e+04   6.4700000e+02
   0.0000000e+00   0.0000000e+00   1.5214603e+04   6.4800000e+02
   0.0000000e+00   0.0000000e+00   1.5200388e+04   6.4900000e+02
   0.0000000e+00   0.0000000e+00   1.5105504e+04   6.5100000e+02
   0.0000000e+00   0.0000000e+00   1.4982086e+04   6.5300000e+02
   0.0000000e+00   0.0000000e+00   1.4958474e+04   6.5600000e+02
   0.0000000e+00   0.0000000e+00   1.4783460e+04   6.7300000e+02
   0.0000000e+00   0.0000000e+00   1.4700739e+04   6.7500000e+02
   0.0000000e+00   0.0000000e+00   1.4627605e+04   6.7800000e+02
   0.0000000e+00   0.0000000e+00   1.4562423e+04   6.7900000e+02
   0.0000000e+00   0.0000000e+00   1.4526783e+04   6.8000000e+02
   0.0000000e+00   0.0000000e+00   1.4500337e+04   6.8200000e+02
   0.0000000e+00   0.0000000e+00   1.4480914e+04   6.8300000e+02
   0.0000000e+00   0.0000000e+00   1.4423125e+04   6.8400000e+02
   0.0000000e+00   0.0000000e+00   1.3927124e+04   6.8500000e+02
   0.0000000e+00   0.0000000e+00   1.3831429e+04   7.1400000e+02
   0.0000000e+00   0.0000000e+00   1.3802796e+04   7.1700000e+02
   0.0000000e+00   0.0000000e+00   1.3800548e+04   7.1800000e+02
   0.0000000e+00   0.0000000e+00   1.3777752e+04   7.2100000e+02
   0.0000000e+00   0.0000000e+00   1.3774716e+04   7.2300000e+02
   0.0000000e+00   0.0000000e+00   1.3554394e+04   7.2600000e+02
   0.0000000e+00   0.0000000e+00   1.3444323e+04   7.2700000e+02
   0.0000000e+00   0.0000000e+00   1.3420853e+04   7.3000000e+02
   0.0000000e+00   0.0000000e+00   1.3417625e+04   7.3300000e+02
   0.0000000e+00   0.0000000e+00   1.3189228e+04   7.5100000e+02
   0.0000000e+00   0.0000000e+00   1.2859102e+04   7.5200000e+02
   0.0000000e+00   0.0000000e+00   1.2836313e+04   7.5400000e+02
   0.0000000e+00   0.0000000e+00   1.2713817e+04   7.5500000e+02
   0.0000000e+00   0.0000000e+00   1.2713766e+04   7.5600000e+02
   0.0000000e+00   0.0000000e+00   1.2700792e+04   7.5800000e+02
   0.0000000e+00   0.0000000e+00   1.2568508e+04   7.5900000e+02
   0.0000000e+00   0.0000000e+00   1.2562076e+04   7.6100000e+02
   0.0000000e+00   0.0000000e+00   1.2540398e+04   7.9100000e+02
   0.0000000e+00   0.0000000e+00   1.2508649e+04   7.9200000e+02
   0.0000000e+00   0.0000000e+00   1.2476613e+04   7.9300000e+02
   0.0000000e+00   0.0000000e+00   1.2433185e+04   7.9600000e+02
   0.0000000e+00   0.0000000e+00   1.2338608e+04   8.3300000e+02
   0.0000000e+00   0.0000000e+00   1.2327885e+04   8.7200000e+02
   0.0000000e+00   0.0000000e+00   1.2125852e+04   8.9600000e+02
   0.0000000e+00   0.0000000e+00   1.2055827e+04   9.0100000e+02
   0.0000000e+00   0.0000000e+00   1.1968741e+04   9.0300000e+02
   0.0000000e+00   0.0000000e+00   1.1961223e+04   9.0600000e+02
   0.0000000e+00   0.0000000e+00   1.1929597e+04   9.1500000e+02
   0.0000000e+00   0.0000000e+00   1.1898273e+04   9.4000000e+02
   0.0000000e+00   0.0000000e+00   1.1879873e+04   9.4900000e+02
   0.0000000e+00   0.0000000e+00   1.1819341e+04   9.7100000e+02
   0.0000000e+00   0.0000000e+00   1.1684330e+04   9.7900000e+02
   0.0000000e+00   0.0000000e+00   1.1651250e+04   9.8700000e+02
   0.0000000e+00   0.0000000e+00   1.1538411e+04   1.0080000e+03
   0.0000000e+00   0.0000000e+00   1.1494620e+04   1.0110000e+03
   0.0000000e+00   0.0000000e+00   1.1312768e+04   1.0120000e+03
   0.0000000e+00   0.0000000e+00   1.1287546e+04   1.0130000e+03
   0.0000000e+00   0.0000000e+00   1.1071109e+04   1.0140000e+03
   0.0000000e+00   0.0000000e+00   1.1067463e+04   1.0160000e+03
   0.0000000e+00   0.0000000e+00   1.1027042e+04   1.0170000e+03
   0.0000000e+00   0.0000000e+00   1.1006846e+04   1.0210000e+03
   0.0000000e+00   0.0000000e+00   1.0985525e+04   1.0490000e+03
   0.0000000e+00   0.0000000e+00   1.0981124e+04   1.0500000e+03
   0.0000000e+00   0.0000000e+00   1.0969149e+04   1.0510000e+03
   0.0000000e+00   0.0000000e+00   1.0954048e+04   1.0620000e+03
   0.0000000e+00   0.0000000e+00   1.0927946e+04   1.0860000e+03
   0.0000000e+00   0.0000000e+00   1.0893839e+04   1.0880000e+03
   0.0000000e+00   0.0000000e+00   1.0872616e+04   1.0890000e+03
   0.0000000e+00   0.0000000e+00   1.0806673e+04   1.0900000e+03
   0.0000000e+00   0.0000000e+00   1.0795675e+04   1.0940000e+03
   0.0000000e+00   0.0000000e+00   1.0750487e+04   1.0970000e+03
   0.0000000e+00   0.0000000e+00   1.0737231e+04   1.1000000e+03
   0.0000000e+00   0.0000000e+00   1.0694702e+04   1.1210000e+03
   0.0000000e+00   0.0000000e+00   1.0632947e+04   1.1230000e+03
   0.0000000e+00   0.0000000e+00   1.0494840e+04   1.1240000e+03
   0.0000000e+00   0.0000000e+00   1.0393412e+04   1.1250000e+03
   0.0000000e+00   0.0000000e+00   1.0365268e+04   1.1260000e+03
   0.0000000e+00   0.0000000e+00   1.0249567e+04   1.1290000e+03
   0.0000000e+00   0.0000000e+00   1.0202268e+04   1.1600000e+03
   0.0000000e+00   0.0000000e+00   1.0154351e+04   1.1980000e+03
   0.0000000e+00   0.0000000e+00   1.0039149e+04   1.1990000e+03
   0.0000000e+00   0.0000000e+00   9.9634457e+03   1.2030000e+03
   0.0000000e+00   0.0000000e+00   9.9290152e+03   1.2360000e+03
   0.0000000e+00   0.0000000e+00   9.8967004e+03   1.2370000e+03
   0.0000000e+00   0.0000000e+00   9.8155571e+03   1.2380000e+03
   0.0000000e+00   0.0000000e+00   9.7430365e+03   1.2660000e+03
   0.0000000e+00   0.0000000e+00   9.6912632e+03   1.2670000e+03
   0.0000000e+00   0.0000000e+00   9.6471143e+03   1.2690000e+03
   0.0000000e+00   0.0000000e+00   9.6342881e+03   1.2720000e+03
   0.0000000e+00   0.0000000e+00   9.6226892e+03   1.3080000e+03
   0.0000000e+00   0.0000000e+00   9.6160006e+03   1.3090000e+03
   0.0000000e+00   0.0000000e+00   9.6091957e+03   1.3120000e+03
   0.0000000e+00   0.0000000e+00   9.5689645e+03   1.3140000e+03
   0.0000000e+00   0.0000000e+00   9.5652418e+03   1.3160000e+03
   0.0000000e+00   0.0000000e+00   9.5395620e+03   1.3400000e+03
   0.0000000e+00   0.0000000e+00   9.4885066e+03   1.3430000e+03
   0.0000000e+00   0.0000000e+00   9.3269789e+03   1.3450000e+03
   0.0000000e+00   0.0000000e+00   9.2967536e+03   1.3790000e+03
   0.0000000e+00   0.0000000e+00   9.2507902e+03   1.3810000e+03
   0.0000000e+00   0.0000000e+00   9.1527128e+03   1.3820000e+03
   0.0000000e+00   0.0000000e+00   9.0259192e+03   1.3830000e+03
   0.0000000e+00   0.0000000e+00   8.9754694e+03   1.3840000e+03
   0.0000000e+00   0.0000000e+00   8.9407751e+03   1.3870000e+03
   0.0000000e+00   0.0000000e+00   8.9277112e+03   1.4190000e+03
   0.0000000e+00   0.0000000e+00   8.9248563e+03   1.4220000e+03
   0.0000000e+00   0.0000000e+00   8.8420299e+03   1.4230000e+03
   0.0000000e+00   0.0000000e+00   8.8307671e+03   1.4240000e+03
   0.0000000e+00   0.0000000e+00   8.8021113e+03   1.4280000e+03
   0.0000000e+00   0.0000000e+00   8.7768498e+03   1.4300000e+03
   0.0000000e+00   0.0000000e+00   8.7616617e+03   1.4580000e+03
   0.0000000e+00   0.0000000e+00   8.7299526e+03   1.4630000e+03
   0.0000000e+00   0.0000000e+00   8.5711883e+03   1.4900000e+03
   0.0000000e+00   0.0000000e+00   8.5513456e+03   1.4930000e+03
   0.0000000e+00   0.0000000e+00   8.5442313e+03   1.4940000e+03
   0.0000000e+00   0.0000000e+00   8.5419669e+03   1.4950000e+03
   0.0000000e+00   0.0000000e+00   8.5415574e+03   1.4990000e+03
   0.0000000e+00   0.0000000e+00   8.4942767e+03   1.5310000e+03
   0.0000000e+00   0.0000000e+00   8.3863152e+03   1.5610000e+03
   0.0000000e+00   0.0000000e+00   8.3696360e+03   1.5700000e+03
   0.0000000e+00   0.0000000e+00   8.3636421e+03   1.5740000e+03
   0.0000000e+00   0.0000000e+00   8.2782086e+03   1.6030000e+03
   0.0000000e+00   0.0000000e+00   8.2566515e+03   1.6050000e+03
   0.0000000e+00   0.0000000e+00   8.2208469e+03   1.6350000e+03
   0.0000000e+00   0.0000000e+00   8.1810146e+03   1.6390000e+03
   0.0000000e+00   0.0000000e+00   8.1703784e+03   1.6410000e+03
   0.0000000e+00   0.0000000e+00   8.1233003e+03   1.6800000e+03
   0.0000000e+00   0.0000000e+00   8.1165802e+03   1.6820000e+03
   0.0000000e+00   0.0000000e+00   7.9944595e+03   1.7170000e+03
   0.0000000e+00   0.0000000e+00   7.9298116e+03   1.7200000e+03
   0.0000000e+00   0.0000000e+00   7.9215734e+03   1.7210000e+03
   0.0000000e+00   0.0000000e+00   7.9164803e+03   1.7900000e+03
   0.0000000e+00   0.0000000e+00   7.8958763e+03   1.7910000e+03
   0.0000000e+00   0.0000000e+00   7.8908324e+03   1.7920000e+03
   0.0000000e+00   0.0000000e+00   7.6757630e+03   1.8260000e+03
   0.0000000e+00   0.0000000e+00   7.6528694e+03   1.8330000e+03
   0.0000000e+00   0.0000000e+00   7.6409415e+03   1.8400000e+03
   0.0000000e+00   0.0000000e+00   7.6103849e+03   1.8640000e+03
   0.0000000e+00   0.0000000e+00   7.5736862e+03   1.8980000e+03
   0.0000000e+00   0.0000000e+00   7.5542935e+03   1.9010000e+03
   0.0000000e+00   0.0000000e+00   7.5537866e+03   1.9060000e+03
   0.0000000e+00   0.0000000e+00   7.4846348e+03   1.9330000e+03
   0.0000000e+00   0.0000000e+00   7.4431482e+03   1.9370000e+03
   0.0000000e+00   0.0000000e+00   7.4359657e+03   1.9380000e+03
   0.0000000e+00   0.0000000e+00   7.3913840e+03   1.9420000e+03
   0.0000000e+00   0.0000000e+00   7.3777478e+03   1.9710000e+03
   0.0000000e+00   0.0000000e+00   7.3350454e+03   1.9730000e+03
   0.0000000e+00   0.0000000e+00   7.3253693e+03   1.9770000e+03
   0.0000000e+00   0.0000000e+00   7.3035145e+03   1.9780000e+03
   0.0000000e+00   0.0000000e+00   7.2703131e+03   1.9790000e+03
   0.0000000e+00   0.0000000e+00   7.2320462e+03   2.0090000e+03
   0.0000000e+00   0.0000000e+00   7.2109098e+03   2.0130000e+03
   0.0000000e+00   0.0000000e+00   7.2097666e+03   2.0140000e+03
   0.0000000e+00   0.0000000e+00   7.2011068e+03   2.0460000e+03
   0.0000000e+00   0.0000000e+00   7.1919761e+03   2.0470000e+03
   0.0000000e+00   0.0000000e+00   7.1724858e+03   2.0480000e+03
   0.0000000e+00   0.0000000e+00   7.1395285e+03   2.0530000e+03
   0.0000000e+00   0.0000000e+00   7.0916069e+03   2.0850000e+03
   0.0000000e+00   0.0000000e+00   7.0661468e+03   2.0890000e+03
   0.0000000e+00   0.0000000e+00   7.0040932e+03   2.1590000e+03
   0.0000000e+00   0.0000000e+00   6.9739878e+03   2.1610000e+03
   0.0000000e+00   0.0000000e+00   6.9721097e+03   2.1620000e+03
   0.0000000e+00   0.0000000e+00   6.9711951e+03   2.2730000e+03
   0.0000000e+00   0.0000000e+00   6.9552164e+03   2.3030000e+03
   0.0000000e+00   0.0000000e+00   6.9474344e+03   2.3420000e+03
   0.0000000e+00   0.0000000e+00   6.9411987e+03   2.3470000e+03
   0.0000000e+00   0.0000000e+00   6.9030575e+03   2.3520000e+03
   0.0000000e+00   0.0000000e+00   6.8698237e+03   2.3810000e+03
   0.0000000e+00   0.0000000e+00   6.8497320e+03   2.3830000e+03
   0.0000000e+00   0.0000000e+00   6.8488600e+03   2.4230000e+03
   0.0000000e+00   0.0000000e+00   6.8349390e+03   2.4930000e+03
   0.0000000e+00   0.0000000e+00   6.8106669e+03   2.5290000e+03
   0.0000000e+00   0.0000000e+00   6.8024571e+03   2.5300000e+03
   0.0000000e+00   0.0000000e+00   6.7800147e+03   2.6090000e+03
   0.0000000e+00   0.0000000e+00   6.7205803e+03   2.8730000e+03
   0.0000000e+00   0.0000000e+00   6.7034646e+03   2.9000000e+03
   0.0000000e+00   0.0000000e+00   6.6666306e+03   2.9350000e+03
   0.0000000e+00   0.0000000e+00   6.6594091e+03   2.9370000e+03
   0.0000000e+00   0.0000000e+00   6.6352324e+03   2.9690000e+03
   0.0000000e+00   0.0000000e+00   6.6136147e+03   3.0130000e+03
   0.0000000e+00   0.0000000e+00   6.5927546e+03   3.0140000e+03
   0.0000000e+00   0.0000000e+00   6.5592584e+03   3.0820000e+03
   0.0000000e+00   0.0000000e+00   6.5567495e+03   3.0840000e+03
   0.0000000e+00   0.0000000e+00   6.5075732e+03   3.0900000e+03
   0.0000000e+00   0.0000000e+00   6.4998514e+03   3.1570000e+03
   0.0000000e+00   0.0000000e+00   6.4731343e+03   3.1590000e+03
   0.0000000e+00   0.0000000e+00   6.4659476e+03   3.4560000e+03
   0.0000000e+00   0.0000000e+00   6.4583490e+03   3.4570000e+03
   0.0000000e+00   0.0000000e+00   6.4322638e+03   3.4900000e+03
   0.0000000e+00   0.0000000e+00   6.4232912e+03   3.4910000e+03
   0.0000000e+00   0.0000000e+00   6.4200427e+03   3.5310000e+03
   0.0000000e+00   0.0000000e+00   6.4128576e+03   3.5650000e+03
   0.0000000e+00   0.0000000e+00   6.3865976e+03   3.6020000e+03
   0.0000000e+00   0.0000000e+00   6.3789617e+03   3.7140000e+03
   0.0000000e+00   0.0000000e+00   6.3694661e+03   3.7150000e+03
   0.0000000e+00   0.0000000e+00   6.3612550e+03   3.7890000e+03
   0.0000000e+00   0.0000000e+00   6.3425544e+03   3.9760000e+03
   0.0000000e+00   0.0000000e+00   6.3083334e+03   4.0040000e+03
   0.0000000e+00   0.0000000e+00   6.3073974e+03   4.0470000e+03
   0.0000000e+00   0.0000000e+00   6.3065188e+03   4.0830000e+03
   0.0000000e+00   0.0000000e+00   6.2902094e+03   4.1570000e+03
   0.0000000e+00   0.0000000e+00   6.2873441e+03   4.3420000e+03
   0.0000000e+00   0.0000000e+00   6.2846043e+03   4.6380000e+03
   0.0000000e+00   0.0000000e+00   6.2642512e+03   4.7870000e+03
   0.0000000e+00   0.0000000e+00   6.2616618e+03   4.8240000e+03
   0.0000000e+00   0.0000000e+00   6.2506509e+03   4.8960000e+03
   0.0000000e+00   0.0000000e+00   6.1990552e+03   5.1200000e+03
   0.0000000e+00   0.0000000e+00   6.1845670e+03   5.2670000e+03
   0.0000000e+00   0.0000000e+00   6.1662212e+03   5.2680000e+03
   0.0000000e+00   0.0000000e+00   6.1536961e+03   5.4140000e+03
   0.0000000e+00   0.0000000e+00   6.1402931e+03   5.4880000e+03
   0.0000000e+00   0.0000000e+00   6.1402361e+03   5.7860000e+03
   0.0000000e+00   0.0000000e+00   6.1331057e+03   5.9730000e+03
   0.0000000e+00   0.0000000e+00   6.1220064e+03   6.1920000e+03
   0.0000000e+00   0.0000000e+00   6.1215512e+03   7.0460000e+03
   0.0000000e+00   0.0000000e+00   6.1021282e+03   7.1870000e+03
   0.0000000e+00   0.0000000e+00   6.0848933e+03   7.9340000e+03
   0.0000000e+00   0.0000000e+00   6.0830129e+03   8.0800000e+03
   0.0000000e+00   0.0000000e+00   6.0795820e+03   8.3040000e+03
   0.0000000e+00   0.0000000e+00   6.0783032e+03   8.5630000e+03
   0.0000000e+00   0.0000000e+00   6.0772339e+03   8.6690000e+03
   0.0000000e+00   0.0000000e+00   6.0675949e+03   8.7070000e+03
   0.0000000e+00   0.0000000e+00   6.0668710e+03   8.7800000e+03
   0.0000000e+00   0.0000000e+00   6.0583623e+03   9.0420000e+03
   0.0000000e+00   0.0000000e+00   6.0577879e+03   9.0480000e+03
   0.0000000e+00   0.0000000e+00   6.0293892e+03   9.1900000e+03
   0.0000000e+00   0.0000000e+00   6.0234454e+03   9.4090000e+03
   0.0000000e+00   0.0000000e+00   6.0132695e+03   9.6330000e+03
   0.0000000e+00   0.0000000e+00   6.0073671e+03   9.7400000e+03
   0.0000000e+00   0.0000000e+00   6.0014553e+03   9.7440000e+03
   0.0000000e+00   0.0000000e+00   5.9990741e+03   1.0527000e+04
   0.0000000e+00   0.0000000e+00   5.9979518e+03   1.0557000e+04
   0.0000000e+00   0.0000000e+00   5.9882538e+03   1.0849000e+04
   0.0000000e+00   0.0000000e+00   5.9803908e+03   1.1111000e+04
   0.0000000e+00   0.0000000e+00   5.9609180e+03   1.1152000e+04
   0.0000000e+00   0.0000000e+00   5.9491368e+03   1.1260000e+04
   0.0000000e+00   0.0000000e+00   5.9339174e+03   1.1336000e+04
   0.0000000e+00   0.0000000e+00   5.9203037e+03   1.1773000e+04
   0.0000000e+00   0.0000000e+00   5.8956550e+03   1.1814000e+04
   0.0000000e+00   0.0000000e+00   5.8832081e+03   1.2369000e+04
   0.0000000e+00   0.0000000e+00   5.8713339e+03   1.2516000e+04
   0.0000000e+00   0.0000000e+00   5.8702057e+03   1.2925000e+04
   0.0000000e+00   0.0000000e+00   5.8680943e+03   1.2926000e+04
   0.0000000e+00   0.0000000e+00   5.8632708e+03   1.4290000e+04
   0.0000000e+00   0.0000000e+00   5.8557683e+03   1.4368000e+04
   0.0000000e+00   0.0000000e+00   5.8518650e+03   1.4628000e+04
   0.0000000e+00   0.0000000e+00   5.8499993e+03   1.4666000e+04
   0.0000000e+00   0.0000000e+00   5.8349278e+03   1.4887000e+04
   0.0000000e+00   0.0000000e+00   5.8274756e+03   1.5443000e+04
   0.0000000e+00   0.0000000e+00   5.8170737e+03   1.7216000e+04
   0.0000000e+00   0.0000000e+00   5.8128221e+03   1.7662000e+04
   0.0000000e+00   0.0000000e+00   5.8127454e+03   1.7922000e+04
   0.0000000e+00   0.0000000e+00   5.8110049e+03   1.8699000e+04
   0.0000000e+00   0.0000000e+00   5.8049171e+03   1.9104000e+04
   0.0000000e+00   0.0000000e+00   5.7997956e+03   2.0882000e+04
   0.0000000e+00   0.0000000e+00   5.7953187e+03   2.1286000e+04
   0.0000000e+00   0.0000000e+00   5.7905392e+03   2.1732000e+04
   0.0000000e+00   0.0000000e+00   5.7893892e+03   2.1846000e+04
   0.0000000e+00   0.0000000e+00   5.7884292e+03   2.2509000e+04
   0.0000000e+00   0.0000000e+00   5.7839178e+03   2.3510000e+04
   0.0000000e+00   0.0000000e+00   5.7743593e+03   2.3690000e+04
   0.0000000e+00   0.0000000e+00   5.7726314e+03   2.3840000e+04
   0.0000000e+00   0.0000000e+00   5.7605007e+03   2.4286000e+04
   0.0000000e+00   0.0000000e+00   5.7545677e+03   2.4429000e+04
   0.0000000e+00   0.0000000e+00   5.7514448e+03   2.4471000e+04
   0.0000000e+00   0.0000000e+00   5.7506909e+03   2.5653000e+04
   0.0000000e+00   0.0000000e+00   5.7475018e+03   2.5950000e+04
   0.0000000e+00   0.0000000e+00   5.7460653e+03   2.6246000e+04
   0.0000000e+00   0.0000000e+00   5.7394298e+03   2.7466000e+04
   0.0000000e+00   0.0000000e+00   5.7340340e+03   2.8168000e+04
   0.0000000e+00   0.0000000e+00   5.7322175e+03   2.8244000e+04
   0.0000000e+00   0.0000000e+00   5.7299824e+03   3.0573000e+04
   0.0000000e+00   0.0000000e+00   5.7279688e+03   3.1056000e+04
   0.0000000e+00   0.0000000e+00   5.7224401e+03   3.1757000e+04
   0.0000000e+00   0.0000000e+00   5.7160625e+03   3.2171000e+04
   0.0000000e+00   0.0000000e+00   5.7104825e+03   3.2497000e+04
   0.0000000e+00   0.0000000e+00   5.7032508e+03   3.2945000e+04
   0.0000000e+00   0.0000000e+00   5.6942935e+03   3.3091000e+04
   0.0000000e+00   0.0000000e+00   5.6907812e+03   3.3461000e+04
   0.0000000e+00   0.0000000e+00   5.6903914e+03   3.3609000e+04
   0.0000000e+00   0.0000000e+00   5.6879914e+03   3.3689000e+04
   0.0000000e+00   0.0000000e+00   5.6744989e+03   3.4053000e+04
   0.0000000e+00   0.0000000e+00   5.6722683e+03   3.6165000e+04
   0.0000000e+00   0.0000000e+00   5.6710590e+03   3.6197000e+04
   0.0000000e+00   0.0000000e+00   5.6707147e+03   3.6310000e+04
   0.0000000e+00   0.0000000e+00   5.6655355e+03   3.6421000e+04
   0.0000000e+00   0.0000000e+00   5.6522025e+03   3.7231000e+04
   0.0000000e+00   0.0000000e+00   5.6494620e+03   3.7644000e+04
   0.0000000e+00   0.0000000e+00   5.6473362e+03   3.9307000e+04
   0.0000000e+00   0.0000000e+00   5.6470478e+03   3.9494000e+04
   0.0000000e+00   0.0000000e+00   5.6401942e+03   4.0010000e+04
   0.0000000e+00   0.0000000e+00   5.6350993e+03   4.0157000e+04
   0.0000000e+00   0.0000000e+00   5.6301537e+03   4.0529000e+04
   0.0000000e+00   0.0000000e+00   5.6283252e+03   4.0640000e+04
   0.0000000e+00   0.0000000e+00   5.6276540e+03   4.0898000e+04
   0.0000000e+00   0.0000000e+00   5.6270789e+03   4.1382000e+04
   0.0000000e+00   0.0000000e+00   5.6212009e+03   4.2086000e+04
   0.0000000e+00   0.0000000e+00   5.6046922e+03   4.2118000e+04
   0.0000000e+00   0.0000000e+00   5.6034457e+03   4.2561000e+04
   0.0000000e+00   0.0000000e+00   5.5897878e+03   4.3337000e+04
   0.0000000e+00   0.0000000e+00   5.5890932e+03   4.3490000e+04
   0.0000000e+00   0.0000000e+00   5.5841344e+03   4.3968000e+04
   0.0000000e+00   0.0000000e+00   5.5828224e+03   4.4006000e+04
   0.0000000e+00   0.0000000e+00   5.5776912e+03   4.4078000e+04
   0.0000000e+00   0.0000000e+00   5.5705956e+03   4.4153000e+04
   0.0000000e+00   0.0000000e+00   5.5666997e+03   4.4190000e+04
   0.0000000e+00   0.0000000e+00   5.5650453e+03   4.4228000e+04
   0.0000000e+00   0.0000000e+00   5.5621666e+03   4.4561000e+04
   0.0000000e+00   0.0000000e+00   5.5602360e+03   4.5745000e+04
   0.0000000e+00   0.0000000e+00   5.5470354e+03   4.6594000e+04
   0.0000000e+00   0.0000000e+00   5.5457890e+03   4.7815000e+04
   0.0000000e+00   0.0000000e+00   5.5445153e+03   4.9407000e+04
   0.0000000e+00   0.0000000e+00   5.5393695e+03   4.9965000e+04
   0.0000000e+00   0.0000000e+00   5.5342985e+03   5.2773000e+04
   0.0000000e+00   0.0000000e+00   5.5301994e+03   5.3997000e+04
   0.0000000e+00   0.0000000e+00   5.5287448e+03   5.5104000e+04
   0.0000000e+00   0.0000000e+00   5.5265097e+03   5.5401000e+04
   0.0000000e+00   0.0000000e+00   5.5231686e+03   5.6363000e+04
   0.0000000e+00   0.0000000e+00   5.5230862e+03   5.6773000e+04
   0.0000000e+00   0.0000000e+00   5.5198860e+03   6.4363000e+04
   0.0000000e+00   0.0000000e+00   5.5192504e+03   6.4763000e+04
   0.0000000e+00   0.0000000e+00   5.4974406e+03   6.5058000e+04
   0.0000000e+00   0.0000000e+00   5.4965346e+03   6.5577000e+04
   0.0000000e+00   0.0000000e+00   5.4896235e+03   6.5613000e+04
   0.0000000e+00   0.0000000e+00   5.4827589e+03   6.6724000e+04
   0.0000000e+00   0.0000000e+00   5.4809957e+03   6.6837000e+04
   0.0000000e+00   0.0000000e+00   5.4795411e+03   6.7759000e+04
   0.0000000e+00   0.0000000e+00   5.4744039e+03   6.8313000e+04
   0.0000000e+00   0.0000000e+00   5.4685421e+03   6.8611000e+04
   0.0000000e+00   0.0000000e+00   5.4651900e+03   6.8613000e+04
   0.0000000e+00   0.0000000e+00   5.4566524e+03   6.9383000e+04
   0.0000000e+00   0.0000000e+00   5.4468307e+03   6.9613000e+04
   0.0000000e+00   0.0000000e+00   5.4418189e+03   7.0976000e+04
   0.0000000e+00   0.0000000e+00   5.4403829e+03   7.1870000e+04
   0.0000000e+00   0.0000000e+00   5.4345873e+03   7.3344000e+04
   0.0000000e+00   0.0000000e+00   5.4309107e+03   7.8192000e+04
   0.0000000e+00   0.0000000e+00   5.4273825e+03   7.9896000e+04
   0.0000000e+00   0.0000000e+00   5.4223223e+03   8.1044000e+04
   0.0000000e+00   0.0000000e+00   5.4186457e+03   8.1263000e+04
   0.0000000e+00   0.0000000e+00   5.4098849e+03   8.1299000e+04
   0.0000000e+00   0.0000000e+00   5.4062083e+03   8.1375000e+04
   0.0000000e+00   0.0000000e+00   5.4023824e+03   8.1412000e+04
   0.0000000e+00   0.0000000e+00   5.3945906e+03   8.5592000e+04
   0.0000000e+00   0.0000000e+00   5.3915364e+03   9.0659000e+04
   0.0000000e+00   0.0000000e+00   5.3873500e+03   9.2585000e+04
   0.0000000e+00   0.0000000e+00   5.3861438e+03   9.8100000e+04
   0.0000000e+00   0.0000000e+00   5.3860820e+03   1.0871800e+05
   0.0000000e+00   0.0000000e+00   5.3851227e+03   1.1126900e+05
   0.0000000e+00   0.0000000e+00   5.3844515e+03   1.1186400e+05
   0.0000000e+00   0.0000000e+00   5.3740496e+03   1.2185300e+05
   0.0000000e+00   0.0000000e+00   5.3725950e+03   1.3435800e+05
   0.0000000e+00   0.0000000e+00   5.3686330e+03   1.3850300e+05
   0.0000000e+00   0.0000000e+00   5.3682676e+03   1.4379700e+05
   0.0000000e+00   0.0000000e+00   5.3662006e+03   1.4431200e+05
   0.0000000e+00   0.0000000e+00   5.3647460e+03   1.4434900e+05
   0.0000000e+00   0.0000000e+00   5.3632914e+03   1.4605000e+05
   0.0000000e+00   0.0000000e+00   5.3617734e+03   1.5426600e+05
