   2.3886851e+02   9.7927248e+00   1.5903088e+04   9.0000000e+00
   2.2922874e+02   1.0301417e+01   1.5740640e+04   1.0000000e+01
   2.2329358e+02   9.9519059e+00   1.5614551e+04   1.1000000e+01
   2.2320207e+02   9.9877063e+00   1.5605593e+04   1.4000000e+01
   2.2259765e+02   9.9231361e+00   1.5620641e+04   1.8000000e+01
   2.0773824e+02   8.1962245e+00   1.5634198e+04   1.9000000e+01
   1.9970224e+02   7.5177067e+00   1.5586409e+04   2.0000000e+01
   1.9255884e+02   6.4572282e+00   1.5578569e+04   2.1000000e+01
   1.7663069e+02   5.4882323e+00   1.5592968e+04   2.2000000e+01
   1.7101462e+02   4.0179470e+00   1.5655106e+04   2.3000000e+01
   1.7025154e+02   3.9663850e+00   1.5625066e+04   2.4000000e+01
   1.6890224e+02   3.8991914e+00   1.5709699e+04   2.5000000e+01
   1.6723923e+02   3.7603164e+00   1.5802525e+04   2.6000000e+01
   1.5550504e+02   3.5521962e+00   1.6048555e+04   2.8000000e+01
   1.5540147e+02   3.5615515e+00   1.6170364e+04   2.9000000e+01
   1.5488780e+02   3.5492896e+00   1.6321830e+04   3.1000000e+01
   1.5161607e+02   3.3098294e+00   1.6702073e+04   3.3000000e+01
   1.5028335e+02   3.1409559e+00   1.7138160e+04   3.5000000e+01
   1.4950082e+02   3.1316862e+00   1.7616031e+04   3.7000000e+01
   1.4777034e+02   3.1355676e+00   1.7449869e+04   4.6000000e+01
   1.4285815e+02   2.6543737e+00   1.7369808e+04   4.9000000e+01
   1.4139560e+02   2.8723125e+00   1.7190156e+04   5.0000000e+01
   1.3908989e+02   2.7960728e+00   1.7199585e+04   5.1000000e+01
   1.3823364e+02   2.7637642e+00   1.7075890e+04   5.2000000e+01
   1.2397346e+02   3.0426529e+00   1.7092792e+04   5.3000000e+01
   1.2376165e+02   2.7992255e+00   1.7133888e+04   5.5000000e+01
   1.2330488e+02   2.7819782e+00   1.7149247e+04   5.8000000e+01
   1.2132893e+02   2.7372868e+00   1.7111741e+04   6.0000000e+01
   1.1809347e+02   2.7331636e+00   1.7134328e+04   6.1000000e+01
   1.1798415e+02   2.7184484e+00   1.7052610e+04   6.2000000e+01
   1.1618732e+02   2.1319900e+00   1.7092917e+04   6.3000000e+01
   7.6607695e+01   2.2798943e-01   1.7072622e+04   6.4000000e+01
   7.4469243e+01   2.2615126e-01   1.7266842e+04   6.5000000e+01
   7.1787505e+01   2.0984005e-01   1.7444764e+04   6.7000000e+01
   6.8401829e+01   1.6218837e-01   1.7773844e+04   6.8000000e+01
   6.7160787e+01   1.7318591e-01   1.8163920e+04   7.2000000e+01
   6.6060346e+01   7.3159471e-02   1.8533245e+04   7.3000000e+01
   6.5705054e+01   7.4056210e-02   1.8988252e+04   7.4000000e+01
   6.5396595e+01   5.2537480e-02   1.9463849e+04   7.5000000e+01
   6.4908171e+01   4.8109020e-02   1.9285308e+04   8.5000000e+01
   6.2241850e+01   5.5155686e-02   1.9083084e+04   8.8000000e+01
   6.1701167e+01   3.4181533e-02   1.8992191e+04   9.2000000e+01
   6.1623077e+01   3.0260705e-02   1.8766350e+04   9.4000000e+01
   6.1592117e+01   0.0000000e+00   1.8764866e+04   9.5000000e+01
   5.8550056e+01   0.0000000e+00   1.8815284e+04   9.6000000e+01
   5.7630102e+01   0.0000000e+00   1.8884107e+04   9.7000000e+01
   5.7022036e+01   0.0000000e+00   1.8987333e+04   9.9000000e+01
   5.5937327e+01   0.0000000e+00   1.9096850e+04   1.0100000e+02
   5.5859723e+01   0.0000000e+00   1.9218618e+04   1.0200000e+02
   5.5497895e+01   0.0000000e+00   1.9321115e+04   1.0400000e+02
   5.3461865e+01   0.0000000e+00   1.9554772e+04   1.0500000e+02
   5.3404523e+01   0.0000000e+00   1.9898814e+04   1.0800000e+02
   5.2735126e+01   0.0000000e+00   2.0313755e+04   1.1000000e+02
   5.0801015e+01   0.0000000e+00   2.0998214e+04   1.1100000e+02
   5.0394231e+01   0.0000000e+00   2.0875678e+04   1.1900000e+02
   4.7033514e+01   0.0000000e+00   2.0850902e+04   1.2300000e+02
   4.6985199e+01   0.0000000e+00   2.0653443e+04   1.3000000e+02
   4.6840154e+01   0.0000000e+00   2.0535161e+04   1.3100000e+02
   3.3797617e+01   0.0000000e+00   2.0574053e+04   1.3200000e+02
   3.3574730e+01   0.0000000e+00   2.0543527e+04   1.3500000e+02
   3.3467876e+01   0.0000000e+00   2.0592792e+04   1.3600000e+02
   3.2897794e+01   0.0000000e+00   2.0455474e+04   1.3700000e+02
   3.2865832e+01   0.0000000e+00   2.0453081e+04   1.3800000e+02
   3.2646847e+01   0.0000000e+00   2.0324639e+04   1.3900000e+02
   3.2403948e+01   0.0000000e+00   2.0339683e+04   1.4000000e+02
   3.1324546e+01   0.0000000e+00   2.0604313e+04   1.4100000e+02
   3.1202904e+01   0.0000000e+00   2.0827202e+04   1.4200000e+02
   2.6194162e+01   0.0000000e+00   2.1219333e+04   1.4300000e+02
   2.6090718e+01   0.0000000e+00   2.1564076e+04   1.4500000e+02
   2.2330092e+01   0.0000000e+00   2.1974158e+04   1.4600000e+02
   2.2145449e+01   0.0000000e+00   2.2353451e+04   1.4800000e+02
   2.1954460e+01   0.0000000e+00   2.3174799e+04   1.4900000e+02
   2.1632326e+01   0.0000000e+00   2.2563618e+04   1.5500000e+02
   1.9973832e+01   0.0000000e+00   2.2453754e+04   1.5700000e+02
   1.6642737e+01   0.0000000e+00   2.2132146e+04   1.6000000e+02
   1.6554057e+01   0.0000000e+00   2.1806225e+04   1.6100000e+02
   1.6346428e+01   0.0000000e+00   2.1729988e+04   1.6200000e+02
   1.6003722e+01   0.0000000e+00   2.1696351e+04   1.6500000e+02
   9.5906365e+00   0.0000000e+00   2.1647407e+04   1.7000000e+02
   9.4703961e+00   0.0000000e+00   2.1667774e+04   1.7300000e+02
   8.9959401e+00   0.0000000e+00   2.1675766e+04   1.7400000e+02
   8.5446362e+00   0.0000000e+00   2.1896482e+04   1.7600000e+02
   8.4312972e+00   0.0000000e+00   2.2052261e+04   1.7700000e+02
   8.3988314e+00   0.0000000e+00   2.2105046e+04   1.7800000e+02
   7.6978377e+00   0.0000000e+00   2.2486221e+04   1.7900000e+02
   7.6577472e+00   0.0000000e+00   2.2752127e+04   1.8100000e+02
   7.5858238e+00   0.0000000e+00   2.2829476e+04   1.8200000e+02
   7.5820951e+00   0.0000000e+00   2.2879518e+04   1.8300000e+02
   7.3782039e+00   0.0000000e+00   2.3368621e+04   1.8400000e+02
   7.2922789e+00   0.0000000e+00   2.3773534e+04   1.8500000e+02
   5.5721737e+00   0.0000000e+00   2.4204059e+04   1.8600000e+02
   5.3728625e+00   0.0000000e+00   2.3719606e+04   1.9700000e+02
   5.3647223e+00   0.0000000e+00   2.3679208e+04   1.9900000e+02
   5.2647887e+00   0.0000000e+00   2.3472607e+04   2.0300000e+02
   5.1649693e+00   0.0000000e+00   2.3421388e+04   2.0600000e+02
   5.1466102e+00   0.0000000e+00   2.3397118e+04   2.0900000e+02
   5.1328666e+00   0.0000000e+00   2.3272205e+04   2.1100000e+02
   5.0818318e+00   0.0000000e+00   2.3207262e+04   2.1400000e+02
   4.3651533e+00   0.0000000e+00   2.3381551e+04   2.1800000e+02
   4.1781567e+00   0.0000000e+00   2.3688275e+04   2.1900000e+02
   3.9716988e+00   0.0000000e+00   2.3983304e+04   2.2000000e+02
   3.8627608e+00   0.0000000e+00   2.4351985e+04   2.2200000e+02
   3.8535158e+00   0.0000000e+00   2.4581274e+04   2.2300000e+02
   3.6935104e+00   0.0000000e+00   2.4427070e+04   2.4000000e+02
   3.6493840e+00   0.0000000e+00   2.4291656e+04   2.4400000e+02
   3.4638687e+00   0.0000000e+00   2.4281744e+04   2.4600000e+02
   3.4274690e+00   0.0000000e+00   2.4130749e+04   2.4800000e+02
   3.4242720e+00   0.0000000e+00   2.4080866e+04   2.5000000e+02
   3.4202626e+00   0.0000000e+00   2.3961159e+04   2.5100000e+02
   3.4005715e+00   0.0000000e+00   2.4002657e+04   2.5300000e+02
   3.1931039e+00   0.0000000e+00   2.4176768e+04   2.5400000e+02
   3.1448607e+00   0.0000000e+00   2.4356634e+04   2.5600000e+02
   3.1384866e+00   0.0000000e+00   2.4557964e+04   2.5800000e+02
   3.1113990e+00   0.0000000e+00   2.5060399e+04   2.5900000e+02
   3.1076554e+00   0.0000000e+00   2.4964618e+04   2.6700000e+02
   1.4983136e+00   0.0000000e+00   2.4737963e+04   2.7100000e+02
   1.3870907e+00   0.0000000e+00   2.4632670e+04   2.7500000e+02
   1.3851967e+00   0.0000000e+00   2.4226674e+04   2.7700000e+02
   1.3658247e+00   0.0000000e+00   2.4079804e+04   2.7800000e+02
   1.3632104e+00   0.0000000e+00   2.3954229e+04   2.7900000e+02
   1.3376393e+00   0.0000000e+00   2.4018324e+04   2.8000000e+02
   1.2957122e+00   0.0000000e+00   2.3999817e+04   2.8200000e+02
   1.2918063e+00   0.0000000e+00   2.3878403e+04   2.8400000e+02
   1.2421055e+00   0.0000000e+00   2.3760514e+04   2.8500000e+02
   1.2288934e+00   0.0000000e+00   2.3675755e+04   2.8600000e+02
   1.1552337e+00   0.0000000e+00   2.3777904e+04   2.9000000e+02
   1.1536106e+00   0.0000000e+00   2.3922135e+04   2.9100000e+02
   1.1182631e+00   0.0000000e+00   2.4217870e+04   2.9200000e+02
   7.7299655e-01   0.0000000e+00   2.4596711e+04   2.9300000e+02
   7.6458485e-01   0.0000000e+00   2.4734096e+04   2.9400000e+02
   7.6197473e-01   0.0000000e+00   2.4891807e+04   2.9600000e+02
   7.1391711e-01   0.0000000e+00   2.4797501e+04   3.1300000e+02
   7.1096513e-01   0.0000000e+00   2.4508551e+04   3.1400000e+02
   7.0792808e-01   0.0000000e+00   2.4429527e+04   3.1700000e+02
   7.0745531e-01   0.0000000e+00   2.4289017e+04   3.2600000e+02
   6.9313481e-01   0.0000000e+00   2.4589994e+04   3.2800000e+02
   6.7408064e-01   0.0000000e+00   2.4675800e+04   3.2900000e+02
   6.7393878e-01   0.0000000e+00   2.5149721e+04   3.3400000e+02
   6.6216908e-01   0.0000000e+00   2.4927749e+04   3.5500000e+02
   6.6037008e-01   0.0000000e+00   2.5049826e+04   3.6500000e+02
   6.5914113e-01   0.0000000e+00   2.5388781e+04   3.6800000e+02
   6.5587198e-01   0.0000000e+00   2.5818526e+04   3.6900000e+02
   6.5529872e-01   0.0000000e+00   2.6260391e+04   3.7000000e+02
   6.3551846e-01   0.0000000e+00   2.6902386e+04   3.7100000e+02
   6.2087583e-01   0.0000000e+00   2.6731415e+04   3.8500000e+02
   3.9763076e-01   0.0000000e+00   2.6429077e+04   3.8600000e+02
   1.3943997e-01   0.0000000e+00   2.6266022e+04   3.9200000e+02
   1.3712002e-01   0.0000000e+00   2.6110661e+04   3.9300000e+02
   9.5160116e-02   0.0000000e+00   2.5770750e+04   3.9400000e+02
   2.6762554e-02   0.0000000e+00   2.5711839e+04   3.9600000e+02
   2.5756355e-02   0.0000000e+00   2.5690958e+04   3.9700000e+02
   0.0000000e+00   0.0000000e+00   2.5709701e+04   3.9900000e+02
   0.0000000e+00   0.0000000e+00   2.5551005e+04   4.0000000e+02
   0.0000000e+00   0.0000000e+00   2.5338280e+04   4.1900000e+02
   0.0000000e+00   0.0000000e+00   2.5242713e+04   4.2100000e+02
   0.0000000e+00   0.0000000e+00   2.5121436e+04   4.2200000e+02
   0.0000000e+00   0.0000000e+00   2.4845518e+04   4.2300000e+02
   0.0000000e+00   0.0000000e+00   2.4661795e+04   4.2500000e+02
   0.0000000e+00   0.0000000e+00   2.4525432e+04   4.2600000e+02
   0.0000000e+00   0.0000000e+00   2.4369781e+04   4.2800000e+02
   0.0000000e+00   0.0000000e+00   2.4296458e+04   4.3000000e+02
   0.0000000e+00   0.0000000e+00   2.3937511e+04   4.3200000e+02
   0.0000000e+00   0.0000000e+00   2.3915649e+04   4.3300000e+02
   0.0000000e+00   0.0000000e+00   2.3865717e+04   4.3500000e+02
   0.0000000e+00   0.0000000e+00   2.3784137e+04   4.5600000e+02
   0.0000000e+00   0.0000000e+00   2.3626204e+04   4.5800000e+02
   0.0000000e+00   0.0000000e+00   2.3393719e+04   4.5900000e+02
   0.0000000e+00   0.0000000e+00   2.3351214e+04   4.6300000e+02
   0.0000000e+00   0.0000000e+00   2.3225515e+04   4.6400000e+02
   0.0000000e+00   0.0000000e+00   2.3178083e+04   4.6500000e+02
   0.0000000e+00   0.0000000e+00   2.3100477e+04   4.6600000e+02
   0.0000000e+00   0.0000000e+00   2.2985433e+04   4.6800000e+02
   0.0000000e+00   0.0000000e+00   2.2810526e+04   4.6900000e+02
   0.0000000e+00   0.0000000e+00   2.2547339e+04   4.7000000e+02
   0.0000000e+00   0.0000000e+00   2.2514298e+04   4.7200000e+02
   0.0000000e+00   0.0000000e+00   2.2326578e+04   4.9300000e+02
   0.0000000e+00   0.0000000e+00   2.2225969e+04   4.9400000e+02
   0.0000000e+00   0.0000000e+00   2.1968709e+04   4.9900000e+02
   0.0000000e+00   0.0000000e+00   2.1829583e+04   5.0000000e+02
   0.0000000e+00   0.0000000e+00   2.1790593e+04   5.0100000e+02
   0.0000000e+00   0.0000000e+00   2.1784148e+04   5.0200000e+02
   0.0000000e+00   0.0000000e+00   2.1777405e+04   5.0400000e+02
   0.0000000e+00   0.0000000e+00   2.1773382e+04   5.0500000e+02
   0.0000000e+00   0.0000000e+00   2.1710443e+04   5.0700000e+02
   0.0000000e+00   0.0000000e+00   2.1614820e+04   5.0800000e+02
   0.0000000e+00   0.0000000e+00   2.1587838e+04   5.1200000e+02
   0.0000000e+00   0.0000000e+00   2.1395948e+04   5.3100000e+02
   0.0000000e+00   0.0000000e+00   2.1217628e+04   5.3300000e+02
   0.0000000e+00   0.0000000e+00   2.1152439e+04   5.3400000e+02
   0.0000000e+00   0.0000000e+00   2.1105923e+04   5.3600000e+02
   0.0000000e+00   0.0000000e+00   2.1089902e+04   5.3800000e+02
   0.0000000e+00   0.0000000e+00   2.1005962e+04   5.3900000e+02
   0.0000000e+00   0.0000000e+00   2.0894925e+04   5.4000000e+02
   0.0000000e+00   0.0000000e+00   2.0852531e+04   5.4100000e+02
   0.0000000e+00   0.0000000e+00   2.0688764e+04   5.4400000e+02
   0.0000000e+00   0.0000000e+00   2.0580537e+04   5.4700000e+02
   0.0000000e+00   0.0000000e+00   2.0558163e+04   5.5000000e+02
   0.0000000e+00   0.0000000e+00   2.0276293e+04   5.6300000e+02
   0.0000000e+00   0.0000000e+00   2.0208472e+04   5.7000000e+02
   0.0000000e+00   0.0000000e+00   2.0114962e+04   5.7600000e+02
   0.0000000e+00   0.0000000e+00   2.0047462e+04   5.8300000e+02
   0.0000000e+00   0.0000000e+00   2.0024989e+04   5.8700000e+02
   0.0000000e+00   0.0000000e+00   1.9990930e+04   6.0100000e+02
   0.0000000e+00   0.0000000e+00   1.9778148e+04   6.0400000e+02
   0.0000000e+00   0.0000000e+00   1.9663575e+04   6.0500000e+02
   0.0000000e+00   0.0000000e+00   1.9645550e+04   6.0700000e+02
   0.0000000e+00   0.0000000e+00   1.9622725e+04   6.1000000e+02
   0.0000000e+00   0.0000000e+00   1.9458571e+04   6.1200000e+02
   0.0000000e+00   0.0000000e+00   1.9428018e+04   6.1300000e+02
   0.0000000e+00   0.0000000e+00   1.9339184e+04   6.4400000e+02
   0.0000000e+00   0.0000000e+00   1.9201456e+04   6.5000000e+02
   0.0000000e+00   0.0000000e+00   1.8900594e+04   6.8500000e+02
   0.0000000e+00   0.0000000e+00   1.8835980e+04   7.1800000e+02
   0.0000000e+00   0.0000000e+00   1.8794733e+04   7.2100000e+02
   0.0000000e+00   0.0000000e+00   1.8736433e+04   7.2200000e+02
   0.0000000e+00   0.0000000e+00   1.8564568e+04   7.2600000e+02
   0.0000000e+00   0.0000000e+00   1.8533097e+04   7.2800000e+02
   0.0000000e+00   0.0000000e+00   1.8349778e+04   7.5400000e+02
   0.0000000e+00   0.0000000e+00   1.8093716e+04   7.5500000e+02
   0.0000000e+00   0.0000000e+00   1.8039812e+04   7.5600000e+02
   0.0000000e+00   0.0000000e+00   1.8028416e+04   7.5900000e+02
   0.0000000e+00   0.0000000e+00   1.7879588e+04   7.6000000e+02
   0.0000000e+00   0.0000000e+00   1.7801640e+04   7.6100000e+02
   0.0000000e+00   0.0000000e+00   1.7632462e+04   7.6200000e+02
   0.0000000e+00   0.0000000e+00   1.7589087e+04   7.6400000e+02
   0.0000000e+00   0.0000000e+00   1.7447422e+04   7.6500000e+02
   0.0000000e+00   0.0000000e+00   1.7174686e+04   7.6600000e+02
   0.0000000e+00   0.0000000e+00   1.7124332e+04   7.9100000e+02
   0.0000000e+00   0.0000000e+00   1.6876864e+04   7.9200000e+02
   0.0000000e+00   0.0000000e+00   1.6801137e+04   7.9300000e+02
   0.0000000e+00   0.0000000e+00   1.6721616e+04   7.9400000e+02
   0.0000000e+00   0.0000000e+00   1.6684626e+04   7.9500000e+02
   0.0000000e+00   0.0000000e+00   1.6654762e+04   7.9900000e+02
   0.0000000e+00   0.0000000e+00   1.6623548e+04   8.0000000e+02
   0.0000000e+00   0.0000000e+00   1.6503604e+04   8.2200000e+02
   0.0000000e+00   0.0000000e+00   1.6259372e+04   8.2500000e+02
   0.0000000e+00   0.0000000e+00   1.6149334e+04   8.2700000e+02
   0.0000000e+00   0.0000000e+00   1.6102639e+04   8.2800000e+02
   0.0000000e+00   0.0000000e+00   1.6037183e+04   8.2900000e+02
   0.0000000e+00   0.0000000e+00   1.5818892e+04   8.3000000e+02
   0.0000000e+00   0.0000000e+00   1.5818299e+04   8.3100000e+02
   0.0000000e+00   0.0000000e+00   1.5655015e+04   8.3200000e+02
   0.0000000e+00   0.0000000e+00   1.5584131e+04   8.3400000e+02
   0.0000000e+00   0.0000000e+00   1.5482138e+04   8.4000000e+02
   0.0000000e+00   0.0000000e+00   1.5351495e+04   8.4200000e+02
   0.0000000e+00   0.0000000e+00   1.5251872e+04   8.6000000e+02
   0.0000000e+00   0.0000000e+00   1.5097520e+04   8.6200000e+02
   0.0000000e+00   0.0000000e+00   1.5065816e+04   8.6500000e+02
   0.0000000e+00   0.0000000e+00   1.4865094e+04   8.6800000e+02
   0.0000000e+00   0.0000000e+00   1.4856495e+04   8.7300000e+02
   0.0000000e+00   0.0000000e+00   1.4830634e+04   8.7900000e+02
   0.0000000e+00   0.0000000e+00   1.4777383e+04   8.9900000e+02
   0.0000000e+00   0.0000000e+00   1.4650789e+04   9.0100000e+02
   0.0000000e+00   0.0000000e+00   1.4516470e+04   9.0200000e+02
   0.0000000e+00   0.0000000e+00   1.4437293e+04   9.0300000e+02
   0.0000000e+00   0.0000000e+00   1.4395914e+04   9.0400000e+02
   0.0000000e+00   0.0000000e+00   1.4367203e+04   9.0500000e+02
   0.0000000e+00   0.0000000e+00   1.4278672e+04   9.1200000e+02
   0.0000000e+00   0.0000000e+00   1.4218222e+04   9.1500000e+02
   0.0000000e+00   0.0000000e+00   1.4106034e+04   9.3900000e+02
   0.0000000e+00   0.0000000e+00   1.4024085e+04   9.4100000e+02
   0.0000000e+00   0.0000000e+00   1.4007691e+04   9.4300000e+02
   0.0000000e+00   0.0000000e+00   1.3829502e+04   9.4400000e+02
   0.0000000e+00   0.0000000e+00   1.3820173e+04   9.4500000e+02
   0.0000000e+00   0.0000000e+00   1.3750411e+04   9.4800000e+02
   0.0000000e+00   0.0000000e+00   1.3590648e+04   9.4900000e+02
   0.0000000e+00   0.0000000e+00   1.3584514e+04   9.5100000e+02
   0.0000000e+00   0.0000000e+00   1.3575913e+04   9.5400000e+02
   0.0000000e+00   0.0000000e+00   1.3362518e+04   9.7400000e+02
   0.0000000e+00   0.0000000e+00   1.3290909e+04   9.7500000e+02
   0.0000000e+00   0.0000000e+00   1.3276558e+04   9.7800000e+02
   0.0000000e+00   0.0000000e+00   1.3121254e+04   9.8100000e+02
   0.0000000e+00   0.0000000e+00   1.3050286e+04   1.0090000e+03
   0.0000000e+00   0.0000000e+00   1.3004427e+04   1.0100000e+03
   0.0000000e+00   0.0000000e+00   1.2880252e+04   1.0110000e+03
   0.0000000e+00   0.0000000e+00   1.2832631e+04   1.0140000e+03
   0.0000000e+00   0.0000000e+00   1.2831679e+04   1.0160000e+03
   0.0000000e+00   0.0000000e+00   1.2798619e+04   1.0190000e+03
   0.0000000e+00   0.0000000e+00   1.2789964e+04   1.0200000e+03
   0.0000000e+00   0.0000000e+00   1.2783124e+04   1.0250000e+03
   0.0000000e+00   0.0000000e+00   1.2770231e+04   1.0510000e+03
   0.0000000e+00   0.0000000e+00   1.2713941e+04   1.0520000e+03
   0.0000000e+00   0.0000000e+00   1.2704371e+04   1.0540000e+03
   0.0000000e+00   0.0000000e+00   1.2695621e+04   1.0550000e+03
   0.0000000e+00   0.0000000e+00   1.2663931e+04   1.0570000e+03
   0.0000000e+00   0.0000000e+00   1.2463898e+04   1.0840000e+03
   0.0000000e+00   0.0000000e+00   1.2420027e+04   1.0850000e+03
   0.0000000e+00   0.0000000e+00   1.2408082e+04   1.0870000e+03
   0.0000000e+00   0.0000000e+00   1.2321323e+04   1.0900000e+03
   0.0000000e+00   0.0000000e+00   1.2271317e+04   1.0910000e+03
   0.0000000e+00   0.0000000e+00   1.2086932e+04   1.0920000e+03
   0.0000000e+00   0.0000000e+00   1.1975282e+04   1.0960000e+03
   0.0000000e+00   0.0000000e+00   1.1945024e+04   1.1240000e+03
   0.0000000e+00   0.0000000e+00   1.1878025e+04   1.1250000e+03
   0.0000000e+00   0.0000000e+00   1.1860338e+04   1.1270000e+03
   0.0000000e+00   0.0000000e+00   1.1850537e+04   1.1340000e+03
   0.0000000e+00   0.0000000e+00   1.1811350e+04   1.1550000e+03
   0.0000000e+00   0.0000000e+00   1.1796470e+04   1.1600000e+03
   0.0000000e+00   0.0000000e+00   1.1787870e+04   1.1630000e+03
   0.0000000e+00   0.0000000e+00   1.1669725e+04   1.1650000e+03
   0.0000000e+00   0.0000000e+00   1.1569479e+04   1.1660000e+03
   0.0000000e+00   0.0000000e+00   1.1399678e+04   1.1670000e+03
   0.0000000e+00   0.0000000e+00   1.1395478e+04   1.1680000e+03
   0.0000000e+00   0.0000000e+00   1.1332976e+04   1.1910000e+03
   0.0000000e+00   0.0000000e+00   1.1275129e+04   1.1950000e+03
   0.0000000e+00   0.0000000e+00   1.1114349e+04   1.1960000e+03
   0.0000000e+00   0.0000000e+00   1.0981710e+04   1.1970000e+03
   0.0000000e+00   0.0000000e+00   1.0901833e+04   1.1990000e+03
   0.0000000e+00   0.0000000e+00   1.0876386e+04   1.2330000e+03
   0.0000000e+00   0.0000000e+00   1.0843491e+04   1.2350000e+03
   0.0000000e+00   0.0000000e+00   1.0825251e+04   1.2400000e+03
   0.0000000e+00   0.0000000e+00   1.0822232e+04   1.2410000e+03
   0.0000000e+00   0.0000000e+00   1.0800757e+04   1.2430000e+03
   0.0000000e+00   0.0000000e+00   1.0647154e+04   1.2730000e+03
   0.0000000e+00   0.0000000e+00   1.0619096e+04   1.2740000e+03
   0.0000000e+00   0.0000000e+00   1.0592180e+04   1.2760000e+03
   0.0000000e+00   0.0000000e+00   1.0569003e+04   1.2780000e+03
   0.0000000e+00   0.0000000e+00   1.0438153e+04   1.3080000e+03
   0.0000000e+00   0.0000000e+00   1.0410004e+04   1.3090000e+03
   0.0000000e+00   0.0000000e+00   1.0364440e+04   1.3100000e+03
   0.0000000e+00   0.0000000e+00   1.0361516e+04   1.3140000e+03
   0.0000000e+00   0.0000000e+00   1.0320034e+04   1.3420000e+03
   0.0000000e+00   0.0000000e+00   1.0287393e+04   1.3450000e+03
   0.0000000e+00   0.0000000e+00   1.0286055e+04   1.3460000e+03
   0.0000000e+00   0.0000000e+00   1.0285201e+04   1.3470000e+03
   0.0000000e+00   0.0000000e+00   1.0284100e+04   1.3510000e+03
   0.0000000e+00   0.0000000e+00   1.0265415e+04   1.3810000e+03
   0.0000000e+00   0.0000000e+00   1.0168558e+04   1.4600000e+03
   0.0000000e+00   0.0000000e+00   1.0138238e+04   1.4610000e+03
   0.0000000e+00   0.0000000e+00   1.0132915e+04   1.5000000e+03
   0.0000000e+00   0.0000000e+00   1.0070517e+04   1.5330000e+03
   0.0000000e+00   0.0000000e+00   1.0061229e+04   1.6060000e+03
   0.0000000e+00   0.0000000e+00   1.0051727e+04   1.6070000e+03
   0.0000000e+00   0.0000000e+00   1.0027933e+04   1.6430000e+03
   0.0000000e+00   0.0000000e+00   9.9463086e+03   1.6440000e+03
   0.0000000e+00   0.0000000e+00   9.9396537e+03   1.7160000e+03
   0.0000000e+00   0.0000000e+00   9.9102084e+03   1.7190000e+03
   0.0000000e+00   0.0000000e+00   9.9046707e+03   1.7210000e+03
   0.0000000e+00   0.0000000e+00   9.8741612e+03   1.7240000e+03
   0.0000000e+00   0.0000000e+00   9.8574889e+03   1.7550000e+03
   0.0000000e+00   0.0000000e+00   9.8365188e+03   1.7570000e+03
   0.0000000e+00   0.0000000e+00   9.7962459e+03   1.7890000e+03
   0.0000000e+00   0.0000000e+00   9.7787168e+03   1.7980000e+03
   0.0000000e+00   0.0000000e+00   9.7481198e+03   1.8230000e+03
   0.0000000e+00   0.0000000e+00   9.7073421e+03   1.8320000e+03
   0.0000000e+00   0.0000000e+00   9.5482532e+03   1.8350000e+03
   0.0000000e+00   0.0000000e+00   9.4658637e+03   1.8610000e+03
   0.0000000e+00   0.0000000e+00   9.4529430e+03   1.8630000e+03
   0.0000000e+00   0.0000000e+00   9.4275912e+03   1.8670000e+03
   0.0000000e+00   0.0000000e+00   9.3964164e+03   1.8680000e+03
   0.0000000e+00   0.0000000e+00   9.3902305e+03   1.8690000e+03
   0.0000000e+00   0.0000000e+00   9.3865516e+03   1.8700000e+03
   0.0000000e+00   0.0000000e+00   9.3099319e+03   1.8960000e+03
   0.0000000e+00   0.0000000e+00   9.2842138e+03   1.9010000e+03
   0.0000000e+00   0.0000000e+00   9.2639525e+03   1.9020000e+03
   0.0000000e+00   0.0000000e+00   9.2202003e+03   1.9100000e+03
   0.0000000e+00   0.0000000e+00   9.1920963e+03   1.9730000e+03
   0.0000000e+00   0.0000000e+00   9.1744038e+03   1.9740000e+03
   0.0000000e+00   0.0000000e+00   9.1560372e+03   1.9750000e+03
   0.0000000e+00   0.0000000e+00   9.1530589e+03   2.0130000e+03
   0.0000000e+00   0.0000000e+00   9.1132759e+03   2.0160000e+03
   0.0000000e+00   0.0000000e+00   9.0990962e+03   2.0180000e+03
   0.0000000e+00   0.0000000e+00   9.0909129e+03   2.0470000e+03
   0.0000000e+00   0.0000000e+00   9.0875935e+03   2.0880000e+03
   0.0000000e+00   0.0000000e+00   9.0686226e+03   2.1230000e+03
   0.0000000e+00   0.0000000e+00   9.0114501e+03   2.1250000e+03
   0.0000000e+00   0.0000000e+00   9.0081531e+03   2.1270000e+03
   0.0000000e+00   0.0000000e+00   8.9219118e+03   2.1620000e+03
   0.0000000e+00   0.0000000e+00   8.9214425e+03   2.1670000e+03
   0.0000000e+00   0.0000000e+00   8.8863431e+03   2.2090000e+03
   0.0000000e+00   0.0000000e+00   8.8498579e+03   2.2290000e+03
   0.0000000e+00   0.0000000e+00   8.8472455e+03   2.2370000e+03
   0.0000000e+00   0.0000000e+00   8.8272830e+03   2.2710000e+03
   0.0000000e+00   0.0000000e+00   8.8170707e+03   2.2720000e+03
   0.0000000e+00   0.0000000e+00   8.7651269e+03   2.3100000e+03
   0.0000000e+00   0.0000000e+00   8.7471288e+03   2.3430000e+03
   0.0000000e+00   0.0000000e+00   8.7248350e+03   2.3450000e+03
   0.0000000e+00   0.0000000e+00   8.7226490e+03   2.4180000e+03
   0.0000000e+00   0.0000000e+00   8.6840308e+03   2.4210000e+03
   0.0000000e+00   0.0000000e+00   8.6599777e+03   2.4890000e+03
   0.0000000e+00   0.0000000e+00   8.6542336e+03   2.5310000e+03
   0.0000000e+00   0.0000000e+00   8.6524627e+03   2.5690000e+03
   0.0000000e+00   0.0000000e+00   8.6371375e+03   2.5700000e+03
   0.0000000e+00   0.0000000e+00   8.6361237e+03   2.6060000e+03
   0.0000000e+00   0.0000000e+00   8.5405950e+03   2.6110000e+03
   0.0000000e+00   0.0000000e+00   8.4960573e+03   2.6380000e+03
   0.0000000e+00   0.0000000e+00   8.4356195e+03   2.6420000e+03
   0.0000000e+00   0.0000000e+00   8.3952096e+03   2.6760000e+03
   0.0000000e+00   0.0000000e+00   8.3933277e+03   2.6790000e+03
   0.0000000e+00   0.0000000e+00   8.3838123e+03   2.7150000e+03
   0.0000000e+00   0.0000000e+00   8.3293500e+03   2.7500000e+03
   0.0000000e+00   0.0000000e+00   8.3237179e+03   2.7520000e+03
   0.0000000e+00   0.0000000e+00   8.2881795e+03   2.7860000e+03
   0.0000000e+00   0.0000000e+00   8.2823970e+03   2.7900000e+03
   0.0000000e+00   0.0000000e+00   8.2502267e+03   2.8230000e+03
   0.0000000e+00   0.0000000e+00   8.2448184e+03   2.8620000e+03
   0.0000000e+00   0.0000000e+00   8.2414402e+03   2.8630000e+03
   0.0000000e+00   0.0000000e+00   8.2133383e+03   2.8950000e+03
   0.0000000e+00   0.0000000e+00   8.2006936e+03   2.9100000e+03
   0.0000000e+00   0.0000000e+00   8.1568588e+03   2.9360000e+03
   0.0000000e+00   0.0000000e+00   8.1478040e+03   2.9400000e+03
   0.0000000e+00   0.0000000e+00   8.1319001e+03   2.9730000e+03
   0.0000000e+00   0.0000000e+00   8.1315536e+03   2.9750000e+03
   0.0000000e+00   0.0000000e+00   8.1086882e+03   2.9760000e+03
   0.0000000e+00   0.0000000e+00   8.0909350e+03   3.0110000e+03
   0.0000000e+00   0.0000000e+00   8.0851023e+03   3.1590000e+03
   0.0000000e+00   0.0000000e+00   8.0690853e+03   3.1960000e+03
   0.0000000e+00   0.0000000e+00   8.0684858e+03   3.1970000e+03
   0.0000000e+00   0.0000000e+00   8.0478426e+03   3.2700000e+03
   0.0000000e+00   0.0000000e+00   8.0416195e+03   3.2710000e+03
   0.0000000e+00   0.0000000e+00   8.0318722e+03   3.2810000e+03
   0.0000000e+00   0.0000000e+00   7.9918179e+03   3.3020000e+03
   0.0000000e+00   0.0000000e+00   7.9680975e+03   3.3050000e+03
   0.0000000e+00   0.0000000e+00   7.9601919e+03   3.3060000e+03
   0.0000000e+00   0.0000000e+00   7.9334987e+03   3.3390000e+03
   0.0000000e+00   0.0000000e+00   7.9075241e+03   3.3400000e+03
   0.0000000e+00   0.0000000e+00   7.7676567e+03   3.3410000e+03
   0.0000000e+00   0.0000000e+00   7.7641523e+03   3.3440000e+03
   0.0000000e+00   0.0000000e+00   7.7475046e+03   3.3810000e+03
   0.0000000e+00   0.0000000e+00   7.7129106e+03   3.3840000e+03
   0.0000000e+00   0.0000000e+00   7.7109812e+03   3.4230000e+03
   0.0000000e+00   0.0000000e+00   7.7085974e+03   3.4550000e+03
   0.0000000e+00   0.0000000e+00   7.7002757e+03   3.4590000e+03
   0.0000000e+00   0.0000000e+00   7.6951935e+03   3.4960000e+03
   0.0000000e+00   0.0000000e+00   7.6814324e+03   3.5330000e+03
   0.0000000e+00   0.0000000e+00   7.6703434e+03   3.5600000e+03
   0.0000000e+00   0.0000000e+00   7.6350731e+03   3.5640000e+03
   0.0000000e+00   0.0000000e+00   7.6087880e+03   3.5660000e+03
   0.0000000e+00   0.0000000e+00   7.6032254e+03   3.6420000e+03
   0.0000000e+00   0.0000000e+00   7.5970230e+03   3.6520000e+03
   0.0000000e+00   0.0000000e+00   7.5786655e+03   3.6830000e+03
   0.0000000e+00   0.0000000e+00   7.5769206e+03   3.7140000e+03
   0.0000000e+00   0.0000000e+00   7.5431540e+03   3.7160000e+03
   0.0000000e+00   0.0000000e+00   7.4978861e+03   3.7460000e+03
   0.0000000e+00   0.0000000e+00   7.4572266e+03   3.7470000e+03
   0.0000000e+00   0.0000000e+00   7.4411031e+03   3.7860000e+03
   0.0000000e+00   0.0000000e+00   7.4249956e+03   3.7870000e+03
   0.0000000e+00   0.0000000e+00   7.4199142e+03   3.7880000e+03
   0.0000000e+00   0.0000000e+00   7.3863364e+03   3.8230000e+03
   0.0000000e+00   0.0000000e+00   7.3145919e+03   3.8260000e+03
   0.0000000e+00   0.0000000e+00   7.2941945e+03   4.0100000e+03
   0.0000000e+00   0.0000000e+00   7.2644130e+03   4.0850000e+03
   0.0000000e+00   0.0000000e+00   7.2352842e+03   4.1620000e+03
   0.0000000e+00   0.0000000e+00   7.2160992e+03   4.3080000e+03
   0.0000000e+00   0.0000000e+00   7.2122605e+03   4.4950000e+03
   0.0000000e+00   0.0000000e+00   7.1788075e+03   4.6740000e+03
   0.0000000e+00   0.0000000e+00   7.1577436e+03   4.7070000e+03
   0.0000000e+00   0.0000000e+00   7.1574581e+03   4.7470000e+03
   0.0000000e+00   0.0000000e+00   7.1397237e+03   4.7520000e+03
   0.0000000e+00   0.0000000e+00   7.1349569e+03   4.8240000e+03
   0.0000000e+00   0.0000000e+00   7.1257391e+03   4.9400000e+03
   0.0000000e+00   0.0000000e+00   7.1159670e+03   4.9410000e+03
   0.0000000e+00   0.0000000e+00   7.0940763e+03   5.0050000e+03
   0.0000000e+00   0.0000000e+00   7.0879340e+03   5.0130000e+03
   0.0000000e+00   0.0000000e+00   7.0877324e+03   5.0180000e+03
   0.0000000e+00   0.0000000e+00   7.0806908e+03   5.0460000e+03
   0.0000000e+00   0.0000000e+00   7.0518210e+03   5.1120000e+03
   0.0000000e+00   0.0000000e+00   7.0465967e+03   5.3360000e+03
   0.0000000e+00   0.0000000e+00   7.0374743e+03   5.3430000e+03
   0.0000000e+00   0.0000000e+00   7.0178369e+03   5.4100000e+03
   0.0000000e+00   0.0000000e+00   6.9945831e+03   5.4120000e+03
   0.0000000e+00   0.0000000e+00   6.9862980e+03   5.5250000e+03
   0.0000000e+00   0.0000000e+00   6.9608484e+03   5.6000000e+03
   0.0000000e+00   0.0000000e+00   6.9454185e+03   5.7120000e+03
   0.0000000e+00   0.0000000e+00   6.9428536e+03   5.8930000e+03
   0.0000000e+00   0.0000000e+00   6.9367443e+03   5.8960000e+03
   0.0000000e+00   0.0000000e+00   6.9354153e+03   6.0060000e+03
   0.0000000e+00   0.0000000e+00   6.9328899e+03   6.1190000e+03
   0.0000000e+00   0.0000000e+00   6.9253951e+03   6.2270000e+03
   0.0000000e+00   0.0000000e+00   6.9116077e+03   6.3410000e+03
   0.0000000e+00   0.0000000e+00   6.9078585e+03   6.8610000e+03
   0.0000000e+00   0.0000000e+00   6.9028131e+03   7.5270000e+03
   0.0000000e+00   0.0000000e+00   6.8889889e+03   7.5290000e+03
   0.0000000e+00   0.0000000e+00   6.8792557e+03   7.5990000e+03
   0.0000000e+00   0.0000000e+00   6.8672984e+03   7.6010000e+03
   0.0000000e+00   0.0000000e+00   6.8553322e+03   7.7120000e+03
   0.0000000e+00   0.0000000e+00   6.8261607e+03   7.7210000e+03
   0.0000000e+00   0.0000000e+00   6.8156983e+03   7.7810000e+03
   0.0000000e+00   0.0000000e+00   6.8129623e+03   8.1150000e+03
   0.0000000e+00   0.0000000e+00   6.8126698e+03   8.1170000e+03
   0.0000000e+00   0.0000000e+00   6.7983132e+03   8.3760000e+03
   0.0000000e+00   0.0000000e+00   6.7920692e+03   8.4120000e+03
   0.0000000e+00   0.0000000e+00   6.7771511e+03   8.5950000e+03
   0.0000000e+00   0.0000000e+00   6.7615639e+03   8.6340000e+03
   0.0000000e+00   0.0000000e+00   6.7471190e+03   8.7150000e+03
   0.0000000e+00   0.0000000e+00   6.7461225e+03   8.8940000e+03
   0.0000000e+00   0.0000000e+00   6.7456905e+03   9.0420000e+03
   0.0000000e+00   0.0000000e+00   6.7132129e+03   9.1140000e+03
   0.0000000e+00   0.0000000e+00   6.7051803e+03   9.1960000e+03
   0.0000000e+00   0.0000000e+00   6.6913196e+03   9.2990000e+03
   0.0000000e+00   0.0000000e+00   6.6826591e+03   9.3400000e+03
   0.0000000e+00   0.0000000e+00   6.6743843e+03   9.4130000e+03
   0.0000000e+00   0.0000000e+00   6.6546475e+03   9.7450000e+03
   0.0000000e+00   0.0000000e+00   6.6512935e+03   9.7460000e+03
   0.0000000e+00   0.0000000e+00   6.6321913e+03   9.7470000e+03
   0.0000000e+00   0.0000000e+00   6.6306210e+03   9.7500000e+03
   0.0000000e+00   0.0000000e+00   6.6236083e+03   9.7820000e+03
   0.0000000e+00   0.0000000e+00   6.6129521e+03   1.0001000e+04
   0.0000000e+00   0.0000000e+00   6.5980309e+03   1.0262000e+04
   0.0000000e+00   0.0000000e+00   6.5964889e+03   1.1597000e+04
   0.0000000e+00   0.0000000e+00   6.5848357e+03   1.2553000e+04
   0.0000000e+00   0.0000000e+00   6.5634542e+03   1.2591000e+04
   0.0000000e+00   0.0000000e+00   6.5537689e+03   1.2742000e+04
   0.0000000e+00   0.0000000e+00   6.5530792e+03   1.2850000e+04
   0.0000000e+00   0.0000000e+00   6.5306564e+03   1.3033000e+04
   0.0000000e+00   0.0000000e+00   6.5247777e+03   1.3480000e+04
   0.0000000e+00   0.0000000e+00   6.5217209e+03   1.3666000e+04
   0.0000000e+00   0.0000000e+00   6.5212838e+03   1.3703000e+04
   0.0000000e+00   0.0000000e+00   6.5199269e+03   1.4000000e+04
   0.0000000e+00   0.0000000e+00   6.5188434e+03   1.4850000e+04
   0.0000000e+00   0.0000000e+00   6.4821974e+03   1.5591000e+04
   0.0000000e+00   0.0000000e+00   6.4723336e+03   1.5924000e+04
   0.0000000e+00   0.0000000e+00   6.4513625e+03   1.6961000e+04
   0.0000000e+00   0.0000000e+00   6.4405049e+03   1.7774000e+04
   0.0000000e+00   0.0000000e+00   6.4287512e+03   1.8178000e+04
   0.0000000e+00   0.0000000e+00   6.4213234e+03   1.8326000e+04
   0.0000000e+00   0.0000000e+00   6.4156741e+03   1.9177000e+04
   0.0000000e+00   0.0000000e+00   6.4147241e+03   1.9441000e+04
   0.0000000e+00   0.0000000e+00   6.4117331e+03   1.9622000e+04
   0.0000000e+00   0.0000000e+00   6.4039693e+03   2.0250000e+04
   0.0000000e+00   0.0000000e+00   6.3898963e+03   2.0803000e+04
   0.0000000e+00   0.0000000e+00   6.3898374e+03   2.1510000e+04
   0.0000000e+00   0.0000000e+00   6.3818843e+03   2.1766000e+04
   0.0000000e+00   0.0000000e+00   6.3777688e+03   2.2286000e+04
   0.0000000e+00   0.0000000e+00   6.3655607e+03   2.2510000e+04
   0.0000000e+00   0.0000000e+00   6.3520649e+03   2.2954000e+04
   0.0000000e+00   0.0000000e+00   6.3419697e+03   2.3544000e+04
   0.0000000e+00   0.0000000e+00   6.3162260e+03   2.3581000e+04
   0.0000000e+00   0.0000000e+00   6.3127492e+03   2.3583000e+04
   0.0000000e+00   0.0000000e+00   6.2858744e+03   2.4102000e+04
   0.0000000e+00   0.0000000e+00   6.2828664e+03   2.4282000e+04
   0.0000000e+00   0.0000000e+00   6.2782132e+03   2.4433000e+04
   0.0000000e+00   0.0000000e+00   6.2759843e+03   2.5135000e+04
   0.0000000e+00   0.0000000e+00   6.2738883e+03   2.5357000e+04
   0.0000000e+00   0.0000000e+00   6.2704397e+03   2.5505000e+04
   0.0000000e+00   0.0000000e+00   6.2498686e+03   2.5544000e+04
   0.0000000e+00   0.0000000e+00   6.2424783e+03   2.5614000e+04
   0.0000000e+00   0.0000000e+00   6.2392127e+03   2.5691000e+04
   0.0000000e+00   0.0000000e+00   6.1925360e+03   2.5847000e+04
   0.0000000e+00   0.0000000e+00   6.1810080e+03   2.5949000e+04
   0.0000000e+00   0.0000000e+00   6.1796538e+03   2.6062000e+04
   0.0000000e+00   0.0000000e+00   6.1477301e+03   2.6102000e+04
   0.0000000e+00   0.0000000e+00   6.1469177e+03   2.6134000e+04
   0.0000000e+00   0.0000000e+00   6.1251315e+03   2.6137000e+04
   0.0000000e+00   0.0000000e+00   6.0982217e+03   2.6356000e+04
   0.0000000e+00   0.0000000e+00   6.0869187e+03   2.6389000e+04
   0.0000000e+00   0.0000000e+00   6.0752005e+03   2.6394000e+04
   0.0000000e+00   0.0000000e+00   5.9518091e+03   2.6622000e+04
   0.0000000e+00   0.0000000e+00   5.9505852e+03   2.6660000e+04
   0.0000000e+00   0.0000000e+00   5.9496950e+03   2.6692000e+04
   0.0000000e+00   0.0000000e+00   5.9311594e+03   2.6763000e+04
   0.0000000e+00   0.0000000e+00   5.9233021e+03   2.6798000e+04
   0.0000000e+00   0.0000000e+00   5.9200896e+03   2.6802000e+04
   0.0000000e+00   0.0000000e+00   5.9045532e+03   2.6951000e+04
   0.0000000e+00   0.0000000e+00   5.8996054e+03   2.7060000e+04
   0.0000000e+00   0.0000000e+00   5.8893693e+03   2.7174000e+04
   0.0000000e+00   0.0000000e+00   5.8834575e+03   2.7946000e+04
   0.0000000e+00   0.0000000e+00   5.8764212e+03   2.7986000e+04
   0.0000000e+00   0.0000000e+00   5.8619920e+03   2.8207000e+04
   0.0000000e+00   0.0000000e+00   5.8616398e+03   2.8209000e+04
   0.0000000e+00   0.0000000e+00   5.8546378e+03   2.8245000e+04
   0.0000000e+00   0.0000000e+00   5.8478679e+03   2.8472000e+04
   0.0000000e+00   0.0000000e+00   5.8383745e+03   2.8688000e+04
   0.0000000e+00   0.0000000e+00   5.8326230e+03   2.9069000e+04
   0.0000000e+00   0.0000000e+00   5.8027342e+03   2.9129000e+04
   0.0000000e+00   0.0000000e+00   5.7906765e+03   2.9576000e+04
   0.0000000e+00   0.0000000e+00   5.7694877e+03   2.9799000e+04
   0.0000000e+00   0.0000000e+00   5.7658225e+03   2.9806000e+04
   0.0000000e+00   0.0000000e+00   5.7517515e+03   2.9869000e+04
   0.0000000e+00   0.0000000e+00   5.7508454e+03   2.9909000e+04
   0.0000000e+00   0.0000000e+00   5.7380675e+03   3.0023000e+04
   0.0000000e+00   0.0000000e+00   5.7375788e+03   3.0058000e+04
   0.0000000e+00   0.0000000e+00   5.7357292e+03   3.0097000e+04
   0.0000000e+00   0.0000000e+00   5.7318826e+03   3.0132000e+04
   0.0000000e+00   0.0000000e+00   5.7175509e+03   3.0173000e+04
   0.0000000e+00   0.0000000e+00   5.7148048e+03   3.0175000e+04
   0.0000000e+00   0.0000000e+00   5.7142995e+03   3.0499000e+04
   0.0000000e+00   0.0000000e+00   5.7060802e+03   3.0654000e+04
   0.0000000e+00   0.0000000e+00   5.6675479e+03   3.0759000e+04
   0.0000000e+00   0.0000000e+00   5.6629368e+03   3.0798000e+04
   0.0000000e+00   0.0000000e+00   5.6487999e+03   3.0832000e+04
   0.0000000e+00   0.0000000e+00   5.6465003e+03   3.0835000e+04
   0.0000000e+00   0.0000000e+00   5.6460902e+03   3.0871000e+04
   0.0000000e+00   0.0000000e+00   5.6359081e+03   3.0982000e+04
   0.0000000e+00   0.0000000e+00   5.6332847e+03   3.0983000e+04
   0.0000000e+00   0.0000000e+00   5.6312936e+03   3.0984000e+04
   0.0000000e+00   0.0000000e+00   5.6304626e+03   3.1054000e+04
   0.0000000e+00   0.0000000e+00   5.6290079e+03   3.1129000e+04
   0.0000000e+00   0.0000000e+00   5.6284757e+03   3.1609000e+04
   0.0000000e+00   0.0000000e+00   5.6163492e+03   3.1646000e+04
   0.0000000e+00   0.0000000e+00   5.6149643e+03   3.1722000e+04
   0.0000000e+00   0.0000000e+00   5.6061113e+03   3.1756000e+04
   0.0000000e+00   0.0000000e+00   5.6045595e+03   3.1794000e+04
   0.0000000e+00   0.0000000e+00   5.6038036e+03   3.1871000e+04
   0.0000000e+00   0.0000000e+00   5.5970343e+03   3.1910000e+04
   0.0000000e+00   0.0000000e+00   5.5947992e+03   3.2017000e+04
   0.0000000e+00   0.0000000e+00   5.5928498e+03   3.2167000e+04
   0.0000000e+00   0.0000000e+00   5.5859180e+03   3.2239000e+04
   0.0000000e+00   0.0000000e+00   5.5760443e+03   3.2275000e+04
   0.0000000e+00   0.0000000e+00   5.5676401e+03   3.2463000e+04
   0.0000000e+00   0.0000000e+00   5.5643891e+03   3.2832000e+04
   0.0000000e+00   0.0000000e+00   5.5464777e+03   3.3018000e+04
   0.0000000e+00   0.0000000e+00   5.5322265e+03   3.3164000e+04
   0.0000000e+00   0.0000000e+00   5.5226422e+03   3.3312000e+04
   0.0000000e+00   0.0000000e+00   5.5134369e+03   3.3497000e+04
   0.0000000e+00   0.0000000e+00   5.5122933e+03   3.8641000e+04
   0.0000000e+00   0.0000000e+00   5.4995363e+03   4.0676000e+04
   0.0000000e+00   0.0000000e+00   5.4955744e+03   4.1711000e+04
   0.0000000e+00   0.0000000e+00   5.4940098e+03   4.2710000e+04
   0.0000000e+00   0.0000000e+00   5.4929533e+03   4.3118000e+04
   0.0000000e+00   0.0000000e+00   5.4874246e+03   4.3302000e+04
   0.0000000e+00   0.0000000e+00   5.4689995e+03   4.3336000e+04
   0.0000000e+00   0.0000000e+00   5.4651735e+03   4.3449000e+04
   0.0000000e+00   0.0000000e+00   5.4543499e+03   4.3746000e+04
   0.0000000e+00   0.0000000e+00   5.4428815e+03   4.4670000e+04
   0.0000000e+00   0.0000000e+00   5.4349961e+03   4.4889000e+04
   0.0000000e+00   0.0000000e+00   5.4335415e+03   4.5448000e+04
   0.0000000e+00   0.0000000e+00   5.4324187e+03   4.5452000e+04
   0.0000000e+00   0.0000000e+00   5.4308245e+03   4.5560000e+04
   0.0000000e+00   0.0000000e+00   5.4221523e+03   4.7076000e+04
   0.0000000e+00   0.0000000e+00   5.4221174e+03   4.7781000e+04
   0.0000000e+00   0.0000000e+00   5.4140893e+03   4.8155000e+04
   0.0000000e+00   0.0000000e+00   5.4014119e+03   4.8259000e+04
   0.0000000e+00   0.0000000e+00   5.3680483e+03   4.8480000e+04
   0.0000000e+00   0.0000000e+00   5.3625196e+03   4.8556000e+04
   0.0000000e+00   0.0000000e+00   5.3407963e+03   4.8665000e+04
   0.0000000e+00   0.0000000e+00   5.3374792e+03   4.8702000e+04
   0.0000000e+00   0.0000000e+00   5.3321288e+03   4.8815000e+04
   0.0000000e+00   0.0000000e+00   5.3168323e+03   4.8962000e+04
   0.0000000e+00   0.0000000e+00   5.3160532e+03   4.9848000e+04
   0.0000000e+00   0.0000000e+00   5.3123005e+03   4.9888000e+04
   0.0000000e+00   0.0000000e+00   5.3041459e+03   4.9890000e+04
   0.0000000e+00   0.0000000e+00   5.2998755e+03   4.9961000e+04
   0.0000000e+00   0.0000000e+00   5.2992730e+03   5.0483000e+04
   0.0000000e+00   0.0000000e+00   5.2942833e+03   5.0815000e+04
   0.0000000e+00   0.0000000e+00   5.2941785e+03   5.0924000e+04
   0.0000000e+00   0.0000000e+00   5.2900344e+03   5.0995000e+04
   0.0000000e+00   0.0000000e+00   5.2874759e+03   5.1443000e+04
   0.0000000e+00   0.0000000e+00   5.2856413e+03   5.1848000e+04
   0.0000000e+00   0.0000000e+00   5.2851232e+03   5.1961000e+04
   0.0000000e+00   0.0000000e+00   5.2800523e+03   5.2071000e+04
   0.0000000e+00   0.0000000e+00   5.2671528e+03   5.3291000e+04
   0.0000000e+00   0.0000000e+00   5.2648324e+03   5.3701000e+04
   0.0000000e+00   0.0000000e+00   5.2614174e+03   5.3774000e+04
   0.0000000e+00   0.0000000e+00   5.2573232e+03   5.4699000e+04
   0.0000000e+00   0.0000000e+00   5.2540479e+03   5.5329000e+04
   0.0000000e+00   0.0000000e+00   5.2430220e+03   5.5436000e+04
   0.0000000e+00   0.0000000e+00   5.2326704e+03   5.5694000e+04
   0.0000000e+00   0.0000000e+00   5.2323500e+03   5.6586000e+04
   0.0000000e+00   0.0000000e+00   5.2309971e+03   5.7549000e+04
   0.0000000e+00   0.0000000e+00   5.2280888e+03   5.9325000e+04
   0.0000000e+00   0.0000000e+00   5.2258236e+03   5.9695000e+04
   0.0000000e+00   0.0000000e+00   5.2245574e+03   6.0582000e+04
   0.0000000e+00   0.0000000e+00   5.2231028e+03   6.0803000e+04
   0.0000000e+00   0.0000000e+00   5.2169696e+03   6.1653000e+04
   0.0000000e+00   0.0000000e+00   5.2144869e+03   6.1878000e+04
   0.0000000e+00   0.0000000e+00   5.2075656e+03   6.2430000e+04
   0.0000000e+00   0.0000000e+00   5.2057831e+03   6.2655000e+04
   0.0000000e+00   0.0000000e+00   5.1939126e+03   6.2687000e+04
   0.0000000e+00   0.0000000e+00   5.1934195e+03   6.2727000e+04
   0.0000000e+00   0.0000000e+00   5.1915516e+03   6.3950000e+04
   0.0000000e+00   0.0000000e+00   5.1854975e+03   6.4802000e+04
   0.0000000e+00   0.0000000e+00   5.1842238e+03   6.9017000e+04
   0.0000000e+00   0.0000000e+00   5.1834170e+03   7.1276000e+04
   0.0000000e+00   0.0000000e+00   5.1750106e+03   7.3012000e+04
   0.0000000e+00   0.0000000e+00   5.1680028e+03   7.4532000e+04
   0.0000000e+00   0.0000000e+00   5.1660799e+03   7.5600000e+04
   0.0000000e+00   0.0000000e+00   5.1655033e+03   7.6157000e+04
   0.0000000e+00   0.0000000e+00   5.1607771e+03   8.0379000e+04
   0.0000000e+00   0.0000000e+00   5.1605254e+03   8.0785000e+04
   0.0000000e+00   0.0000000e+00   5.1592634e+03   8.4225000e+04
   0.0000000e+00   0.0000000e+00   5.1527345e+03   8.4370000e+04
   0.0000000e+00   0.0000000e+00   5.1504993e+03   8.7294000e+04
   0.0000000e+00   0.0000000e+00   5.1461251e+03   8.9629000e+04
   0.0000000e+00   0.0000000e+00   5.1453446e+03   9.1033000e+04
   0.0000000e+00   0.0000000e+00   5.1393920e+03   9.4100000e+04
   0.0000000e+00   0.0000000e+00   5.1352765e+03   9.4879000e+04
   0.0000000e+00   0.0000000e+00   5.1338219e+03   9.7137000e+04
   0.0000000e+00   0.0000000e+00   5.1323673e+03   1.1182500e+05
   0.0000000e+00   0.0000000e+00   5.1301322e+03   1.2237100e+05
   0.0000000e+00   0.0000000e+00   5.1293517e+03   1.2414800e+05
   0.0000000e+00   0.0000000e+00   5.1272040e+03   1.4142800e+05
   0.0000000e+00   0.0000000e+00   5.1250146e+03   1.4164900e+05
   0.0000000e+00   0.0000000e+00   5.1193654e+03   1.4349700e+05
   0.0000000e+00   0.0000000e+00   5.1172911e+03   1.4523500e+05
   0.0000000e+00   0.0000000e+00   5.1172341e+03   1.4742200e+05
   0.0000000e+00   0.0000000e+00   5.1162727e+03   1.4767600e+05
   0.0000000e+00   0.0000000e+00   5.1123985e+03   1.4778700e+05
   0.0000000e+00   0.0000000e+00   5.1096454e+03   1.4912100e+05
   0.0000000e+00   0.0000000e+00   5.1091253e+03   1.4986200e+05
   0.0000000e+00   0.0000000e+00   5.1059906e+03   1.5175000e+05
   0.0000000e+00   0.0000000e+00   5.1013146e+03   1.5237800e+05
   0.0000000e+00   0.0000000e+00   5.0965283e+03   1.5271300e+05
   0.0000000e+00   0.0000000e+00   5.0891311e+03   1.5315700e+05
   0.0000000e+00   0.0000000e+00   5.0855330e+03   1.5341300e+05
   0.0000000e+00   0.0000000e+00   5.0839126e+03   1.5371100e+05
   0.0000000e+00   0.0000000e+00   5.0812893e+03   1.5375100e+05
   0.0000000e+00   0.0000000e+00   5.0806911e+03   1.5459900e+05
   0.0000000e+00   0.0000000e+00   5.0770745e+03   1.5779000e+05
   0.0000000e+00   0.0000000e+00   5.0703830e+03   1.5796200e+05
   0.0000000e+00   0.0000000e+00   5.0702897e+03   1.5800100e+05
   0.0000000e+00   0.0000000e+00   5.0691419e+03   1.5829700e+05
   0.0000000e+00   0.0000000e+00   5.0605699e+03   1.5837200e+05
   0.0000000e+00   0.0000000e+00   5.0522400e+03   1.5844500e+05
   0.0000000e+00   0.0000000e+00   5.0506318e+03   1.5859500e+05
   0.0000000e+00   0.0000000e+00   5.0488847e+03   1.5944300e+05
   0.0000000e+00   0.0000000e+00   5.0465556e+03   1.6036800e+05
   0.0000000e+00   0.0000000e+00   5.0447053e+03   1.6085100e+05
   0.0000000e+00   0.0000000e+00   5.0431119e+03   1.6107900e+05
   0.0000000e+00   0.0000000e+00   5.0412628e+03   1.6144200e+05
   0.0000000e+00   0.0000000e+00   5.0352988e+03   1.6166700e+05
   0.0000000e+00   0.0000000e+00   5.0318700e+03   1.6177600e+05
   0.0000000e+00   0.0000000e+00   5.0264439e+03   1.6185000e+05
   0.0000000e+00   0.0000000e+00   5.0201740e+03   1.6214700e+05
   0.0000000e+00   0.0000000e+00   5.0192136e+03   1.6236900e+05
   0.0000000e+00   0.0000000e+00   5.0184295e+03   1.6284800e+05
   0.0000000e+00   0.0000000e+00   5.0070151e+03   1.6299800e+05
   0.0000000e+00   0.0000000e+00   5.0015277e+03   1.6307200e+05
   0.0000000e+00   0.0000000e+00   4.9878053e+03   1.6307300e+05
   0.0000000e+00   0.0000000e+00   4.9799475e+03   1.6310800e+05
   0.0000000e+00   0.0000000e+00   4.9745547e+03   1.6317800e+05
   0.0000000e+00   0.0000000e+00   4.9689357e+03   1.6336800e+05
   0.0000000e+00   0.0000000e+00   4.9615065e+03   1.6347800e+05
   0.0000000e+00   0.0000000e+00   4.9600518e+03   1.6373700e+05
   0.0000000e+00   0.0000000e+00   4.9477020e+03   1.6377500e+05
   0.0000000e+00   0.0000000e+00   4.9474745e+03   1.6388600e+05
   0.0000000e+00   0.0000000e+00   4.9466587e+03   1.6392000e+05
   0.0000000e+00   0.0000000e+00   4.9460230e+03   1.6581000e+05
   0.0000000e+00   0.0000000e+00   4.9437879e+03   1.6666000e+05
   0.0000000e+00   0.0000000e+00   4.9401113e+03   1.7598300e+05
   0.0000000e+00   0.0000000e+00   4.9385932e+03   1.7679700e+05
   0.0000000e+00   0.0000000e+00   4.9324599e+03   1.7779700e+05
   0.0000000e+00   0.0000000e+00   4.9321924e+03   1.7961100e+05
   0.0000000e+00   0.0000000e+00   4.9312864e+03   1.8275600e+05
   0.0000000e+00   0.0000000e+00   4.9183324e+03   1.8704500e+05
   0.0000000e+00   0.0000000e+00   4.9165346e+03   1.8867900e+05
   0.0000000e+00   0.0000000e+00   4.9118266e+03   1.8945100e+05
   0.0000000e+00   0.0000000e+00   4.9114021e+03   1.8978600e+05
   0.0000000e+00   0.0000000e+00   4.9084393e+03   1.9100700e+05
   0.0000000e+00   0.0000000e+00   4.9077688e+03   1.9174400e+05
   0.0000000e+00   0.0000000e+00   4.9039428e+03   1.9178200e+05
   0.0000000e+00   0.0000000e+00   4.9019731e+03   1.9230300e+05
   0.0000000e+00   0.0000000e+00   4.9002845e+03   1.9326200e+05
   0.0000000e+00   0.0000000e+00   4.8966079e+03   1.9333600e+05
   0.0000000e+00   0.0000000e+00   4.8897035e+03   1.9393000e+05
   0.0000000e+00   0.0000000e+00   4.8863093e+03   1.9403900e+05
