   3.3854322e+02   1.8042687e+01   1.6556660e+04   7.0000000e+00
   3.1674740e+02   1.7672008e+01   1.6492825e+04   1.1000000e+01
   3.1449329e+02   1.7669848e+01   1.6375687e+04   1.3000000e+01
   3.0653849e+02   1.7509151e+01   1.6227951e+04   1.4000000e+01
   3.0541551e+02   1.7917722e+01   1.6216231e+04   1.5000000e+01
   2.9843630e+02   1.6650947e+01   1.6181407e+04   1.7000000e+01
   2.9667708e+02   1.6536721e+01   1.6213236e+04   1.9000000e+01
   2.9658777e+02   1.6716614e+01   1.6079567e+04   2.0000000e+01
   2.9652981e+02   1.6597422e+01   1.5977519e+04   2.1000000e+01
   2.9643778e+02   1.6572154e+01   1.5915011e+04   2.2000000e+01
   2.9259705e+02   1.6562658e+01   1.5871702e+04   2.3000000e+01
   2.6688550e+02   1.6134357e+01   1.5901158e+04   2.4000000e+01
   2.6543817e+02   1.5332101e+01   1.5902210e+04   2.5000000e+01
   2.4924902e+02   1.3926415e+01   1.6087525e+04   2.7000000e+01
   2.4221014e+02   1.3215970e+01   1.6112495e+04   2.8000000e+01
   2.2189036e+02   1.2866917e+01   1.6181020e+04   2.9000000e+01
   2.1382693e+02   1.0415298e+01   1.6204835e+04   3.0000000e+01
   2.0483931e+02   1.0275663e+01   1.6360432e+04   3.1000000e+01
   2.0278328e+02   1.0160966e+01   1.6639495e+04   3.3000000e+01
   2.0241628e+02   9.8490428e+00   1.6827915e+04   3.4000000e+01
   1.9727109e+02   8.2840166e+00   1.7079189e+04   3.5000000e+01
   1.9400385e+02   7.7318273e+00   1.7571581e+04   3.6000000e+01
   1.6314639e+02   5.6013688e+00   1.8182095e+04   3.8000000e+01
   1.5474893e+02   4.1611938e+00   1.7921335e+04   4.3000000e+01
   1.4532132e+02   4.2142299e+00   1.7887560e+04   4.9000000e+01
   1.3697012e+02   4.2535138e+00   1.7741595e+04   5.0000000e+01
   1.3432756e+02   4.1000824e+00   1.7505476e+04   5.1000000e+01
   1.3378415e+02   3.9845164e+00   1.7290800e+04   5.4000000e+01
   1.3184834e+02   4.2560856e+00   1.7139531e+04   5.5000000e+01
   1.2890936e+02   4.2393635e+00   1.7132807e+04   5.6000000e+01
   1.2542258e+02   4.1749343e+00   1.7132787e+04   5.7000000e+01
   1.1969241e+02   4.0237099e+00   1.7216926e+04   5.8000000e+01
   1.1731263e+02   3.8217005e+00   1.7093568e+04   6.1000000e+01
   1.0837060e+02   1.5606334e+00   1.7153345e+04   6.2000000e+01
   1.0811185e+02   1.5713901e+00   1.7266450e+04   6.3000000e+01
   1.0802218e+02   1.5085617e+00   1.7347040e+04   6.4000000e+01
   1.0641690e+02   9.6654669e-01   1.7350140e+04   6.5000000e+01
   1.0451512e+02   9.4365128e-01   1.7418854e+04   6.7000000e+01
   1.0346319e+02   9.0577095e-01   1.7613292e+04   6.8000000e+01
   9.6787538e+01   7.7309574e-01   1.8089404e+04   6.9000000e+01
   9.6145058e+01   7.5303366e-01   1.8272878e+04   7.0000000e+01
   9.5834943e+01   7.3512599e-01   1.8621658e+04   7.1000000e+01
   9.5805020e+01   7.1469983e-01   1.8730073e+04   7.2000000e+01
   9.1370654e+01   6.5855315e-01   1.9100365e+04   7.3000000e+01
   7.9038234e+01   6.4809083e-01   1.9773484e+04   7.4000000e+01
   7.8650450e+01   6.4510920e-01   1.9662309e+04   8.2000000e+01
   7.8300856e+01   6.5168846e-01   1.9458027e+04   8.8000000e+01
   7.7948291e+01   5.9083743e-01   1.9460240e+04   9.0000000e+01
   7.7873927e+01   5.9055077e-01   1.9443885e+04   9.2000000e+01
   7.2410293e+01   6.1433705e-01   1.9257093e+04   9.4000000e+01
   7.1552723e+01   5.8230931e-01   1.9233182e+04   9.6000000e+01
   7.1396819e+01   5.7577895e-01   1.9217656e+04   9.8000000e+01
   7.0535164e+01   5.7428354e-01   1.9042593e+04   1.0000000e+02
   6.7132632e+01   5.3827156e-01   1.9061919e+04   1.0100000e+02
   6.6978639e+01   5.3462591e-01   1.9048917e+04   1.0200000e+02
   5.5732803e+01   4.1577133e-01   1.9240821e+04   1.0300000e+02
   5.3183476e+01   3.6846891e-01   1.9441471e+04   1.0500000e+02
   5.3025251e+01   3.6605548e-01   1.9740133e+04   1.0600000e+02
   5.1899655e+01   3.3138778e-01   1.9980894e+04   1.0700000e+02
   5.0060434e+01   3.3137215e-01   2.0242983e+04   1.0800000e+02
   4.9538040e+01   3.3173103e-01   2.0435787e+04   1.0900000e+02
   4.9201583e+01   3.3234043e-01   2.1183076e+04   1.1200000e+02
   4.6990951e+01   3.2070156e-01   2.1024381e+04   1.1700000e+02
   4.6966766e+01   3.2809452e-01   2.0867479e+04   1.2800000e+02
   4.5858661e+01   3.3397076e-01   2.0837049e+04   1.3300000e+02
   4.5202539e+01   3.3431622e-01   2.0603013e+04   1.3400000e+02
   4.4883081e+01   3.3658858e-01   2.0607383e+04   1.3500000e+02
   4.4692146e+01   3.3259567e-01   2.0441566e+04   1.3600000e+02
   4.2400227e+01   3.3472916e-01   2.0498744e+04   1.3800000e+02
   4.2057319e+01   3.1863706e-01   2.0684217e+04   1.4300000e+02
   3.9273712e+01   2.3394299e-01   2.1086918e+04   1.4400000e+02
   3.8715586e+01   2.0490524e-01   2.1308180e+04   1.4500000e+02
   3.8095691e+01   1.2521194e-01   2.1652434e+04   1.4700000e+02
   3.7082345e+01   1.2313725e-01   2.2300046e+04   1.4800000e+02
   3.6964704e+01   1.2465993e-01   2.2148871e+04   1.6200000e+02
   3.6600097e+01   1.2336656e-01   2.1876439e+04   1.6300000e+02
   3.5538334e+01   1.1850643e-01   2.1898028e+04   1.6500000e+02
   3.4533560e+01   1.2116281e-01   2.1890197e+04   1.6600000e+02
   3.4396302e+01   1.2028662e-01   2.1932826e+04   1.7000000e+02
   3.4195490e+01   1.2016671e-01   2.1866257e+04   1.7100000e+02
   3.3173853e+01   1.2180040e-01   2.1897331e+04   1.7200000e+02
   3.3082213e+01   1.2517130e-01   2.1851163e+04   1.7400000e+02
   3.2930012e+01   1.1693794e-01   2.1952286e+04   1.7500000e+02
   3.2901929e+01   1.1695008e-01   2.2059896e+04   1.7600000e+02
   3.2429406e+01   1.1503411e-01   2.1915266e+04   1.7700000e+02
   3.1974477e+01   1.0096807e-01   2.2088215e+04   1.7800000e+02
   3.1346299e+01   1.0280627e-01   2.2201710e+04   1.8000000e+02
   3.1151006e+01   1.0688771e-01   2.2430482e+04   1.8200000e+02
   2.9712971e+01   1.0084045e-01   2.2920703e+04   1.8300000e+02
   2.8338597e+01   8.9443497e-02   2.3253215e+04   1.8400000e+02
   2.7980306e+01   8.5975249e-02   2.3668159e+04   1.8500000e+02
   1.9622604e+01   0.0000000e+00   2.3555001e+04   1.9500000e+02
   1.9424686e+01   0.0000000e+00   2.3215063e+04   1.9600000e+02
   1.9297931e+01   0.0000000e+00   2.2996603e+04   2.0900000e+02
   1.9144307e+01   0.0000000e+00   2.3027037e+04   2.1100000e+02
   1.8909683e+01   0.0000000e+00   2.3195016e+04   2.1400000e+02
   1.1912881e+01   0.0000000e+00   2.3426763e+04   2.1500000e+02
   1.1499880e+01   0.0000000e+00   2.3747023e+04   2.1700000e+02
   1.1451297e+01   0.0000000e+00   2.4014643e+04   2.1900000e+02
   1.1250248e+01   0.0000000e+00   2.4349494e+04   2.2100000e+02
   1.1032112e+01   0.0000000e+00   2.4775374e+04   2.2200000e+02
   1.0913772e+01   0.0000000e+00   2.5069733e+04   2.2300000e+02
   1.0859315e+01   0.0000000e+00   2.4829613e+04   2.3600000e+02
   1.0606970e+01   0.0000000e+00   2.4607925e+04   2.3700000e+02
   9.3029319e+00   0.0000000e+00   2.4392500e+04   2.3800000e+02
   9.2438456e+00   0.0000000e+00   2.4257472e+04   2.4000000e+02
   7.7636512e+00   0.0000000e+00   2.4144978e+04   2.4100000e+02
   7.2112452e+00   0.0000000e+00   2.4078937e+04   2.4300000e+02
   7.0884128e+00   0.0000000e+00   2.4083319e+04   2.4800000e+02
   6.9419115e+00   0.0000000e+00   2.4087256e+04   2.4900000e+02
   6.9309358e+00   0.0000000e+00   2.4063087e+04   2.5300000e+02
   6.8610739e+00   0.0000000e+00   2.4312598e+04   2.5500000e+02
   6.3399044e+00   0.0000000e+00   2.4695400e+04   2.5600000e+02
   6.3242952e+00   0.0000000e+00   2.5025417e+04   2.5800000e+02
   3.6290242e+00   0.0000000e+00   2.4995103e+04   2.6600000e+02
   3.3290871e+00   0.0000000e+00   2.4746274e+04   2.7100000e+02
   3.2769629e+00   0.0000000e+00   2.4739972e+04   2.8400000e+02
   3.1855630e+00   0.0000000e+00   2.4771351e+04   2.8800000e+02
   3.1484909e+00   0.0000000e+00   2.4823215e+04   2.9000000e+02
   3.1422960e+00   0.0000000e+00   2.4712622e+04   2.9100000e+02
   3.1391434e+00   0.0000000e+00   2.4750646e+04   2.9200000e+02
   2.9601499e+00   0.0000000e+00   2.4909453e+04   2.9300000e+02
   2.9438625e+00   0.0000000e+00   2.5176745e+04   2.9400000e+02
   2.7922549e+00   0.0000000e+00   2.5350853e+04   2.9500000e+02
   2.7069075e+00   0.0000000e+00   2.5841487e+04   2.9600000e+02
   2.7066181e+00   0.0000000e+00   2.6352262e+04   2.9700000e+02
   2.5676317e+00   0.0000000e+00   2.5919425e+04   3.1000000e+02
   2.5556765e+00   0.0000000e+00   2.5677168e+04   3.1100000e+02
   2.5539849e+00   0.0000000e+00   2.5494833e+04   3.1300000e+02
   2.5377032e+00   0.0000000e+00   2.5124022e+04   3.1400000e+02
   1.2406015e+00   0.0000000e+00   2.4890375e+04   3.2200000e+02
   1.2164917e+00   0.0000000e+00   2.5021036e+04   3.2400000e+02
   1.1730774e+00   0.0000000e+00   2.5259356e+04   3.2900000e+02
   1.1261499e+00   0.0000000e+00   2.5734966e+04   3.3100000e+02
   1.1221984e+00   0.0000000e+00   2.6318472e+04   3.3300000e+02
   1.1213969e+00   0.0000000e+00   2.6569484e+04   3.3400000e+02
   1.0829587e+00   0.0000000e+00   2.6180002e+04   3.4700000e+02
   1.0795953e+00   0.0000000e+00   2.5882545e+04   3.5100000e+02
   6.8826686e-01   0.0000000e+00   2.5685351e+04   3.5400000e+02
   6.8370492e-01   0.0000000e+00   2.5597533e+04   3.5500000e+02
   6.5305440e-01   0.0000000e+00   2.5439405e+04   3.5900000e+02
   6.5240132e-01   0.0000000e+00   2.5348633e+04   3.6300000e+02
   6.4988724e-01   0.0000000e+00   2.5700660e+04   3.6500000e+02
   6.2723524e-01   0.0000000e+00   2.5963791e+04   3.6600000e+02
   6.2695177e-01   0.0000000e+00   2.6462040e+04   3.6900000e+02
   5.9360419e-01   0.0000000e+00   2.6706555e+04   3.7000000e+02
   5.9088659e-01   0.0000000e+00   2.6916468e+04   3.7100000e+02
   5.9043584e-01   0.0000000e+00   2.6858343e+04   3.8100000e+02
   5.8462934e-01   0.0000000e+00   2.6711891e+04   3.8300000e+02
   5.5569602e-01   0.0000000e+00   2.6379502e+04   3.8400000e+02
   5.4606796e-01   0.0000000e+00   2.6102835e+04   3.8600000e+02
   5.3907034e-01   0.0000000e+00   2.6133821e+04   3.9200000e+02
   4.9900177e-01   0.0000000e+00   2.5964623e+04   3.9300000e+02
   4.2784976e-01   0.0000000e+00   2.6040997e+04   3.9900000e+02
   4.2088974e-01   0.0000000e+00   2.6247748e+04   4.0400000e+02
   4.1206663e-01   0.0000000e+00   2.6669642e+04   4.0600000e+02
   4.0657133e-01   0.0000000e+00   2.7044259e+04   4.0700000e+02
   3.9286722e-01   0.0000000e+00   2.6958848e+04   4.1600000e+02
   3.9100488e-01   0.0000000e+00   2.6987873e+04   4.2900000e+02
   6.0023091e-03   0.0000000e+00   2.6938965e+04   4.3200000e+02
   0.0000000e+00   0.0000000e+00   2.6880711e+04   4.3300000e+02
   0.0000000e+00   0.0000000e+00   2.6873553e+04   4.3700000e+02
   0.0000000e+00   0.0000000e+00   2.6585359e+04   4.5200000e+02
   0.0000000e+00   0.0000000e+00   2.6452295e+04   4.5400000e+02
   0.0000000e+00   0.0000000e+00   2.6175575e+04   4.5500000e+02
   0.0000000e+00   0.0000000e+00   2.5872625e+04   4.5800000e+02
   0.0000000e+00   0.0000000e+00   2.5763822e+04   4.6000000e+02
   0.0000000e+00   0.0000000e+00   2.5700996e+04   4.6100000e+02
   0.0000000e+00   0.0000000e+00   2.5651839e+04   4.6200000e+02
   0.0000000e+00   0.0000000e+00   2.5623279e+04   4.6400000e+02
   0.0000000e+00   0.0000000e+00   2.5440738e+04   4.6500000e+02
   0.0000000e+00   0.0000000e+00   2.5292518e+04   4.6600000e+02
   0.0000000e+00   0.0000000e+00   2.5084677e+04   4.6900000e+02
   0.0000000e+00   0.0000000e+00   2.5033421e+04   4.7000000e+02
   0.0000000e+00   0.0000000e+00   2.5021042e+04   4.7100000e+02
   0.0000000e+00   0.0000000e+00   2.4976941e+04   4.7400000e+02
   0.0000000e+00   0.0000000e+00   2.4832027e+04   4.9400000e+02
   0.0000000e+00   0.0000000e+00   2.4748510e+04   4.9500000e+02
   0.0000000e+00   0.0000000e+00   2.4593250e+04   4.9600000e+02
   0.0000000e+00   0.0000000e+00   2.4404275e+04   4.9900000e+02
   0.0000000e+00   0.0000000e+00   2.4336126e+04   5.0100000e+02
   0.0000000e+00   0.0000000e+00   2.4186019e+04   5.0200000e+02
   0.0000000e+00   0.0000000e+00   2.3875193e+04   5.0400000e+02
   0.0000000e+00   0.0000000e+00   2.3463782e+04   5.0600000e+02
   0.0000000e+00   0.0000000e+00   2.3378325e+04   5.0900000e+02
   0.0000000e+00   0.0000000e+00   2.3173023e+04   5.2800000e+02
   0.0000000e+00   0.0000000e+00   2.2869744e+04   5.3000000e+02
   0.0000000e+00   0.0000000e+00   2.2640708e+04   5.3100000e+02
   0.0000000e+00   0.0000000e+00   2.2384474e+04   5.3200000e+02
   0.0000000e+00   0.0000000e+00   2.2054287e+04   5.3300000e+02
   0.0000000e+00   0.0000000e+00   2.1844666e+04   5.3400000e+02
   0.0000000e+00   0.0000000e+00   2.1841957e+04   5.3500000e+02
   0.0000000e+00   0.0000000e+00   2.1791316e+04   5.3700000e+02
   0.0000000e+00   0.0000000e+00   2.1439230e+04   5.3800000e+02
   0.0000000e+00   0.0000000e+00   2.0960832e+04   5.4000000e+02
   0.0000000e+00   0.0000000e+00   2.0797971e+04   5.4100000e+02
   0.0000000e+00   0.0000000e+00   2.0557510e+04   5.4500000e+02
   0.0000000e+00   0.0000000e+00   2.0473769e+04   5.6900000e+02
   0.0000000e+00   0.0000000e+00   2.0275456e+04   5.7100000e+02
   0.0000000e+00   0.0000000e+00   2.0228741e+04   5.7200000e+02
   0.0000000e+00   0.0000000e+00   2.0219511e+04   5.7400000e+02
   0.0000000e+00   0.0000000e+00   2.0035589e+04   5.7600000e+02
   0.0000000e+00   0.0000000e+00   1.9877704e+04   5.7700000e+02
   0.0000000e+00   0.0000000e+00   1.9704212e+04   5.7900000e+02
   0.0000000e+00   0.0000000e+00   1.9658456e+04   5.8000000e+02
   0.0000000e+00   0.0000000e+00   1.9442231e+04   5.8100000e+02
   0.0000000e+00   0.0000000e+00   1.9437131e+04   5.8400000e+02
   0.0000000e+00   0.0000000e+00   1.9250773e+04   6.0300000e+02
   0.0000000e+00   0.0000000e+00   1.9087967e+04   6.0400000e+02
   0.0000000e+00   0.0000000e+00   1.8743748e+04   6.0600000e+02
   0.0000000e+00   0.0000000e+00   1.8633570e+04   6.0800000e+02
   0.0000000e+00   0.0000000e+00   1.8581251e+04   6.0900000e+02
   0.0000000e+00   0.0000000e+00   1.8435483e+04   6.1000000e+02
   0.0000000e+00   0.0000000e+00   1.8198212e+04   6.1100000e+02
   0.0000000e+00   0.0000000e+00   1.8075336e+04   6.1200000e+02
   0.0000000e+00   0.0000000e+00   1.7961818e+04   6.1300000e+02
   0.0000000e+00   0.0000000e+00   1.7851447e+04   6.1400000e+02
   0.0000000e+00   0.0000000e+00   1.7827353e+04   6.1800000e+02
   0.0000000e+00   0.0000000e+00   1.7793979e+04   6.2100000e+02
   0.0000000e+00   0.0000000e+00   1.7763386e+04   6.3900000e+02
   0.0000000e+00   0.0000000e+00   1.7701344e+04   6.4000000e+02
   0.0000000e+00   0.0000000e+00   1.7489260e+04   6.4100000e+02
   0.0000000e+00   0.0000000e+00   1.7400950e+04   6.4300000e+02
   0.0000000e+00   0.0000000e+00   1.7310909e+04   6.4400000e+02
   0.0000000e+00   0.0000000e+00   1.7275514e+04   6.4500000e+02
   0.0000000e+00   0.0000000e+00   1.7217556e+04   6.4600000e+02
   0.0000000e+00   0.0000000e+00   1.7105211e+04   6.4700000e+02
   0.0000000e+00   0.0000000e+00   1.7011986e+04   6.4900000e+02
   0.0000000e+00   0.0000000e+00   1.6985364e+04   6.5000000e+02
   0.0000000e+00   0.0000000e+00   1.6889081e+04   6.5100000e+02
   0.0000000e+00   0.0000000e+00   1.6608201e+04   6.5300000e+02
   0.0000000e+00   0.0000000e+00   1.6541895e+04   6.5600000e+02
   0.0000000e+00   0.0000000e+00   1.6506304e+04   6.7400000e+02
   0.0000000e+00   0.0000000e+00   1.6430101e+04   6.7600000e+02
   0.0000000e+00   0.0000000e+00   1.6303612e+04   6.8000000e+02
   0.0000000e+00   0.0000000e+00   1.6109908e+04   6.8100000e+02
   0.0000000e+00   0.0000000e+00   1.6098997e+04   6.8300000e+02
   0.0000000e+00   0.0000000e+00   1.6049878e+04   6.8400000e+02
   0.0000000e+00   0.0000000e+00   1.5982387e+04   6.9000000e+02
   0.0000000e+00   0.0000000e+00   1.5943366e+04   7.1600000e+02
   0.0000000e+00   0.0000000e+00   1.5857352e+04   7.1700000e+02
   0.0000000e+00   0.0000000e+00   1.5795835e+04   7.1800000e+02
   0.0000000e+00   0.0000000e+00   1.5748117e+04   7.1900000e+02
   0.0000000e+00   0.0000000e+00   1.5700655e+04   7.2200000e+02
   0.0000000e+00   0.0000000e+00   1.5700225e+04   7.2300000e+02
   0.0000000e+00   0.0000000e+00   1.5562318e+04   7.2500000e+02
   0.0000000e+00   0.0000000e+00   1.5383221e+04   7.2700000e+02
   0.0000000e+00   0.0000000e+00   1.5324920e+04   7.5200000e+02
   0.0000000e+00   0.0000000e+00   1.5161427e+04   7.5300000e+02
   0.0000000e+00   0.0000000e+00   1.4985515e+04   7.5600000e+02
   0.0000000e+00   0.0000000e+00   1.4921260e+04   7.5700000e+02
   0.0000000e+00   0.0000000e+00   1.4815865e+04   7.6100000e+02
   0.0000000e+00   0.0000000e+00   1.4765145e+04   7.6300000e+02
   0.0000000e+00   0.0000000e+00   1.4744800e+04   7.8900000e+02
   0.0000000e+00   0.0000000e+00   1.4579256e+04   7.9100000e+02
   0.0000000e+00   0.0000000e+00   1.4284370e+04   7.9300000e+02
   0.0000000e+00   0.0000000e+00   1.4260242e+04   7.9400000e+02
   0.0000000e+00   0.0000000e+00   1.4236218e+04   7.9600000e+02
   0.0000000e+00   0.0000000e+00   1.4222867e+04   7.9700000e+02
   0.0000000e+00   0.0000000e+00   1.4216037e+04   7.9800000e+02
   0.0000000e+00   0.0000000e+00   1.4157326e+04   8.2500000e+02
   0.0000000e+00   0.0000000e+00   1.4112030e+04   8.2900000e+02
   0.0000000e+00   0.0000000e+00   1.4034146e+04   8.3300000e+02
   0.0000000e+00   0.0000000e+00   1.3954036e+04   8.3500000e+02
   0.0000000e+00   0.0000000e+00   1.3908961e+04   8.3800000e+02
   0.0000000e+00   0.0000000e+00   1.3867029e+04   8.4100000e+02
   0.0000000e+00   0.0000000e+00   1.3768055e+04   8.6300000e+02
   0.0000000e+00   0.0000000e+00   1.3434978e+04   8.6400000e+02
   0.0000000e+00   0.0000000e+00   1.3151844e+04   8.6500000e+02
   0.0000000e+00   0.0000000e+00   1.3101099e+04   8.6600000e+02
   0.0000000e+00   0.0000000e+00   1.2970543e+04   8.6700000e+02
   0.0000000e+00   0.0000000e+00   1.2969968e+04   8.6800000e+02
   0.0000000e+00   0.0000000e+00   1.2902492e+04   8.6900000e+02
   0.0000000e+00   0.0000000e+00   1.2885999e+04   8.7200000e+02
   0.0000000e+00   0.0000000e+00   1.2699533e+04   8.9900000e+02
   0.0000000e+00   0.0000000e+00   1.2677393e+04   9.0100000e+02
   0.0000000e+00   0.0000000e+00   1.2641607e+04   9.0200000e+02
   0.0000000e+00   0.0000000e+00   1.2576968e+04   9.0300000e+02
   0.0000000e+00   0.0000000e+00   1.2572266e+04   9.0600000e+02
   0.0000000e+00   0.0000000e+00   1.2571203e+04   9.0700000e+02
   0.0000000e+00   0.0000000e+00   1.2564456e+04   9.0800000e+02
   0.0000000e+00   0.0000000e+00   1.2534099e+04   9.0900000e+02
   0.0000000e+00   0.0000000e+00   1.2502302e+04   9.4000000e+02
   0.0000000e+00   0.0000000e+00   1.2488056e+04   9.4100000e+02
   0.0000000e+00   0.0000000e+00   1.2369302e+04   9.4200000e+02
   0.0000000e+00   0.0000000e+00   1.2339013e+04   9.4300000e+02
   0.0000000e+00   0.0000000e+00   1.2190929e+04   9.5200000e+02
   0.0000000e+00   0.0000000e+00   1.2127909e+04   9.7000000e+02
   0.0000000e+00   0.0000000e+00   1.1849072e+04   9.7300000e+02
   0.0000000e+00   0.0000000e+00   1.1846120e+04   9.7700000e+02
   0.0000000e+00   0.0000000e+00   1.1812447e+04   9.7800000e+02
   0.0000000e+00   0.0000000e+00   1.1800202e+04   9.7900000e+02
   0.0000000e+00   0.0000000e+00   1.1745883e+04   9.8000000e+02
   0.0000000e+00   0.0000000e+00   1.1655245e+04   9.8200000e+02
   0.0000000e+00   0.0000000e+00   1.1632711e+04   9.8800000e+02
   0.0000000e+00   0.0000000e+00   1.1512086e+04   1.0080000e+03
   0.0000000e+00   0.0000000e+00   1.1465969e+04   1.0120000e+03
   0.0000000e+00   0.0000000e+00   1.1451001e+04   1.0130000e+03
   0.0000000e+00   0.0000000e+00   1.1225155e+04   1.0140000e+03
   0.0000000e+00   0.0000000e+00   1.1196058e+04   1.0150000e+03
   0.0000000e+00   0.0000000e+00   1.1162749e+04   1.0170000e+03
   0.0000000e+00   0.0000000e+00   1.1150492e+04   1.0190000e+03
   0.0000000e+00   0.0000000e+00   1.1110427e+04   1.0230000e+03
   0.0000000e+00   0.0000000e+00   1.1073010e+04   1.0440000e+03
   0.0000000e+00   0.0000000e+00   1.1029339e+04   1.0450000e+03
   0.0000000e+00   0.0000000e+00   1.0980977e+04   1.0470000e+03
   0.0000000e+00   0.0000000e+00   1.0886489e+04   1.0480000e+03
   0.0000000e+00   0.0000000e+00   1.0875276e+04   1.0490000e+03
   0.0000000e+00   0.0000000e+00   1.0792530e+04   1.0510000e+03
   0.0000000e+00   0.0000000e+00   1.0738267e+04   1.0520000e+03
   0.0000000e+00   0.0000000e+00   1.0593897e+04   1.0570000e+03
   0.0000000e+00   0.0000000e+00   1.0535400e+04   1.0870000e+03
   0.0000000e+00   0.0000000e+00   1.0531557e+04   1.0880000e+03
   0.0000000e+00   0.0000000e+00   1.0503072e+04   1.1220000e+03
   0.0000000e+00   0.0000000e+00   1.0483187e+04   1.1260000e+03
   0.0000000e+00   0.0000000e+00   1.0465781e+04   1.1620000e+03
   0.0000000e+00   0.0000000e+00   1.0437183e+04   1.1940000e+03
   0.0000000e+00   0.0000000e+00   1.0381354e+04   1.1970000e+03
   0.0000000e+00   0.0000000e+00   1.0332892e+04   1.1990000e+03
   0.0000000e+00   0.0000000e+00   1.0329391e+04   1.2000000e+03
   0.0000000e+00   0.0000000e+00   1.0187012e+04   1.2010000e+03
   0.0000000e+00   0.0000000e+00   1.0089354e+04   1.2460000e+03
   0.0000000e+00   0.0000000e+00   1.0052177e+04   1.2720000e+03
   0.0000000e+00   0.0000000e+00   1.0024733e+04   1.2730000e+03
   0.0000000e+00   0.0000000e+00   9.9578863e+03   1.3060000e+03
   0.0000000e+00   0.0000000e+00   9.9122395e+03   1.3070000e+03
   0.0000000e+00   0.0000000e+00   9.8783751e+03   1.3160000e+03
   0.0000000e+00   0.0000000e+00   9.8322269e+03   1.3190000e+03
   0.0000000e+00   0.0000000e+00   9.7996609e+03   1.3450000e+03
   0.0000000e+00   0.0000000e+00   9.7988429e+03   1.3460000e+03
   0.0000000e+00   0.0000000e+00   9.7042370e+03   1.3840000e+03
   0.0000000e+00   0.0000000e+00   9.7032308e+03   1.3970000e+03
   0.0000000e+00   0.0000000e+00   9.6813971e+03   1.4160000e+03
   0.0000000e+00   0.0000000e+00   9.6408100e+03   1.4190000e+03
   0.0000000e+00   0.0000000e+00   9.6318512e+03   1.4200000e+03
   0.0000000e+00   0.0000000e+00   9.6262491e+03   1.4250000e+03
   0.0000000e+00   0.0000000e+00   9.5736868e+03   1.4510000e+03
   0.0000000e+00   0.0000000e+00   9.5535241e+03   1.4560000e+03
   0.0000000e+00   0.0000000e+00   9.5440160e+03   1.4590000e+03
   0.0000000e+00   0.0000000e+00   9.4655989e+03   1.4910000e+03
   0.0000000e+00   0.0000000e+00   9.4598874e+03   1.5270000e+03
   0.0000000e+00   0.0000000e+00   9.4588643e+03   1.5320000e+03
   0.0000000e+00   0.0000000e+00   9.4391875e+03   1.5370000e+03
   0.0000000e+00   0.0000000e+00   9.3721568e+03   1.5430000e+03
   0.0000000e+00   0.0000000e+00   9.3225141e+03   1.6400000e+03
   0.0000000e+00   0.0000000e+00   9.2236044e+03   1.6810000e+03
   0.0000000e+00   0.0000000e+00   9.2086274e+03   1.6850000e+03
   0.0000000e+00   0.0000000e+00   9.2072553e+03   1.7170000e+03
   0.0000000e+00   0.0000000e+00   9.1943608e+03   1.7200000e+03
   0.0000000e+00   0.0000000e+00   9.0814896e+03   1.7240000e+03
   0.0000000e+00   0.0000000e+00   9.0344289e+03   1.7550000e+03
   0.0000000e+00   0.0000000e+00   9.0308457e+03   1.7560000e+03
   0.0000000e+00   0.0000000e+00   8.9753735e+03   1.7900000e+03
   0.0000000e+00   0.0000000e+00   8.9664665e+03   1.7910000e+03
   0.0000000e+00   0.0000000e+00   8.9600525e+03   1.7920000e+03
   0.0000000e+00   0.0000000e+00   8.9520406e+03   1.8220000e+03
   0.0000000e+00   0.0000000e+00   8.9298246e+03   1.8270000e+03
   0.0000000e+00   0.0000000e+00   8.9217436e+03   1.8280000e+03
   0.0000000e+00   0.0000000e+00   8.8953059e+03   1.8660000e+03
   0.0000000e+00   0.0000000e+00   8.8241765e+03   1.8710000e+03
   0.0000000e+00   0.0000000e+00   8.8072545e+03   1.9000000e+03
   0.0000000e+00   0.0000000e+00   8.7432143e+03   1.9040000e+03
   0.0000000e+00   0.0000000e+00   8.7401998e+03   1.9420000e+03
   0.0000000e+00   0.0000000e+00   8.7364762e+03   2.0120000e+03
   0.0000000e+00   0.0000000e+00   8.7338049e+03   2.0130000e+03
   0.0000000e+00   0.0000000e+00   8.6464920e+03   2.0170000e+03
   0.0000000e+00   0.0000000e+00   8.5997442e+03   2.0450000e+03
   0.0000000e+00   0.0000000e+00   8.5519136e+03   2.0840000e+03
   0.0000000e+00   0.0000000e+00   8.5070158e+03   2.0850000e+03
   0.0000000e+00   0.0000000e+00   8.4941553e+03   2.1230000e+03
   0.0000000e+00   0.0000000e+00   8.4890028e+03   2.1270000e+03
   0.0000000e+00   0.0000000e+00   8.4681620e+03   2.1600000e+03
   0.0000000e+00   0.0000000e+00   8.4538794e+03   2.1620000e+03
   0.0000000e+00   0.0000000e+00   8.4307034e+03   2.1960000e+03
   0.0000000e+00   0.0000000e+00   8.4240511e+03   2.2340000e+03
   0.0000000e+00   0.0000000e+00   8.4095473e+03   2.3050000e+03
   0.0000000e+00   0.0000000e+00   8.3918091e+03   2.5330000e+03
   0.0000000e+00   0.0000000e+00   8.3900153e+03   2.5350000e+03
   0.0000000e+00   0.0000000e+00   8.3486780e+03   2.5650000e+03
   0.0000000e+00   0.0000000e+00   8.2242888e+03   2.5680000e+03
   0.0000000e+00   0.0000000e+00   8.1954709e+03   2.6380000e+03
   0.0000000e+00   0.0000000e+00   8.1752687e+03   2.6420000e+03
   0.0000000e+00   0.0000000e+00   8.0776154e+03   2.6870000e+03
   0.0000000e+00   0.0000000e+00   8.0698870e+03   2.7540000e+03
   0.0000000e+00   0.0000000e+00   8.0661365e+03   2.7550000e+03
   0.0000000e+00   0.0000000e+00   8.0543326e+03   2.8690000e+03
   0.0000000e+00   0.0000000e+00   8.0404297e+03   2.8700000e+03
   0.0000000e+00   0.0000000e+00   8.0172353e+03   2.8970000e+03
   0.0000000e+00   0.0000000e+00   7.9976159e+03   2.8990000e+03
   0.0000000e+00   0.0000000e+00   7.9851584e+03   2.9000000e+03
   0.0000000e+00   0.0000000e+00   7.9848028e+03   2.9010000e+03
   0.0000000e+00   0.0000000e+00   7.9759972e+03   2.9020000e+03
   0.0000000e+00   0.0000000e+00   7.9689782e+03   2.9390000e+03
   0.0000000e+00   0.0000000e+00   7.8864135e+03   2.9430000e+03
   0.0000000e+00   0.0000000e+00   7.8785864e+03   3.0140000e+03
   0.0000000e+00   0.0000000e+00   7.8690574e+03   3.0460000e+03
   0.0000000e+00   0.0000000e+00   7.8588213e+03   3.0880000e+03
   0.0000000e+00   0.0000000e+00   7.8110530e+03   3.2320000e+03
   0.0000000e+00   0.0000000e+00   7.7892259e+03   3.2420000e+03
   0.0000000e+00   0.0000000e+00   7.7709849e+03   3.3040000e+03
   0.0000000e+00   0.0000000e+00   7.7610421e+03   3.3070000e+03
   0.0000000e+00   0.0000000e+00   7.7555835e+03   3.3090000e+03
   0.0000000e+00   0.0000000e+00   7.7538750e+03   3.3100000e+03
   0.0000000e+00   0.0000000e+00   7.7248116e+03   3.3780000e+03
   0.0000000e+00   0.0000000e+00   7.6966002e+03   3.3790000e+03
   0.0000000e+00   0.0000000e+00   7.6878915e+03   3.3800000e+03
   0.0000000e+00   0.0000000e+00   7.6634646e+03   3.4160000e+03
   0.0000000e+00   0.0000000e+00   7.6511553e+03   3.4920000e+03
   0.0000000e+00   0.0000000e+00   7.6493940e+03   3.4950000e+03
   0.0000000e+00   0.0000000e+00   7.6370963e+03   3.5310000e+03
   0.0000000e+00   0.0000000e+00   7.6352459e+03   3.5670000e+03
   0.0000000e+00   0.0000000e+00   7.6299432e+03   3.6020000e+03
   0.0000000e+00   0.0000000e+00   7.6200297e+03   3.6770000e+03
   0.0000000e+00   0.0000000e+00   7.6007683e+03   3.6820000e+03
   0.0000000e+00   0.0000000e+00   7.5831065e+03   3.7510000e+03
   0.0000000e+00   0.0000000e+00   7.5704583e+03   3.8650000e+03
   0.0000000e+00   0.0000000e+00   7.5501657e+03   3.9760000e+03
   0.0000000e+00   0.0000000e+00   7.5322743e+03   4.0080000e+03
   0.0000000e+00   0.0000000e+00   7.5049313e+03   4.1920000e+03
   0.0000000e+00   0.0000000e+00   7.4753041e+03   4.2670000e+03
   0.0000000e+00   0.0000000e+00   7.4551056e+03   4.2680000e+03
   0.0000000e+00   0.0000000e+00   7.4433279e+03   4.2690000e+03
   0.0000000e+00   0.0000000e+00   7.4228454e+03   4.3420000e+03
   0.0000000e+00   0.0000000e+00   7.4085106e+03   4.4160000e+03
   0.0000000e+00   0.0000000e+00   7.4013741e+03   4.5270000e+03
   0.0000000e+00   0.0000000e+00   7.3849332e+03   4.6360000e+03
   0.0000000e+00   0.0000000e+00   7.3706184e+03   4.7860000e+03
   0.0000000e+00   0.0000000e+00   7.3695165e+03   4.8260000e+03
   0.0000000e+00   0.0000000e+00   7.3653301e+03   4.8960000e+03
   0.0000000e+00   0.0000000e+00   7.3636428e+03   4.9780000e+03
   0.0000000e+00   0.0000000e+00   7.3520950e+03   5.0410000e+03
   0.0000000e+00   0.0000000e+00   7.3402850e+03   5.0440000e+03
   0.0000000e+00   0.0000000e+00   7.3274694e+03   5.0800000e+03
   0.0000000e+00   0.0000000e+00   7.3229021e+03   5.1550000e+03
   0.0000000e+00   0.0000000e+00   7.2727461e+03   5.1920000e+03
   0.0000000e+00   0.0000000e+00   7.2484967e+03   5.1930000e+03
   0.0000000e+00   0.0000000e+00   7.2404634e+03   5.2280000e+03
   0.0000000e+00   0.0000000e+00   7.2322698e+03   5.2310000e+03
   0.0000000e+00   0.0000000e+00   7.2111235e+03   5.3020000e+03
   0.0000000e+00   0.0000000e+00   7.2036214e+03   5.3070000e+03
   0.0000000e+00   0.0000000e+00   7.2010871e+03   5.3460000e+03
   0.0000000e+00   0.0000000e+00   7.1832161e+03   5.3770000e+03
   0.0000000e+00   0.0000000e+00   7.1804990e+03   5.4150000e+03
   0.0000000e+00   0.0000000e+00   7.1493136e+03   5.4160000e+03
   0.0000000e+00   0.0000000e+00   7.1437697e+03   5.4520000e+03
   0.0000000e+00   0.0000000e+00   7.1206082e+03   5.4550000e+03
   0.0000000e+00   0.0000000e+00   7.1196563e+03   5.5660000e+03
   0.0000000e+00   0.0000000e+00   7.1028680e+03   5.7120000e+03
   0.0000000e+00   0.0000000e+00   7.0912382e+03   5.7860000e+03
   0.0000000e+00   0.0000000e+00   7.0859235e+03   5.8600000e+03
   0.0000000e+00   0.0000000e+00   7.0759400e+03   5.9330000e+03
   0.0000000e+00   0.0000000e+00   7.0640911e+03   5.9340000e+03
   0.0000000e+00   0.0000000e+00   7.0578388e+03   6.0050000e+03
   0.0000000e+00   0.0000000e+00   7.0486102e+03   6.0100000e+03
   0.0000000e+00   0.0000000e+00   7.0365743e+03   6.2280000e+03
   0.0000000e+00   0.0000000e+00   7.0296147e+03   6.3050000e+03
   0.0000000e+00   0.0000000e+00   7.0247904e+03   6.3110000e+03
   0.0000000e+00   0.0000000e+00   7.0157770e+03   6.3810000e+03
   0.0000000e+00   0.0000000e+00   7.0130544e+03   6.4140000e+03
   0.0000000e+00   0.0000000e+00   7.0071376e+03   6.6060000e+03
   0.0000000e+00   0.0000000e+00   7.0035395e+03   6.6710000e+03
   0.0000000e+00   0.0000000e+00   6.9696881e+03   6.7100000e+03
   0.0000000e+00   0.0000000e+00   6.9545001e+03   6.8960000e+03
   0.0000000e+00   0.0000000e+00   6.9472077e+03   7.1170000e+03
   0.0000000e+00   0.0000000e+00   6.9454139e+03   7.1180000e+03
   0.0000000e+00   0.0000000e+00   6.9355373e+03   7.4140000e+03
   0.0000000e+00   0.0000000e+00   6.9324133e+03   7.4170000e+03
   0.0000000e+00   0.0000000e+00   6.9138270e+03   7.4860000e+03
   0.0000000e+00   0.0000000e+00   6.8941813e+03   7.4870000e+03
   0.0000000e+00   0.0000000e+00   6.8830943e+03   7.5240000e+03
   0.0000000e+00   0.0000000e+00   6.8713118e+03   7.7110000e+03
   0.0000000e+00   0.0000000e+00   6.8622813e+03   7.7460000e+03
   0.0000000e+00   0.0000000e+00   6.8490339e+03   7.7840000e+03
   0.0000000e+00   0.0000000e+00   6.8324883e+03   7.8600000e+03
   0.0000000e+00   0.0000000e+00   6.8286624e+03   7.8920000e+03
   0.0000000e+00   0.0000000e+00   6.8069123e+03   8.2600000e+03
   0.0000000e+00   0.0000000e+00   6.7929906e+03   8.2640000e+03
   0.0000000e+00   0.0000000e+00   6.7825288e+03   8.3020000e+03
   0.0000000e+00   0.0000000e+00   6.7757413e+03   8.4870000e+03
   0.0000000e+00   0.0000000e+00   6.7688371e+03   9.0410000e+03
   0.0000000e+00   0.0000000e+00   6.7376103e+03   9.1130000e+03
   0.0000000e+00   0.0000000e+00   6.7292097e+03   9.1480000e+03
   0.0000000e+00   0.0000000e+00   6.7264891e+03   9.3380000e+03
   0.0000000e+00   0.0000000e+00   6.7248026e+03   9.4110000e+03
   0.0000000e+00   0.0000000e+00   6.7208602e+03   1.1668000e+04
   0.0000000e+00   0.0000000e+00   6.6998137e+03   1.1776000e+04
   0.0000000e+00   0.0000000e+00   6.6985923e+03   1.1926000e+04
   0.0000000e+00   0.0000000e+00   6.6975254e+03   1.1927000e+04
   0.0000000e+00   0.0000000e+00   6.6973867e+03   1.2187000e+04
   0.0000000e+00   0.0000000e+00   6.6893853e+03   1.2259000e+04
   0.0000000e+00   0.0000000e+00   6.6859176e+03   1.2260000e+04
   0.0000000e+00   0.0000000e+00   6.6806371e+03   1.2332000e+04
   0.0000000e+00   0.0000000e+00   6.6710341e+03   1.2370000e+04
   0.0000000e+00   0.0000000e+00   6.6610862e+03   1.4221000e+04
   0.0000000e+00   0.0000000e+00   6.6588901e+03   1.4222000e+04
   0.0000000e+00   0.0000000e+00   6.6581256e+03   1.4224000e+04
   0.0000000e+00   0.0000000e+00   6.6482849e+03   1.4849000e+04
   0.0000000e+00   0.0000000e+00   6.6455049e+03   1.4999000e+04
   0.0000000e+00   0.0000000e+00   6.6447373e+03   1.5220000e+04
   0.0000000e+00   0.0000000e+00   6.6404990e+03   1.6179000e+04
   0.0000000e+00   0.0000000e+00   6.6396787e+03   1.6478000e+04
   0.0000000e+00   0.0000000e+00   6.6395109e+03   1.6664000e+04
   0.0000000e+00   0.0000000e+00   6.6369066e+03   1.6738000e+04
   0.0000000e+00   0.0000000e+00   6.6316261e+03   1.6994000e+04
   0.0000000e+00   0.0000000e+00   6.6264243e+03   1.7329000e+04
   0.0000000e+00   0.0000000e+00   6.6255723e+03   1.7445000e+04
   0.0000000e+00   0.0000000e+00   6.6186380e+03   1.7699000e+04
   0.0000000e+00   0.0000000e+00   6.6183426e+03   1.7884000e+04
   0.0000000e+00   0.0000000e+00   6.6162168e+03   1.8106000e+04
   0.0000000e+00   0.0000000e+00   6.6087540e+03   1.9031000e+04
   0.0000000e+00   0.0000000e+00   6.5953729e+03   1.9174000e+04
   0.0000000e+00   0.0000000e+00   6.5949903e+03   1.9513000e+04
   0.0000000e+00   0.0000000e+00   6.5921867e+03   1.9884000e+04
   0.0000000e+00   0.0000000e+00   6.5789701e+03   2.0251000e+04
   0.0000000e+00   0.0000000e+00   6.5728696e+03   2.0585000e+04
   0.0000000e+00   0.0000000e+00   6.5432456e+03   2.0914000e+04
   0.0000000e+00   0.0000000e+00   6.5385805e+03   2.0991000e+04
   0.0000000e+00   0.0000000e+00   6.5368615e+03   2.3548000e+04
   0.0000000e+00   0.0000000e+00   6.5321679e+03   2.4285000e+04
   0.0000000e+00   0.0000000e+00   6.5260801e+03   2.4358000e+04
   0.0000000e+00   0.0000000e+00   6.5219847e+03   2.4579000e+04
   0.0000000e+00   0.0000000e+00   6.5200081e+03   2.5358000e+04
   0.0000000e+00   0.0000000e+00   6.5187418e+03   2.5395000e+04
   0.0000000e+00   0.0000000e+00   6.5136119e+03   2.6985000e+04
   0.0000000e+00   0.0000000e+00   6.5103344e+03   2.7281000e+04
   0.0000000e+00   0.0000000e+00   6.5102708e+03   2.7393000e+04
   0.0000000e+00   0.0000000e+00   6.5011442e+03   2.7467000e+04
   0.0000000e+00   0.0000000e+00   6.4189798e+03   2.7775000e+04
   0.0000000e+00   0.0000000e+00   6.4183086e+03   2.7800000e+04
   0.0000000e+00   0.0000000e+00   6.4182927e+03   2.7801000e+04
   0.0000000e+00   0.0000000e+00   6.4120852e+03   2.8103000e+04
   0.0000000e+00   0.0000000e+00   6.4094244e+03   2.8133000e+04
   0.0000000e+00   0.0000000e+00   6.3948301e+03   2.8169000e+04
   0.0000000e+00   0.0000000e+00   6.3813151e+03   2.8244000e+04
   0.0000000e+00   0.0000000e+00   6.3804155e+03   2.8580000e+04
   0.0000000e+00   0.0000000e+00   6.3731818e+03   2.8652000e+04
   0.0000000e+00   0.0000000e+00   6.3435603e+03   2.8725000e+04
   0.0000000e+00   0.0000000e+00   6.3322213e+03   2.8759000e+04
   0.0000000e+00   0.0000000e+00   6.3118668e+03   2.9390000e+04
   0.0000000e+00   0.0000000e+00   6.3104122e+03   2.9797000e+04
   0.0000000e+00   0.0000000e+00   6.3062258e+03   3.0093000e+04
   0.0000000e+00   0.0000000e+00   6.2987099e+03   3.0867000e+04
   0.0000000e+00   0.0000000e+00   6.2915886e+03   3.0869000e+04
   0.0000000e+00   0.0000000e+00   6.2781442e+03   3.1351000e+04
   0.0000000e+00   0.0000000e+00   6.2692786e+03   3.3788000e+04
   0.0000000e+00   0.0000000e+00   6.2685695e+03   3.5386000e+04
   0.0000000e+00   0.0000000e+00   6.2670628e+03   3.5530000e+04
   0.0000000e+00   0.0000000e+00   6.2648277e+03   3.5716000e+04
   0.0000000e+00   0.0000000e+00   6.2641413e+03   3.5795000e+04
   0.0000000e+00   0.0000000e+00   6.2632126e+03   3.6015000e+04
   0.0000000e+00   0.0000000e+00   6.2509335e+03   3.6530000e+04
   0.0000000e+00   0.0000000e+00   6.2444876e+03   3.6685000e+04
   0.0000000e+00   0.0000000e+00   6.2382905e+03   3.6827000e+04
   0.0000000e+00   0.0000000e+00   6.2292576e+03   3.6901000e+04
   0.0000000e+00   0.0000000e+00   6.2241264e+03   3.7271000e+04
   0.0000000e+00   0.0000000e+00   6.2153225e+03   3.7864000e+04
   0.0000000e+00   0.0000000e+00   6.2141119e+03   3.7939000e+04
   0.0000000e+00   0.0000000e+00   6.1929823e+03   3.8121000e+04
   0.0000000e+00   0.0000000e+00   6.1854883e+03   3.9009000e+04
   0.0000000e+00   0.0000000e+00   6.1745812e+03   3.9122000e+04
   0.0000000e+00   0.0000000e+00   6.1672220e+03   3.9636000e+04
   0.0000000e+00   0.0000000e+00   6.1556056e+03   3.9676000e+04
   0.0000000e+00   0.0000000e+00   6.1546995e+03   3.9714000e+04
   0.0000000e+00   0.0000000e+00   6.1533121e+03   4.0785000e+04
   0.0000000e+00   0.0000000e+00   6.1393430e+03   4.1116000e+04
   0.0000000e+00   0.0000000e+00   6.1365981e+03   4.3153000e+04
   0.0000000e+00   0.0000000e+00   6.1137380e+03   4.9742000e+04
   0.0000000e+00   0.0000000e+00   6.1079041e+03   4.9926000e+04
   0.0000000e+00   0.0000000e+00   6.1059314e+03   4.9963000e+04
   0.0000000e+00   0.0000000e+00   6.1019872e+03   5.0666000e+04
   0.0000000e+00   0.0000000e+00   6.1002154e+03   5.0849000e+04
   0.0000000e+00   0.0000000e+00   6.0904129e+03   5.0887000e+04
   0.0000000e+00   0.0000000e+00   6.0821100e+03   5.1850000e+04
   0.0000000e+00   0.0000000e+00   6.0784334e+03   5.2330000e+04
   0.0000000e+00   0.0000000e+00   6.0763076e+03   5.2479000e+04
   0.0000000e+00   0.0000000e+00   6.0704436e+03   5.2776000e+04
   0.0000000e+00   0.0000000e+00   6.0661938e+03   5.5254000e+04
   0.0000000e+00   0.0000000e+00   6.0584020e+03   5.6288000e+04
   0.0000000e+00   0.0000000e+00   6.0557446e+03   5.6732000e+04
   0.0000000e+00   0.0000000e+00   6.0470153e+03   5.7288000e+04
   0.0000000e+00   0.0000000e+00   6.0322124e+03   5.9953000e+04
   0.0000000e+00   0.0000000e+00   6.0307578e+03   6.0617000e+04
   0.0000000e+00   0.0000000e+00   6.0293032e+03   6.3948000e+04
   0.0000000e+00   0.0000000e+00   6.0272694e+03   7.3495000e+04
   0.0000000e+00   0.0000000e+00   6.0260320e+03   7.6858000e+04
   0.0000000e+00   0.0000000e+00   6.0250358e+03   8.1783000e+04
   0.0000000e+00   0.0000000e+00   6.0212099e+03   8.4705000e+04
   0.0000000e+00   0.0000000e+00   6.0196126e+03   8.5038000e+04
   0.0000000e+00   0.0000000e+00   6.0173774e+03   8.5260000e+04
   0.0000000e+00   0.0000000e+00   6.0123528e+03   8.6000000e+04
   0.0000000e+00   0.0000000e+00   6.0083076e+03   8.7295000e+04
   0.0000000e+00   0.0000000e+00   6.0075858e+03   8.8628000e+04
   0.0000000e+00   0.0000000e+00   5.9986905e+03   8.8812000e+04
   0.0000000e+00   0.0000000e+00   5.9985976e+03   9.1329000e+04
   0.0000000e+00   0.0000000e+00   5.9982395e+03   9.2032000e+04
   0.0000000e+00   0.0000000e+00   5.9977729e+03   9.2402000e+04
   0.0000000e+00   0.0000000e+00   5.9974091e+03   9.2556000e+04
   0.0000000e+00   0.0000000e+00   5.9953955e+03   9.2698000e+04
   0.0000000e+00   0.0000000e+00   5.9931604e+03   9.4843000e+04
   0.0000000e+00   0.0000000e+00   5.9917058e+03   9.5768000e+04
   0.0000000e+00   0.0000000e+00   5.9910295e+03   9.6767000e+04
   0.0000000e+00   0.0000000e+00   5.9875238e+03   9.8062000e+04
   0.0000000e+00   0.0000000e+00   5.9870478e+03   1.0072700e+05
   0.0000000e+00   0.0000000e+00   5.9819166e+03   1.0142800e+05
   0.0000000e+00   0.0000000e+00   5.9802001e+03   1.0261400e+05
   0.0000000e+00   0.0000000e+00   5.9779649e+03   1.0324200e+05
   0.0000000e+00   0.0000000e+00   5.9765103e+03   1.0339000e+05
   0.0000000e+00   0.0000000e+00   5.9714394e+03   1.0820000e+05
   0.0000000e+00   0.0000000e+00   5.9710904e+03   1.0838600e+05
   0.0000000e+00   0.0000000e+00   5.9682285e+03   1.1027500e+05
   0.0000000e+00   0.0000000e+00   5.9667738e+03   1.1090100e+05
   0.0000000e+00   0.0000000e+00   5.9533721e+03   1.1179300e+05
   0.0000000e+00   0.0000000e+00   5.9525439e+03   1.1393700e+05
   0.0000000e+00   0.0000000e+00   5.9449926e+03   1.1419400e+05
   0.0000000e+00   0.0000000e+00   5.9275212e+03   1.1556500e+05
   0.0000000e+00   0.0000000e+00   5.9260367e+03   1.2270400e+05
   0.0000000e+00   0.0000000e+00   5.9175139e+03   1.2381100e+05
   0.0000000e+00   0.0000000e+00   5.9174240e+03   1.2400100e+05
   0.0000000e+00   0.0000000e+00   5.9080206e+03   1.2421900e+05
   0.0000000e+00   0.0000000e+00   5.9027338e+03   1.2429400e+05
   0.0000000e+00   0.0000000e+00   5.8989079e+03   1.2507200e+05
   0.0000000e+00   0.0000000e+00   5.8969773e+03   1.2570200e+05
   0.0000000e+00   0.0000000e+00   5.8942718e+03   1.2669800e+05
   0.0000000e+00   0.0000000e+00   5.8941071e+03   1.2762800e+05
   0.0000000e+00   0.0000000e+00   5.8925461e+03   1.2795900e+05
   0.0000000e+00   0.0000000e+00   5.8903110e+03   1.2803100e+05
   0.0000000e+00   0.0000000e+00   5.8846617e+03   1.2917800e+05
   0.0000000e+00   0.0000000e+00   5.8832071e+03   1.3121400e+05
   0.0000000e+00   0.0000000e+00   5.8771238e+03   1.3258700e+05
   0.0000000e+00   0.0000000e+00   5.8765621e+03   1.3325200e+05
   0.0000000e+00   0.0000000e+00   5.8752395e+03   1.3350700e+05
   0.0000000e+00   0.0000000e+00   5.8725440e+03   1.3402300e+05
   0.0000000e+00   0.0000000e+00   5.8686457e+03   1.3717100e+05
   0.0000000e+00   0.0000000e+00   5.8668291e+03   1.4864200e+05
   0.0000000e+00   0.0000000e+00   5.8654540e+03   1.4960700e+05
   0.0000000e+00   0.0000000e+00   5.8645479e+03   1.5341500e+05
   0.0000000e+00   0.0000000e+00   5.8642230e+03   1.6218400e+05
   0.0000000e+00   0.0000000e+00   5.8564084e+03   1.6270400e+05
   0.0000000e+00   0.0000000e+00   5.8529014e+03   1.6488200e+05
   0.0000000e+00   0.0000000e+00   5.8507574e+03   1.6525600e+05
   0.0000000e+00   0.0000000e+00   5.8470808e+03   1.6621600e+05
   0.0000000e+00   0.0000000e+00   5.8456272e+03   1.6651400e+05
   0.0000000e+00   0.0000000e+00   5.8404920e+03   1.6732500e+05
   0.0000000e+00   0.0000000e+00   5.8377351e+03   1.6762300e+05
   0.0000000e+00   0.0000000e+00   5.8338367e+03   1.6917500e+05
   0.0000000e+00   0.0000000e+00   5.8298748e+03   1.6984100e+05
   0.0000000e+00   0.0000000e+00   5.8280245e+03   1.7065500e+05
   0.0000000e+00   0.0000000e+00   5.8246482e+03   1.7128500e+05
   0.0000000e+00   0.0000000e+00   5.8226302e+03   1.7624300e+05
   0.0000000e+00   0.0000000e+00   5.8213640e+03   1.7794600e+05
   0.0000000e+00   0.0000000e+00   5.8199093e+03   1.8312400e+05
   0.0000000e+00   0.0000000e+00   5.8195529e+03   1.9100800e+05
   0.0000000e+00   0.0000000e+00   5.8181669e+03   1.9137400e+05
   0.0000000e+00   0.0000000e+00   5.8142227e+03   1.9341200e+05
   0.0000000e+00   0.0000000e+00   5.8119345e+03   1.9566600e+05
   0.0000000e+00   0.0000000e+00   5.8113363e+03   1.9859200e+05
   0.0000000e+00   0.0000000e+00   5.8091012e+03   1.9870200e+05
