   1.9881781e+02   2.4195550e+00   1.6097352e+04   6.0000000e+00
   1.9597862e+02   2.4793741e+00   1.5938771e+04   8.0000000e+00
   1.9441555e+02   2.4956464e+00   1.5821875e+04   1.2000000e+01
   1.9388288e+02   2.5095630e+00   1.5643733e+04   1.4000000e+01
   1.9371920e+02   2.4842970e+00   1.5575033e+04   1.7000000e+01
   1.9152571e+02   2.4560654e+00   1.5495886e+04   1.9000000e+01
   1.6448428e+02   1.3379998e+00   1.5492325e+04   2.0000000e+01
   1.5798920e+02   1.2661282e+00   1.5507682e+04   2.2000000e+01
   1.5606642e+02   1.2628561e+00   1.5563377e+04   2.5000000e+01
   1.5596369e+02   1.3121440e+00   1.5601174e+04   2.6000000e+01
   1.4953799e+02   1.2087997e+00   1.5633466e+04   2.7000000e+01
   1.4946211e+02   1.1619754e+00   1.5780432e+04   2.8000000e+01
   1.4877284e+02   1.0534416e+00   1.5933214e+04   2.9000000e+01
   1.4601911e+02   1.0663973e+00   1.6158891e+04   3.0000000e+01
   1.4499214e+02   1.0302248e+00   1.6309444e+04   3.1000000e+01
   1.4020406e+02   6.0368422e-01   1.6575349e+04   3.2000000e+01
   1.3924265e+02   6.0783198e-01   1.6957946e+04   3.4000000e+01
   1.3849695e+02   6.0595330e-01   1.7355947e+04   3.5000000e+01
   1.2889510e+02   3.7552052e-01   1.7522876e+04   3.6000000e+01
   1.1722013e+02   2.7423982e-01   1.8128309e+04   3.7000000e+01
   1.1550601e+02   2.6501508e-01   1.8673898e+04   3.8000000e+01
   1.0867724e+02   3.1102787e-01   1.8589610e+04   4.5000000e+01
   1.0497539e+02   2.7237918e-01   1.8472078e+04   5.0000000e+01
   1.0265435e+02   2.6879353e-01   1.8389069e+04   5.2000000e+01
   9.8166114e+01   2.6970589e-01   1.8322928e+04   5.3000000e+01
   9.7043009e+01   2.8164385e-01   1.8167567e+04   5.4000000e+01
   9.5937055e+01   2.8078417e-01   1.8165503e+04   5.5000000e+01
   9.1641989e+01   2.7487142e-01   1.8149874e+04   5.7000000e+01
   9.1173977e+01   2.5950005e-01   1.8006260e+04   5.8000000e+01
   8.7651616e+01   2.6108467e-01   1.8152720e+04   6.3000000e+01
   8.6585628e+01   2.5613319e-01   1.8074431e+04   6.4000000e+01
   8.5715703e+01   2.5746741e-01   1.8106119e+04   6.5000000e+01
   7.2261840e+01   2.5885327e-01   1.8089138e+04   6.6000000e+01
   7.2219581e+01   2.5835058e-01   1.8069686e+04   6.7000000e+01
   7.1806752e+01   2.2682132e-01   1.8146863e+04   6.8000000e+01
   7.1213921e+01   1.5410800e-01   1.8599645e+04   6.9000000e+01
   6.8092378e+01   1.2959722e-01   1.8894455e+04   7.0000000e+01
   6.6467953e+01   1.1823981e-01   1.9253900e+04   7.1000000e+01
   6.6448633e+01   1.1793839e-01   1.9501599e+04   7.2000000e+01
   6.6408390e+01   1.1803686e-01   1.9598967e+04   7.3000000e+01
   6.3057004e+01   1.0648711e-01   1.9915991e+04   7.4000000e+01
   5.9426332e+01   9.7335222e-02   2.0533898e+04   7.5000000e+01
   5.9395462e+01   1.1619228e-01   2.0496955e+04   8.2000000e+01
   5.4251160e+01   1.1726698e-01   2.0303664e+04   8.7000000e+01
   5.2442519e+01   1.2920337e-01   2.0299379e+04   9.0000000e+01
   5.2087421e+01   1.3128963e-01   2.0139666e+04   9.2000000e+01
   5.1576017e+01   1.2255470e-01   1.9977053e+04   9.4000000e+01
   4.7487007e+01   1.1394967e-01   1.9974126e+04   9.5000000e+01
   4.7413508e+01   1.1407885e-01   2.0032729e+04   9.6000000e+01
   4.5380886e+01   1.1894374e-01   2.0090322e+04   9.7000000e+01
   3.4096244e+01   9.3716168e-02   2.0262896e+04   9.8000000e+01
   3.4090646e+01   9.3784917e-02   2.0286849e+04   9.9000000e+01
   3.4068641e+01   9.5016833e-02   2.0266873e+04   1.0100000e+02
   3.3451343e+01   1.0012572e-01   2.0197952e+04   1.0300000e+02
   3.2055142e+01   1.0091683e-01   2.0240887e+04   1.0400000e+02
   3.1936254e+01   1.0154619e-01   2.0325796e+04   1.0500000e+02
   3.1499171e+01   1.0097831e-01   2.0547575e+04   1.0600000e+02
   3.0930804e+01   8.3750904e-02   2.0946469e+04   1.0700000e+02
   3.0572210e+01   7.6154062e-02   2.1282902e+04   1.0900000e+02
   3.0539051e+01   7.5950362e-02   2.1516123e+04   1.1100000e+02
   2.6351875e+01   8.2320085e-02   2.2225249e+04   1.1200000e+02
   2.5111227e+01   8.2725841e-02   2.1943925e+04   1.2200000e+02
   2.2478284e+01   7.5145626e-02   2.1629914e+04   1.2600000e+02
   2.2284131e+01   8.7188276e-02   2.1368418e+04   1.2800000e+02
   2.0163457e+01   8.8989921e-02   2.1119664e+04   1.2900000e+02
   1.9296566e+01   8.2408265e-02   2.1115549e+04   1.3000000e+02
   1.8914539e+01   8.4717588e-02   2.0944550e+04   1.3100000e+02
   1.8321753e+01   8.2318067e-02   2.1040702e+04   1.3400000e+02
   1.7991396e+01   3.3006638e-02   2.0969782e+04   1.3500000e+02
   1.4019040e+01   3.5178406e-02   2.1044931e+04   1.3600000e+02
   1.4002582e+01   3.5502835e-02   2.1021642e+04   1.3700000e+02
   1.3575507e+01   2.3739559e-02   2.1250108e+04   1.4100000e+02
   1.3223539e+01   2.0493282e-02   2.1550629e+04   1.4200000e+02
   1.3146270e+01   1.9352110e-02   2.1597349e+04   1.4300000e+02
   1.2801348e+01   4.1710651e-03   2.2076571e+04   1.4400000e+02
   1.2198458e+01   8.5799288e-03   2.2613117e+04   1.4600000e+02
   1.2173017e+01   0.0000000e+00   2.2973970e+04   1.4700000e+02
   1.1878979e+01   0.0000000e+00   2.3378920e+04   1.4800000e+02
   1.1725023e+01   0.0000000e+00   2.3198331e+04   1.6400000e+02
   9.9751126e+00   0.0000000e+00   2.3051659e+04   1.7000000e+02
   9.8862650e+00   0.0000000e+00   2.2804496e+04   1.7200000e+02
   8.6709736e+00   0.0000000e+00   2.2893572e+04   1.7300000e+02
   8.6169975e+00   0.0000000e+00   2.2838659e+04   1.7600000e+02
   6.3396518e+00   0.0000000e+00   2.2946416e+04   1.7700000e+02
   6.1514898e+00   0.0000000e+00   2.2931729e+04   1.7800000e+02
   5.6464771e+00   0.0000000e+00   2.3113917e+04   1.8000000e+02
   5.5557914e+00   0.0000000e+00   2.3313166e+04   1.8100000e+02
   5.5105266e+00   0.0000000e+00   2.3778356e+04   1.8500000e+02
   5.4566242e+00   0.0000000e+00   2.3232606e+04   2.0200000e+02
   5.4537597e+00   0.0000000e+00   2.3148353e+04   2.0300000e+02
   5.3569927e+00   0.0000000e+00   2.3061306e+04   2.0400000e+02
   5.2821753e+00   0.0000000e+00   2.3124487e+04   2.0600000e+02
   5.2659642e+00   0.0000000e+00   2.3117918e+04   2.0700000e+02
   5.1168461e+00   0.0000000e+00   2.3111198e+04   2.1100000e+02
   4.9946273e+00   0.0000000e+00   2.3126664e+04   2.1200000e+02
   4.9386229e+00   0.0000000e+00   2.3151516e+04   2.1300000e+02
   4.9357203e+00   0.0000000e+00   2.3249275e+04   2.1700000e+02
   4.9227195e+00   0.0000000e+00   2.3691756e+04   2.1800000e+02
   4.7464514e+00   0.0000000e+00   2.3856084e+04   2.1900000e+02
   4.6027263e+00   0.0000000e+00   2.4267532e+04   2.2000000e+02
   4.5281158e+00   0.0000000e+00   2.4505156e+04   2.2100000e+02
   4.2551834e+00   0.0000000e+00   2.5039705e+04   2.2200000e+02
   4.1882214e+00   0.0000000e+00   2.5400794e+04   2.2300000e+02
   4.0992597e+00   0.0000000e+00   2.5241222e+04   2.3500000e+02
   3.7697988e+00   0.0000000e+00   2.4941708e+04   2.4100000e+02
   3.5875074e+00   0.0000000e+00   2.5005143e+04   2.4600000e+02
   3.5725076e+00   0.0000000e+00   2.4845180e+04   2.4800000e+02
   3.0009090e+00   0.0000000e+00   2.4977398e+04   2.5000000e+02
   2.5478881e+00   0.0000000e+00   2.5376748e+04   2.5300000e+02
   2.1516603e+00   0.0000000e+00   2.5458823e+04   2.5400000e+02
   2.0822930e+00   0.0000000e+00   2.5527106e+04   2.5600000e+02
   2.0680039e+00   0.0000000e+00   2.5684101e+04   2.5800000e+02
   1.9871253e+00   0.0000000e+00   2.6163030e+04   2.5900000e+02
   1.5424769e+00   0.0000000e+00   2.6583475e+04   2.6000000e+02
   1.4506111e+00   0.0000000e+00   2.6451739e+04   2.7100000e+02
   1.3750380e+00   0.0000000e+00   2.6147429e+04   2.8300000e+02
   1.3604488e+00   0.0000000e+00   2.5997954e+04   2.8500000e+02
   1.3596021e+00   0.0000000e+00   2.5988697e+04   2.8800000e+02
   1.3442256e+00   0.0000000e+00   2.6030927e+04   2.9100000e+02
   1.3381427e+00   0.0000000e+00   2.6338637e+04   2.9500000e+02
   8.3246312e-01   0.0000000e+00   2.6789715e+04   2.9600000e+02
   8.1313194e-01   0.0000000e+00   2.6658923e+04   3.1100000e+02
   7.4218175e-01   0.0000000e+00   2.6369697e+04   3.1600000e+02
   7.0462319e-01   0.0000000e+00   2.6372743e+04   3.1700000e+02
   6.9912426e-01   0.0000000e+00   2.6194307e+04   3.1900000e+02
   6.6159654e-01   0.0000000e+00   2.6192909e+04   3.2100000e+02
   6.5660064e-01   0.0000000e+00   2.6092243e+04   3.2500000e+02
   6.1336142e-01   0.0000000e+00   2.6279614e+04   3.2800000e+02
   4.9850166e-01   0.0000000e+00   2.6599405e+04   3.3000000e+02
   4.4044470e-01   0.0000000e+00   2.6899952e+04   3.3200000e+02
   4.3685765e-01   0.0000000e+00   2.7323464e+04   3.3300000e+02
   4.3068231e-01   0.0000000e+00   2.8017905e+04   3.3400000e+02
   5.3197637e-02   0.0000000e+00   2.7752181e+04   3.4300000e+02
   5.2820326e-02   0.0000000e+00   2.7662840e+04   3.5100000e+02
   5.2289341e-02   0.0000000e+00   2.7467029e+04   3.5700000e+02
   2.8361686e-02   0.0000000e+00   2.7367470e+04   3.5800000e+02
   2.3331945e-02   0.0000000e+00   2.7326210e+04   3.5900000e+02
   2.2749643e-02   0.0000000e+00   2.7153954e+04   3.6000000e+02
   2.1881359e-02   0.0000000e+00   2.7154837e+04   3.6100000e+02
   5.8796263e-03   0.0000000e+00   2.7303666e+04   3.6200000e+02
   4.2302476e-03   0.0000000e+00   2.7488100e+04   3.6300000e+02
   0.0000000e+00   0.0000000e+00   2.7405662e+04   3.6400000e+02
   0.0000000e+00   0.0000000e+00   2.7300760e+04   3.8300000e+02
   0.0000000e+00   0.0000000e+00   2.6991193e+04   3.8900000e+02
   0.0000000e+00   0.0000000e+00   2.6757639e+04   3.9100000e+02
   0.0000000e+00   0.0000000e+00   2.6705153e+04   3.9300000e+02
   0.0000000e+00   0.0000000e+00   2.6546135e+04   3.9500000e+02
   0.0000000e+00   0.0000000e+00   2.6470694e+04   3.9600000e+02
   0.0000000e+00   0.0000000e+00   2.6062553e+04   3.9700000e+02
   0.0000000e+00   0.0000000e+00   2.5890265e+04   4.1600000e+02
   0.0000000e+00   0.0000000e+00   2.5648160e+04   4.1900000e+02
   0.0000000e+00   0.0000000e+00   2.5557463e+04   4.2200000e+02
   0.0000000e+00   0.0000000e+00   2.5478213e+04   4.2300000e+02
   0.0000000e+00   0.0000000e+00   2.5405518e+04   4.2500000e+02
   0.0000000e+00   0.0000000e+00   2.5192695e+04   4.2800000e+02
   0.0000000e+00   0.0000000e+00   2.4909984e+04   4.3200000e+02
   0.0000000e+00   0.0000000e+00   2.4840278e+04   4.3400000e+02
   0.0000000e+00   0.0000000e+00   2.4637605e+04   4.3600000e+02
   0.0000000e+00   0.0000000e+00   2.4620462e+04   4.5900000e+02
   0.0000000e+00   0.0000000e+00   2.4431116e+04   4.6000000e+02
   0.0000000e+00   0.0000000e+00   2.4198182e+04   4.6100000e+02
   0.0000000e+00   0.0000000e+00   2.3844130e+04   4.6200000e+02
   0.0000000e+00   0.0000000e+00   2.3670323e+04   4.6300000e+02
   0.0000000e+00   0.0000000e+00   2.3601974e+04   4.6700000e+02
   0.0000000e+00   0.0000000e+00   2.3503109e+04   4.6800000e+02
   0.0000000e+00   0.0000000e+00   2.3378916e+04   4.6900000e+02
   0.0000000e+00   0.0000000e+00   2.3327364e+04   4.7600000e+02
   0.0000000e+00   0.0000000e+00   2.3104947e+04   4.9600000e+02
   0.0000000e+00   0.0000000e+00   2.2733472e+04   5.0000000e+02
   0.0000000e+00   0.0000000e+00   2.2530406e+04   5.0400000e+02
   0.0000000e+00   0.0000000e+00   2.2408803e+04   5.0500000e+02
   0.0000000e+00   0.0000000e+00   2.2332490e+04   5.3500000e+02
   0.0000000e+00   0.0000000e+00   2.2181012e+04   5.3700000e+02
   0.0000000e+00   0.0000000e+00   2.2131632e+04   5.3800000e+02
   0.0000000e+00   0.0000000e+00   2.2088486e+04   5.3900000e+02
   0.0000000e+00   0.0000000e+00   2.2053840e+04   5.4300000e+02
   0.0000000e+00   0.0000000e+00   2.2031874e+04   5.4700000e+02
   0.0000000e+00   0.0000000e+00   2.1962521e+04   5.6800000e+02
   0.0000000e+00   0.0000000e+00   2.1819623e+04   5.7400000e+02
   0.0000000e+00   0.0000000e+00   2.1691756e+04   5.7600000e+02
   0.0000000e+00   0.0000000e+00   2.1620035e+04   5.7800000e+02
   0.0000000e+00   0.0000000e+00   2.1181215e+04   5.7900000e+02
   0.0000000e+00   0.0000000e+00   2.1104257e+04   5.8000000e+02
   0.0000000e+00   0.0000000e+00   2.1041274e+04   5.8300000e+02
   0.0000000e+00   0.0000000e+00   2.0920097e+04   6.0600000e+02
   0.0000000e+00   0.0000000e+00   2.0867050e+04   6.0900000e+02
   0.0000000e+00   0.0000000e+00   2.0817254e+04   6.1000000e+02
   0.0000000e+00   0.0000000e+00   2.0784233e+04   6.1300000e+02
   0.0000000e+00   0.0000000e+00   2.0521563e+04   6.1900000e+02
   0.0000000e+00   0.0000000e+00   2.0512623e+04   6.2000000e+02
   0.0000000e+00   0.0000000e+00   2.0361212e+04   6.3800000e+02
   0.0000000e+00   0.0000000e+00   2.0247830e+04   6.4100000e+02
   0.0000000e+00   0.0000000e+00   1.9981944e+04   6.4400000e+02
   0.0000000e+00   0.0000000e+00   1.9980888e+04   6.4500000e+02
   0.0000000e+00   0.0000000e+00   1.9883601e+04   6.4700000e+02
   0.0000000e+00   0.0000000e+00   1.9779584e+04   6.4800000e+02
   0.0000000e+00   0.0000000e+00   1.9737240e+04   6.4900000e+02
   0.0000000e+00   0.0000000e+00   1.9637589e+04   6.5100000e+02
   0.0000000e+00   0.0000000e+00   1.9567068e+04   6.5900000e+02
   0.0000000e+00   0.0000000e+00   1.9385411e+04   6.7500000e+02
   0.0000000e+00   0.0000000e+00   1.9269052e+04   6.7700000e+02
   0.0000000e+00   0.0000000e+00   1.9226317e+04   6.8100000e+02
   0.0000000e+00   0.0000000e+00   1.9147351e+04   6.8200000e+02
   0.0000000e+00   0.0000000e+00   1.9121522e+04   6.8600000e+02
   0.0000000e+00   0.0000000e+00   1.8915820e+04   6.8800000e+02
   0.0000000e+00   0.0000000e+00   1.8760881e+04   6.9200000e+02
   0.0000000e+00   0.0000000e+00   1.8743501e+04   6.9300000e+02
   0.0000000e+00   0.0000000e+00   1.8607868e+04   6.9500000e+02
   0.0000000e+00   0.0000000e+00   1.8560825e+04   6.9600000e+02
   0.0000000e+00   0.0000000e+00   1.8546726e+04   6.9900000e+02
   0.0000000e+00   0.0000000e+00   1.8362624e+04   7.1600000e+02
   0.0000000e+00   0.0000000e+00   1.8123169e+04   7.2000000e+02
   0.0000000e+00   0.0000000e+00   1.7964043e+04   7.2200000e+02
   0.0000000e+00   0.0000000e+00   1.7876186e+04   7.2300000e+02
   0.0000000e+00   0.0000000e+00   1.7863656e+04   7.2400000e+02
   0.0000000e+00   0.0000000e+00   1.7827052e+04   7.2600000e+02
   0.0000000e+00   0.0000000e+00   1.7789967e+04   7.2900000e+02
   0.0000000e+00   0.0000000e+00   1.7768302e+04   7.3000000e+02
   0.0000000e+00   0.0000000e+00   1.7708127e+04   7.3200000e+02
   0.0000000e+00   0.0000000e+00   1.7605440e+04   7.4900000e+02
   0.0000000e+00   0.0000000e+00   1.7494782e+04   7.5100000e+02
   0.0000000e+00   0.0000000e+00   1.7401051e+04   7.5200000e+02
   0.0000000e+00   0.0000000e+00   1.7323107e+04   7.5300000e+02
   0.0000000e+00   0.0000000e+00   1.7271111e+04   7.5500000e+02
   0.0000000e+00   0.0000000e+00   1.7087806e+04   7.5800000e+02
   0.0000000e+00   0.0000000e+00   1.6905284e+04   7.6000000e+02
   0.0000000e+00   0.0000000e+00   1.6886793e+04   7.6300000e+02
   0.0000000e+00   0.0000000e+00   1.6883146e+04   7.6600000e+02
   0.0000000e+00   0.0000000e+00   1.6854830e+04   7.6900000e+02
   0.0000000e+00   0.0000000e+00   1.6767408e+04   7.8800000e+02
   0.0000000e+00   0.0000000e+00   1.6716671e+04   7.9100000e+02
   0.0000000e+00   0.0000000e+00   1.6569727e+04   7.9400000e+02
   0.0000000e+00   0.0000000e+00   1.6282594e+04   7.9500000e+02
   0.0000000e+00   0.0000000e+00   1.6242075e+04   7.9600000e+02
   0.0000000e+00   0.0000000e+00   1.6088441e+04   7.9800000e+02
   0.0000000e+00   0.0000000e+00   1.5911347e+04   8.3000000e+02
   0.0000000e+00   0.0000000e+00   1.5898705e+04   8.3200000e+02
   0.0000000e+00   0.0000000e+00   1.5877370e+04   8.3600000e+02
   0.0000000e+00   0.0000000e+00   1.5793712e+04   8.3800000e+02
   0.0000000e+00   0.0000000e+00   1.5785260e+04   8.6900000e+02
   0.0000000e+00   0.0000000e+00   1.5782044e+04   8.7200000e+02
   0.0000000e+00   0.0000000e+00   1.5744743e+04   8.7500000e+02
   0.0000000e+00   0.0000000e+00   1.5696827e+04   9.0000000e+02
   0.0000000e+00   0.0000000e+00   1.5627547e+04   9.0200000e+02
   0.0000000e+00   0.0000000e+00   1.5576218e+04   9.0400000e+02
   0.0000000e+00   0.0000000e+00   1.5550459e+04   9.0500000e+02
   0.0000000e+00   0.0000000e+00   1.5429269e+04   9.3800000e+02
   0.0000000e+00   0.0000000e+00   1.5306902e+04   9.4000000e+02
   0.0000000e+00   0.0000000e+00   1.5257138e+04   9.4100000e+02
   0.0000000e+00   0.0000000e+00   1.5236420e+04   9.4200000e+02
   0.0000000e+00   0.0000000e+00   1.5007235e+04   9.4500000e+02
   0.0000000e+00   0.0000000e+00   1.4916891e+04   9.4700000e+02
   0.0000000e+00   0.0000000e+00   1.4819800e+04   9.4800000e+02
   0.0000000e+00   0.0000000e+00   1.4803169e+04   9.4900000e+02
   0.0000000e+00   0.0000000e+00   1.4737226e+04   9.7500000e+02
   0.0000000e+00   0.0000000e+00   1.4683928e+04   9.7600000e+02
   0.0000000e+00   0.0000000e+00   1.4426093e+04   9.8000000e+02
   0.0000000e+00   0.0000000e+00   1.4268133e+04   9.8200000e+02
   0.0000000e+00   0.0000000e+00   1.4217561e+04   9.8600000e+02
   0.0000000e+00   0.0000000e+00   1.4189312e+04   1.0100000e+03
   0.0000000e+00   0.0000000e+00   1.4160118e+04   1.0130000e+03
   0.0000000e+00   0.0000000e+00   1.4142617e+04   1.0190000e+03
   0.0000000e+00   0.0000000e+00   1.4069315e+04   1.0460000e+03
   0.0000000e+00   0.0000000e+00   1.3902264e+04   1.0490000e+03
   0.0000000e+00   0.0000000e+00   1.3881683e+04   1.0510000e+03
   0.0000000e+00   0.0000000e+00   1.3864982e+04   1.0530000e+03
   0.0000000e+00   0.0000000e+00   1.3846969e+04   1.0540000e+03
   0.0000000e+00   0.0000000e+00   1.3744241e+04   1.0560000e+03
   0.0000000e+00   0.0000000e+00   1.3621776e+04   1.0590000e+03
   0.0000000e+00   0.0000000e+00   1.3605038e+04   1.0870000e+03
   0.0000000e+00   0.0000000e+00   1.3583537e+04   1.0880000e+03
   0.0000000e+00   0.0000000e+00   1.3521473e+04   1.0940000e+03
   0.0000000e+00   0.0000000e+00   1.3510509e+04   1.0960000e+03
   0.0000000e+00   0.0000000e+00   1.3426500e+04   1.1310000e+03
   0.0000000e+00   0.0000000e+00   1.3408639e+04   1.1620000e+03
   0.0000000e+00   0.0000000e+00   1.3407375e+04   1.1670000e+03
   0.0000000e+00   0.0000000e+00   1.3382911e+04   1.1980000e+03
   0.0000000e+00   0.0000000e+00   1.3360053e+04   1.2410000e+03
   0.0000000e+00   0.0000000e+00   1.3346023e+04   1.2420000e+03
   0.0000000e+00   0.0000000e+00   1.3232860e+04   1.2690000e+03
   0.0000000e+00   0.0000000e+00   1.3173653e+04   1.2720000e+03
   0.0000000e+00   0.0000000e+00   1.3130353e+04   1.2730000e+03
   0.0000000e+00   0.0000000e+00   1.3122786e+04   1.2820000e+03
   0.0000000e+00   0.0000000e+00   1.3065507e+04   1.3040000e+03
   0.0000000e+00   0.0000000e+00   1.3049766e+04   1.3060000e+03
   0.0000000e+00   0.0000000e+00   1.2950791e+04   1.3090000e+03
   0.0000000e+00   0.0000000e+00   1.2799858e+04   1.3100000e+03
   0.0000000e+00   0.0000000e+00   1.2787721e+04   1.3180000e+03
   0.0000000e+00   0.0000000e+00   1.2636626e+04   1.3190000e+03
   0.0000000e+00   0.0000000e+00   1.2630399e+04   1.3220000e+03
   0.0000000e+00   0.0000000e+00   1.2520417e+04   1.3410000e+03
   0.0000000e+00   0.0000000e+00   1.2443371e+04   1.3450000e+03
   0.0000000e+00   0.0000000e+00   1.2396552e+04   1.3470000e+03
   0.0000000e+00   0.0000000e+00   1.2372952e+04   1.3490000e+03
   0.0000000e+00   0.0000000e+00   1.2340938e+04   1.3500000e+03
   0.0000000e+00   0.0000000e+00   1.2320854e+04   1.3580000e+03
   0.0000000e+00   0.0000000e+00   1.2311302e+04   1.3810000e+03
   0.0000000e+00   0.0000000e+00   1.2295411e+04   1.3830000e+03
   0.0000000e+00   0.0000000e+00   1.2223461e+04   1.3840000e+03
   0.0000000e+00   0.0000000e+00   1.2179067e+04   1.3890000e+03
   0.0000000e+00   0.0000000e+00   1.2057576e+04   1.4160000e+03
   0.0000000e+00   0.0000000e+00   1.1989100e+04   1.4180000e+03
   0.0000000e+00   0.0000000e+00   1.1979220e+04   1.4200000e+03
   0.0000000e+00   0.0000000e+00   1.1977783e+04   1.4220000e+03
   0.0000000e+00   0.0000000e+00   1.1858634e+04   1.4230000e+03
   0.0000000e+00   0.0000000e+00   1.1851875e+04   1.4240000e+03
   0.0000000e+00   0.0000000e+00   1.1795997e+04   1.4250000e+03
   0.0000000e+00   0.0000000e+00   1.1713262e+04   1.4260000e+03
   0.0000000e+00   0.0000000e+00   1.1622549e+04   1.4290000e+03
   0.0000000e+00   0.0000000e+00   1.1552288e+04   1.4580000e+03
   0.0000000e+00   0.0000000e+00   1.1512793e+04   1.4590000e+03
   0.0000000e+00   0.0000000e+00   1.1511647e+04   1.4610000e+03
   0.0000000e+00   0.0000000e+00   1.1492910e+04   1.4670000e+03
   0.0000000e+00   0.0000000e+00   1.1479390e+04   1.4690000e+03
   0.0000000e+00   0.0000000e+00   1.1451654e+04   1.4910000e+03
   0.0000000e+00   0.0000000e+00   1.1407052e+04   1.5270000e+03
   0.0000000e+00   0.0000000e+00   1.1354209e+04   1.5290000e+03
   0.0000000e+00   0.0000000e+00   1.1348340e+04   1.5320000e+03
   0.0000000e+00   0.0000000e+00   1.1318748e+04   1.5390000e+03
   0.0000000e+00   0.0000000e+00   1.1253225e+04   1.5420000e+03
   0.0000000e+00   0.0000000e+00   1.1234192e+04   1.5680000e+03
   0.0000000e+00   0.0000000e+00   1.1159465e+04   1.5690000e+03
   0.0000000e+00   0.0000000e+00   1.1024045e+04   1.5720000e+03
   0.0000000e+00   0.0000000e+00   1.0924309e+04   1.5740000e+03
   0.0000000e+00   0.0000000e+00   1.0888927e+04   1.5980000e+03
   0.0000000e+00   0.0000000e+00   1.0819680e+04   1.6050000e+03
   0.0000000e+00   0.0000000e+00   1.0801143e+04   1.6070000e+03
   0.0000000e+00   0.0000000e+00   1.0797652e+04   1.6430000e+03
   0.0000000e+00   0.0000000e+00   1.0783170e+04   1.6440000e+03
   0.0000000e+00   0.0000000e+00   1.0746501e+04   1.6480000e+03
   0.0000000e+00   0.0000000e+00   1.0692972e+04   1.6760000e+03
   0.0000000e+00   0.0000000e+00   1.0662291e+04   1.6780000e+03
   0.0000000e+00   0.0000000e+00   1.0636663e+04   1.6790000e+03
   0.0000000e+00   0.0000000e+00   1.0614756e+04   1.6840000e+03
   0.0000000e+00   0.0000000e+00   1.0553525e+04   1.6860000e+03
   0.0000000e+00   0.0000000e+00   1.0509640e+04   1.6910000e+03
   0.0000000e+00   0.0000000e+00   1.0495059e+04   1.7150000e+03
   0.0000000e+00   0.0000000e+00   1.0316804e+04   1.7160000e+03
   0.0000000e+00   0.0000000e+00   1.0312858e+04   1.7170000e+03
   0.0000000e+00   0.0000000e+00   1.0250757e+04   1.7180000e+03
   0.0000000e+00   0.0000000e+00   1.0174028e+04   1.7200000e+03
   0.0000000e+00   0.0000000e+00   1.0122187e+04   1.7510000e+03
   0.0000000e+00   0.0000000e+00   1.0102037e+04   1.7520000e+03
   0.0000000e+00   0.0000000e+00   1.0038453e+04   1.7550000e+03
   0.0000000e+00   0.0000000e+00   1.0025232e+04   1.7560000e+03
   0.0000000e+00   0.0000000e+00   9.8771435e+03   1.7570000e+03
   0.0000000e+00   0.0000000e+00   9.6855522e+03   1.7920000e+03
   0.0000000e+00   0.0000000e+00   9.6448597e+03   1.7940000e+03
   0.0000000e+00   0.0000000e+00   9.5889425e+03   1.8010000e+03
   0.0000000e+00   0.0000000e+00   9.5309211e+03   1.8220000e+03
   0.0000000e+00   0.0000000e+00   9.4594249e+03   1.8270000e+03
   0.0000000e+00   0.0000000e+00   9.4557089e+03   1.8280000e+03
   0.0000000e+00   0.0000000e+00   9.2795175e+03   1.8310000e+03
   0.0000000e+00   0.0000000e+00   9.2384959e+03   1.8360000e+03
   0.0000000e+00   0.0000000e+00   9.2136811e+03   1.8630000e+03
   0.0000000e+00   0.0000000e+00   9.2037111e+03   1.8670000e+03
   0.0000000e+00   0.0000000e+00   9.1367906e+03   1.8700000e+03
   0.0000000e+00   0.0000000e+00   9.1320685e+03   1.8990000e+03
   0.0000000e+00   0.0000000e+00   9.1207786e+03   1.9050000e+03
   0.0000000e+00   0.0000000e+00   9.0981641e+03   1.9070000e+03
   0.0000000e+00   0.0000000e+00   8.9724199e+03   1.9350000e+03
   0.0000000e+00   0.0000000e+00   8.9395795e+03   1.9370000e+03
   0.0000000e+00   0.0000000e+00   8.9042177e+03   1.9720000e+03
   0.0000000e+00   0.0000000e+00   8.8703314e+03   1.9750000e+03
   0.0000000e+00   0.0000000e+00   8.8579994e+03   1.9760000e+03
   0.0000000e+00   0.0000000e+00   8.8547323e+03   1.9770000e+03
   0.0000000e+00   0.0000000e+00   8.8473612e+03   1.9800000e+03
   0.0000000e+00   0.0000000e+00   8.7707680e+03   2.0070000e+03
   0.0000000e+00   0.0000000e+00   8.7448132e+03   2.0500000e+03
   0.0000000e+00   0.0000000e+00   8.7301940e+03   2.0860000e+03
   0.0000000e+00   0.0000000e+00   8.7257924e+03   2.0870000e+03
   0.0000000e+00   0.0000000e+00   8.7253403e+03   2.0880000e+03
   0.0000000e+00   0.0000000e+00   8.7073640e+03   2.0900000e+03
   0.0000000e+00   0.0000000e+00   8.6613128e+03   2.1220000e+03
   0.0000000e+00   0.0000000e+00   8.5967208e+03   2.1290000e+03
   0.0000000e+00   0.0000000e+00   8.5480126e+03   2.1550000e+03
   0.0000000e+00   0.0000000e+00   8.4651885e+03   2.1560000e+03
   0.0000000e+00   0.0000000e+00   8.4577136e+03   2.1600000e+03
   0.0000000e+00   0.0000000e+00   8.3947582e+03   2.1640000e+03
   0.0000000e+00   0.0000000e+00   8.3559326e+03   2.1960000e+03
   0.0000000e+00   0.0000000e+00   8.3446507e+03   2.2320000e+03
   0.0000000e+00   0.0000000e+00   8.2556910e+03   2.2370000e+03
   0.0000000e+00   0.0000000e+00   8.2208917e+03   2.2700000e+03
   0.0000000e+00   0.0000000e+00   8.1832798e+03   2.2710000e+03
   0.0000000e+00   0.0000000e+00   8.1774203e+03   2.3070000e+03
   0.0000000e+00   0.0000000e+00   8.1725884e+03   2.3120000e+03
   0.0000000e+00   0.0000000e+00   8.1397755e+03   2.3430000e+03
   0.0000000e+00   0.0000000e+00   8.1188903e+03   2.3820000e+03
   0.0000000e+00   0.0000000e+00   8.0936585e+03   2.3830000e+03
   0.0000000e+00   0.0000000e+00   8.0929881e+03   2.3890000e+03
   0.0000000e+00   0.0000000e+00   8.0507146e+03   2.4240000e+03
   0.0000000e+00   0.0000000e+00   7.9861794e+03   2.4550000e+03
   0.0000000e+00   0.0000000e+00   7.9217897e+03   2.4920000e+03
   0.0000000e+00   0.0000000e+00   7.9190579e+03   2.5660000e+03
   0.0000000e+00   0.0000000e+00   7.9143640e+03   2.5670000e+03
   0.0000000e+00   0.0000000e+00   7.9137589e+03   2.5740000e+03
   0.0000000e+00   0.0000000e+00   7.8909763e+03   2.6000000e+03
   0.0000000e+00   0.0000000e+00   7.8544948e+03   2.6030000e+03
   0.0000000e+00   0.0000000e+00   7.8510991e+03   2.6080000e+03
   0.0000000e+00   0.0000000e+00   7.7743294e+03   2.6390000e+03
   0.0000000e+00   0.0000000e+00   7.7503303e+03   2.6430000e+03
   0.0000000e+00   0.0000000e+00   7.7420603e+03   2.6440000e+03
   0.0000000e+00   0.0000000e+00   7.7418021e+03   2.7580000e+03
   0.0000000e+00   0.0000000e+00   7.7084193e+03   2.8240000e+03
   0.0000000e+00   0.0000000e+00   7.7045148e+03   2.8990000e+03
   0.0000000e+00   0.0000000e+00   7.7027483e+03   2.9010000e+03
   0.0000000e+00   0.0000000e+00   7.6844510e+03   2.9310000e+03
   0.0000000e+00   0.0000000e+00   7.6588833e+03   3.0460000e+03
   0.0000000e+00   0.0000000e+00   7.6577203e+03   3.0500000e+03
   0.0000000e+00   0.0000000e+00   7.6411659e+03   3.0840000e+03
   0.0000000e+00   0.0000000e+00   7.6397652e+03   3.0880000e+03
   0.0000000e+00   0.0000000e+00   7.6020637e+03   3.1200000e+03
   0.0000000e+00   0.0000000e+00   7.5796690e+03   3.1210000e+03
   0.0000000e+00   0.0000000e+00   7.5759076e+03   3.1980000e+03
   0.0000000e+00   0.0000000e+00   7.4782008e+03   3.1990000e+03
   0.0000000e+00   0.0000000e+00   7.4508984e+03   3.2350000e+03
   0.0000000e+00   0.0000000e+00   7.3136794e+03   3.2740000e+03
   0.0000000e+00   0.0000000e+00   7.3002531e+03   3.3070000e+03
   0.0000000e+00   0.0000000e+00   7.2710960e+03   3.3420000e+03
   0.0000000e+00   0.0000000e+00   7.2545173e+03   3.3830000e+03
   0.0000000e+00   0.0000000e+00   7.2084675e+03   3.4150000e+03
   0.0000000e+00   0.0000000e+00   7.1751277e+03   3.4200000e+03
   0.0000000e+00   0.0000000e+00   7.1393458e+03   3.4630000e+03
   0.0000000e+00   0.0000000e+00   7.1192351e+03   3.4860000e+03
   0.0000000e+00   0.0000000e+00   7.0715208e+03   3.4890000e+03
   0.0000000e+00   0.0000000e+00   7.0387647e+03   3.4920000e+03
   0.0000000e+00   0.0000000e+00   7.0314700e+03   3.4930000e+03
   0.0000000e+00   0.0000000e+00   7.0232876e+03   3.5250000e+03
   0.0000000e+00   0.0000000e+00   7.0044425e+03   3.5260000e+03
   0.0000000e+00   0.0000000e+00   6.9878259e+03   3.5660000e+03
   0.0000000e+00   0.0000000e+00   6.9851645e+03   3.5690000e+03
   0.0000000e+00   0.0000000e+00   6.9625305e+03   3.6010000e+03
   0.0000000e+00   0.0000000e+00   6.9183056e+03   3.6720000e+03
   0.0000000e+00   0.0000000e+00   6.9125990e+03   3.6780000e+03
   0.0000000e+00   0.0000000e+00   6.8614009e+03   3.8730000e+03
   0.0000000e+00   0.0000000e+00   6.8251018e+03   3.9320000e+03
   0.0000000e+00   0.0000000e+00   6.8052267e+03   4.0060000e+03
   0.0000000e+00   0.0000000e+00   6.8037448e+03   4.0480000e+03
   0.0000000e+00   0.0000000e+00   6.7784246e+03   4.0910000e+03
   0.0000000e+00   0.0000000e+00   6.7757593e+03   4.1990000e+03
   0.0000000e+00   0.0000000e+00   6.7713908e+03   4.2340000e+03
   0.0000000e+00   0.0000000e+00   6.7656398e+03   4.3050000e+03
   0.0000000e+00   0.0000000e+00   6.7519460e+03   4.3060000e+03
   0.0000000e+00   0.0000000e+00   6.7317877e+03   4.3840000e+03
   0.0000000e+00   0.0000000e+00   6.7182347e+03   4.4920000e+03
   0.0000000e+00   0.0000000e+00   6.6967840e+03   4.5250000e+03
   0.0000000e+00   0.0000000e+00   6.6817757e+03   4.7100000e+03
   0.0000000e+00   0.0000000e+00   6.6808669e+03   4.8990000e+03
   0.0000000e+00   0.0000000e+00   6.6602384e+03   4.9760000e+03
   0.0000000e+00   0.0000000e+00   6.6557711e+03   5.0070000e+03
   0.0000000e+00   0.0000000e+00   6.6466264e+03   5.0830000e+03
   0.0000000e+00   0.0000000e+00   6.6449324e+03   5.1250000e+03
   0.0000000e+00   0.0000000e+00   6.6440255e+03   5.1910000e+03
   0.0000000e+00   0.0000000e+00   6.6217161e+03   5.2630000e+03
   0.0000000e+00   0.0000000e+00   6.6149040e+03   5.2690000e+03
   0.0000000e+00   0.0000000e+00   6.6067759e+03   5.3050000e+03
   0.0000000e+00   0.0000000e+00   6.5793191e+03   5.5990000e+03
   0.0000000e+00   0.0000000e+00   6.5621045e+03   5.7080000e+03
   0.0000000e+00   0.0000000e+00   6.5611665e+03   5.8260000e+03
   0.0000000e+00   0.0000000e+00   6.5608777e+03   5.9380000e+03
   0.0000000e+00   0.0000000e+00   6.5543521e+03   6.0420000e+03
   0.0000000e+00   0.0000000e+00   6.5450569e+03   6.1180000e+03
   0.0000000e+00   0.0000000e+00   6.5388867e+03   6.1580000e+03
   0.0000000e+00   0.0000000e+00   6.5374320e+03   6.3750000e+03
   0.0000000e+00   0.0000000e+00   6.5337545e+03   6.4510000e+03
   0.0000000e+00   0.0000000e+00   6.5023949e+03   6.5980000e+03
   0.0000000e+00   0.0000000e+00   6.4771372e+03   6.6730000e+03
   0.0000000e+00   0.0000000e+00   6.4639299e+03   6.7840000e+03
   0.0000000e+00   0.0000000e+00   6.4628777e+03   6.8260000e+03
   0.0000000e+00   0.0000000e+00   6.4596678e+03   6.8580000e+03
   0.0000000e+00   0.0000000e+00   6.4470275e+03   7.0800000e+03
   0.0000000e+00   0.0000000e+00   6.4269783e+03   7.1160000e+03
   0.0000000e+00   0.0000000e+00   6.4255544e+03   7.1190000e+03
   0.0000000e+00   0.0000000e+00   6.4033225e+03   7.2640000e+03
   0.0000000e+00   0.0000000e+00   6.3827764e+03   7.6000000e+03
   0.0000000e+00   0.0000000e+00   6.3755173e+03   7.7840000e+03
   0.0000000e+00   0.0000000e+00   6.3690154e+03   7.8230000e+03
   0.0000000e+00   0.0000000e+00   6.3484656e+03   7.9270000e+03
   0.0000000e+00   0.0000000e+00   6.3391693e+03   8.0050000e+03
   0.0000000e+00   0.0000000e+00   6.3369726e+03   8.0420000e+03
   0.0000000e+00   0.0000000e+00   6.3287950e+03   8.0460000e+03
   0.0000000e+00   0.0000000e+00   6.3211169e+03   8.1150000e+03
   0.0000000e+00   0.0000000e+00   6.3119987e+03   8.1540000e+03
   0.0000000e+00   0.0000000e+00   6.3111282e+03   8.2640000e+03
   0.0000000e+00   0.0000000e+00   6.3085510e+03   8.3380000e+03
   0.0000000e+00   0.0000000e+00   6.3046552e+03   8.6700000e+03
   0.0000000e+00   0.0000000e+00   6.2914482e+03   8.7800000e+03
   0.0000000e+00   0.0000000e+00   6.2894295e+03   8.7830000e+03
   0.0000000e+00   0.0000000e+00   6.2678974e+03   8.9290000e+03
   0.0000000e+00   0.0000000e+00   6.2596761e+03   9.0770000e+03
   0.0000000e+00   0.0000000e+00   6.2540645e+03   9.4480000e+03
   0.0000000e+00   0.0000000e+00   6.2384886e+03   9.4850000e+03
   0.0000000e+00   0.0000000e+00   6.2371222e+03   9.5610000e+03
   0.0000000e+00   0.0000000e+00   6.2180443e+03   1.0002000e+04
   0.0000000e+00   0.0000000e+00   6.2143677e+03   1.0631000e+04
   0.0000000e+00   0.0000000e+00   6.2070513e+03   1.1261000e+04
   0.0000000e+00   0.0000000e+00   6.2040787e+03   1.1372000e+04
   0.0000000e+00   0.0000000e+00   6.1935263e+03   1.1446000e+04
   0.0000000e+00   0.0000000e+00   6.1874796e+03   1.1448000e+04
   0.0000000e+00   0.0000000e+00   6.1832932e+03   1.1482000e+04
   0.0000000e+00   0.0000000e+00   6.1675975e+03   1.1483000e+04
   0.0000000e+00   0.0000000e+00   6.1619482e+03   1.1815000e+04
   0.0000000e+00   0.0000000e+00   6.1612838e+03   1.1929000e+04
   0.0000000e+00   0.0000000e+00   6.1468612e+03   1.2000000e+04
   0.0000000e+00   0.0000000e+00   6.1372013e+03   1.2337000e+04
   0.0000000e+00   0.0000000e+00   6.1332096e+03   1.2409000e+04
   0.0000000e+00   0.0000000e+00   6.1277205e+03   1.2519000e+04
   0.0000000e+00   0.0000000e+00   6.1022382e+03   1.2884000e+04
   0.0000000e+00   0.0000000e+00   6.1007836e+03   1.3073000e+04
   0.0000000e+00   0.0000000e+00   6.1005192e+03   1.3409000e+04
   0.0000000e+00   0.0000000e+00   6.0998229e+03   1.4851000e+04
   0.0000000e+00   0.0000000e+00   6.0976560e+03   1.4925000e+04
   0.0000000e+00   0.0000000e+00   6.0896306e+03   1.5112000e+04
   0.0000000e+00   0.0000000e+00   6.0864897e+03   1.5192000e+04
   0.0000000e+00   0.0000000e+00   6.0822976e+03   1.5558000e+04
   0.0000000e+00   0.0000000e+00   6.0793954e+03   1.6217000e+04
   0.0000000e+00   0.0000000e+00   6.0693410e+03   1.6255000e+04
   0.0000000e+00   0.0000000e+00   6.0590113e+03   1.6259000e+04
   0.0000000e+00   0.0000000e+00   6.0558664e+03   1.6703000e+04
   0.0000000e+00   0.0000000e+00   6.0433328e+03   1.6738000e+04
   0.0000000e+00   0.0000000e+00   6.0431498e+03   1.6739000e+04
   0.0000000e+00   0.0000000e+00   6.0394732e+03   1.7365000e+04
   0.0000000e+00   0.0000000e+00   6.0364644e+03   1.7662000e+04
   0.0000000e+00   0.0000000e+00   6.0324234e+03   1.7957000e+04
   0.0000000e+00   0.0000000e+00   5.9961818e+03   1.8326000e+04
   0.0000000e+00   0.0000000e+00   5.9843331e+03   1.8365000e+04
   0.0000000e+00   0.0000000e+00   5.9828785e+03   1.8400000e+04
   0.0000000e+00   0.0000000e+00   5.9808539e+03   1.8481000e+04
   0.0000000e+00   0.0000000e+00   5.9694514e+03   1.8511000e+04
   0.0000000e+00   0.0000000e+00   5.9585199e+03   1.8548000e+04
   0.0000000e+00   0.0000000e+00   5.9501859e+03   1.8661000e+04
   0.0000000e+00   0.0000000e+00   5.9283234e+03   1.8810000e+04
   0.0000000e+00   0.0000000e+00   5.9259202e+03   1.8919000e+04
   0.0000000e+00   0.0000000e+00   5.9218047e+03   1.9030000e+04
   0.0000000e+00   0.0000000e+00   5.9145607e+03   1.9589000e+04
   0.0000000e+00   0.0000000e+00   5.9129055e+03   1.9736000e+04
   0.0000000e+00   0.0000000e+00   5.9056311e+03   2.0029000e+04
   0.0000000e+00   0.0000000e+00   5.9035783e+03   2.0289000e+04
   0.0000000e+00   0.0000000e+00   5.8957320e+03   2.0510000e+04
   0.0000000e+00   0.0000000e+00   5.8954216e+03   2.1068000e+04
   0.0000000e+00   0.0000000e+00   5.8943847e+03   2.1364000e+04
   0.0000000e+00   0.0000000e+00   5.8918126e+03   2.1919000e+04
   0.0000000e+00   0.0000000e+00   5.8840867e+03   2.2139000e+04
   0.0000000e+00   0.0000000e+00   5.8812885e+03   2.3028000e+04
   0.0000000e+00   0.0000000e+00   5.8697991e+03   2.3470000e+04
   0.0000000e+00   0.0000000e+00   5.8687064e+03   2.3655000e+04
   0.0000000e+00   0.0000000e+00   5.8543860e+03   2.3656000e+04
   0.0000000e+00   0.0000000e+00   5.8484361e+03   2.5730000e+04
   0.0000000e+00   0.0000000e+00   5.8443206e+03   2.6245000e+04
   0.0000000e+00   0.0000000e+00   5.8395575e+03   2.7908000e+04
   0.0000000e+00   0.0000000e+00   5.8381029e+03   3.0758000e+04
   0.0000000e+00   0.0000000e+00   5.8328248e+03   3.0795000e+04
   0.0000000e+00   0.0000000e+00   5.8285855e+03   3.2096000e+04
   0.0000000e+00   0.0000000e+00   5.8277574e+03   3.2315000e+04
   0.0000000e+00   0.0000000e+00   5.8204827e+03   3.2609000e+04
   0.0000000e+00   0.0000000e+00   5.8158228e+03   3.3315000e+04
   0.0000000e+00   0.0000000e+00   5.8111650e+03   3.4016000e+04
   0.0000000e+00   0.0000000e+00   5.8061464e+03   3.4315000e+04
   0.0000000e+00   0.0000000e+00   5.8057318e+03   3.4419000e+04
   0.0000000e+00   0.0000000e+00   5.8024200e+03   3.4422000e+04
   0.0000000e+00   0.0000000e+00   5.7972888e+03   3.4569000e+04
   0.0000000e+00   0.0000000e+00   5.7886267e+03   3.4941000e+04
   0.0000000e+00   0.0000000e+00   5.7853770e+03   3.5239000e+04
   0.0000000e+00   0.0000000e+00   5.7830479e+03   3.5456000e+04
   0.0000000e+00   0.0000000e+00   5.7813593e+03   3.6937000e+04
   0.0000000e+00   0.0000000e+00   5.7752520e+03   3.8087000e+04
   0.0000000e+00   0.0000000e+00   5.7711365e+03   3.8417000e+04
   0.0000000e+00   0.0000000e+00   5.7660656e+03   3.8677000e+04
   0.0000000e+00   0.0000000e+00   5.7489148e+03   4.2230000e+04
   0.0000000e+00   0.0000000e+00   5.7438439e+03   4.3339000e+04
   0.0000000e+00   0.0000000e+00   5.7387729e+03   4.9517000e+04
   0.0000000e+00   0.0000000e+00   5.7336466e+03   4.9555000e+04
   0.0000000e+00   0.0000000e+00   5.7333888e+03   4.9743000e+04
   0.0000000e+00   0.0000000e+00   5.7288575e+03   5.0444000e+04
   0.0000000e+00   0.0000000e+00   5.7268046e+03   5.6623000e+04
   0.0000000e+00   0.0000000e+00   5.7268039e+03   6.3135000e+04
   0.0000000e+00   0.0000000e+00   5.7266107e+03   6.6171000e+04
   0.0000000e+00   0.0000000e+00   5.7226488e+03   6.6833000e+04
   0.0000000e+00   0.0000000e+00   5.7184624e+03   6.9016000e+04
   0.0000000e+00   0.0000000e+00   5.7175752e+03   7.6530000e+04
   0.0000000e+00   0.0000000e+00   5.7152461e+03   7.7525000e+04
   0.0000000e+00   0.0000000e+00   5.7131402e+03   7.9009000e+04
   0.0000000e+00   0.0000000e+00   5.7070524e+03   8.2411000e+04
   0.0000000e+00   0.0000000e+00   5.7062088e+03   8.4706000e+04
   0.0000000e+00   0.0000000e+00   5.7047542e+03   8.6295000e+04
   0.0000000e+00   0.0000000e+00   5.7018486e+03   8.8406000e+04
   0.0000000e+00   0.0000000e+00   5.6977855e+03   8.8518000e+04
   0.0000000e+00   0.0000000e+00   5.6927145e+03   8.9996000e+04
   0.0000000e+00   0.0000000e+00   5.6898053e+03   9.4953000e+04
   0.0000000e+00   0.0000000e+00   5.6875327e+03   9.5470000e+04
   0.0000000e+00   0.0000000e+00   5.6837800e+03   9.8654000e+04
   0.0000000e+00   0.0000000e+00   5.6815449e+03   1.0890300e+05
   0.0000000e+00   0.0000000e+00   5.6793098e+03   1.1156600e+05
   0.0000000e+00   0.0000000e+00   5.6732132e+03   1.1352800e+05
   0.0000000e+00   0.0000000e+00   5.6675639e+03   1.2381400e+05
   0.0000000e+00   0.0000000e+00   5.6624930e+03   1.3639400e+05
   0.0000000e+00   0.0000000e+00   5.6605021e+03   1.4553400e+05
   0.0000000e+00   0.0000000e+00   5.6601366e+03   1.4631300e+05
   0.0000000e+00   0.0000000e+00   5.6595777e+03   1.4930800e+05
   0.0000000e+00   0.0000000e+00   5.6535917e+03   1.6732700e+05
   0.0000000e+00   0.0000000e+00   5.6535523e+03   1.7835400e+05
   0.0000000e+00   0.0000000e+00   5.6436704e+03   1.7912800e+05
   0.0000000e+00   0.0000000e+00   5.6414353e+03   1.8504900e+05
   0.0000000e+00   0.0000000e+00   5.6375495e+03   1.8597300e+05
   0.0000000e+00   0.0000000e+00   5.6353144e+03   1.8945100e+05
   0.0000000e+00   0.0000000e+00   5.6338598e+03   1.9959000e+05
