   2.7674965e+02   1.2295014e+01   1.6105293e+04   7.0000000e+00
   2.6872546e+02   1.2217188e+01   1.6053034e+04   1.1000000e+01
   2.5265862e+02   1.1948198e+01   1.5982172e+04   1.5000000e+01
   2.5109690e+02   1.1700226e+01   1.5985046e+04   1.6000000e+01
   2.4853953e+02   1.1670028e+01   1.5942094e+04   1.7000000e+01
   2.3269961e+02   1.1034031e+01   1.5866105e+04   1.9000000e+01
   2.2951172e+02   1.0472443e+01   1.5938701e+04   2.0000000e+01
   2.2941464e+02   9.8566719e+00   1.6001948e+04   2.1000000e+01
   2.2738047e+02   9.8531341e+00   1.6069343e+04   2.3000000e+01
   2.2685726e+02   9.8458171e+00   1.6079135e+04   2.5000000e+01
   2.2182540e+02   9.7878971e+00   1.6167678e+04   2.7000000e+01
   2.1488509e+02   9.8291985e+00   1.6199560e+04   2.8000000e+01
   1.9983961e+02   7.7201083e+00   1.6441237e+04   2.9000000e+01
   1.9885469e+02   7.6910200e+00   1.6504120e+04   3.0000000e+01
   1.9802067e+02   7.6875898e+00   1.6689318e+04   3.1000000e+01
   1.9720401e+02   7.6368523e+00   1.6868753e+04   3.2000000e+01
   1.7995252e+02   7.7188342e+00   1.7265925e+04   3.3000000e+01
   1.7879329e+02   7.2355550e+00   1.7611621e+04   3.4000000e+01
   1.7715583e+02   6.0148844e+00   1.7902414e+04   3.5000000e+01
   1.7618171e+02   5.9535161e+00   1.8130128e+04   3.6000000e+01
   1.7393648e+02   5.7386738e+00   1.8662239e+04   3.7000000e+01
   1.5367097e+02   3.5118233e+00   1.9340850e+04   3.8000000e+01
   1.3817680e+02   2.8718643e+00   1.9120094e+04   4.6000000e+01
   1.3429276e+02   2.8565198e+00   1.9114918e+04   4.7000000e+01
   1.3348983e+02   2.8938433e+00   1.9102343e+04   4.9000000e+01
   1.3331115e+02   2.9358030e+00   1.8991648e+04   5.2000000e+01
   1.2949042e+02   2.9932036e+00   1.8972728e+04   5.5000000e+01
   1.2934483e+02   3.0022630e+00   1.8905939e+04   5.6000000e+01
   1.2457051e+02   3.0737003e+00   1.8730561e+04   5.7000000e+01
   1.2439342e+02   3.1041684e+00   1.8399837e+04   5.8000000e+01
   1.2401701e+02   3.2153405e+00   1.8335080e+04   5.9000000e+01
   1.2312911e+02   2.8635377e+00   1.8370015e+04   6.3000000e+01
   1.2125824e+02   2.8760780e+00   1.8347547e+04   6.4000000e+01
   1.1941876e+02   2.8816859e+00   1.8448049e+04   6.5000000e+01
   1.1906132e+02   2.8844976e+00   1.8633989e+04   6.6000000e+01
   1.0917314e+02   2.0100968e+00   1.9024276e+04   6.8000000e+01
   1.0830183e+02   1.5159211e+00   1.9332727e+04   7.0000000e+01
   1.0766988e+02   1.5046954e+00   1.9486211e+04   7.1000000e+01
   1.0612229e+02   1.4842773e+00   1.9935078e+04   7.2000000e+01
   1.0558170e+02   1.4329907e+00   2.0248045e+04   7.3000000e+01
   1.0337601e+02   1.3892131e+00   2.0705599e+04   7.4000000e+01
   1.0327260e+02   1.3802857e+00   2.1080082e+04   7.5000000e+01
   1.0304439e+02   1.3709073e+00   2.1127172e+04   9.4000000e+01
   1.0263694e+02   1.3917399e+00   2.1046736e+04   9.5000000e+01
   9.9523799e+01   1.4808806e+00   2.0909301e+04   9.7000000e+01
   9.5229853e+01   1.3131673e+00   2.0866656e+04   9.8000000e+01
   9.4952267e+01   1.2881783e+00   2.1012663e+04   9.9000000e+01
   9.3518946e+01   1.2478840e+00   2.1031446e+04   1.0000000e+02
   9.3332532e+01   1.2375617e+00   2.1339370e+04   1.0500000e+02
   9.2531057e+01   1.2324370e+00   2.1538428e+04   1.0600000e+02
   9.2232987e+01   1.2111104e+00   2.1568211e+04   1.0700000e+02
   8.3357141e+01   1.1953978e+00   2.1774168e+04   1.0800000e+02
   8.2551837e+01   8.5823301e-01   2.1968880e+04   1.0900000e+02
   7.6159176e+01   8.6361621e-01   2.2479037e+04   1.1000000e+02
   7.5597693e+01   8.5872691e-01   2.2976313e+04   1.1100000e+02
   7.2801267e+01   8.5360848e-01   2.2818956e+04   1.2300000e+02
   7.2540479e+01   9.2317279e-01   2.2696156e+04   1.2600000e+02
   7.2455767e+01   9.4006879e-01   2.2508077e+04   1.2900000e+02
   7.1651901e+01   9.8745106e-01   2.2236029e+04   1.3100000e+02
   7.1594652e+01   1.0572812e+00   2.1875379e+04   1.3300000e+02
   7.0098498e+01   1.0111533e+00   2.2013271e+04   1.3600000e+02
   6.9853558e+01   9.8029509e-01   2.1965124e+04   1.3800000e+02
   6.9845615e+01   9.8251299e-01   2.1900409e+04   1.3900000e+02
   4.7157597e+01   3.1680019e-03   2.2135370e+04   1.4100000e+02
   4.6741262e+01   0.0000000e+00   2.2286976e+04   1.4200000e+02
   4.5195004e+01   0.0000000e+00   2.2631150e+04   1.4400000e+02
   4.4414971e+01   0.0000000e+00   2.2864180e+04   1.4500000e+02
   4.3817012e+01   0.0000000e+00   2.3346860e+04   1.4600000e+02
   4.2826086e+01   0.0000000e+00   2.3738307e+04   1.4700000e+02
   4.1591163e+01   0.0000000e+00   2.4263243e+04   1.4800000e+02
   3.8529495e+01   0.0000000e+00   2.4121255e+04   1.5500000e+02
   3.7397296e+01   2.9204861e-02   2.3967544e+04   1.5700000e+02
   3.6982154e+01   2.9729759e-02   2.3823071e+04   1.6500000e+02
   3.6203174e+01   0.0000000e+00   2.3746226e+04   1.6700000e+02
   3.5939019e+01   0.0000000e+00   2.3771684e+04   1.6900000e+02
   3.3871682e+01   0.0000000e+00   2.3782577e+04   1.7200000e+02
   3.3483207e+01   0.0000000e+00   2.3660640e+04   1.7300000e+02
   3.2731923e+01   0.0000000e+00   2.3750787e+04   1.7400000e+02
   3.2714651e+01   0.0000000e+00   2.3951625e+04   1.7700000e+02
   3.2623569e+01   0.0000000e+00   2.3883161e+04   1.7800000e+02
   3.0448121e+01   0.0000000e+00   2.4192524e+04   1.7900000e+02
   3.0265931e+01   0.0000000e+00   2.4406729e+04   1.8000000e+02
   1.3504171e+01   0.0000000e+00   2.4827068e+04   1.8100000e+02
   1.3397716e+01   0.0000000e+00   2.5030544e+04   1.8200000e+02
   1.3370184e+01   0.0000000e+00   2.5273126e+04   1.8300000e+02
   1.2188149e+01   0.0000000e+00   2.5957396e+04   1.8600000e+02
   8.2819481e+00   0.0000000e+00   2.5847790e+04   1.9500000e+02
   6.0622758e+00   0.0000000e+00   2.5825727e+04   2.0000000e+02
   5.8346210e+00   0.0000000e+00   2.5806191e+04   2.0400000e+02
   5.6169547e+00   0.0000000e+00   2.5521967e+04   2.0500000e+02
   5.5114056e+00   0.0000000e+00   2.5578728e+04   2.0900000e+02
   5.2860788e+00   0.0000000e+00   2.5546125e+04   2.1100000e+02
   5.2438115e+00   0.0000000e+00   2.5501052e+04   2.1200000e+02
   5.2382485e+00   0.0000000e+00   2.5471157e+04   2.1300000e+02
   5.0105499e+00   0.0000000e+00   2.5603413e+04   2.1400000e+02
   4.8785888e+00   0.0000000e+00   2.5727355e+04   2.1600000e+02
   4.2716482e+00   0.0000000e+00   2.5850532e+04   2.1700000e+02
   3.9551331e+00   0.0000000e+00   2.6221347e+04   2.1800000e+02
   3.8960392e+00   0.0000000e+00   2.6496939e+04   2.1900000e+02
   3.0646635e+00   0.0000000e+00   2.6719505e+04   2.2100000e+02
   3.0267810e+00   0.0000000e+00   2.6840299e+04   2.2200000e+02
   2.8121768e+00   0.0000000e+00   2.7114501e+04   2.2300000e+02
   2.4809017e+00   0.0000000e+00   2.6916324e+04   2.3500000e+02
   2.3487105e+00   0.0000000e+00   2.6765279e+04   2.3600000e+02
   1.2550151e+00   0.0000000e+00   2.6686828e+04   2.3900000e+02
   1.2524171e+00   0.0000000e+00   2.6456332e+04   2.4500000e+02
   1.2424690e+00   0.0000000e+00   2.6471128e+04   2.4800000e+02
   1.1745617e+00   0.0000000e+00   2.6470278e+04   2.5000000e+02
   1.1535371e+00   0.0000000e+00   2.6409170e+04   2.5100000e+02
   1.1499137e+00   0.0000000e+00   2.6423267e+04   2.5200000e+02
   1.1429020e+00   0.0000000e+00   2.6632749e+04   2.5300000e+02
   1.1419856e+00   0.0000000e+00   2.6588310e+04   2.5400000e+02
   1.1180874e+00   0.0000000e+00   2.7059562e+04   2.5800000e+02
   1.1116421e+00   0.0000000e+00   2.7425260e+04   2.5900000e+02
   1.0796237e+00   0.0000000e+00   2.7259302e+04   2.7000000e+02
   1.0472674e+00   0.0000000e+00   2.7037598e+04   2.7400000e+02
   1.0213722e+00   0.0000000e+00   2.6758011e+04   2.7700000e+02
   6.7723315e-01   0.0000000e+00   2.6675486e+04   2.8000000e+02
   5.8304909e-01   0.0000000e+00   2.6585021e+04   2.8200000e+02
   5.8136122e-01   0.0000000e+00   2.6441851e+04   2.8300000e+02
   5.7941038e-01   0.0000000e+00   2.6384988e+04   2.8600000e+02
   5.6227428e-01   0.0000000e+00   2.6176012e+04   3.1300000e+02
   3.1852082e-01   0.0000000e+00   2.6031522e+04   3.1400000e+02
   3.0767834e-01   0.0000000e+00   2.5686686e+04   3.1500000e+02
   3.0713215e-01   0.0000000e+00   2.5472832e+04   3.1700000e+02
   2.8311564e-01   0.0000000e+00   2.5622884e+04   3.2100000e+02
   2.5123627e-01   0.0000000e+00   2.5668064e+04   3.2300000e+02
   2.5120453e-01   0.0000000e+00   2.5586290e+04   3.2600000e+02
   2.5082490e-01   0.0000000e+00   2.5691490e+04   3.2800000e+02
   2.4761828e-01   0.0000000e+00   2.6037160e+04   3.3100000e+02
   2.4543122e-01   0.0000000e+00   2.5730178e+04   3.4100000e+02
   2.4439952e-01   0.0000000e+00   2.5664225e+04   3.4400000e+02
   2.4257168e-01   0.0000000e+00   2.5301086e+04   3.5000000e+02
   2.4236564e-01   0.0000000e+00   2.5247705e+04   3.5400000e+02
   2.3468985e-01   0.0000000e+00   2.5153869e+04   3.5900000e+02
   2.3465136e-01   0.0000000e+00   2.5214783e+04   3.6200000e+02
   2.3453588e-01   0.0000000e+00   2.5114646e+04   3.6300000e+02
   2.3146247e-01   0.0000000e+00   2.5385955e+04   3.6400000e+02
   2.1474593e-01   0.0000000e+00   2.5674600e+04   3.6700000e+02
   2.1272470e-01   0.0000000e+00   2.6090159e+04   3.7100000e+02
   2.1203767e-01   0.0000000e+00   2.5884998e+04   3.8200000e+02
   2.0579331e-01   0.0000000e+00   2.5630717e+04   3.8300000e+02
   2.0511579e-01   0.0000000e+00   2.5310615e+04   3.9000000e+02
   2.0354297e-01   0.0000000e+00   2.5407511e+04   3.9800000e+02
   2.0255007e-01   0.0000000e+00   2.5472021e+04   4.0100000e+02
   0.0000000e+00   0.0000000e+00   2.5553054e+04   4.0200000e+02
   0.0000000e+00   0.0000000e+00   2.5508432e+04   4.2100000e+02
   0.0000000e+00   0.0000000e+00   2.5209406e+04   4.2400000e+02
   0.0000000e+00   0.0000000e+00   2.5112606e+04   4.2500000e+02
   0.0000000e+00   0.0000000e+00   2.5093817e+04   4.2600000e+02
   0.0000000e+00   0.0000000e+00   2.4845957e+04   4.2700000e+02
   0.0000000e+00   0.0000000e+00   2.4720220e+04   4.2900000e+02
   0.0000000e+00   0.0000000e+00   2.4505958e+04   4.3200000e+02
   0.0000000e+00   0.0000000e+00   2.4476786e+04   4.3500000e+02
   0.0000000e+00   0.0000000e+00   2.4241844e+04   4.3600000e+02
   0.0000000e+00   0.0000000e+00   2.3897264e+04   4.5300000e+02
   0.0000000e+00   0.0000000e+00   2.3726340e+04   4.5400000e+02
   0.0000000e+00   0.0000000e+00   2.3622520e+04   4.5900000e+02
   0.0000000e+00   0.0000000e+00   2.3485236e+04   4.6100000e+02
   0.0000000e+00   0.0000000e+00   2.3401903e+04   4.6200000e+02
   0.0000000e+00   0.0000000e+00   2.3229413e+04   4.6400000e+02
   0.0000000e+00   0.0000000e+00   2.3029516e+04   4.6500000e+02
   0.0000000e+00   0.0000000e+00   2.2764524e+04   4.6700000e+02
   0.0000000e+00   0.0000000e+00   2.2490564e+04   4.6800000e+02
   0.0000000e+00   0.0000000e+00   2.2364255e+04   4.6900000e+02
   0.0000000e+00   0.0000000e+00   2.2307314e+04   4.7100000e+02
   0.0000000e+00   0.0000000e+00   2.2136644e+04   4.7300000e+02
   0.0000000e+00   0.0000000e+00   2.1951625e+04   4.9000000e+02
   0.0000000e+00   0.0000000e+00   2.1847381e+04   4.9700000e+02
   0.0000000e+00   0.0000000e+00   2.1631617e+04   5.0000000e+02
   0.0000000e+00   0.0000000e+00   2.1587681e+04   5.0100000e+02
   0.0000000e+00   0.0000000e+00   2.1493608e+04   5.0600000e+02
   0.0000000e+00   0.0000000e+00   2.1443836e+04   5.0700000e+02
   0.0000000e+00   0.0000000e+00   2.1442613e+04   5.0900000e+02
   0.0000000e+00   0.0000000e+00   2.1348396e+04   5.3000000e+02
   0.0000000e+00   0.0000000e+00   2.1033415e+04   5.3100000e+02
   0.0000000e+00   0.0000000e+00   2.0870587e+04   5.3300000e+02
   0.0000000e+00   0.0000000e+00   2.0784635e+04   5.3600000e+02
   0.0000000e+00   0.0000000e+00   2.0654363e+04   5.4000000e+02
   0.0000000e+00   0.0000000e+00   2.0627438e+04   5.4100000e+02
   0.0000000e+00   0.0000000e+00   2.0397396e+04   5.4200000e+02
   0.0000000e+00   0.0000000e+00   2.0358787e+04   5.4800000e+02
   0.0000000e+00   0.0000000e+00   2.0337681e+04   5.4900000e+02
   0.0000000e+00   0.0000000e+00   2.0290846e+04   5.6500000e+02
   0.0000000e+00   0.0000000e+00   2.0159220e+04   5.6800000e+02
   0.0000000e+00   0.0000000e+00   2.0028631e+04   5.6900000e+02
   0.0000000e+00   0.0000000e+00   2.0010008e+04   5.7300000e+02
   0.0000000e+00   0.0000000e+00   1.9852246e+04   5.7400000e+02
   0.0000000e+00   0.0000000e+00   1.9720665e+04   5.7700000e+02
   0.0000000e+00   0.0000000e+00   1.9712684e+04   5.7800000e+02
   0.0000000e+00   0.0000000e+00   1.9574635e+04   5.7900000e+02
   0.0000000e+00   0.0000000e+00   1.9541218e+04   5.8000000e+02
   0.0000000e+00   0.0000000e+00   1.9496327e+04   6.0200000e+02
   0.0000000e+00   0.0000000e+00   1.9347990e+04   6.0400000e+02
   0.0000000e+00   0.0000000e+00   1.9131578e+04   6.0500000e+02
   0.0000000e+00   0.0000000e+00   1.9053347e+04   6.0600000e+02
   0.0000000e+00   0.0000000e+00   1.8987620e+04   6.0700000e+02
   0.0000000e+00   0.0000000e+00   1.8936793e+04   6.0800000e+02
   0.0000000e+00   0.0000000e+00   1.8808830e+04   6.1000000e+02
   0.0000000e+00   0.0000000e+00   1.8704768e+04   6.1100000e+02
   0.0000000e+00   0.0000000e+00   1.8591682e+04   6.3700000e+02
   0.0000000e+00   0.0000000e+00   1.8403590e+04   6.4200000e+02
   0.0000000e+00   0.0000000e+00   1.8374448e+04   6.4500000e+02
   0.0000000e+00   0.0000000e+00   1.8338425e+04   6.4600000e+02
   0.0000000e+00   0.0000000e+00   1.8280813e+04   6.4900000e+02
   0.0000000e+00   0.0000000e+00   1.8144791e+04   6.5300000e+02
   0.0000000e+00   0.0000000e+00   1.8106324e+04   6.5900000e+02
   0.0000000e+00   0.0000000e+00   1.7929390e+04   6.7200000e+02
   0.0000000e+00   0.0000000e+00   1.7748701e+04   6.7900000e+02
   0.0000000e+00   0.0000000e+00   1.7504643e+04   6.8100000e+02
   0.0000000e+00   0.0000000e+00   1.7384542e+04   6.8200000e+02
   0.0000000e+00   0.0000000e+00   1.7265494e+04   6.8300000e+02
   0.0000000e+00   0.0000000e+00   1.6955210e+04   6.8400000e+02
   0.0000000e+00   0.0000000e+00   1.6813784e+04   6.8500000e+02
   0.0000000e+00   0.0000000e+00   1.6741943e+04   6.8700000e+02
   0.0000000e+00   0.0000000e+00   1.6609269e+04   6.9200000e+02
   0.0000000e+00   0.0000000e+00   1.6364460e+04   7.1400000e+02
   0.0000000e+00   0.0000000e+00   1.6297854e+04   7.1700000e+02
   0.0000000e+00   0.0000000e+00   1.6273997e+04   7.2100000e+02
   0.0000000e+00   0.0000000e+00   1.6150698e+04   7.2300000e+02
   0.0000000e+00   0.0000000e+00   1.6138931e+04   7.2400000e+02
   0.0000000e+00   0.0000000e+00   1.5911990e+04   7.2600000e+02
   0.0000000e+00   0.0000000e+00   1.5822613e+04   7.2700000e+02
   0.0000000e+00   0.0000000e+00   1.5752694e+04   7.5300000e+02
   0.0000000e+00   0.0000000e+00   1.5529735e+04   7.5400000e+02
   0.0000000e+00   0.0000000e+00   1.5420126e+04   7.5700000e+02
   0.0000000e+00   0.0000000e+00   1.5396612e+04   7.5800000e+02
   0.0000000e+00   0.0000000e+00   1.5384720e+04   7.5900000e+02
   0.0000000e+00   0.0000000e+00   1.5313979e+04   7.6000000e+02
   0.0000000e+00   0.0000000e+00   1.5289769e+04   7.6200000e+02
   0.0000000e+00   0.0000000e+00   1.5228091e+04   7.6300000e+02
   0.0000000e+00   0.0000000e+00   1.5213580e+04   7.6400000e+02
   0.0000000e+00   0.0000000e+00   1.5179267e+04   7.8300000e+02
   0.0000000e+00   0.0000000e+00   1.5073735e+04   7.9100000e+02
   0.0000000e+00   0.0000000e+00   1.4798992e+04   7.9200000e+02
   0.0000000e+00   0.0000000e+00   1.4564964e+04   7.9300000e+02
   0.0000000e+00   0.0000000e+00   1.4339852e+04   7.9500000e+02
   0.0000000e+00   0.0000000e+00   1.4257137e+04   7.9600000e+02
   0.0000000e+00   0.0000000e+00   1.4207688e+04   8.2300000e+02
   0.0000000e+00   0.0000000e+00   1.4050153e+04   8.2600000e+02
   0.0000000e+00   0.0000000e+00   1.3808844e+04   8.2900000e+02
   0.0000000e+00   0.0000000e+00   1.3743127e+04   8.3000000e+02
   0.0000000e+00   0.0000000e+00   1.3742362e+04   8.3200000e+02
   0.0000000e+00   0.0000000e+00   1.3449107e+04   8.3300000e+02
   0.0000000e+00   0.0000000e+00   1.3428833e+04   8.3400000e+02
   0.0000000e+00   0.0000000e+00   1.3361454e+04   8.3500000e+02
   0.0000000e+00   0.0000000e+00   1.3183335e+04   8.3800000e+02
   0.0000000e+00   0.0000000e+00   1.3108486e+04   8.3900000e+02
   0.0000000e+00   0.0000000e+00   1.3057353e+04   8.4000000e+02
   0.0000000e+00   0.0000000e+00   1.3017837e+04   8.6400000e+02
   0.0000000e+00   0.0000000e+00   1.2942774e+04   8.6600000e+02
   0.0000000e+00   0.0000000e+00   1.2874716e+04   8.6800000e+02
   0.0000000e+00   0.0000000e+00   1.2797087e+04   8.7400000e+02
   0.0000000e+00   0.0000000e+00   1.2723881e+04   8.9900000e+02
   0.0000000e+00   0.0000000e+00   1.2683008e+04   9.0100000e+02
   0.0000000e+00   0.0000000e+00   1.2650326e+04   9.0200000e+02
   0.0000000e+00   0.0000000e+00   1.2643252e+04   9.0300000e+02
   0.0000000e+00   0.0000000e+00   1.2596887e+04   9.0400000e+02
   0.0000000e+00   0.0000000e+00   1.2591287e+04   9.0800000e+02
   0.0000000e+00   0.0000000e+00   1.2524768e+04   9.0900000e+02
   0.0000000e+00   0.0000000e+00   1.2406413e+04   9.3300000e+02
   0.0000000e+00   0.0000000e+00   1.2299043e+04   9.3700000e+02
   0.0000000e+00   0.0000000e+00   1.2172181e+04   9.3900000e+02
   0.0000000e+00   0.0000000e+00   1.2101038e+04   9.4000000e+02
   0.0000000e+00   0.0000000e+00   1.2028593e+04   9.4300000e+02
   0.0000000e+00   0.0000000e+00   1.1982636e+04   9.7200000e+02
   0.0000000e+00   0.0000000e+00   1.1958883e+04   9.7400000e+02
   0.0000000e+00   0.0000000e+00   1.1956007e+04   9.7600000e+02
   0.0000000e+00   0.0000000e+00   1.1955953e+04   9.7700000e+02
   0.0000000e+00   0.0000000e+00   1.1858655e+04   9.7800000e+02
   0.0000000e+00   0.0000000e+00   1.1817347e+04   9.8000000e+02
   0.0000000e+00   0.0000000e+00   1.1781525e+04   9.8400000e+02
   0.0000000e+00   0.0000000e+00   1.1737560e+04   1.0080000e+03
   0.0000000e+00   0.0000000e+00   1.1626687e+04   1.0110000e+03
   0.0000000e+00   0.0000000e+00   1.1604979e+04   1.0120000e+03
   0.0000000e+00   0.0000000e+00   1.1599276e+04   1.0230000e+03
   0.0000000e+00   0.0000000e+00   1.1537898e+04   1.0480000e+03
   0.0000000e+00   0.0000000e+00   1.1528874e+04   1.0510000e+03
   0.0000000e+00   0.0000000e+00   1.1511682e+04   1.0570000e+03
   0.0000000e+00   0.0000000e+00   1.1478758e+04   1.0590000e+03
   0.0000000e+00   0.0000000e+00   1.1412545e+04   1.0860000e+03
   0.0000000e+00   0.0000000e+00   1.1326495e+04   1.0880000e+03
   0.0000000e+00   0.0000000e+00   1.1251468e+04   1.0910000e+03
   0.0000000e+00   0.0000000e+00   1.1030653e+04   1.0950000e+03
   0.0000000e+00   0.0000000e+00   1.0993272e+04   1.0990000e+03
   0.0000000e+00   0.0000000e+00   1.0991882e+04   1.1600000e+03
   0.0000000e+00   0.0000000e+00   1.0970181e+04   1.1630000e+03
   0.0000000e+00   0.0000000e+00   1.0960620e+04   1.1960000e+03
   0.0000000e+00   0.0000000e+00   1.0869482e+04   1.1990000e+03
   0.0000000e+00   0.0000000e+00   1.0851775e+04   1.2000000e+03
   0.0000000e+00   0.0000000e+00   1.0815335e+04   1.2010000e+03
   0.0000000e+00   0.0000000e+00   1.0641625e+04   1.2020000e+03
   0.0000000e+00   0.0000000e+00   1.0489481e+04   1.2100000e+03
   0.0000000e+00   0.0000000e+00   1.0421590e+04   1.2330000e+03
   0.0000000e+00   0.0000000e+00   1.0374427e+04   1.2340000e+03
   0.0000000e+00   0.0000000e+00   1.0366449e+04   1.2440000e+03
   0.0000000e+00   0.0000000e+00   1.0299636e+04   1.2680000e+03
   0.0000000e+00   0.0000000e+00   1.0281155e+04   1.2690000e+03
   0.0000000e+00   0.0000000e+00   1.0212657e+04   1.2710000e+03
   0.0000000e+00   0.0000000e+00   1.0184566e+04   1.2720000e+03
   0.0000000e+00   0.0000000e+00   1.0154826e+04   1.2770000e+03
   0.0000000e+00   0.0000000e+00   1.0120218e+04   1.3080000e+03
   0.0000000e+00   0.0000000e+00   1.0117076e+04   1.3160000e+03
   0.0000000e+00   0.0000000e+00   9.9200189e+03   1.3470000e+03
   0.0000000e+00   0.0000000e+00   9.9033581e+03   1.3480000e+03
   0.0000000e+00   0.0000000e+00   9.8769519e+03   1.3500000e+03
   0.0000000e+00   0.0000000e+00   9.8281795e+03   1.3780000e+03
   0.0000000e+00   0.0000000e+00   9.7921222e+03   1.3810000e+03
   0.0000000e+00   0.0000000e+00   9.7834607e+03   1.3830000e+03
   0.0000000e+00   0.0000000e+00   9.7785133e+03   1.3850000e+03
   0.0000000e+00   0.0000000e+00   9.7728391e+03   1.3900000e+03
   0.0000000e+00   0.0000000e+00   9.6709148e+03   1.4210000e+03
   0.0000000e+00   0.0000000e+00   9.6344152e+03   1.4220000e+03
   0.0000000e+00   0.0000000e+00   9.5995556e+03   1.4230000e+03
   0.0000000e+00   0.0000000e+00   9.5979573e+03   1.4300000e+03
   0.0000000e+00   0.0000000e+00   9.4548307e+03   1.4530000e+03
   0.0000000e+00   0.0000000e+00   9.4487622e+03   1.4590000e+03
   0.0000000e+00   0.0000000e+00   9.3827920e+03   1.4610000e+03
   0.0000000e+00   0.0000000e+00   9.3649373e+03   1.4660000e+03
   0.0000000e+00   0.0000000e+00   9.0515364e+03   1.4950000e+03
   0.0000000e+00   0.0000000e+00   9.0406642e+03   1.5720000e+03
   0.0000000e+00   0.0000000e+00   9.0301250e+03   1.6060000e+03
   0.0000000e+00   0.0000000e+00   9.0194475e+03   1.6090000e+03
   0.0000000e+00   0.0000000e+00   9.0014082e+03   1.6420000e+03
   0.0000000e+00   0.0000000e+00   8.9213625e+03   1.6440000e+03
   0.0000000e+00   0.0000000e+00   8.8850754e+03   1.6800000e+03
   0.0000000e+00   0.0000000e+00   8.8606153e+03   1.6820000e+03
   0.0000000e+00   0.0000000e+00   8.7757448e+03   1.7130000e+03
   0.0000000e+00   0.0000000e+00   8.6707785e+03   1.7150000e+03
   0.0000000e+00   0.0000000e+00   8.6660134e+03   1.7220000e+03
   0.0000000e+00   0.0000000e+00   8.6250866e+03   1.7490000e+03
   0.0000000e+00   0.0000000e+00   8.6226225e+03   1.7530000e+03
   0.0000000e+00   0.0000000e+00   8.6042278e+03   1.7540000e+03
   0.0000000e+00   0.0000000e+00   8.5920439e+03   1.7580000e+03
   0.0000000e+00   0.0000000e+00   8.5527906e+03   1.8260000e+03
   0.0000000e+00   0.0000000e+00   8.5519069e+03   1.8300000e+03
   0.0000000e+00   0.0000000e+00   8.5163856e+03   1.8320000e+03
   0.0000000e+00   0.0000000e+00   8.4466049e+03   1.8590000e+03
   0.0000000e+00   0.0000000e+00   8.4168877e+03   1.8620000e+03
   0.0000000e+00   0.0000000e+00   8.3829685e+03   1.8640000e+03
   0.0000000e+00   0.0000000e+00   8.3649742e+03   1.8660000e+03
   0.0000000e+00   0.0000000e+00   8.3648780e+03   1.8700000e+03
   0.0000000e+00   0.0000000e+00   8.2883397e+03   1.8950000e+03
   0.0000000e+00   0.0000000e+00   8.2468691e+03   1.8990000e+03
   0.0000000e+00   0.0000000e+00   8.2436613e+03   1.9000000e+03
   0.0000000e+00   0.0000000e+00   8.2426759e+03   1.9030000e+03
   0.0000000e+00   0.0000000e+00   8.2345346e+03   1.9050000e+03
   0.0000000e+00   0.0000000e+00   8.2044827e+03   1.9370000e+03
   0.0000000e+00   0.0000000e+00   8.1735649e+03   1.9400000e+03
   0.0000000e+00   0.0000000e+00   8.1107091e+03   1.9720000e+03
   0.0000000e+00   0.0000000e+00   8.0352722e+03   1.9810000e+03
   0.0000000e+00   0.0000000e+00   8.0045512e+03   2.0110000e+03
   0.0000000e+00   0.0000000e+00   7.9884914e+03   2.0130000e+03
   0.0000000e+00   0.0000000e+00   7.9874254e+03   2.0140000e+03
   0.0000000e+00   0.0000000e+00   7.9528030e+03   2.0440000e+03
   0.0000000e+00   0.0000000e+00   7.9480669e+03   2.0500000e+03
   0.0000000e+00   0.0000000e+00   7.9439608e+03   2.0540000e+03
   0.0000000e+00   0.0000000e+00   7.9126562e+03   2.0840000e+03
   0.0000000e+00   0.0000000e+00   7.9085686e+03   2.0900000e+03
   0.0000000e+00   0.0000000e+00   7.8505048e+03   2.0950000e+03
   0.0000000e+00   0.0000000e+00   7.8109692e+03   2.1200000e+03
   0.0000000e+00   0.0000000e+00   7.8033764e+03   2.1220000e+03
   0.0000000e+00   0.0000000e+00   7.7907818e+03   2.1290000e+03
   0.0000000e+00   0.0000000e+00   7.7801808e+03   2.1590000e+03
   0.0000000e+00   0.0000000e+00   7.7712373e+03   2.1610000e+03
   0.0000000e+00   0.0000000e+00   7.7643024e+03   2.1960000e+03
   0.0000000e+00   0.0000000e+00   7.7415545e+03   2.1970000e+03
   0.0000000e+00   0.0000000e+00   7.7267531e+03   2.2310000e+03
   0.0000000e+00   0.0000000e+00   7.7094319e+03   2.2360000e+03
   0.0000000e+00   0.0000000e+00   7.7057594e+03   2.2740000e+03
   0.0000000e+00   0.0000000e+00   7.6814537e+03   2.3120000e+03
   0.0000000e+00   0.0000000e+00   7.6513188e+03   2.3180000e+03
   0.0000000e+00   0.0000000e+00   7.6450337e+03   2.3440000e+03
   0.0000000e+00   0.0000000e+00   7.6330250e+03   2.3450000e+03
   0.0000000e+00   0.0000000e+00   7.6115428e+03   2.3810000e+03
   0.0000000e+00   0.0000000e+00   7.4702370e+03   2.4240000e+03
   0.0000000e+00   0.0000000e+00   7.4519652e+03   2.4550000e+03
   0.0000000e+00   0.0000000e+00   7.4195923e+03   2.4930000e+03
   0.0000000e+00   0.0000000e+00   7.3923627e+03   2.5290000e+03
   0.0000000e+00   0.0000000e+00   7.3833959e+03   2.6020000e+03
   0.0000000e+00   0.0000000e+00   7.3496070e+03   2.6050000e+03
   0.0000000e+00   0.0000000e+00   7.3254438e+03   2.6390000e+03
   0.0000000e+00   0.0000000e+00   7.3186021e+03   2.6400000e+03
   0.0000000e+00   0.0000000e+00   7.3122162e+03   2.6410000e+03
   0.0000000e+00   0.0000000e+00   7.3095777e+03   2.6770000e+03
   0.0000000e+00   0.0000000e+00   7.3075747e+03   2.6800000e+03
   0.0000000e+00   0.0000000e+00   7.2600036e+03   2.7100000e+03
   0.0000000e+00   0.0000000e+00   7.2500244e+03   2.7510000e+03
   0.0000000e+00   0.0000000e+00   7.2436426e+03   2.7520000e+03
   0.0000000e+00   0.0000000e+00   7.2194879e+03   2.7530000e+03
   0.0000000e+00   0.0000000e+00   7.2130797e+03   2.7890000e+03
   0.0000000e+00   0.0000000e+00   7.1697215e+03   2.7900000e+03
   0.0000000e+00   0.0000000e+00   7.1447514e+03   2.8250000e+03
   0.0000000e+00   0.0000000e+00   7.1263266e+03   2.8260000e+03
   0.0000000e+00   0.0000000e+00   7.1181027e+03   2.8270000e+03
   0.0000000e+00   0.0000000e+00   7.0827378e+03   2.8610000e+03
   0.0000000e+00   0.0000000e+00   7.0755270e+03   2.8630000e+03
   0.0000000e+00   0.0000000e+00   7.0402483e+03   2.8970000e+03
   0.0000000e+00   0.0000000e+00   7.0173502e+03   2.8980000e+03
   0.0000000e+00   0.0000000e+00   7.0136366e+03   2.9040000e+03
   0.0000000e+00   0.0000000e+00   6.9950593e+03   2.9690000e+03
   0.0000000e+00   0.0000000e+00   6.9846574e+03   2.9710000e+03
   0.0000000e+00   0.0000000e+00   6.9697681e+03   2.9750000e+03
   0.0000000e+00   0.0000000e+00   6.9671163e+03   2.9780000e+03
   0.0000000e+00   0.0000000e+00   6.9508145e+03   3.0120000e+03
   0.0000000e+00   0.0000000e+00   6.9215725e+03   3.0130000e+03
   0.0000000e+00   0.0000000e+00   6.9165572e+03   3.0470000e+03
   0.0000000e+00   0.0000000e+00   6.9100212e+03   3.0480000e+03
   0.0000000e+00   0.0000000e+00   6.9024713e+03   3.1210000e+03
   0.0000000e+00   0.0000000e+00   6.8461775e+03   3.1570000e+03
   0.0000000e+00   0.0000000e+00   6.8293191e+03   3.1590000e+03
   0.0000000e+00   0.0000000e+00   6.8053119e+03   3.1930000e+03
   0.0000000e+00   0.0000000e+00   6.7572907e+03   3.2670000e+03
   0.0000000e+00   0.0000000e+00   6.7535800e+03   3.2690000e+03
   0.0000000e+00   0.0000000e+00   6.7482169e+03   3.3440000e+03
   0.0000000e+00   0.0000000e+00   6.7329190e+03   3.5270000e+03
   0.0000000e+00   0.0000000e+00   6.7125977e+03   3.5300000e+03
   0.0000000e+00   0.0000000e+00   6.7074206e+03   3.5680000e+03
   0.0000000e+00   0.0000000e+00   6.7044770e+03   3.6390000e+03
   0.0000000e+00   0.0000000e+00   6.7007965e+03   3.7530000e+03
   0.0000000e+00   0.0000000e+00   6.6917855e+03   3.7880000e+03
   0.0000000e+00   0.0000000e+00   6.6857341e+03   3.8260000e+03
   0.0000000e+00   0.0000000e+00   6.6822443e+03   3.9010000e+03
   0.0000000e+00   0.0000000e+00   6.6710403e+03   3.9380000e+03
   0.0000000e+00   0.0000000e+00   6.6581600e+03   3.9740000e+03
   0.0000000e+00   0.0000000e+00   6.6579265e+03   4.0090000e+03
   0.0000000e+00   0.0000000e+00   6.6449473e+03   4.0140000e+03
   0.0000000e+00   0.0000000e+00   6.6439020e+03   4.0470000e+03
   0.0000000e+00   0.0000000e+00   6.6412196e+03   4.0480000e+03
   0.0000000e+00   0.0000000e+00   6.6044544e+03   4.1200000e+03
   0.0000000e+00   0.0000000e+00   6.5996002e+03   4.1980000e+03
   0.0000000e+00   0.0000000e+00   6.5799593e+03   4.3050000e+03
   0.0000000e+00   0.0000000e+00   6.5259527e+03   4.3420000e+03
   0.0000000e+00   0.0000000e+00   6.5055555e+03   4.4530000e+03
   0.0000000e+00   0.0000000e+00   6.4997537e+03   4.6010000e+03
   0.0000000e+00   0.0000000e+00   6.4716597e+03   4.7120000e+03
   0.0000000e+00   0.0000000e+00   6.4696815e+03   4.9340000e+03
   0.0000000e+00   0.0000000e+00   6.4490034e+03   5.0080000e+03
   0.0000000e+00   0.0000000e+00   6.4422867e+03   5.1600000e+03
   0.0000000e+00   0.0000000e+00   6.4405091e+03   5.2680000e+03
   0.0000000e+00   0.0000000e+00   6.4310339e+03   5.8200000e+03
   0.0000000e+00   0.0000000e+00   6.4294995e+03   5.9330000e+03
   0.0000000e+00   0.0000000e+00   6.4107449e+03   6.3390000e+03
   0.0000000e+00   0.0000000e+00   6.4002311e+03   6.4510000e+03
   0.0000000e+00   0.0000000e+00   6.3822463e+03   6.4880000e+03
   0.0000000e+00   0.0000000e+00   6.3809134e+03   6.5650000e+03
   0.0000000e+00   0.0000000e+00   6.3671069e+03   6.7420000e+03
   0.0000000e+00   0.0000000e+00   6.3606441e+03   6.7850000e+03
   0.0000000e+00   0.0000000e+00   6.3535465e+03   6.8950000e+03
   0.0000000e+00   0.0000000e+00   6.3525288e+03   6.8960000e+03
   0.0000000e+00   0.0000000e+00   6.3475044e+03   7.0060000e+03
   0.0000000e+00   0.0000000e+00   6.3402643e+03   7.0430000e+03
   0.0000000e+00   0.0000000e+00   6.3296419e+03   7.3400000e+03
   0.0000000e+00   0.0000000e+00   6.3162178e+03   7.5620000e+03
   0.0000000e+00   0.0000000e+00   6.3041781e+03   7.6730000e+03
   0.0000000e+00   0.0000000e+00   6.2956861e+03   7.7120000e+03
   0.0000000e+00   0.0000000e+00   6.2908768e+03   7.9310000e+03
   0.0000000e+00   0.0000000e+00   6.2271423e+03   7.9660000e+03
   0.0000000e+00   0.0000000e+00   6.1935426e+03   8.2950000e+03
   0.0000000e+00   0.0000000e+00   6.1897786e+03   8.3010000e+03
   0.0000000e+00   0.0000000e+00   6.1663426e+03   8.3750000e+03
   0.0000000e+00   0.0000000e+00   6.1548610e+03   8.6340000e+03
   0.0000000e+00   0.0000000e+00   6.1138372e+03   8.7800000e+03
   0.0000000e+00   0.0000000e+00   6.1087687e+03   8.8630000e+03
   0.0000000e+00   0.0000000e+00   6.0995240e+03   8.9680000e+03
   0.0000000e+00   0.0000000e+00   6.0994208e+03   9.0020000e+03
   0.0000000e+00   0.0000000e+00   6.0959537e+03   9.1550000e+03
   0.0000000e+00   0.0000000e+00   6.0659286e+03   9.1860000e+03
   0.0000000e+00   0.0000000e+00   6.0604800e+03   9.2250000e+03
   0.0000000e+00   0.0000000e+00   6.0525370e+03   9.3000000e+03
   0.0000000e+00   0.0000000e+00   6.0393954e+03   9.3790000e+03
   0.0000000e+00   0.0000000e+00   6.0343020e+03   9.4090000e+03
   0.0000000e+00   0.0000000e+00   6.0173792e+03   9.4440000e+03
   0.0000000e+00   0.0000000e+00   6.0006384e+03   9.4460000e+03
   0.0000000e+00   0.0000000e+00   5.9991013e+03   9.4490000e+03
   0.0000000e+00   0.0000000e+00   5.9913392e+03   9.4850000e+03
   0.0000000e+00   0.0000000e+00   5.9866658e+03   9.4900000e+03
   0.0000000e+00   0.0000000e+00   5.9720591e+03   9.5150000e+03
   0.0000000e+00   0.0000000e+00   5.9701072e+03   9.5210000e+03
   0.0000000e+00   0.0000000e+00   5.9700101e+03   9.5570000e+03
   0.0000000e+00   0.0000000e+00   5.9564841e+03   9.5580000e+03
   0.0000000e+00   0.0000000e+00   5.9487203e+03   9.5940000e+03
   0.0000000e+00   0.0000000e+00   5.9470729e+03   9.5960000e+03
   0.0000000e+00   0.0000000e+00   5.9456182e+03   9.7060000e+03
   0.0000000e+00   0.0000000e+00   5.9309525e+03   9.7070000e+03
   0.0000000e+00   0.0000000e+00   5.9146885e+03   9.7790000e+03
   0.0000000e+00   0.0000000e+00   5.9090414e+03   1.0407000e+04
   0.0000000e+00   0.0000000e+00   5.8936319e+03   1.0558000e+04
   0.0000000e+00   0.0000000e+00   5.8906660e+03   1.0813000e+04
   0.0000000e+00   0.0000000e+00   5.8872161e+03   1.0852000e+04
   0.0000000e+00   0.0000000e+00   5.8691024e+03   1.0890000e+04
   0.0000000e+00   0.0000000e+00   5.8601979e+03   1.0926000e+04
   0.0000000e+00   0.0000000e+00   5.8362041e+03   1.0961000e+04
   0.0000000e+00   0.0000000e+00   5.8278820e+03   1.0965000e+04
   0.0000000e+00   0.0000000e+00   5.8238830e+03   1.1000000e+04
   0.0000000e+00   0.0000000e+00   5.8175976e+03   1.1002000e+04
   0.0000000e+00   0.0000000e+00   5.8144263e+03   1.1039000e+04
   0.0000000e+00   0.0000000e+00   5.8131333e+03   1.1188000e+04
   0.0000000e+00   0.0000000e+00   5.8054115e+03   1.1297000e+04
   0.0000000e+00   0.0000000e+00   5.7918128e+03   1.1331000e+04
   0.0000000e+00   0.0000000e+00   5.7869324e+03   1.1632000e+04
   0.0000000e+00   0.0000000e+00   5.7703702e+03   1.2041000e+04
   0.0000000e+00   0.0000000e+00   5.7555332e+03   1.2110000e+04
   0.0000000e+00   0.0000000e+00   5.7554748e+03   1.2224000e+04
   0.0000000e+00   0.0000000e+00   5.7310361e+03   1.2255000e+04
   0.0000000e+00   0.0000000e+00   5.7294944e+03   1.2260000e+04
   0.0000000e+00   0.0000000e+00   5.7147107e+03   1.2367000e+04
   0.0000000e+00   0.0000000e+00   5.7093867e+03   1.2667000e+04
   0.0000000e+00   0.0000000e+00   5.7011599e+03   1.2776000e+04
   0.0000000e+00   0.0000000e+00   5.7010207e+03   1.2816000e+04
   0.0000000e+00   0.0000000e+00   5.6894783e+03   1.2888000e+04
   0.0000000e+00   0.0000000e+00   5.6865690e+03   1.2961000e+04
   0.0000000e+00   0.0000000e+00   5.6865448e+03   1.3000000e+04
   0.0000000e+00   0.0000000e+00   5.6645017e+03   1.3110000e+04
   0.0000000e+00   0.0000000e+00   5.6577464e+03   1.3222000e+04
   0.0000000e+00   0.0000000e+00   5.6353449e+03   1.3330000e+04
   0.0000000e+00   0.0000000e+00   5.6299375e+03   1.3403000e+04
   0.0000000e+00   0.0000000e+00   5.6279648e+03   1.3407000e+04
   0.0000000e+00   0.0000000e+00   5.6255126e+03   1.3517000e+04
   0.0000000e+00   0.0000000e+00   5.6050751e+03   1.3733000e+04
   0.0000000e+00   0.0000000e+00   5.6013985e+03   1.3776000e+04
   0.0000000e+00   0.0000000e+00   5.5985646e+03   1.3888000e+04
   0.0000000e+00   0.0000000e+00   5.5923377e+03   1.4659000e+04
   0.0000000e+00   0.0000000e+00   5.5884061e+03   1.4851000e+04
   0.0000000e+00   0.0000000e+00   5.5869246e+03   1.4960000e+04
   0.0000000e+00   0.0000000e+00   5.5716617e+03   1.5065000e+04
   0.0000000e+00   0.0000000e+00   5.5678358e+03   1.5181000e+04
   0.0000000e+00   0.0000000e+00   5.5646219e+03   1.5221000e+04
   0.0000000e+00   0.0000000e+00   5.5534439e+03   1.5329000e+04
   0.0000000e+00   0.0000000e+00   5.5510745e+03   1.5406000e+04
   0.0000000e+00   0.0000000e+00   5.5374204e+03   1.5439000e+04
   0.0000000e+00   0.0000000e+00   5.5194900e+03   1.5442000e+04
   0.0000000e+00   0.0000000e+00   5.5119176e+03   1.5552000e+04
   0.0000000e+00   0.0000000e+00   5.4829740e+03   1.5845000e+04
   0.0000000e+00   0.0000000e+00   5.4778428e+03   1.6069000e+04
   0.0000000e+00   0.0000000e+00   5.4738942e+03   1.6109000e+04
   0.0000000e+00   0.0000000e+00   5.4689179e+03   1.6255000e+04
   0.0000000e+00   0.0000000e+00   5.4658108e+03   1.6256000e+04
   0.0000000e+00   0.0000000e+00   5.4191441e+03   1.6300000e+04
   0.0000000e+00   0.0000000e+00   5.4081969e+03   1.6587000e+04
   0.0000000e+00   0.0000000e+00   5.4070492e+03   1.7069000e+04
   0.0000000e+00   0.0000000e+00   5.3949003e+03   1.7254000e+04
   0.0000000e+00   0.0000000e+00   5.3814580e+03   1.8030000e+04
   0.0000000e+00   0.0000000e+00   5.3810938e+03   1.8328000e+04
   0.0000000e+00   0.0000000e+00   5.3804288e+03   1.9291000e+04
   0.0000000e+00   0.0000000e+00   5.3800820e+03   1.9512000e+04
   0.0000000e+00   0.0000000e+00   5.3631130e+03   1.9918000e+04
   0.0000000e+00   0.0000000e+00   5.3617802e+03   2.0104000e+04
   0.0000000e+00   0.0000000e+00   5.3537341e+03   2.0251000e+04
   0.0000000e+00   0.0000000e+00   5.3472557e+03   2.0326000e+04
   0.0000000e+00   0.0000000e+00   5.3433599e+03   2.0473000e+04
   0.0000000e+00   0.0000000e+00   5.3397221e+03   2.0659000e+04
   0.0000000e+00   0.0000000e+00   5.3372120e+03   2.2141000e+04
   0.0000000e+00   0.0000000e+00   5.3354697e+03   2.2546000e+04
   0.0000000e+00   0.0000000e+00   5.3352610e+03   2.3396000e+04
   0.0000000e+00   0.0000000e+00   5.3318848e+03   2.3543000e+04
   0.0000000e+00   0.0000000e+00   5.3315722e+03   2.3655000e+04
   0.0000000e+00   0.0000000e+00   5.3311288e+03   2.3990000e+04
   0.0000000e+00   0.0000000e+00   5.3275667e+03   2.4099000e+04
   0.0000000e+00   0.0000000e+00   5.3171573e+03   2.4470000e+04
   0.0000000e+00   0.0000000e+00   5.3016929e+03   2.4616000e+04
   0.0000000e+00   0.0000000e+00   5.3010298e+03   2.4691000e+04
   0.0000000e+00   0.0000000e+00   5.2996553e+03   2.5135000e+04
   0.0000000e+00   0.0000000e+00   5.2936692e+03   2.5320000e+04
   0.0000000e+00   0.0000000e+00   5.2874286e+03   2.6060000e+04
   0.0000000e+00   0.0000000e+00   5.2802077e+03   2.6171000e+04
   0.0000000e+00   0.0000000e+00   5.2745572e+03   2.6467000e+04
   0.0000000e+00   0.0000000e+00   5.2742684e+03   3.0058000e+04
   0.0000000e+00   0.0000000e+00   5.2728138e+03   3.0315000e+04
   0.0000000e+00   0.0000000e+00   5.2698175e+03   3.0427000e+04
   0.0000000e+00   0.0000000e+00   5.2669082e+03   3.2016000e+04
   0.0000000e+00   0.0000000e+00   5.2646731e+03   3.3792000e+04
   0.0000000e+00   0.0000000e+00   5.2611319e+03   3.4238000e+04
   0.0000000e+00   0.0000000e+00   5.2534284e+03   3.5013000e+04
   0.0000000e+00   0.0000000e+00   5.2521042e+03   3.7159000e+04
   0.0000000e+00   0.0000000e+00   5.2499022e+03   4.0048000e+04
   0.0000000e+00   0.0000000e+00   5.2498097e+03   4.1158000e+04
   0.0000000e+00   0.0000000e+00   5.2492916e+03   4.1268000e+04
   0.0000000e+00   0.0000000e+00   5.2456150e+03   4.3894000e+04
   0.0000000e+00   0.0000000e+00   5.2448687e+03   4.7300000e+04
   0.0000000e+00   0.0000000e+00   5.2435296e+03   4.8185000e+04
   0.0000000e+00   0.0000000e+00   5.2417487e+03   4.9038000e+04
   0.0000000e+00   0.0000000e+00   5.2410215e+03   4.9630000e+04
   0.0000000e+00   0.0000000e+00   5.2395669e+03   5.0221000e+04
   0.0000000e+00   0.0000000e+00   5.2323461e+03   5.0443000e+04
   0.0000000e+00   0.0000000e+00   5.2308919e+03   5.0851000e+04
   0.0000000e+00   0.0000000e+00   5.2247953e+03   5.2033000e+04
   0.0000000e+00   0.0000000e+00   5.2220016e+03   5.2813000e+04
   0.0000000e+00   0.0000000e+00   5.2180397e+03   5.8064000e+04
   0.0000000e+00   0.0000000e+00   5.2167364e+03   5.8473000e+04
   0.0000000e+00   0.0000000e+00   5.2152818e+03   6.4761000e+04
   0.0000000e+00   0.0000000e+00   5.2114559e+03   6.5095000e+04
   0.0000000e+00   0.0000000e+00   5.2100013e+03   6.9128000e+04
   0.0000000e+00   0.0000000e+00   5.2098585e+03   8.0155000e+04
   0.0000000e+00   0.0000000e+00   5.2079279e+03   8.6371000e+04
   0.0000000e+00   0.0000000e+00   5.2078796e+03   9.4141000e+04
   0.0000000e+00   0.0000000e+00   5.2064139e+03   9.4806000e+04
   0.0000000e+00   0.0000000e+00   5.2049592e+03   9.4991000e+04
   0.0000000e+00   0.0000000e+00   5.2039049e+03   9.6065000e+04
   0.0000000e+00   0.0000000e+00   5.2009957e+03   9.7469000e+04
   0.0000000e+00   0.0000000e+00   5.2000003e+03   9.7620000e+04
   0.0000000e+00   0.0000000e+00   5.1964021e+03   1.0028200e+05
   0.0000000e+00   0.0000000e+00   5.1944792e+03   1.0372000e+05
   0.0000000e+00   0.0000000e+00   5.1896949e+03   1.1404400e+05
   0.0000000e+00   0.0000000e+00   5.1863074e+03   1.1408100e+05
   0.0000000e+00   0.0000000e+00   5.1844401e+03   1.2033700e+05
   0.0000000e+00   0.0000000e+00   5.1824266e+03   1.2348200e+05
   0.0000000e+00   0.0000000e+00   5.1804960e+03   1.2655300e+05
   0.0000000e+00   0.0000000e+00   5.1753967e+03   1.2721500e+05
   0.0000000e+00   0.0000000e+00   5.1725322e+03   1.2847600e+05
   0.0000000e+00   0.0000000e+00   5.1699376e+03   1.3147300e+05
   0.0000000e+00   0.0000000e+00   5.1691571e+03   1.3454500e+05
   0.0000000e+00   0.0000000e+00   5.1655769e+03   1.3739000e+05
   0.0000000e+00   0.0000000e+00   5.1636463e+03   1.4642200e+05
   0.0000000e+00   0.0000000e+00   5.1598266e+03   1.5674100e+05
   0.0000000e+00   0.0000000e+00   5.1543391e+03   1.6029400e+05
   0.0000000e+00   0.0000000e+00   5.1522133e+03   1.6865900e+05
   0.0000000e+00   0.0000000e+00   5.1470811e+03   1.8575400e+05
   0.0000000e+00   0.0000000e+00   5.1462054e+03   1.8586500e+05
