   1.6953780e+02   1.2926661e+00   1.6924805e+04   1.1000000e+01
   1.6127781e+02   1.2648082e+00   1.6870357e+04   1.2000000e+01
   1.5198636e+02   1.2276558e+00   1.6837123e+04   1.6000000e+01
   1.4967254e+02   1.1199136e+00   1.6812279e+04   1.8000000e+01
   1.4953777e+02   1.1112828e+00   1.6831379e+04   2.0000000e+01
   1.4940918e+02   1.1114588e+00   1.6726158e+04   2.1000000e+01
   1.4912345e+02   1.0922874e+00   1.6709032e+04   2.2000000e+01
   1.4802609e+02   1.0950459e+00   1.6745831e+04   2.4000000e+01
   1.4682052e+02   1.0193430e+00   1.6775084e+04   2.5000000e+01
   1.4456363e+02   6.9048317e-01   1.6875949e+04   2.6000000e+01
   1.4240854e+02   6.1308094e-01   1.6966786e+04   2.7000000e+01
   1.3966025e+02   5.9546357e-01   1.7149867e+04   2.8000000e+01
   1.2854737e+02   2.2313844e-01   1.7203081e+04   2.9000000e+01
   1.2566712e+02   1.4571779e-01   1.7396682e+04   3.1000000e+01
   1.2305459e+02   4.6205376e-02   1.7739536e+04   3.2000000e+01
   1.2145736e+02   3.4693738e-03   1.8081883e+04   3.3000000e+01
   1.0961569e+02   0.0000000e+00   1.8346031e+04   3.4000000e+01
   1.0871590e+02   0.0000000e+00   1.8754046e+04   3.5000000e+01
   1.0455989e+02   0.0000000e+00   1.9276878e+04   3.7000000e+01
   9.7040421e+01   0.0000000e+00   2.0115892e+04   3.8000000e+01
   9.5689732e+01   0.0000000e+00   1.9994218e+04   4.4000000e+01
   9.2183713e+01   0.0000000e+00   1.9911680e+04   4.5000000e+01
   8.6399788e+01   0.0000000e+00   1.9922842e+04   4.7000000e+01
   8.5050335e+01   0.0000000e+00   1.9898849e+04   4.8000000e+01
   7.8432716e+01   0.0000000e+00   1.9837318e+04   4.9000000e+01
   6.5942347e+01   0.0000000e+00   1.9769935e+04   5.3000000e+01
   6.5779026e+01   0.0000000e+00   1.9690570e+04   5.4000000e+01
   6.3593172e+01   0.0000000e+00   1.9735669e+04   5.6000000e+01
   6.2739470e+01   0.0000000e+00   1.9623255e+04   5.7000000e+01
   4.9386556e+01   0.0000000e+00   1.9704616e+04   5.8000000e+01
   4.9238191e+01   0.0000000e+00   1.9774884e+04   5.9000000e+01
   4.9214817e+01   0.0000000e+00   1.9678843e+04   6.2000000e+01
   4.7913100e+01   0.0000000e+00   1.9562378e+04   6.3000000e+01
   3.3420852e+01   0.0000000e+00   1.9594596e+04   6.4000000e+01
   3.3277869e+01   0.0000000e+00   1.9630679e+04   6.6000000e+01
   3.3050796e+01   0.0000000e+00   1.9935806e+04   6.8000000e+01
   2.6132296e+01   0.0000000e+00   2.0242603e+04   7.0000000e+01
   2.5724481e+01   0.0000000e+00   2.0596311e+04   7.1000000e+01
   2.4981031e+01   0.0000000e+00   2.1041836e+04   7.2000000e+01
   2.4945470e+01   0.0000000e+00   2.1435307e+04   7.3000000e+01
   2.2814218e+01   0.0000000e+00   2.1385060e+04   8.4000000e+01
   2.1302311e+01   0.0000000e+00   2.1292389e+04   8.7000000e+01
   2.0409407e+01   0.0000000e+00   2.1181610e+04   8.9000000e+01
   2.0174963e+01   0.0000000e+00   2.0933468e+04   9.3000000e+01
   2.0171489e+01   0.0000000e+00   2.0834083e+04   9.6000000e+01
   2.0055943e+01   0.0000000e+00   2.0874366e+04   9.7000000e+01
   1.9952366e+01   0.0000000e+00   2.0751638e+04   1.0000000e+02
   1.9947770e+01   0.0000000e+00   2.0800666e+04   1.0300000e+02
   1.9808084e+01   0.0000000e+00   2.0833867e+04   1.0400000e+02
   1.8721311e+01   0.0000000e+00   2.1120545e+04   1.0600000e+02
   1.8052658e+01   0.0000000e+00   2.1462075e+04   1.0700000e+02
   1.8028564e+01   0.0000000e+00   2.1666733e+04   1.0800000e+02
   1.7164987e+01   0.0000000e+00   2.1944315e+04   1.0900000e+02
   1.6974542e+01   0.0000000e+00   2.1831887e+04   1.2500000e+02
   1.6596974e+01   0.0000000e+00   2.1655659e+04   1.2600000e+02
   1.6485400e+01   0.0000000e+00   2.1378894e+04   1.3300000e+02
   1.6333914e+01   0.0000000e+00   2.1233580e+04   1.3400000e+02
   1.6321011e+01   0.0000000e+00   2.1197109e+04   1.3500000e+02
   1.6239303e+01   0.0000000e+00   2.1277325e+04   1.3700000e+02
   1.6166491e+01   0.0000000e+00   2.1290366e+04   1.3800000e+02
   1.6051730e+01   0.0000000e+00   2.1331812e+04   1.3900000e+02
   1.4580798e+01   0.0000000e+00   2.1349841e+04   1.4000000e+02
   1.4518559e+01   0.0000000e+00   2.1469199e+04   1.4100000e+02
   1.4384282e+01   0.0000000e+00   2.1606048e+04   1.4300000e+02
   1.4323080e+01   0.0000000e+00   2.1738977e+04   1.4400000e+02
   1.4257758e+01   0.0000000e+00   2.1912866e+04   1.4600000e+02
   1.4042554e+01   0.0000000e+00   2.2341813e+04   1.4700000e+02
   1.4022107e+01   0.0000000e+00   2.2868008e+04   1.4800000e+02
   1.4015191e+01   0.0000000e+00   2.3212518e+04   1.4900000e+02
   1.3948981e+01   0.0000000e+00   2.3071866e+04   1.6300000e+02
   1.3893789e+01   0.0000000e+00   2.3090986e+04   1.6600000e+02
   1.3843137e+01   0.0000000e+00   2.3031251e+04   1.6900000e+02
   1.3776968e+01   0.0000000e+00   2.2783895e+04   1.7000000e+02
   1.1576505e+01   0.0000000e+00   2.2492433e+04   1.7100000e+02
   1.0883853e+01   0.0000000e+00   2.2422899e+04   1.7200000e+02
   1.0875617e+01   0.0000000e+00   2.2373477e+04   1.7400000e+02
   1.0851146e+01   0.0000000e+00   2.2386547e+04   1.7900000e+02
   9.3145603e+00   0.0000000e+00   2.2604242e+04   1.8000000e+02
   9.0227615e+00   0.0000000e+00   2.3083671e+04   1.8200000e+02
   8.9126715e+00   0.0000000e+00   2.3441866e+04   1.8300000e+02
   8.4280575e+00   0.0000000e+00   2.3085993e+04   1.9900000e+02
   8.2251420e+00   0.0000000e+00   2.2955467e+04   2.0100000e+02
   5.3992689e+00   0.0000000e+00   2.2938355e+04   2.0400000e+02
   3.7745899e+00   0.0000000e+00   2.2782395e+04   2.0500000e+02
   3.7494907e+00   0.0000000e+00   2.2680788e+04   2.0600000e+02
   3.6188405e+00   0.0000000e+00   2.2746968e+04   2.0700000e+02
   3.2068355e+00   0.0000000e+00   2.2669058e+04   2.0800000e+02
   3.1963073e+00   0.0000000e+00   2.2568323e+04   2.0900000e+02
   3.1732473e+00   0.0000000e+00   2.2577880e+04   2.1000000e+02
   3.1729780e+00   0.0000000e+00   2.2516988e+04   2.1100000e+02
   3.1666694e+00   0.0000000e+00   2.2467338e+04   2.1200000e+02
   3.1656769e+00   0.0000000e+00   2.2616504e+04   2.1700000e+02
   2.7849456e+00   0.0000000e+00   2.2863804e+04   2.1800000e+02
   2.7244419e+00   0.0000000e+00   2.3140452e+04   2.2000000e+02
   2.7004980e+00   0.0000000e+00   2.3650334e+04   2.2100000e+02
   2.5606470e+00   0.0000000e+00   2.3982473e+04   2.2300000e+02
   2.4542165e+00   0.0000000e+00   2.3691810e+04   2.3000000e+02
   2.2869142e+00   0.0000000e+00   2.3541884e+04   2.3600000e+02
   2.2846949e+00   0.0000000e+00   2.3490739e+04   2.3800000e+02
   2.2601227e+00   0.0000000e+00   2.3400750e+04   2.3900000e+02
   2.1484222e+00   0.0000000e+00   2.3309893e+04   2.4000000e+02
   2.1433256e+00   0.0000000e+00   2.3273532e+04   2.4200000e+02
   2.1336349e+00   0.0000000e+00   2.3210813e+04   2.4600000e+02
   1.5747677e+00   0.0000000e+00   2.3341339e+04   2.4700000e+02
   1.5440120e+00   0.0000000e+00   2.3229295e+04   2.4900000e+02
   1.5010729e+00   0.0000000e+00   2.3377017e+04   2.5200000e+02
   1.3098452e+00   0.0000000e+00   2.3501504e+04   2.5400000e+02
   1.1699723e+00   0.0000000e+00   2.3830394e+04   2.5500000e+02
   1.1515643e+00   0.0000000e+00   2.4215389e+04   2.5700000e+02
   1.1361164e+00   0.0000000e+00   2.4670414e+04   2.5900000e+02
   1.0508279e+00   0.0000000e+00   2.4525642e+04   2.7500000e+02
   1.0371316e+00   0.0000000e+00   2.4488132e+04   2.8200000e+02
   1.0351760e+00   0.0000000e+00   2.4430396e+04   2.8400000e+02
   9.8734321e-01   0.0000000e+00   2.4439940e+04   2.8600000e+02
   9.7379932e-01   0.0000000e+00   2.4513918e+04   2.9000000e+02
   7.8704081e-01   0.0000000e+00   2.4771608e+04   2.9300000e+02
   7.8528073e-01   0.0000000e+00   2.4877420e+04   2.9500000e+02
   7.8286233e-01   0.0000000e+00   2.5389592e+04   2.9600000e+02
   7.6220597e-01   0.0000000e+00   2.6102670e+04   2.9700000e+02
   7.5690222e-01   0.0000000e+00   2.5761211e+04   3.1000000e+02
   0.0000000e+00   0.0000000e+00   2.5592207e+04   3.1400000e+02
   0.0000000e+00   0.0000000e+00   2.5516896e+04   3.1500000e+02
   0.0000000e+00   0.0000000e+00   2.5199428e+04   3.1600000e+02
   0.0000000e+00   0.0000000e+00   2.5110548e+04   3.1700000e+02
   0.0000000e+00   0.0000000e+00   2.5085768e+04   3.1800000e+02
   0.0000000e+00   0.0000000e+00   2.4940485e+04   3.1900000e+02
   0.0000000e+00   0.0000000e+00   2.4776972e+04   3.2000000e+02
   0.0000000e+00   0.0000000e+00   2.4671868e+04   3.2100000e+02
   0.0000000e+00   0.0000000e+00   2.4566997e+04   3.2200000e+02
   0.0000000e+00   0.0000000e+00   2.4422704e+04   3.3700000e+02
   0.0000000e+00   0.0000000e+00   2.3979094e+04   3.4200000e+02
   0.0000000e+00   0.0000000e+00   2.3907562e+04   3.4300000e+02
   0.0000000e+00   0.0000000e+00   2.3696630e+04   3.4600000e+02
   0.0000000e+00   0.0000000e+00   2.3607921e+04   3.4700000e+02
   0.0000000e+00   0.0000000e+00   2.3209381e+04   3.4800000e+02
   0.0000000e+00   0.0000000e+00   2.2970949e+04   3.5000000e+02
   0.0000000e+00   0.0000000e+00   2.2740969e+04   3.5300000e+02
   0.0000000e+00   0.0000000e+00   2.2466838e+04   3.5400000e+02
   0.0000000e+00   0.0000000e+00   2.2293706e+04   3.5600000e+02
   0.0000000e+00   0.0000000e+00   2.2211732e+04   3.5700000e+02
   0.0000000e+00   0.0000000e+00   2.2096867e+04   3.6000000e+02
   0.0000000e+00   0.0000000e+00   2.1923260e+04   3.8300000e+02
   0.0000000e+00   0.0000000e+00   2.1852200e+04   3.8400000e+02
   0.0000000e+00   0.0000000e+00   2.1822607e+04   3.8500000e+02
   0.0000000e+00   0.0000000e+00   2.1786907e+04   3.8800000e+02
   0.0000000e+00   0.0000000e+00   2.1670412e+04   3.9000000e+02
   0.0000000e+00   0.0000000e+00   2.1640747e+04   3.9100000e+02
   0.0000000e+00   0.0000000e+00   2.1422289e+04   3.9400000e+02
   0.0000000e+00   0.0000000e+00   2.1305818e+04   3.9500000e+02
   0.0000000e+00   0.0000000e+00   2.1299497e+04   3.9700000e+02
   0.0000000e+00   0.0000000e+00   2.1228206e+04   3.9800000e+02
   0.0000000e+00   0.0000000e+00   2.1049375e+04   4.1600000e+02
   0.0000000e+00   0.0000000e+00   2.0981375e+04   4.1700000e+02
   0.0000000e+00   0.0000000e+00   2.0869997e+04   4.2100000e+02
   0.0000000e+00   0.0000000e+00   2.0729524e+04   4.2200000e+02
   0.0000000e+00   0.0000000e+00   2.0517808e+04   4.2300000e+02
   0.0000000e+00   0.0000000e+00   2.0481715e+04   4.2400000e+02
   0.0000000e+00   0.0000000e+00   2.0382893e+04   4.2500000e+02
   0.0000000e+00   0.0000000e+00   2.0341504e+04   4.2600000e+02
   0.0000000e+00   0.0000000e+00   2.0319245e+04   4.2700000e+02
   0.0000000e+00   0.0000000e+00   2.0221376e+04   4.3000000e+02
   0.0000000e+00   0.0000000e+00   2.0037704e+04   4.3100000e+02
   0.0000000e+00   0.0000000e+00   2.0000613e+04   4.3200000e+02
   0.0000000e+00   0.0000000e+00   1.9877949e+04   4.5900000e+02
   0.0000000e+00   0.0000000e+00   1.9578425e+04   4.6100000e+02
   0.0000000e+00   0.0000000e+00   1.9368072e+04   4.6300000e+02
   0.0000000e+00   0.0000000e+00   1.9133811e+04   4.6400000e+02
   0.0000000e+00   0.0000000e+00   1.9132854e+04   4.6500000e+02
   0.0000000e+00   0.0000000e+00   1.8943136e+04   4.7100000e+02
   0.0000000e+00   0.0000000e+00   1.8819996e+04   4.7200000e+02
   0.0000000e+00   0.0000000e+00   1.8717429e+04   4.9700000e+02
   0.0000000e+00   0.0000000e+00   1.8632826e+04   4.9800000e+02
   0.0000000e+00   0.0000000e+00   1.8287080e+04   5.0000000e+02
   0.0000000e+00   0.0000000e+00   1.8283388e+04   5.0200000e+02
   0.0000000e+00   0.0000000e+00   1.8241939e+04   5.1100000e+02
   0.0000000e+00   0.0000000e+00   1.8134431e+04   5.3300000e+02
   0.0000000e+00   0.0000000e+00   1.8124708e+04   5.3800000e+02
   0.0000000e+00   0.0000000e+00   1.8123111e+04   5.3900000e+02
   0.0000000e+00   0.0000000e+00   1.7990803e+04   5.4000000e+02
   0.0000000e+00   0.0000000e+00   1.7904331e+04   5.4100000e+02
   0.0000000e+00   0.0000000e+00   1.7760035e+04   5.4200000e+02
   0.0000000e+00   0.0000000e+00   1.7715091e+04   5.4300000e+02
   0.0000000e+00   0.0000000e+00   1.7679513e+04   5.6300000e+02
   0.0000000e+00   0.0000000e+00   1.7532221e+04   5.6500000e+02
   0.0000000e+00   0.0000000e+00   1.7395825e+04   5.7000000e+02
   0.0000000e+00   0.0000000e+00   1.7211457e+04   5.7100000e+02
   0.0000000e+00   0.0000000e+00   1.7176536e+04   5.7200000e+02
   0.0000000e+00   0.0000000e+00   1.7072710e+04   5.7300000e+02
   0.0000000e+00   0.0000000e+00   1.6877929e+04   5.7400000e+02
   0.0000000e+00   0.0000000e+00   1.6774120e+04   5.7500000e+02
   0.0000000e+00   0.0000000e+00   1.6611942e+04   5.7600000e+02
   0.0000000e+00   0.0000000e+00   1.6568117e+04   5.8200000e+02
   0.0000000e+00   0.0000000e+00   1.6480196e+04   6.0800000e+02
   0.0000000e+00   0.0000000e+00   1.6386128e+04   6.1000000e+02
   0.0000000e+00   0.0000000e+00   1.6372941e+04   6.1100000e+02
   0.0000000e+00   0.0000000e+00   1.6169757e+04   6.1400000e+02
   0.0000000e+00   0.0000000e+00   1.6005543e+04   6.1900000e+02
   0.0000000e+00   0.0000000e+00   1.5920503e+04   6.4500000e+02
   0.0000000e+00   0.0000000e+00   1.5809887e+04   6.4900000e+02
   0.0000000e+00   0.0000000e+00   1.5740720e+04   6.5000000e+02
   0.0000000e+00   0.0000000e+00   1.5633061e+04   6.5200000e+02
   0.0000000e+00   0.0000000e+00   1.5382039e+04   6.5500000e+02
   0.0000000e+00   0.0000000e+00   1.5323887e+04   6.7900000e+02
   0.0000000e+00   0.0000000e+00   1.5307933e+04   6.8100000e+02
   0.0000000e+00   0.0000000e+00   1.5256453e+04   6.8600000e+02
   0.0000000e+00   0.0000000e+00   1.5126487e+04   6.8800000e+02
   0.0000000e+00   0.0000000e+00   1.5113981e+04   6.9100000e+02
   0.0000000e+00   0.0000000e+00   1.5027400e+04   6.9200000e+02
   0.0000000e+00   0.0000000e+00   1.4848200e+04   7.1600000e+02
   0.0000000e+00   0.0000000e+00   1.4640595e+04   7.1700000e+02
   0.0000000e+00   0.0000000e+00   1.4455685e+04   7.1800000e+02
   0.0000000e+00   0.0000000e+00   1.4429843e+04   7.1900000e+02
   0.0000000e+00   0.0000000e+00   1.4189801e+04   7.2100000e+02
   0.0000000e+00   0.0000000e+00   1.4114402e+04   7.2500000e+02
   0.0000000e+00   0.0000000e+00   1.4097434e+04   7.2600000e+02
   0.0000000e+00   0.0000000e+00   1.3936670e+04   7.2700000e+02
   0.0000000e+00   0.0000000e+00   1.3935340e+04   7.2800000e+02
   0.0000000e+00   0.0000000e+00   1.3892519e+04   7.5200000e+02
   0.0000000e+00   0.0000000e+00   1.3713489e+04   7.5400000e+02
   0.0000000e+00   0.0000000e+00   1.3691253e+04   7.5600000e+02
   0.0000000e+00   0.0000000e+00   1.3580305e+04   7.5700000e+02
   0.0000000e+00   0.0000000e+00   1.3364792e+04   7.5800000e+02
   0.0000000e+00   0.0000000e+00   1.3291601e+04   7.5900000e+02
   0.0000000e+00   0.0000000e+00   1.3253704e+04   7.6200000e+02
   0.0000000e+00   0.0000000e+00   1.3182249e+04   7.6300000e+02
   0.0000000e+00   0.0000000e+00   1.3137018e+04   7.9100000e+02
   0.0000000e+00   0.0000000e+00   1.2997970e+04   7.9200000e+02
   0.0000000e+00   0.0000000e+00   1.2960130e+04   7.9500000e+02
   0.0000000e+00   0.0000000e+00   1.2940855e+04   7.9900000e+02
   0.0000000e+00   0.0000000e+00   1.2936756e+04   8.0100000e+02
   0.0000000e+00   0.0000000e+00   1.2670388e+04   8.2300000e+02
   0.0000000e+00   0.0000000e+00   1.2655688e+04   8.2800000e+02
   0.0000000e+00   0.0000000e+00   1.2653030e+04   8.2900000e+02
   0.0000000e+00   0.0000000e+00   1.2603134e+04   8.3000000e+02
   0.0000000e+00   0.0000000e+00   1.2601505e+04   8.3100000e+02
   0.0000000e+00   0.0000000e+00   1.2576550e+04   8.3200000e+02
   0.0000000e+00   0.0000000e+00   1.2483441e+04   8.3700000e+02
   0.0000000e+00   0.0000000e+00   1.2294893e+04   8.3800000e+02
   0.0000000e+00   0.0000000e+00   1.2236539e+04   8.6200000e+02
   0.0000000e+00   0.0000000e+00   1.2155390e+04   8.6300000e+02
   0.0000000e+00   0.0000000e+00   1.2134839e+04   8.6500000e+02
   0.0000000e+00   0.0000000e+00   1.2100114e+04   8.6600000e+02
   0.0000000e+00   0.0000000e+00   1.1842533e+04   8.6800000e+02
   0.0000000e+00   0.0000000e+00   1.1788736e+04   8.7200000e+02
   0.0000000e+00   0.0000000e+00   1.1785898e+04   8.7300000e+02
   0.0000000e+00   0.0000000e+00   1.1729570e+04   9.0000000e+02
   0.0000000e+00   0.0000000e+00   1.1696775e+04   9.0400000e+02
   0.0000000e+00   0.0000000e+00   1.1689849e+04   9.0800000e+02
   0.0000000e+00   0.0000000e+00   1.1666653e+04   9.1000000e+02
   0.0000000e+00   0.0000000e+00   1.1611014e+04   9.1300000e+02
   0.0000000e+00   0.0000000e+00   1.1540297e+04   9.3400000e+02
   0.0000000e+00   0.0000000e+00   1.1489288e+04   9.4300000e+02
   0.0000000e+00   0.0000000e+00   1.1477410e+04   9.7800000e+02
   0.0000000e+00   0.0000000e+00   1.1470249e+04   9.8000000e+02
   0.0000000e+00   0.0000000e+00   1.1415822e+04   9.8300000e+02
   0.0000000e+00   0.0000000e+00   1.1331065e+04   9.8700000e+02
   0.0000000e+00   0.0000000e+00   1.1313144e+04   1.0160000e+03
   0.0000000e+00   0.0000000e+00   1.1281472e+04   1.0190000e+03
   0.0000000e+00   0.0000000e+00   1.1274167e+04   1.0530000e+03
   0.0000000e+00   0.0000000e+00   1.1262216e+04   1.0880000e+03
   0.0000000e+00   0.0000000e+00   1.1234028e+04   1.0900000e+03
   0.0000000e+00   0.0000000e+00   1.1206832e+04   1.0910000e+03
   0.0000000e+00   0.0000000e+00   1.1122991e+04   1.0930000e+03
   0.0000000e+00   0.0000000e+00   1.1067174e+04   1.1230000e+03
   0.0000000e+00   0.0000000e+00   1.1044112e+04   1.1290000e+03
   0.0000000e+00   0.0000000e+00   1.1030171e+04   1.1300000e+03
   0.0000000e+00   0.0000000e+00   1.0967475e+04   1.1590000e+03
   0.0000000e+00   0.0000000e+00   1.0953323e+04   1.1640000e+03
   0.0000000e+00   0.0000000e+00   1.0953207e+04   1.1690000e+03
   0.0000000e+00   0.0000000e+00   1.0882384e+04   1.1970000e+03
   0.0000000e+00   0.0000000e+00   1.0861039e+04   1.1980000e+03
   0.0000000e+00   0.0000000e+00   1.0820252e+04   1.1990000e+03
   0.0000000e+00   0.0000000e+00   1.0818396e+04   1.2060000e+03
   0.0000000e+00   0.0000000e+00   1.0714041e+04   1.2070000e+03
   0.0000000e+00   0.0000000e+00   1.0637172e+04   1.2340000e+03
   0.0000000e+00   0.0000000e+00   1.0562237e+04   1.2370000e+03
   0.0000000e+00   0.0000000e+00   1.0498691e+04   1.2410000e+03
   0.0000000e+00   0.0000000e+00   1.0473613e+04   1.2690000e+03
   0.0000000e+00   0.0000000e+00   1.0407769e+04   1.2730000e+03
   0.0000000e+00   0.0000000e+00   1.0353317e+04   1.3140000e+03
   0.0000000e+00   0.0000000e+00   1.0327304e+04   1.3450000e+03
   0.0000000e+00   0.0000000e+00   1.0327256e+04   1.3460000e+03
   0.0000000e+00   0.0000000e+00   1.0253155e+04   1.3470000e+03
   0.0000000e+00   0.0000000e+00   1.0246735e+04   1.3480000e+03
   0.0000000e+00   0.0000000e+00   1.0202048e+04   1.3490000e+03
   0.0000000e+00   0.0000000e+00   1.0137267e+04   1.3570000e+03
   0.0000000e+00   0.0000000e+00   1.0068870e+04   1.3800000e+03
   0.0000000e+00   0.0000000e+00   1.0023119e+04   1.3810000e+03
   0.0000000e+00   0.0000000e+00   1.0012257e+04   1.3850000e+03
   0.0000000e+00   0.0000000e+00   9.9916868e+03   1.3870000e+03
   0.0000000e+00   0.0000000e+00   9.9541867e+03   1.4190000e+03
   0.0000000e+00   0.0000000e+00   9.9502972e+03   1.4210000e+03
   0.0000000e+00   0.0000000e+00   9.8687170e+03   1.4220000e+03
   0.0000000e+00   0.0000000e+00   9.8216766e+03   1.4230000e+03
   0.0000000e+00   0.0000000e+00   9.8165754e+03   1.4240000e+03
   0.0000000e+00   0.0000000e+00   9.8096597e+03   1.4260000e+03
   0.0000000e+00   0.0000000e+00   9.7366485e+03   1.4550000e+03
   0.0000000e+00   0.0000000e+00   9.7229219e+03   1.4980000e+03
   0.0000000e+00   0.0000000e+00   9.6945799e+03   1.4990000e+03
   0.0000000e+00   0.0000000e+00   9.6684727e+03   1.5050000e+03
   0.0000000e+00   0.0000000e+00   9.6553902e+03   1.5300000e+03
   0.0000000e+00   0.0000000e+00   9.6297446e+03   1.5340000e+03
   0.0000000e+00   0.0000000e+00   9.5589890e+03   1.5410000e+03
   0.0000000e+00   0.0000000e+00   9.5526604e+03   1.5700000e+03
   0.0000000e+00   0.0000000e+00   9.5437644e+03   1.5710000e+03
   0.0000000e+00   0.0000000e+00   9.5400014e+03   1.5730000e+03
   0.0000000e+00   0.0000000e+00   9.5308103e+03   1.6030000e+03
   0.0000000e+00   0.0000000e+00   9.5171829e+03   1.6050000e+03
   0.0000000e+00   0.0000000e+00   9.5023205e+03   1.6060000e+03
   0.0000000e+00   0.0000000e+00   9.4351698e+03   1.6070000e+03
   0.0000000e+00   0.0000000e+00   9.4238118e+03   1.6090000e+03
   0.0000000e+00   0.0000000e+00   9.3838867e+03   1.6370000e+03
   0.0000000e+00   0.0000000e+00   9.3492662e+03   1.6410000e+03
   0.0000000e+00   0.0000000e+00   9.2903528e+03   1.6420000e+03
   0.0000000e+00   0.0000000e+00   9.2855996e+03   1.6470000e+03
   0.0000000e+00   0.0000000e+00   9.2818704e+03   1.6860000e+03
   0.0000000e+00   0.0000000e+00   9.2165111e+03   1.7150000e+03
   0.0000000e+00   0.0000000e+00   9.2156047e+03   1.8300000e+03
   0.0000000e+00   0.0000000e+00   9.1957894e+03   1.8310000e+03
   0.0000000e+00   0.0000000e+00   9.1905851e+03   1.8330000e+03
   0.0000000e+00   0.0000000e+00   9.1854894e+03   1.8630000e+03
   0.0000000e+00   0.0000000e+00   9.1666414e+03   1.8680000e+03
   0.0000000e+00   0.0000000e+00   9.1533373e+03   1.8690000e+03
   0.0000000e+00   0.0000000e+00   9.1292434e+03   1.8700000e+03
   0.0000000e+00   0.0000000e+00   9.1240430e+03   1.8740000e+03
   0.0000000e+00   0.0000000e+00   9.1232490e+03   1.9030000e+03
   0.0000000e+00   0.0000000e+00   9.0920723e+03   1.9060000e+03
   0.0000000e+00   0.0000000e+00   9.0741902e+03   1.9390000e+03
   0.0000000e+00   0.0000000e+00   9.0735684e+03   1.9410000e+03
   0.0000000e+00   0.0000000e+00   9.0268329e+03   1.9700000e+03
   0.0000000e+00   0.0000000e+00   9.0233047e+03   1.9740000e+03
   0.0000000e+00   0.0000000e+00   9.0130241e+03   1.9790000e+03
   0.0000000e+00   0.0000000e+00   8.9544266e+03   2.0110000e+03
   0.0000000e+00   0.0000000e+00   8.9506417e+03   2.0140000e+03
   0.0000000e+00   0.0000000e+00   8.9169424e+03   2.0460000e+03
   0.0000000e+00   0.0000000e+00   8.8879109e+03   2.0470000e+03
   0.0000000e+00   0.0000000e+00   8.8794625e+03   2.0500000e+03
   0.0000000e+00   0.0000000e+00   8.8219611e+03   2.0820000e+03
   0.0000000e+00   0.0000000e+00   8.7796984e+03   2.0850000e+03
   0.0000000e+00   0.0000000e+00   8.6562134e+03   2.0880000e+03
   0.0000000e+00   0.0000000e+00   8.6496421e+03   2.1190000e+03
   0.0000000e+00   0.0000000e+00   8.6315364e+03   2.1940000e+03
   0.0000000e+00   0.0000000e+00   8.6075715e+03   2.2350000e+03
   0.0000000e+00   0.0000000e+00   8.5890676e+03   2.2760000e+03
   0.0000000e+00   0.0000000e+00   8.5733124e+03   2.3430000e+03
   0.0000000e+00   0.0000000e+00   8.5647377e+03   2.3470000e+03
   0.0000000e+00   0.0000000e+00   8.5460079e+03   2.3800000e+03
   0.0000000e+00   0.0000000e+00   8.5446292e+03   2.3860000e+03
   0.0000000e+00   0.0000000e+00   8.4108742e+03   2.3880000e+03
   0.0000000e+00   0.0000000e+00   8.3949205e+03   2.4180000e+03
   0.0000000e+00   0.0000000e+00   8.3675600e+03   2.4190000e+03
   0.0000000e+00   0.0000000e+00   8.3388233e+03   2.4550000e+03
   0.0000000e+00   0.0000000e+00   8.3062273e+03   2.4560000e+03
   0.0000000e+00   0.0000000e+00   8.2943174e+03   2.4580000e+03
   0.0000000e+00   0.0000000e+00   8.2147606e+03   2.5310000e+03
   0.0000000e+00   0.0000000e+00   8.1659642e+03   2.5670000e+03
   0.0000000e+00   0.0000000e+00   8.1393681e+03   2.6410000e+03
   0.0000000e+00   0.0000000e+00   8.1075337e+03   2.6420000e+03
   0.0000000e+00   0.0000000e+00   8.0262204e+03   2.6430000e+03
   0.0000000e+00   0.0000000e+00   8.0259154e+03   2.6470000e+03
   0.0000000e+00   0.0000000e+00   8.0176202e+03   2.7160000e+03
   0.0000000e+00   0.0000000e+00   7.8402391e+03   2.7610000e+03
   0.0000000e+00   0.0000000e+00   7.8043561e+03   2.7870000e+03
   0.0000000e+00   0.0000000e+00   7.7831882e+03   2.7880000e+03
   0.0000000e+00   0.0000000e+00   7.7642033e+03   2.7890000e+03
   0.0000000e+00   0.0000000e+00   7.7596173e+03   2.7910000e+03
   0.0000000e+00   0.0000000e+00   7.6974030e+03   2.8220000e+03
   0.0000000e+00   0.0000000e+00   7.6650535e+03   2.8350000e+03
   0.0000000e+00   0.0000000e+00   7.5813385e+03   2.8590000e+03
   0.0000000e+00   0.0000000e+00   7.5555242e+03   2.8630000e+03
   0.0000000e+00   0.0000000e+00   7.5478286e+03   2.8710000e+03
   0.0000000e+00   0.0000000e+00   7.5471776e+03   2.8990000e+03
   0.0000000e+00   0.0000000e+00   7.5455288e+03   2.9370000e+03
   0.0000000e+00   0.0000000e+00   7.5012306e+03   2.9380000e+03
   0.0000000e+00   0.0000000e+00   7.4912568e+03   2.9410000e+03
   0.0000000e+00   0.0000000e+00   7.4490260e+03   3.0140000e+03
   0.0000000e+00   0.0000000e+00   7.3934657e+03   3.0430000e+03
   0.0000000e+00   0.0000000e+00   7.3553164e+03   3.0450000e+03
   0.0000000e+00   0.0000000e+00   7.3458751e+03   3.0490000e+03
   0.0000000e+00   0.0000000e+00   7.3248088e+03   3.0500000e+03
   0.0000000e+00   0.0000000e+00   7.3234324e+03   3.0900000e+03
   0.0000000e+00   0.0000000e+00   7.2877363e+03   3.1230000e+03
   0.0000000e+00   0.0000000e+00   7.2630205e+03   3.1570000e+03
   0.0000000e+00   0.0000000e+00   7.2431331e+03   3.2350000e+03
   0.0000000e+00   0.0000000e+00   7.2281183e+03   3.4570000e+03
   0.0000000e+00   0.0000000e+00   7.1949409e+03   3.4590000e+03
   0.0000000e+00   0.0000000e+00   7.1752881e+03   3.4890000e+03
   0.0000000e+00   0.0000000e+00   7.1659146e+03   3.4910000e+03
   0.0000000e+00   0.0000000e+00   7.1605961e+03   3.4920000e+03
   0.0000000e+00   0.0000000e+00   7.1528788e+03   3.4930000e+03
   0.0000000e+00   0.0000000e+00   7.1331715e+03   3.5240000e+03
   0.0000000e+00   0.0000000e+00   7.0922172e+03   3.6000000e+03
   0.0000000e+00   0.0000000e+00   7.0885294e+03   3.6390000e+03
   0.0000000e+00   0.0000000e+00   7.0811205e+03   3.6770000e+03
   0.0000000e+00   0.0000000e+00   7.0565096e+03   3.7460000e+03
   0.0000000e+00   0.0000000e+00   7.0404446e+03   3.7500000e+03
   0.0000000e+00   0.0000000e+00   7.0196739e+03   3.7520000e+03
   0.0000000e+00   0.0000000e+00   7.0043284e+03   3.7580000e+03
   0.0000000e+00   0.0000000e+00   7.0022963e+03   3.8270000e+03
   0.0000000e+00   0.0000000e+00   6.9393282e+03   3.8940000e+03
   0.0000000e+00   0.0000000e+00   6.9296267e+03   4.0880000e+03
   0.0000000e+00   0.0000000e+00   6.9261075e+03   4.1640000e+03
   0.0000000e+00   0.0000000e+00   6.8987886e+03   4.2310000e+03
   0.0000000e+00   0.0000000e+00   6.8956052e+03   4.2340000e+03
   0.0000000e+00   0.0000000e+00   6.8607572e+03   4.3030000e+03
   0.0000000e+00   0.0000000e+00   6.8537936e+03   4.3070000e+03
   0.0000000e+00   0.0000000e+00   6.8484791e+03   4.3450000e+03
   0.0000000e+00   0.0000000e+00   6.8390344e+03   4.3480000e+03
   0.0000000e+00   0.0000000e+00   6.8340235e+03   4.3790000e+03
   0.0000000e+00   0.0000000e+00   6.8245742e+03   4.3800000e+03
   0.0000000e+00   0.0000000e+00   6.7939007e+03   4.4540000e+03
   0.0000000e+00   0.0000000e+00   6.7615802e+03   4.5260000e+03
   0.0000000e+00   0.0000000e+00   6.7151105e+03   4.5280000e+03
   0.0000000e+00   0.0000000e+00   6.7013223e+03   4.6770000e+03
   0.0000000e+00   0.0000000e+00   6.6824557e+03   4.9700000e+03
   0.0000000e+00   0.0000000e+00   6.6770476e+03   5.0080000e+03
   0.0000000e+00   0.0000000e+00   6.6693827e+03   5.1220000e+03
   0.0000000e+00   0.0000000e+00   6.6662865e+03   5.1920000e+03
   0.0000000e+00   0.0000000e+00   6.6580125e+03   5.1940000e+03
   0.0000000e+00   0.0000000e+00   6.6362066e+03   5.3380000e+03
   0.0000000e+00   0.0000000e+00   6.6341534e+03   5.3420000e+03
   0.0000000e+00   0.0000000e+00   6.6212786e+03   5.4890000e+03
   0.0000000e+00   0.0000000e+00   6.6150111e+03   5.6000000e+03
   0.0000000e+00   0.0000000e+00   6.6109723e+03   5.7120000e+03
   0.0000000e+00   0.0000000e+00   6.6089539e+03   6.0450000e+03
   0.0000000e+00   0.0000000e+00   6.6070707e+03   6.2330000e+03
   0.0000000e+00   0.0000000e+00   6.6001932e+03   6.2690000e+03
   0.0000000e+00   0.0000000e+00   6.5987974e+03   6.3390000e+03
   0.0000000e+00   0.0000000e+00   6.5928654e+03   6.3400000e+03
   0.0000000e+00   0.0000000e+00   6.5902802e+03   6.4140000e+03
   0.0000000e+00   0.0000000e+00   6.5755743e+03   6.4480000e+03
   0.0000000e+00   0.0000000e+00   6.5599573e+03   6.4510000e+03
   0.0000000e+00   0.0000000e+00   6.5324377e+03   6.4890000e+03
   0.0000000e+00   0.0000000e+00   6.5200513e+03   6.5650000e+03
   0.0000000e+00   0.0000000e+00   6.5080546e+03   6.5670000e+03
   0.0000000e+00   0.0000000e+00   6.4935607e+03   6.5990000e+03
   0.0000000e+00   0.0000000e+00   6.4896685e+03   6.8970000e+03
   0.0000000e+00   0.0000000e+00   6.4773755e+03   6.9650000e+03
   0.0000000e+00   0.0000000e+00   6.4652767e+03   7.2650000e+03
   0.0000000e+00   0.0000000e+00   6.4645011e+03   7.7100000e+03
   0.0000000e+00   0.0000000e+00   6.4605630e+03   8.2290000e+03
   0.0000000e+00   0.0000000e+00   6.4571657e+03   8.2670000e+03
   0.0000000e+00   0.0000000e+00   6.4552817e+03   8.8570000e+03
   0.0000000e+00   0.0000000e+00   6.4426522e+03   9.3750000e+03
   0.0000000e+00   0.0000000e+00   6.4282137e+03   9.8580000e+03
   0.0000000e+00   0.0000000e+00   6.4181570e+03   9.8920000e+03
   0.0000000e+00   0.0000000e+00   6.4096763e+03   1.0153000e+04
   0.0000000e+00   0.0000000e+00   6.4055139e+03   1.0189000e+04
   0.0000000e+00   0.0000000e+00   6.4023830e+03   1.0524000e+04
   0.0000000e+00   0.0000000e+00   6.3956336e+03   1.0558000e+04
   0.0000000e+00   0.0000000e+00   6.3937503e+03   1.0707000e+04
   0.0000000e+00   0.0000000e+00   6.3882093e+03   1.0890000e+04
   0.0000000e+00   0.0000000e+00   6.3825291e+03   1.0968000e+04
   0.0000000e+00   0.0000000e+00   6.3803075e+03   1.1007000e+04
   0.0000000e+00   0.0000000e+00   6.3768870e+03   1.1372000e+04
   0.0000000e+00   0.0000000e+00   6.3714659e+03   1.1557000e+04
   0.0000000e+00   0.0000000e+00   6.3588998e+03   1.1742000e+04
   0.0000000e+00   0.0000000e+00   6.3526535e+03   1.1744000e+04
   0.0000000e+00   0.0000000e+00   6.3393910e+03   1.1852000e+04
   0.0000000e+00   0.0000000e+00   6.3388770e+03   1.1930000e+04
   0.0000000e+00   0.0000000e+00   6.3273550e+03   1.2296000e+04
   0.0000000e+00   0.0000000e+00   6.3272502e+03   1.2481000e+04
   0.0000000e+00   0.0000000e+00   6.3211558e+03   1.3037000e+04
   0.0000000e+00   0.0000000e+00   6.3020913e+03   1.3405000e+04
   0.0000000e+00   0.0000000e+00   6.3013108e+03   1.3629000e+04
   0.0000000e+00   0.0000000e+00   6.2942269e+03   1.3740000e+04
   0.0000000e+00   0.0000000e+00   6.2700749e+03   1.3957000e+04
   0.0000000e+00   0.0000000e+00   6.2574277e+03   1.4666000e+04
   0.0000000e+00   0.0000000e+00   6.2486925e+03   1.4814000e+04
   0.0000000e+00   0.0000000e+00   6.2297801e+03   1.5072000e+04
   0.0000000e+00   0.0000000e+00   6.2286024e+03   1.5256000e+04
   0.0000000e+00   0.0000000e+00   6.2197995e+03   1.5367000e+04
   0.0000000e+00   0.0000000e+00   6.2190154e+03   1.5626000e+04
   0.0000000e+00   0.0000000e+00   6.2179931e+03   1.5703000e+04
   0.0000000e+00   0.0000000e+00   6.1982592e+03   1.5848000e+04
   0.0000000e+00   0.0000000e+00   6.1911520e+03   1.5849000e+04
   0.0000000e+00   0.0000000e+00   6.1827994e+03   1.5995000e+04
   0.0000000e+00   0.0000000e+00   6.1765282e+03   1.5996000e+04
   0.0000000e+00   0.0000000e+00   6.1685480e+03   1.6033000e+04
   0.0000000e+00   0.0000000e+00   6.1460057e+03   1.6071000e+04
   0.0000000e+00   0.0000000e+00   6.1181922e+03   1.6107000e+04
   0.0000000e+00   0.0000000e+00   6.1090678e+03   1.6108000e+04
   0.0000000e+00   0.0000000e+00   6.1012760e+03   1.6402000e+04
   0.0000000e+00   0.0000000e+00   6.0787538e+03   1.6403000e+04
   0.0000000e+00   0.0000000e+00   6.0767588e+03   1.6772000e+04
   0.0000000e+00   0.0000000e+00   6.0761459e+03   1.6997000e+04
   0.0000000e+00   0.0000000e+00   6.0551710e+03   1.7034000e+04
   0.0000000e+00   0.0000000e+00   6.0524848e+03   1.7221000e+04
   0.0000000e+00   0.0000000e+00   6.0315220e+03   1.7401000e+04
   0.0000000e+00   0.0000000e+00   6.0279239e+03   1.8512000e+04
   0.0000000e+00   0.0000000e+00   6.0164075e+03   1.8513000e+04
   0.0000000e+00   0.0000000e+00   6.0021493e+03   1.8553000e+04
   0.0000000e+00   0.0000000e+00   5.9928234e+03   1.8696000e+04
   0.0000000e+00   0.0000000e+00   5.9816712e+03   1.8920000e+04
   0.0000000e+00   0.0000000e+00   5.9766003e+03   1.9140000e+04
   0.0000000e+00   0.0000000e+00   5.9724848e+03   1.9511000e+04
   0.0000000e+00   0.0000000e+00   5.9703682e+03   1.9695000e+04
   0.0000000e+00   0.0000000e+00   5.9686796e+03   1.9733000e+04
   0.0000000e+00   0.0000000e+00   5.9472288e+03   1.9843000e+04
   0.0000000e+00   0.0000000e+00   5.9417158e+03   1.9883000e+04
   0.0000000e+00   0.0000000e+00   5.9271534e+03   2.0475000e+04
   0.0000000e+00   0.0000000e+00   5.9223469e+03   2.0734000e+04
   0.0000000e+00   0.0000000e+00   5.9154537e+03   2.0804000e+04
   0.0000000e+00   0.0000000e+00   5.9089281e+03   2.1028000e+04
   0.0000000e+00   0.0000000e+00   5.9059310e+03   2.2433000e+04
   0.0000000e+00   0.0000000e+00   5.9057500e+03   2.2954000e+04
   0.0000000e+00   0.0000000e+00   5.9006495e+03   2.3325000e+04
   0.0000000e+00   0.0000000e+00   5.8986360e+03   2.4174000e+04
   0.0000000e+00   0.0000000e+00   5.8950139e+03   2.4209000e+04
   0.0000000e+00   0.0000000e+00   5.8927788e+03   2.4950000e+04
   0.0000000e+00   0.0000000e+00   5.8844559e+03   2.5504000e+04
   0.0000000e+00   0.0000000e+00   5.8769986e+03   2.7842000e+04
   0.0000000e+00   0.0000000e+00   5.8655961e+03   2.9020000e+04
   0.0000000e+00   0.0000000e+00   5.8577204e+03   2.9466000e+04
   0.0000000e+00   0.0000000e+00   5.8554853e+03   2.9537000e+04
   0.0000000e+00   0.0000000e+00   5.8535049e+03   3.0427000e+04
   0.0000000e+00   0.0000000e+00   5.8531319e+03   3.3798000e+04
   0.0000000e+00   0.0000000e+00   5.8513056e+03   3.3872000e+04
   0.0000000e+00   0.0000000e+00   5.8417605e+03   3.4126000e+04
   0.0000000e+00   0.0000000e+00   5.8397425e+03   3.4385000e+04
   0.0000000e+00   0.0000000e+00   5.8337462e+03   3.4641000e+04
   0.0000000e+00   0.0000000e+00   5.8135205e+03   3.4866000e+04
   0.0000000e+00   0.0000000e+00   5.8035485e+03   3.4904000e+04
   0.0000000e+00   0.0000000e+00   5.7952471e+03   3.6272000e+04
   0.0000000e+00   0.0000000e+00   5.7935264e+03   3.6306000e+04
   0.0000000e+00   0.0000000e+00   5.7883952e+03   3.6826000e+04
   0.0000000e+00   0.0000000e+00   5.7863484e+03   3.6828000e+04
   0.0000000e+00   0.0000000e+00   5.7835437e+03   3.7905000e+04
   0.0000000e+00   0.0000000e+00   5.7733465e+03   3.8461000e+04
   0.0000000e+00   0.0000000e+00   5.7618185e+03   3.9120000e+04
   0.0000000e+00   0.0000000e+00   5.7543579e+03   3.9195000e+04
   0.0000000e+00   0.0000000e+00   5.7542687e+03   3.9308000e+04
   0.0000000e+00   0.0000000e+00   5.7481378e+03   3.9972000e+04
   0.0000000e+00   0.0000000e+00   5.7396517e+03   4.3633000e+04
   0.0000000e+00   0.0000000e+00   5.7386557e+03   4.4081000e+04
   0.0000000e+00   0.0000000e+00   5.7365306e+03   4.4675000e+04
   0.0000000e+00   0.0000000e+00   5.7339698e+03   4.6593000e+04
   0.0000000e+00   0.0000000e+00   5.7245975e+03   4.7822000e+04
   0.0000000e+00   0.0000000e+00   5.7142179e+03   4.8039000e+04
   0.0000000e+00   0.0000000e+00   5.7122360e+03   4.8074000e+04
   0.0000000e+00   0.0000000e+00   5.7115043e+03   4.8335000e+04
   0.0000000e+00   0.0000000e+00   5.7092435e+03   4.8373000e+04
   0.0000000e+00   0.0000000e+00   5.7040026e+03   4.8594000e+04
   0.0000000e+00   0.0000000e+00   5.6988179e+03   4.8631000e+04
   0.0000000e+00   0.0000000e+00   5.6969145e+03   4.9222000e+04
   0.0000000e+00   0.0000000e+00   5.6913858e+03   5.0850000e+04
   0.0000000e+00   0.0000000e+00   5.6881562e+03   5.2073000e+04
   0.0000000e+00   0.0000000e+00   5.6820684e+03   5.3477000e+04
   0.0000000e+00   0.0000000e+00   5.6756981e+03   5.3775000e+04
   0.0000000e+00   0.0000000e+00   5.6740706e+03   5.3814000e+04
   0.0000000e+00   0.0000000e+00   5.6544286e+03   5.3847000e+04
   0.0000000e+00   0.0000000e+00   5.6449602e+03   5.5365000e+04
   0.0000000e+00   0.0000000e+00   5.6442665e+03   5.5812000e+04
   0.0000000e+00   0.0000000e+00   5.6406957e+03   5.5920000e+04
   0.0000000e+00   0.0000000e+00   5.6232694e+03   5.6065000e+04
   0.0000000e+00   0.0000000e+00   5.6196713e+03   5.6584000e+04
   0.0000000e+00   0.0000000e+00   5.6185258e+03   5.7030000e+04
   0.0000000e+00   0.0000000e+00   5.6060602e+03   5.7694000e+04
   0.0000000e+00   0.0000000e+00   5.5982684e+03   5.8286000e+04
   0.0000000e+00   0.0000000e+00   5.5895300e+03   5.8771000e+04
   0.0000000e+00   0.0000000e+00   5.5803388e+03   5.9691000e+04
   0.0000000e+00   0.0000000e+00   5.5728970e+03   6.0211000e+04
   0.0000000e+00   0.0000000e+00   5.5655910e+03   6.1284000e+04
   0.0000000e+00   0.0000000e+00   5.5584036e+03   6.1472000e+04
   0.0000000e+00   0.0000000e+00   5.5541037e+03   6.1688000e+04
   0.0000000e+00   0.0000000e+00   5.5507457e+03   6.1802000e+04
   0.0000000e+00   0.0000000e+00   5.5500132e+03   6.2059000e+04
   0.0000000e+00   0.0000000e+00   5.5377243e+03   6.2465000e+04
   0.0000000e+00   0.0000000e+00   5.5358475e+03   6.3320000e+04
   0.0000000e+00   0.0000000e+00   5.5341810e+03   6.4026000e+04
   0.0000000e+00   0.0000000e+00   5.5283225e+03   6.4797000e+04
   0.0000000e+00   0.0000000e+00   5.5283036e+03   6.5093000e+04
   0.0000000e+00   0.0000000e+00   5.5175809e+03   6.5245000e+04
   0.0000000e+00   0.0000000e+00   5.5032492e+03   6.6612000e+04
   0.0000000e+00   0.0000000e+00   5.5008891e+03   6.7980000e+04
   0.0000000e+00   0.0000000e+00   5.4916426e+03   7.6713000e+04
   0.0000000e+00   0.0000000e+00   5.4894075e+03   7.9006000e+04
   0.0000000e+00   0.0000000e+00   5.4872718e+03   8.2929000e+04
   0.0000000e+00   0.0000000e+00   5.4845567e+03   9.5878000e+04
   0.0000000e+00   0.0000000e+00   5.4827305e+03   1.0164900e+05
   0.0000000e+00   0.0000000e+00   5.4802325e+03   1.0649900e+05
   0.0000000e+00   0.0000000e+00   5.4795613e+03   1.0653600e+05
   0.0000000e+00   0.0000000e+00   5.4734642e+03   1.0686700e+05
   0.0000000e+00   0.0000000e+00   5.4707307e+03   1.0690500e+05
   0.0000000e+00   0.0000000e+00   5.4690421e+03   1.0782900e+05
   0.0000000e+00   0.0000000e+00   5.4675875e+03   1.0945700e+05
   0.0000000e+00   0.0000000e+00   5.4667438e+03   1.2370400e+05
   0.0000000e+00   0.0000000e+00   5.4647212e+03   1.2744200e+05
   0.0000000e+00   0.0000000e+00   5.4632881e+03   1.2973400e+05
   0.0000000e+00   0.0000000e+00   5.4596099e+03   1.3125400e+05
   0.0000000e+00   0.0000000e+00   5.4552209e+03   1.3136100e+05
   0.0000000e+00   0.0000000e+00   5.4494071e+03   1.3209900e+05
   0.0000000e+00   0.0000000e+00   5.4449504e+03   1.3339900e+05
   0.0000000e+00   0.0000000e+00   5.4364290e+03   1.3395100e+05
   0.0000000e+00   0.0000000e+00   5.4325247e+03   1.3457900e+05
   0.0000000e+00   0.0000000e+00   5.4254554e+03   1.3469000e+05
   0.0000000e+00   0.0000000e+00   5.4228945e+03   1.3495300e+05
   0.0000000e+00   0.0000000e+00   5.4189326e+03   1.4379400e+05
   0.0000000e+00   0.0000000e+00   5.3843083e+03   1.4616800e+05
   0.0000000e+00   0.0000000e+00   5.3782117e+03   1.4697500e+05
   0.0000000e+00   0.0000000e+00   5.3744590e+03   1.4756800e+05
   0.0000000e+00   0.0000000e+00   5.3674133e+03   1.4764300e+05
   0.0000000e+00   0.0000000e+00   5.3630472e+03   1.4823100e+05
   0.0000000e+00   0.0000000e+00   5.3624490e+03   1.4934500e+05
   0.0000000e+00   0.0000000e+00   5.3574010e+03   1.5211700e+05
   0.0000000e+00   0.0000000e+00   5.3557042e+03   1.5304100e+05
   0.0000000e+00   0.0000000e+00   5.3516032e+03   1.5330100e+05
   0.0000000e+00   0.0000000e+00   5.3401992e+03   1.5370800e+05
   0.0000000e+00   0.0000000e+00   5.3387446e+03   1.5648500e+05
   0.0000000e+00   0.0000000e+00   5.3346291e+03   1.5711300e+05
   0.0000000e+00   0.0000000e+00   5.3316919e+03   1.5840600e+05
   0.0000000e+00   0.0000000e+00   5.3296804e+03   1.7128300e+05
   0.0000000e+00   0.0000000e+00   5.3267534e+03   1.8038300e+05
   0.0000000e+00   0.0000000e+00   5.3227988e+03   1.8475300e+05
   0.0000000e+00   0.0000000e+00   5.3215374e+03   1.9404400e+05
