   1.6075529e+02   1.0489149e+00   1.6721576e+04   8.0000000e+00
   1.5542550e+02   1.0811456e+00   1.6661323e+04   1.1000000e+01
   1.4999590e+02   9.8320732e-01   1.6663286e+04   1.2000000e+01
   1.4460532e+02   1.0659748e+00   1.6521908e+04   1.3000000e+01
   1.1962512e+02   7.5184382e-01   1.6452300e+04   1.5000000e+01
   1.1951587e+02   7.5023422e-01   1.6457500e+04   1.6000000e+01
   1.1548607e+02   5.6741510e-01   1.6396514e+04   1.8000000e+01
   1.1259674e+02   5.5902182e-01   1.6122130e+04   1.9000000e+01
   1.1150453e+02   4.6281301e-01   1.6154001e+04   2.0000000e+01
   1.0532181e+02   4.7607790e-01   1.5965398e+04   2.3000000e+01
   1.0504768e+02   4.6544875e-01   1.5863681e+04   2.4000000e+01
   1.0146315e+02   4.4990696e-01   1.5748781e+04   2.7000000e+01
   9.9780271e+01   4.3676855e-01   1.5776347e+04   2.8000000e+01
   9.8488868e+01   3.6391696e-01   1.5962231e+04   3.0000000e+01
   9.7799641e+01   3.1889153e-01   1.6311368e+04   3.1000000e+01
   9.2881903e+01   2.0407637e-01   1.6478969e+04   3.2000000e+01
   9.2589152e+01   8.1364127e-02   1.6717145e+04   3.3000000e+01
   8.9347269e+01   6.8637917e-02   1.7071530e+04   3.4000000e+01
   8.8283082e+01   3.6720763e-02   1.7389374e+04   3.5000000e+01
   8.7937329e+01   2.5199569e-02   1.7744268e+04   3.6000000e+01
   8.5695223e+01   1.7911727e-02   1.8176367e+04   3.7000000e+01
   8.5537141e+01   8.4045729e-03   1.8571576e+04   3.8000000e+01
   8.4878126e+01   3.0151898e-02   1.8355650e+04   4.9000000e+01
   8.3935662e+01   3.9741034e-02   1.8235153e+04   5.2000000e+01
   8.0220128e+01   4.8128074e-02   1.8134396e+04   5.4000000e+01
   7.9882454e+01   5.6778716e-02   1.8105482e+04   5.5000000e+01
   7.9834699e+01   5.8450287e-02   1.8079275e+04   5.7000000e+01
   7.9282152e+01   5.9281292e-02   1.7891261e+04   5.9000000e+01
   6.9630157e+01   5.5729351e-02   1.7809259e+04   6.0000000e+01
   6.7212406e+01   4.4973498e-02   1.7863265e+04   6.1000000e+01
   6.6528121e+01   3.7852260e-02   1.7881467e+04   6.2000000e+01
   6.6377850e+01   4.7194931e-02   1.7578227e+04   6.4000000e+01
   6.6214224e+01   5.1955971e-02   1.7782450e+04   6.5000000e+01
   6.4865413e+01   4.5179190e-02   1.8009105e+04   6.8000000e+01
   6.4613665e+01   4.4914332e-02   1.8155244e+04   7.0000000e+01
   6.3494088e+01   3.9797952e-02   1.8439573e+04   7.1000000e+01
   6.1703316e+01   1.9590826e-02   1.9024140e+04   7.2000000e+01
   6.0981532e+01   1.8495540e-02   1.9258150e+04   7.3000000e+01
   6.0694657e+01   0.0000000e+00   1.9803189e+04   7.4000000e+01
   6.0164158e+01   0.0000000e+00   2.0242502e+04   7.5000000e+01
   5.8254597e+01   1.8294124e-02   2.0099791e+04   8.3000000e+01
   5.7171672e+01   1.7237641e-02   2.0105097e+04   8.7000000e+01
   5.6841662e+01   1.2583499e-02   1.9805808e+04   8.8000000e+01
   5.6679303e+01   1.6457390e-02   1.9737821e+04   8.9000000e+01
   5.5673020e+01   1.7852997e-02   1.9480345e+04   9.0000000e+01
   5.3509167e+01   1.7041650e-02   1.9438787e+04   9.1000000e+01
   5.2849027e+01   1.2639942e-02   1.9272883e+04   9.4000000e+01
   5.2357267e+01   1.2262374e-02   1.9283939e+04   9.5000000e+01
   5.2008884e+01   1.1338736e-02   1.9145463e+04   9.6000000e+01
   5.1062244e+01   1.4182842e-02   1.8929894e+04   9.7000000e+01
   5.0711307e+01   1.5685030e-02   1.8966242e+04   9.8000000e+01
   5.0343824e+01   1.3877499e-03   1.8930524e+04   9.9000000e+01
   5.0173857e+01   0.0000000e+00   1.9008629e+04   1.0000000e+02
   4.9782803e+01   0.0000000e+00   1.9007880e+04   1.0200000e+02
   4.9743614e+01   0.0000000e+00   1.9137846e+04   1.0500000e+02
   4.9536144e+01   0.0000000e+00   1.9379158e+04   1.0600000e+02
   4.7605247e+01   0.0000000e+00   1.9715359e+04   1.0700000e+02
   4.6280341e+01   0.0000000e+00   2.0265257e+04   1.0800000e+02
   4.1781959e+01   0.0000000e+00   2.0594672e+04   1.0900000e+02
   4.1563178e+01   0.0000000e+00   2.1218058e+04   1.1000000e+02
   4.0531981e+01   0.0000000e+00   2.1613378e+04   1.1100000e+02
   3.9913319e+01   0.0000000e+00   2.2142145e+04   1.1200000e+02
   3.9474708e+01   0.0000000e+00   2.1791726e+04   1.2300000e+02
   3.9392918e+01   0.0000000e+00   2.1783255e+04   1.2700000e+02
   3.8952260e+01   0.0000000e+00   2.1677648e+04   1.2800000e+02
   3.8568460e+01   0.0000000e+00   2.1671483e+04   1.2900000e+02
   3.6766632e+01   0.0000000e+00   2.1536421e+04   1.3100000e+02
   3.6680517e+01   0.0000000e+00   2.1492553e+04   1.3200000e+02
   3.5547521e+01   0.0000000e+00   2.1461795e+04   1.3400000e+02
   3.5444234e+01   0.0000000e+00   2.1330481e+04   1.3500000e+02
   3.5354434e+01   0.0000000e+00   2.1272484e+04   1.3600000e+02
   3.4672773e+01   0.0000000e+00   2.0991191e+04   1.3700000e+02
   3.3722977e+01   0.0000000e+00   2.0943917e+04   1.3800000e+02
   3.3647006e+01   0.0000000e+00   2.1087575e+04   1.4100000e+02
   3.3175021e+01   0.0000000e+00   2.1166597e+04   1.4200000e+02
   3.1181881e+01   0.0000000e+00   2.1463667e+04   1.4300000e+02
   2.9640841e+01   0.0000000e+00   2.1707092e+04   1.4400000e+02
   2.9316134e+01   0.0000000e+00   2.2005825e+04   1.4500000e+02
   2.6138873e+01   0.0000000e+00   2.2394973e+04   1.4600000e+02
   2.5623500e+01   0.0000000e+00   2.2551125e+04   1.4700000e+02
   2.5493629e+01   0.0000000e+00   2.2787192e+04   1.4800000e+02
   2.4099562e+01   0.0000000e+00   2.3414793e+04   1.4900000e+02
   2.3527810e+01   0.0000000e+00   2.3058109e+04   1.6100000e+02
   2.2880613e+01   0.0000000e+00   2.2981729e+04   1.6600000e+02
   2.1182251e+01   0.0000000e+00   2.3015056e+04   1.6700000e+02
   2.0490839e+01   0.0000000e+00   2.2775685e+04   1.6800000e+02
   1.7744021e+01   0.0000000e+00   2.2720160e+04   1.7000000e+02
   1.7525864e+01   0.0000000e+00   2.2680285e+04   1.7600000e+02
   1.7435967e+01   0.0000000e+00   2.2775953e+04   1.7700000e+02
   1.7418923e+01   0.0000000e+00   2.2795599e+04   1.7800000e+02
   1.6762958e+01   0.0000000e+00   2.2992765e+04   1.7900000e+02
   1.6147366e+01   0.0000000e+00   2.3152531e+04   1.8000000e+02
   1.4339778e+01   0.0000000e+00   2.3678866e+04   1.8500000e+02
   1.3900300e+01   0.0000000e+00   2.4431486e+04   1.8600000e+02
   1.3756446e+01   0.0000000e+00   2.4204928e+04   2.0600000e+02
   1.3078206e+01   0.0000000e+00   2.4094225e+04   2.0900000e+02
   1.2997375e+01   0.0000000e+00   2.4114560e+04   2.1100000e+02
   1.2990411e+01   0.0000000e+00   2.4379879e+04   2.1300000e+02
   1.2986508e+01   0.0000000e+00   2.4626906e+04   2.1700000e+02
   1.2251591e+01   0.0000000e+00   2.4884704e+04   2.2100000e+02
   1.2182456e+01   0.0000000e+00   2.5276850e+04   2.2300000e+02
   1.2079081e+01   0.0000000e+00   2.5196626e+04   2.3200000e+02
   9.4945882e+00   0.0000000e+00   2.5039558e+04   2.3300000e+02
   9.3716630e+00   0.0000000e+00   2.4825845e+04   2.3500000e+02
   9.3366156e+00   0.0000000e+00   2.4761380e+04   2.4100000e+02
   9.1246611e+00   0.0000000e+00   2.4619263e+04   2.4300000e+02
   9.1236194e+00   0.0000000e+00   2.4634814e+04   2.4500000e+02
   9.0840645e+00   0.0000000e+00   2.4626010e+04   2.4800000e+02
   9.0291510e+00   0.0000000e+00   2.4664192e+04   2.4900000e+02
   8.7428473e+00   0.0000000e+00   2.4636217e+04   2.5200000e+02
   8.6897510e+00   0.0000000e+00   2.4764337e+04   2.5300000e+02
   8.3214330e+00   0.0000000e+00   2.4948406e+04   2.5400000e+02
   7.6985935e+00   0.0000000e+00   2.5202534e+04   2.5600000e+02
   7.6062496e+00   0.0000000e+00   2.5659541e+04   2.5900000e+02
   7.5517186e+00   0.0000000e+00   2.5508988e+04   2.7600000e+02
   7.4501417e+00   0.0000000e+00   2.5207625e+04   2.7800000e+02
   7.4317680e+00   0.0000000e+00   2.5224896e+04   2.8100000e+02
   7.4288554e+00   0.0000000e+00   2.5161074e+04   2.8300000e+02
   7.3905543e+00   0.0000000e+00   2.5292160e+04   2.8600000e+02
   7.3323643e+00   0.0000000e+00   2.5501314e+04   2.9100000e+02
   7.2712874e+00   0.0000000e+00   2.5633071e+04   2.9300000e+02
   7.2572770e+00   0.0000000e+00   2.6003895e+04   2.9400000e+02
   7.2282456e+00   0.0000000e+00   2.6118741e+04   2.9500000e+02
   7.1406834e+00   0.0000000e+00   2.6517763e+04   2.9600000e+02
   6.2847056e+00   0.0000000e+00   2.6144803e+04   3.0200000e+02
   6.0486021e+00   0.0000000e+00   2.5882440e+04   3.1000000e+02
   5.9209554e+00   0.0000000e+00   2.5923215e+04   3.1300000e+02
   5.8296716e+00   0.0000000e+00   2.5875122e+04   3.1500000e+02
   5.7746514e+00   0.0000000e+00   2.5821883e+04   3.1800000e+02
   5.7553882e+00   0.0000000e+00   2.5547855e+04   3.2100000e+02
   5.5716908e+00   0.0000000e+00   2.5225326e+04   3.2400000e+02
   5.5385735e+00   0.0000000e+00   2.5186180e+04   3.2600000e+02
   5.5288603e+00   0.0000000e+00   2.5225516e+04   3.2700000e+02
   5.5253084e+00   0.0000000e+00   2.5292590e+04   3.2800000e+02
   5.5067950e+00   0.0000000e+00   2.5661285e+04   3.3000000e+02
   5.0420384e+00   0.0000000e+00   2.5898533e+04   3.3100000e+02
   5.0385881e+00   0.0000000e+00   2.6118376e+04   3.3300000e+02
   5.0313213e+00   0.0000000e+00   2.6528681e+04   3.3400000e+02
   4.9864574e+00   0.0000000e+00   2.6302064e+04   3.4900000e+02
   4.9725554e+00   0.0000000e+00   2.5969233e+04   3.5000000e+02
   3.6166249e+00   0.0000000e+00   2.5815238e+04   3.5200000e+02
   3.7465361e-01   0.0000000e+00   2.5984244e+04   3.6200000e+02
   3.7069591e-01   0.0000000e+00   2.6277629e+04   3.6700000e+02
   3.6881862e-01   0.0000000e+00   2.6550718e+04   3.6800000e+02
   3.6692767e-01   0.0000000e+00   2.6862197e+04   3.6900000e+02
   3.6506879e-01   0.0000000e+00   2.7461670e+04   3.7100000e+02
   3.3691758e-01   0.0000000e+00   2.7256973e+04   3.8200000e+02
   3.3397813e-01   0.0000000e+00   2.7170963e+04   3.9300000e+02
   3.3388764e-01   0.0000000e+00   2.7071471e+04   3.9500000e+02
   2.9546139e-01   0.0000000e+00   2.7171714e+04   3.9700000e+02
   1.0558620e-01   0.0000000e+00   2.7349610e+04   3.9800000e+02
   7.1099093e-02   0.0000000e+00   2.7491363e+04   4.0100000e+02
   7.0721240e-02   0.0000000e+00   2.7573815e+04   4.0200000e+02
   6.9183174e-02   0.0000000e+00   2.7851609e+04   4.0600000e+02
   4.4175755e-02   0.0000000e+00   2.8212572e+04   4.0800000e+02
   4.4084447e-02   0.0000000e+00   2.8001698e+04   4.1900000e+02
   4.3928636e-02   0.0000000e+00   2.7954084e+04   4.2400000e+02
   3.6812192e-02   0.0000000e+00   2.7750069e+04   4.2700000e+02
   0.0000000e+00   0.0000000e+00   2.7793978e+04   4.3000000e+02
   0.0000000e+00   0.0000000e+00   2.7451551e+04   4.3100000e+02
   0.0000000e+00   0.0000000e+00   2.7385202e+04   4.3200000e+02
   0.0000000e+00   0.0000000e+00   2.7255195e+04   4.3300000e+02
   0.0000000e+00   0.0000000e+00   2.7131282e+04   4.3400000e+02
   0.0000000e+00   0.0000000e+00   2.7053201e+04   4.3500000e+02
   0.0000000e+00   0.0000000e+00   2.7040223e+04   4.3700000e+02
   0.0000000e+00   0.0000000e+00   2.6803353e+04   4.5600000e+02
   0.0000000e+00   0.0000000e+00   2.6448584e+04   4.5700000e+02
   0.0000000e+00   0.0000000e+00   2.6365369e+04   4.6000000e+02
   0.0000000e+00   0.0000000e+00   2.6237009e+04   4.6100000e+02
   0.0000000e+00   0.0000000e+00   2.5975127e+04   4.6200000e+02
   0.0000000e+00   0.0000000e+00   2.5805036e+04   4.6300000e+02
   0.0000000e+00   0.0000000e+00   2.5637373e+04   4.6400000e+02
   0.0000000e+00   0.0000000e+00   2.5217799e+04   4.6500000e+02
   0.0000000e+00   0.0000000e+00   2.4902603e+04   4.6600000e+02
   0.0000000e+00   0.0000000e+00   2.4772676e+04   4.6700000e+02
   0.0000000e+00   0.0000000e+00   2.4747876e+04   4.6800000e+02
   0.0000000e+00   0.0000000e+00   2.4667300e+04   4.7000000e+02
   0.0000000e+00   0.0000000e+00   2.4625364e+04   4.7100000e+02
   0.0000000e+00   0.0000000e+00   2.4506485e+04   4.7400000e+02
   0.0000000e+00   0.0000000e+00   2.4467748e+04   4.7500000e+02
   0.0000000e+00   0.0000000e+00   2.4141340e+04   4.8900000e+02
   0.0000000e+00   0.0000000e+00   2.3936894e+04   4.9100000e+02
   0.0000000e+00   0.0000000e+00   2.3548298e+04   4.9200000e+02
   0.0000000e+00   0.0000000e+00   2.3259125e+04   4.9300000e+02
   0.0000000e+00   0.0000000e+00   2.3142363e+04   4.9500000e+02
   0.0000000e+00   0.0000000e+00   2.3025019e+04   4.9600000e+02
   0.0000000e+00   0.0000000e+00   2.3000596e+04   4.9700000e+02
   0.0000000e+00   0.0000000e+00   2.2834514e+04   4.9900000e+02
   0.0000000e+00   0.0000000e+00   2.2804996e+04   5.0000000e+02
   0.0000000e+00   0.0000000e+00   2.2671690e+04   5.0100000e+02
   0.0000000e+00   0.0000000e+00   2.2599681e+04   5.0200000e+02
   0.0000000e+00   0.0000000e+00   2.2422525e+04   5.0300000e+02
   0.0000000e+00   0.0000000e+00   2.2411721e+04   5.0400000e+02
   0.0000000e+00   0.0000000e+00   2.2324768e+04   5.0600000e+02
   0.0000000e+00   0.0000000e+00   2.2247418e+04   5.0900000e+02
   0.0000000e+00   0.0000000e+00   2.2155742e+04   5.1100000e+02
   0.0000000e+00   0.0000000e+00   2.1867316e+04   5.2700000e+02
   0.0000000e+00   0.0000000e+00   2.1535050e+04   5.2800000e+02
   0.0000000e+00   0.0000000e+00   2.1489053e+04   5.2900000e+02
   0.0000000e+00   0.0000000e+00   2.0989123e+04   5.3100000e+02
   0.0000000e+00   0.0000000e+00   2.0783613e+04   5.3200000e+02
   0.0000000e+00   0.0000000e+00   2.0577765e+04   5.3300000e+02
   0.0000000e+00   0.0000000e+00   2.0516175e+04   5.3600000e+02
   0.0000000e+00   0.0000000e+00   2.0490705e+04   5.3700000e+02
   0.0000000e+00   0.0000000e+00   2.0121851e+04   5.4000000e+02
   0.0000000e+00   0.0000000e+00   1.9959849e+04   5.4100000e+02
   0.0000000e+00   0.0000000e+00   1.9945654e+04   5.4200000e+02
   0.0000000e+00   0.0000000e+00   1.9942926e+04   5.4300000e+02
   0.0000000e+00   0.0000000e+00   1.9836309e+04   5.4800000e+02
   0.0000000e+00   0.0000000e+00   1.9743034e+04   5.6400000e+02
   0.0000000e+00   0.0000000e+00   1.9723663e+04   5.7000000e+02
   0.0000000e+00   0.0000000e+00   1.9556240e+04   5.7100000e+02
   0.0000000e+00   0.0000000e+00   1.9333758e+04   5.7200000e+02
   0.0000000e+00   0.0000000e+00   1.9215503e+04   5.7300000e+02
   0.0000000e+00   0.0000000e+00   1.8756299e+04   5.7400000e+02
   0.0000000e+00   0.0000000e+00   1.8603675e+04   5.7500000e+02
   0.0000000e+00   0.0000000e+00   1.8533252e+04   5.7700000e+02
   0.0000000e+00   0.0000000e+00   1.8518378e+04   5.7800000e+02
   0.0000000e+00   0.0000000e+00   1.8176330e+04   6.0600000e+02
   0.0000000e+00   0.0000000e+00   1.8103857e+04   6.1000000e+02
   0.0000000e+00   0.0000000e+00   1.7987320e+04   6.1600000e+02
   0.0000000e+00   0.0000000e+00   1.7965956e+04   6.2200000e+02
   0.0000000e+00   0.0000000e+00   1.7854667e+04   6.3700000e+02
   0.0000000e+00   0.0000000e+00   1.7778387e+04   6.4100000e+02
   0.0000000e+00   0.0000000e+00   1.7410514e+04   6.4200000e+02
   0.0000000e+00   0.0000000e+00   1.7352154e+04   6.4300000e+02
   0.0000000e+00   0.0000000e+00   1.7231850e+04   6.4600000e+02
   0.0000000e+00   0.0000000e+00   1.7207153e+04   6.4700000e+02
   0.0000000e+00   0.0000000e+00   1.7148340e+04   6.4800000e+02
   0.0000000e+00   0.0000000e+00   1.6997440e+04   6.4900000e+02
   0.0000000e+00   0.0000000e+00   1.6925286e+04   6.5100000e+02
   0.0000000e+00   0.0000000e+00   1.6882316e+04   6.5300000e+02
   0.0000000e+00   0.0000000e+00   1.6791334e+04   6.5500000e+02
   0.0000000e+00   0.0000000e+00   1.6679190e+04   6.7700000e+02
   0.0000000e+00   0.0000000e+00   1.6626307e+04   6.7900000e+02
   0.0000000e+00   0.0000000e+00   1.6567077e+04   6.8200000e+02
   0.0000000e+00   0.0000000e+00   1.6476213e+04   6.8300000e+02
   0.0000000e+00   0.0000000e+00   1.6456692e+04   6.8500000e+02
   0.0000000e+00   0.0000000e+00   1.6399172e+04   6.8900000e+02
   0.0000000e+00   0.0000000e+00   1.6359235e+04   7.1400000e+02
   0.0000000e+00   0.0000000e+00   1.6297504e+04   7.1600000e+02
   0.0000000e+00   0.0000000e+00   1.6272868e+04   7.1700000e+02
   0.0000000e+00   0.0000000e+00   1.6087206e+04   7.1800000e+02
   0.0000000e+00   0.0000000e+00   1.6044280e+04   7.1900000e+02
   0.0000000e+00   0.0000000e+00   1.6019044e+04   7.2100000e+02
   0.0000000e+00   0.0000000e+00   1.5846880e+04   7.2200000e+02
   0.0000000e+00   0.0000000e+00   1.5770461e+04   7.2600000e+02
   0.0000000e+00   0.0000000e+00   1.5673595e+04   7.2800000e+02
   0.0000000e+00   0.0000000e+00   1.5605898e+04   7.3000000e+02
   0.0000000e+00   0.0000000e+00   1.5484027e+04   7.5000000e+02
   0.0000000e+00   0.0000000e+00   1.5422751e+04   7.5700000e+02
   0.0000000e+00   0.0000000e+00   1.5365320e+04   7.5800000e+02
   0.0000000e+00   0.0000000e+00   1.5298880e+04   7.5900000e+02
   0.0000000e+00   0.0000000e+00   1.5264110e+04   7.6000000e+02
   0.0000000e+00   0.0000000e+00   1.5128029e+04   7.6100000e+02
   0.0000000e+00   0.0000000e+00   1.5006522e+04   7.8800000e+02
   0.0000000e+00   0.0000000e+00   1.4908384e+04   7.9100000e+02
   0.0000000e+00   0.0000000e+00   1.4822650e+04   7.9200000e+02
   0.0000000e+00   0.0000000e+00   1.4803092e+04   7.9300000e+02
   0.0000000e+00   0.0000000e+00   1.4799864e+04   7.9400000e+02
   0.0000000e+00   0.0000000e+00   1.4681415e+04   7.9500000e+02
   0.0000000e+00   0.0000000e+00   1.4673629e+04   7.9800000e+02
   0.0000000e+00   0.0000000e+00   1.4658078e+04   8.0000000e+02
   0.0000000e+00   0.0000000e+00   1.4480311e+04   8.0100000e+02
   0.0000000e+00   0.0000000e+00   1.4322791e+04   8.2700000e+02
   0.0000000e+00   0.0000000e+00   1.4244277e+04   8.2900000e+02
   0.0000000e+00   0.0000000e+00   1.4240997e+04   8.3000000e+02
   0.0000000e+00   0.0000000e+00   1.4026877e+04   8.3300000e+02
   0.0000000e+00   0.0000000e+00   1.4017217e+04   8.3500000e+02
   0.0000000e+00   0.0000000e+00   1.3873115e+04   8.3600000e+02
   0.0000000e+00   0.0000000e+00   1.3724072e+04   8.3700000e+02
   0.0000000e+00   0.0000000e+00   1.3683598e+04   8.3800000e+02
   0.0000000e+00   0.0000000e+00   1.3657015e+04   8.6000000e+02
   0.0000000e+00   0.0000000e+00   1.3654446e+04   8.6700000e+02
   0.0000000e+00   0.0000000e+00   1.3464054e+04   8.6800000e+02
   0.0000000e+00   0.0000000e+00   1.3439040e+04   8.7200000e+02
   0.0000000e+00   0.0000000e+00   1.3433929e+04   8.7300000e+02
   0.0000000e+00   0.0000000e+00   1.3340347e+04   8.7400000e+02
   0.0000000e+00   0.0000000e+00   1.3337469e+04   8.7500000e+02
   0.0000000e+00   0.0000000e+00   1.3292908e+04   8.7600000e+02
   0.0000000e+00   0.0000000e+00   1.3255263e+04   8.9800000e+02
   0.0000000e+00   0.0000000e+00   1.3194879e+04   9.0000000e+02
   0.0000000e+00   0.0000000e+00   1.3096418e+04   9.0200000e+02
   0.0000000e+00   0.0000000e+00   1.3071269e+04   9.0300000e+02
   0.0000000e+00   0.0000000e+00   1.3026892e+04   9.0400000e+02
   0.0000000e+00   0.0000000e+00   1.3014996e+04   9.0500000e+02
   0.0000000e+00   0.0000000e+00   1.2989917e+04   9.0600000e+02
   0.0000000e+00   0.0000000e+00   1.2984606e+04   9.0700000e+02
   0.0000000e+00   0.0000000e+00   1.2862595e+04   9.1200000e+02
   0.0000000e+00   0.0000000e+00   1.2810835e+04   9.1300000e+02
   0.0000000e+00   0.0000000e+00   1.2746645e+04   9.3600000e+02
   0.0000000e+00   0.0000000e+00   1.2669060e+04   9.3800000e+02
   0.0000000e+00   0.0000000e+00   1.2400868e+04   9.3900000e+02
   0.0000000e+00   0.0000000e+00   1.2394638e+04   9.4200000e+02
   0.0000000e+00   0.0000000e+00   1.2370532e+04   9.4600000e+02
   0.0000000e+00   0.0000000e+00   1.2288940e+04   9.7400000e+02
   0.0000000e+00   0.0000000e+00   1.2208080e+04   9.7500000e+02
   0.0000000e+00   0.0000000e+00   1.2147624e+04   9.7600000e+02
   0.0000000e+00   0.0000000e+00   1.2117496e+04   9.7700000e+02
   0.0000000e+00   0.0000000e+00   1.2062020e+04   9.8100000e+02
   0.0000000e+00   0.0000000e+00   1.1894555e+04   9.8600000e+02
   0.0000000e+00   0.0000000e+00   1.1802536e+04   9.8800000e+02
   0.0000000e+00   0.0000000e+00   1.1780722e+04   1.0160000e+03
   0.0000000e+00   0.0000000e+00   1.1774697e+04   1.0170000e+03
   0.0000000e+00   0.0000000e+00   1.1741259e+04   1.0190000e+03
   0.0000000e+00   0.0000000e+00   1.1713724e+04   1.0230000e+03
   0.0000000e+00   0.0000000e+00   1.1709096e+04   1.0280000e+03
   0.0000000e+00   0.0000000e+00   1.1686488e+04   1.0480000e+03
   0.0000000e+00   0.0000000e+00   1.1602499e+04   1.0490000e+03
   0.0000000e+00   0.0000000e+00   1.1516668e+04   1.0550000e+03
   0.0000000e+00   0.0000000e+00   1.1512144e+04   1.0560000e+03
   0.0000000e+00   0.0000000e+00   1.1489994e+04   1.0600000e+03
   0.0000000e+00   0.0000000e+00   1.1475694e+04   1.0860000e+03
   0.0000000e+00   0.0000000e+00   1.1339490e+04   1.0880000e+03
   0.0000000e+00   0.0000000e+00   1.1326970e+04   1.0940000e+03
   0.0000000e+00   0.0000000e+00   1.1317976e+04   1.0950000e+03
   0.0000000e+00   0.0000000e+00   1.1290417e+04   1.1220000e+03
   0.0000000e+00   0.0000000e+00   1.1246503e+04   1.1270000e+03
   0.0000000e+00   0.0000000e+00   1.1226228e+04   1.1290000e+03
   0.0000000e+00   0.0000000e+00   1.1184334e+04   1.1620000e+03
   0.0000000e+00   0.0000000e+00   1.1116334e+04   1.1660000e+03
   0.0000000e+00   0.0000000e+00   1.0934798e+04   1.1710000e+03
   0.0000000e+00   0.0000000e+00   1.0874196e+04   1.2020000e+03
   0.0000000e+00   0.0000000e+00   1.0864062e+04   1.2390000e+03
   0.0000000e+00   0.0000000e+00   1.0835560e+04   1.2710000e+03
   0.0000000e+00   0.0000000e+00   1.0795504e+04   1.2770000e+03
   0.0000000e+00   0.0000000e+00   1.0737644e+04   1.3100000e+03
   0.0000000e+00   0.0000000e+00   1.0735736e+04   1.3120000e+03
   0.0000000e+00   0.0000000e+00   1.0722022e+04   1.3140000e+03
   0.0000000e+00   0.0000000e+00   1.0512624e+04   1.3450000e+03
   0.0000000e+00   0.0000000e+00   1.0509141e+04   1.3470000e+03
   0.0000000e+00   0.0000000e+00   1.0469701e+04   1.3810000e+03
   0.0000000e+00   0.0000000e+00   1.0466336e+04   1.3890000e+03
   0.0000000e+00   0.0000000e+00   1.0380709e+04   1.4230000e+03
   0.0000000e+00   0.0000000e+00   1.0373004e+04   1.4240000e+03
   0.0000000e+00   0.0000000e+00   1.0330280e+04   1.4300000e+03
   0.0000000e+00   0.0000000e+00   1.0320297e+04   1.4570000e+03
   0.0000000e+00   0.0000000e+00   1.0271379e+04   1.4580000e+03
   0.0000000e+00   0.0000000e+00   1.0265692e+04   1.4590000e+03
   0.0000000e+00   0.0000000e+00   1.0233725e+04   1.4620000e+03
   0.0000000e+00   0.0000000e+00   1.0194369e+04   1.4920000e+03
   0.0000000e+00   0.0000000e+00   1.0118844e+04   1.4930000e+03
   0.0000000e+00   0.0000000e+00   1.0092769e+04   1.4960000e+03
   0.0000000e+00   0.0000000e+00   1.0038569e+04   1.5310000e+03
   0.0000000e+00   0.0000000e+00   1.0026611e+04   1.5320000e+03
   0.0000000e+00   0.0000000e+00   9.9435273e+03   1.5340000e+03
   0.0000000e+00   0.0000000e+00   9.9424973e+03   1.5360000e+03
   0.0000000e+00   0.0000000e+00   9.8593944e+03   1.5670000e+03
   0.0000000e+00   0.0000000e+00   9.8339771e+03   1.5680000e+03
   0.0000000e+00   0.0000000e+00   9.7819878e+03   1.5700000e+03
   0.0000000e+00   0.0000000e+00   9.7430479e+03   1.5710000e+03
   0.0000000e+00   0.0000000e+00   9.7293456e+03   1.5730000e+03
   0.0000000e+00   0.0000000e+00   9.7256135e+03   1.5740000e+03
   0.0000000e+00   0.0000000e+00   9.7237917e+03   1.5750000e+03
   0.0000000e+00   0.0000000e+00   9.6253284e+03   1.6030000e+03
   0.0000000e+00   0.0000000e+00   9.6187254e+03   1.6050000e+03
   0.0000000e+00   0.0000000e+00   9.5897004e+03   1.6060000e+03
   0.0000000e+00   0.0000000e+00   9.5057080e+03   1.6070000e+03
   0.0000000e+00   0.0000000e+00   9.4792917e+03   1.6090000e+03
   0.0000000e+00   0.0000000e+00   9.4562628e+03   1.6100000e+03
   0.0000000e+00   0.0000000e+00   9.4461614e+03   1.6130000e+03
   0.0000000e+00   0.0000000e+00   9.3978361e+03   1.6160000e+03
   0.0000000e+00   0.0000000e+00   9.3164994e+03   1.6350000e+03
   0.0000000e+00   0.0000000e+00   9.2601776e+03   1.6390000e+03
   0.0000000e+00   0.0000000e+00   9.2171649e+03   1.6400000e+03
   0.0000000e+00   0.0000000e+00   9.2092223e+03   1.6410000e+03
   0.0000000e+00   0.0000000e+00   9.1728031e+03   1.6420000e+03
   0.0000000e+00   0.0000000e+00   9.1687755e+03   1.6430000e+03
   0.0000000e+00   0.0000000e+00   9.1575415e+03   1.6450000e+03
   0.0000000e+00   0.0000000e+00   9.1333887e+03   1.6460000e+03
   0.0000000e+00   0.0000000e+00   9.1242479e+03   1.6470000e+03
   0.0000000e+00   0.0000000e+00   9.1029172e+03   1.6480000e+03
   0.0000000e+00   0.0000000e+00   9.0949497e+03   1.6500000e+03
   0.0000000e+00   0.0000000e+00   9.0597925e+03   1.6770000e+03
   0.0000000e+00   0.0000000e+00   9.0298739e+03   1.6790000e+03
   0.0000000e+00   0.0000000e+00   9.0104846e+03   1.6810000e+03
   0.0000000e+00   0.0000000e+00   8.9856703e+03   1.6870000e+03
   0.0000000e+00   0.0000000e+00   8.9693147e+03   1.7140000e+03
   0.0000000e+00   0.0000000e+00   8.9525905e+03   1.7150000e+03
   0.0000000e+00   0.0000000e+00   8.9243664e+03   1.7160000e+03
   0.0000000e+00   0.0000000e+00   8.9052881e+03   1.7170000e+03
   0.0000000e+00   0.0000000e+00   8.8618435e+03   1.7200000e+03
   0.0000000e+00   0.0000000e+00   8.8175904e+03   1.7480000e+03
   0.0000000e+00   0.0000000e+00   8.8052602e+03   1.7540000e+03
   0.0000000e+00   0.0000000e+00   8.7789891e+03   1.7560000e+03
   0.0000000e+00   0.0000000e+00   8.6824837e+03   1.7580000e+03
   0.0000000e+00   0.0000000e+00   8.6218925e+03   1.7870000e+03
   0.0000000e+00   0.0000000e+00   8.5712675e+03   1.7900000e+03
   0.0000000e+00   0.0000000e+00   8.4998892e+03   1.7910000e+03
   0.0000000e+00   0.0000000e+00   8.4456375e+03   1.7920000e+03
   0.0000000e+00   0.0000000e+00   8.3386184e+03   1.7950000e+03
   0.0000000e+00   0.0000000e+00   8.3216629e+03   1.8260000e+03
   0.0000000e+00   0.0000000e+00   8.3168805e+03   1.8340000e+03
   0.0000000e+00   0.0000000e+00   8.3031901e+03   1.8670000e+03
   0.0000000e+00   0.0000000e+00   8.2787341e+03   1.8990000e+03
   0.0000000e+00   0.0000000e+00   8.2653474e+03   1.9000000e+03
   0.0000000e+00   0.0000000e+00   8.2302412e+03   1.9010000e+03
   0.0000000e+00   0.0000000e+00   8.2071970e+03   1.9070000e+03
   0.0000000e+00   0.0000000e+00   8.2064081e+03   1.9750000e+03
   0.0000000e+00   0.0000000e+00   8.1912546e+03   1.9760000e+03
   0.0000000e+00   0.0000000e+00   8.1424637e+03   2.0490000e+03
   0.0000000e+00   0.0000000e+00   8.1324090e+03   2.0860000e+03
   0.0000000e+00   0.0000000e+00   8.1241911e+03   2.1240000e+03
   0.0000000e+00   0.0000000e+00   8.1132999e+03   2.1610000e+03
   0.0000000e+00   0.0000000e+00   8.1052292e+03   2.1620000e+03
   0.0000000e+00   0.0000000e+00   8.0568776e+03   2.2000000e+03
   0.0000000e+00   0.0000000e+00   8.0332091e+03   2.2700000e+03
   0.0000000e+00   0.0000000e+00   8.0242864e+03   2.2710000e+03
   0.0000000e+00   0.0000000e+00   8.0230407e+03   2.2720000e+03
   0.0000000e+00   0.0000000e+00   8.0087786e+03   2.2770000e+03
   0.0000000e+00   0.0000000e+00   7.9916722e+03   2.3030000e+03
   0.0000000e+00   0.0000000e+00   7.9279226e+03   2.3070000e+03
   0.0000000e+00   0.0000000e+00   7.9272475e+03   2.3090000e+03
   0.0000000e+00   0.0000000e+00   7.9041871e+03   2.3120000e+03
   0.0000000e+00   0.0000000e+00   7.8163851e+03   2.3460000e+03
   0.0000000e+00   0.0000000e+00   7.7659826e+03   2.3800000e+03
   0.0000000e+00   0.0000000e+00   7.7648686e+03   2.3840000e+03
   0.0000000e+00   0.0000000e+00   7.7492467e+03   2.3860000e+03
   0.0000000e+00   0.0000000e+00   7.7139392e+03   2.4150000e+03
   0.0000000e+00   0.0000000e+00   7.6838473e+03   2.4170000e+03
   0.0000000e+00   0.0000000e+00   7.6366218e+03   2.4180000e+03
   0.0000000e+00   0.0000000e+00   7.6318068e+03   2.4240000e+03
   0.0000000e+00   0.0000000e+00   7.6252584e+03   2.4540000e+03
   0.0000000e+00   0.0000000e+00   7.5965663e+03   2.4560000e+03
   0.0000000e+00   0.0000000e+00   7.5839268e+03   2.4570000e+03
   0.0000000e+00   0.0000000e+00   7.5641288e+03   2.4620000e+03
   0.0000000e+00   0.0000000e+00   7.5317557e+03   2.4920000e+03
   0.0000000e+00   0.0000000e+00   7.5314702e+03   2.4930000e+03
   0.0000000e+00   0.0000000e+00   7.5292881e+03   2.4970000e+03
   0.0000000e+00   0.0000000e+00   7.4999974e+03   2.5340000e+03
   0.0000000e+00   0.0000000e+00   7.4934089e+03   2.5670000e+03
   0.0000000e+00   0.0000000e+00   7.4914419e+03   2.6050000e+03
   0.0000000e+00   0.0000000e+00   7.4792396e+03   2.7170000e+03
   0.0000000e+00   0.0000000e+00   7.4603198e+03   2.7180000e+03
   0.0000000e+00   0.0000000e+00   7.4395465e+03   2.7510000e+03
   0.0000000e+00   0.0000000e+00   7.4310957e+03   2.9750000e+03
   0.0000000e+00   0.0000000e+00   7.4213200e+03   3.0860000e+03
   0.0000000e+00   0.0000000e+00   7.4057542e+03   3.1610000e+03
   0.0000000e+00   0.0000000e+00   7.4000354e+03   3.2710000e+03
   0.0000000e+00   0.0000000e+00   7.3959676e+03   3.4550000e+03
   0.0000000e+00   0.0000000e+00   7.3858678e+03   3.4920000e+03
   0.0000000e+00   0.0000000e+00   7.3803147e+03   3.4930000e+03
   0.0000000e+00   0.0000000e+00   7.3734141e+03   3.4950000e+03
   0.0000000e+00   0.0000000e+00   7.3701375e+03   3.5300000e+03
   0.0000000e+00   0.0000000e+00   7.3448070e+03   3.5610000e+03
   0.0000000e+00   0.0000000e+00   7.3332922e+03   3.5630000e+03
   0.0000000e+00   0.0000000e+00   7.3081093e+03   3.5690000e+03
   0.0000000e+00   0.0000000e+00   7.3012721e+03   3.6000000e+03
   0.0000000e+00   0.0000000e+00   7.2807372e+03   3.6020000e+03
   0.0000000e+00   0.0000000e+00   7.2537179e+03   3.6390000e+03
   0.0000000e+00   0.0000000e+00   7.2529469e+03   3.8270000e+03
   0.0000000e+00   0.0000000e+00   7.2205925e+03   3.8570000e+03
   0.0000000e+00   0.0000000e+00   7.2122885e+03   3.8590000e+03
   0.0000000e+00   0.0000000e+00   7.2069340e+03   3.8640000e+03
   0.0000000e+00   0.0000000e+00   7.1866021e+03   3.9350000e+03
   0.0000000e+00   0.0000000e+00   7.1845947e+03   4.0480000e+03
   0.0000000e+00   0.0000000e+00   7.1825141e+03   4.1240000e+03
   0.0000000e+00   0.0000000e+00   7.1813654e+03   4.1590000e+03
   0.0000000e+00   0.0000000e+00   7.1803408e+03   4.1610000e+03
   0.0000000e+00   0.0000000e+00   7.1640742e+03   4.1920000e+03
   0.0000000e+00   0.0000000e+00   7.1492314e+03   4.1950000e+03
   0.0000000e+00   0.0000000e+00   7.1456155e+03   4.2320000e+03
   0.0000000e+00   0.0000000e+00   7.1262607e+03   4.2660000e+03
   0.0000000e+00   0.0000000e+00   7.1251136e+03   4.3820000e+03
   0.0000000e+00   0.0000000e+00   7.1053051e+03   4.4160000e+03
   0.0000000e+00   0.0000000e+00   7.0875942e+03   4.4910000e+03
   0.0000000e+00   0.0000000e+00   7.0700031e+03   4.5660000e+03
   0.0000000e+00   0.0000000e+00   7.0590619e+03   4.6010000e+03
   0.0000000e+00   0.0000000e+00   7.0530852e+03   4.6760000e+03
   0.0000000e+00   0.0000000e+00   7.0409937e+03   4.7470000e+03
   0.0000000e+00   0.0000000e+00   7.0141660e+03   4.7870000e+03
   0.0000000e+00   0.0000000e+00   6.9640100e+03   4.8180000e+03
   0.0000000e+00   0.0000000e+00   6.9586684e+03   4.8260000e+03
   0.0000000e+00   0.0000000e+00   6.9272174e+03   4.8600000e+03
   0.0000000e+00   0.0000000e+00   6.8778164e+03   4.9110000e+03
   0.0000000e+00   0.0000000e+00   6.8696377e+03   5.0460000e+03
   0.0000000e+00   0.0000000e+00   6.8578184e+03   5.2680000e+03
   0.0000000e+00   0.0000000e+00   6.8384026e+03   5.3800000e+03
   0.0000000e+00   0.0000000e+00   6.8348188e+03   5.3830000e+03
   0.0000000e+00   0.0000000e+00   6.8343092e+03   5.4180000e+03
   0.0000000e+00   0.0000000e+00   6.8183018e+03   5.4530000e+03
   0.0000000e+00   0.0000000e+00   6.8152200e+03   5.4910000e+03
   0.0000000e+00   0.0000000e+00   6.7966566e+03   5.5260000e+03
   0.0000000e+00   0.0000000e+00   6.7858056e+03   5.5310000e+03
   0.0000000e+00   0.0000000e+00   6.7794578e+03   5.7110000e+03
   0.0000000e+00   0.0000000e+00   6.7753711e+03   5.7560000e+03
   0.0000000e+00   0.0000000e+00   6.7738139e+03   5.8970000e+03
   0.0000000e+00   0.0000000e+00   6.7569554e+03   5.9310000e+03
   0.0000000e+00   0.0000000e+00   6.7194194e+03   5.9690000e+03
   0.0000000e+00   0.0000000e+00   6.7121886e+03   6.2290000e+03
   0.0000000e+00   0.0000000e+00   6.6983678e+03   6.2300000e+03
   0.0000000e+00   0.0000000e+00   6.6952841e+03   6.4870000e+03
   0.0000000e+00   0.0000000e+00   6.6933030e+03   6.7140000e+03
   0.0000000e+00   0.0000000e+00   6.6606637e+03   6.9310000e+03
   0.0000000e+00   0.0000000e+00   6.6568377e+03   7.0050000e+03
   0.0000000e+00   0.0000000e+00   6.6455740e+03   7.2270000e+03
   0.0000000e+00   0.0000000e+00   6.6390158e+03   7.3440000e+03
   0.0000000e+00   0.0000000e+00   6.6324339e+03   7.4130000e+03
   0.0000000e+00   0.0000000e+00   6.6240955e+03   8.4520000e+03
   0.0000000e+00   0.0000000e+00   6.6165231e+03   8.6330000e+03
   0.0000000e+00   0.0000000e+00   6.5901770e+03   8.9680000e+03
   0.0000000e+00   0.0000000e+00   6.5892362e+03   9.2260000e+03
   0.0000000e+00   0.0000000e+00   6.5837516e+03   9.9670000e+03
   0.0000000e+00   0.0000000e+00   6.5808704e+03   1.0042000e+04
   0.0000000e+00   0.0000000e+00   6.5721928e+03   1.0080000e+04
   0.0000000e+00   0.0000000e+00   6.5561637e+03   1.0114000e+04
   0.0000000e+00   0.0000000e+00   6.5555939e+03   1.0375000e+04
   0.0000000e+00   0.0000000e+00   6.5464719e+03   1.0408000e+04
   0.0000000e+00   0.0000000e+00   6.5437087e+03   1.0603000e+04
   0.0000000e+00   0.0000000e+00   6.5411329e+03   1.0745000e+04
   0.0000000e+00   0.0000000e+00   6.5390801e+03   1.0891000e+04
   0.0000000e+00   0.0000000e+00   6.4389116e+03   1.1634000e+04
   0.0000000e+00   0.0000000e+00   6.3975079e+03   1.1742000e+04
   0.0000000e+00   0.0000000e+00   6.3903794e+03   1.1817000e+04
   0.0000000e+00   0.0000000e+00   6.3824262e+03   1.1893000e+04
   0.0000000e+00   0.0000000e+00   6.3803004e+03   1.1927000e+04
   0.0000000e+00   0.0000000e+00   6.3796198e+03   1.2077000e+04
   0.0000000e+00   0.0000000e+00   6.3399633e+03   1.2113000e+04
   0.0000000e+00   0.0000000e+00   6.3379083e+03   1.2262000e+04
   0.0000000e+00   0.0000000e+00   6.3287679e+03   1.2297000e+04
   0.0000000e+00   0.0000000e+00   6.3238081e+03   1.2446000e+04
   0.0000000e+00   0.0000000e+00   6.3178964e+03   1.2629000e+04
   0.0000000e+00   0.0000000e+00   6.3093820e+03   1.2666000e+04
   0.0000000e+00   0.0000000e+00   6.2844268e+03   1.2700000e+04
   0.0000000e+00   0.0000000e+00   6.2824777e+03   1.2742000e+04
   0.0000000e+00   0.0000000e+00   6.2800246e+03   1.2817000e+04
   0.0000000e+00   0.0000000e+00   6.2645575e+03   1.2887000e+04
   0.0000000e+00   0.0000000e+00   6.2559621e+03   1.2926000e+04
   0.0000000e+00   0.0000000e+00   6.2439099e+03   1.2964000e+04
   0.0000000e+00   0.0000000e+00   6.2282109e+03   1.3033000e+04
   0.0000000e+00   0.0000000e+00   6.2039511e+03   1.3107000e+04
   0.0000000e+00   0.0000000e+00   6.1884331e+03   1.3110000e+04
   0.0000000e+00   0.0000000e+00   6.1872721e+03   1.3336000e+04
   0.0000000e+00   0.0000000e+00   6.1653256e+03   1.3442000e+04
   0.0000000e+00   0.0000000e+00   6.1570846e+03   1.3446000e+04
   0.0000000e+00   0.0000000e+00   6.1526995e+03   1.3555000e+04
   0.0000000e+00   0.0000000e+00   6.1513898e+03   1.3556000e+04
   0.0000000e+00   0.0000000e+00   6.1494044e+03   1.3595000e+04
   0.0000000e+00   0.0000000e+00   6.1458140e+03   1.3666000e+04
   0.0000000e+00   0.0000000e+00   6.1281760e+03   1.3735000e+04
   0.0000000e+00   0.0000000e+00   6.1178328e+03   1.3777000e+04
   0.0000000e+00   0.0000000e+00   6.0939682e+03   1.3925000e+04
   0.0000000e+00   0.0000000e+00   6.0884522e+03   1.3963000e+04
   0.0000000e+00   0.0000000e+00   6.0855527e+03   1.4184000e+04
   0.0000000e+00   0.0000000e+00   6.0855453e+03   1.4332000e+04
   0.0000000e+00   0.0000000e+00   6.0724858e+03   1.4700000e+04
   0.0000000e+00   0.0000000e+00   6.0420239e+03   1.4775000e+04
   0.0000000e+00   0.0000000e+00   6.0391303e+03   1.4999000e+04
   0.0000000e+00   0.0000000e+00   6.0295409e+03   1.5141000e+04
   0.0000000e+00   0.0000000e+00   6.0225690e+03   1.5331000e+04
   0.0000000e+00   0.0000000e+00   6.0038074e+03   1.5438000e+04
   0.0000000e+00   0.0000000e+00   6.0036307e+03   1.5516000e+04
   0.0000000e+00   0.0000000e+00   6.0023833e+03   1.5556000e+04
   0.0000000e+00   0.0000000e+00   5.9759744e+03   1.5660000e+04
   0.0000000e+00   0.0000000e+00   5.9682381e+03   1.5850000e+04
   0.0000000e+00   0.0000000e+00   5.9598569e+03   1.5995000e+04
   0.0000000e+00   0.0000000e+00   5.9555770e+03   1.5996000e+04
   0.0000000e+00   0.0000000e+00   5.9511660e+03   1.5997000e+04
   0.0000000e+00   0.0000000e+00   5.9501463e+03   1.6367000e+04
   0.0000000e+00   0.0000000e+00   5.9444405e+03   1.6404000e+04
   0.0000000e+00   0.0000000e+00   5.9272632e+03   1.6443000e+04
   0.0000000e+00   0.0000000e+00   5.9174418e+03   1.6588000e+04
   0.0000000e+00   0.0000000e+00   5.8984417e+03   1.6699000e+04
   0.0000000e+00   0.0000000e+00   5.8953630e+03   1.6774000e+04
   0.0000000e+00   0.0000000e+00   5.8902309e+03   1.6813000e+04
   0.0000000e+00   0.0000000e+00   5.8712148e+03   1.6919000e+04
   0.0000000e+00   0.0000000e+00   5.8531093e+03   1.7546000e+04
   0.0000000e+00   0.0000000e+00   5.8465274e+03   1.7625000e+04
   0.0000000e+00   0.0000000e+00   5.8200330e+03   1.7697000e+04
   0.0000000e+00   0.0000000e+00   5.8186820e+03   1.8181000e+04
   0.0000000e+00   0.0000000e+00   5.8149122e+03   1.8291000e+04
   0.0000000e+00   0.0000000e+00   5.8127753e+03   1.8548000e+04
   0.0000000e+00   0.0000000e+00   5.8120674e+03   1.8625000e+04
   0.0000000e+00   0.0000000e+00   5.8025922e+03   1.8993000e+04
   0.0000000e+00   0.0000000e+00   5.7977105e+03   1.9364000e+04
   0.0000000e+00   0.0000000e+00   5.7963525e+03   1.9476000e+04
   0.0000000e+00   0.0000000e+00   5.7928190e+03   1.9548000e+04
   0.0000000e+00   0.0000000e+00   5.7876106e+03   1.9584000e+04
   0.0000000e+00   0.0000000e+00   5.7834091e+03   1.9730000e+04
   0.0000000e+00   0.0000000e+00   5.7809219e+03   2.0029000e+04
   0.0000000e+00   0.0000000e+00   5.7700975e+03   2.0140000e+04
   0.0000000e+00   0.0000000e+00   5.7594459e+03   2.0144000e+04
   0.0000000e+00   0.0000000e+00   5.7580669e+03   2.0178000e+04
   0.0000000e+00   0.0000000e+00   5.7376732e+03   2.0362000e+04
   0.0000000e+00   0.0000000e+00   5.7300602e+03   2.0396000e+04
   0.0000000e+00   0.0000000e+00   5.7284082e+03   2.1437000e+04
   0.0000000e+00   0.0000000e+00   5.7218973e+03   2.2435000e+04
   0.0000000e+00   0.0000000e+00   5.7208611e+03   2.2620000e+04
   0.0000000e+00   0.0000000e+00   5.7193461e+03   2.2991000e+04
   0.0000000e+00   0.0000000e+00   5.7173734e+03   2.3064000e+04
   0.0000000e+00   0.0000000e+00   5.7130689e+03   2.3099000e+04
   0.0000000e+00   0.0000000e+00   5.7030191e+03   2.3100000e+04
   0.0000000e+00   0.0000000e+00   5.7005898e+03   2.3652000e+04
   0.0000000e+00   0.0000000e+00   5.6964407e+03   2.3730000e+04
   0.0000000e+00   0.0000000e+00   5.6949944e+03   2.5399000e+04
   0.0000000e+00   0.0000000e+00   5.6769648e+03   2.5653000e+04
   0.0000000e+00   0.0000000e+00   5.6690654e+03   2.5654000e+04
   0.0000000e+00   0.0000000e+00   5.6646136e+03   2.5798000e+04
   0.0000000e+00   0.0000000e+00   5.6633153e+03   2.6097000e+04
   0.0000000e+00   0.0000000e+00   5.6558128e+03   2.6652000e+04
   0.0000000e+00   0.0000000e+00   5.6508140e+03   2.7540000e+04
   0.0000000e+00   0.0000000e+00   5.6496935e+03   2.8651000e+04
   0.0000000e+00   0.0000000e+00   5.6438597e+03   2.9132000e+04
   0.0000000e+00   0.0000000e+00   5.6283593e+03   2.9316000e+04
   0.0000000e+00   0.0000000e+00   5.6275153e+03   2.9320000e+04
   0.0000000e+00   0.0000000e+00   5.6231151e+03   2.9353000e+04
   0.0000000e+00   0.0000000e+00   5.6216605e+03   2.9501000e+04
   0.0000000e+00   0.0000000e+00   5.6187681e+03   2.9612000e+04
   0.0000000e+00   0.0000000e+00   5.6001971e+03   2.9871000e+04
   0.0000000e+00   0.0000000e+00   5.5977507e+03   2.9875000e+04
   0.0000000e+00   0.0000000e+00   5.5936522e+03   3.0094000e+04
   0.0000000e+00   0.0000000e+00   5.5907773e+03   3.0239000e+04
   0.0000000e+00   0.0000000e+00   5.5855800e+03   3.0391000e+04
   0.0000000e+00   0.0000000e+00   5.5851172e+03   3.0834000e+04
   0.0000000e+00   0.0000000e+00   5.5807687e+03   3.1057000e+04
   0.0000000e+00   0.0000000e+00   5.5799102e+03   3.1981000e+04
   0.0000000e+00   0.0000000e+00   5.5736474e+03   3.3054000e+04
   0.0000000e+00   0.0000000e+00   5.5699708e+03   3.3163000e+04
   0.0000000e+00   0.0000000e+00   5.5591299e+03   3.9011000e+04
   0.0000000e+00   0.0000000e+00   5.5588537e+03   3.9605000e+04
   0.0000000e+00   0.0000000e+00   5.5580558e+03   3.9936000e+04
   0.0000000e+00   0.0000000e+00   5.5569504e+03   4.0676000e+04
   0.0000000e+00   0.0000000e+00   5.5530546e+03   4.0785000e+04
   0.0000000e+00   0.0000000e+00   5.5528379e+03   4.2045000e+04
   0.0000000e+00   0.0000000e+00   5.5394563e+03   4.2189000e+04
   0.0000000e+00   0.0000000e+00   5.5363508e+03   4.4266000e+04
   0.0000000e+00   0.0000000e+00   5.5350769e+03   4.4669000e+04
   0.0000000e+00   0.0000000e+00   5.5333577e+03   4.7187000e+04
   0.0000000e+00   0.0000000e+00   5.5279607e+03   4.7484000e+04
   0.0000000e+00   0.0000000e+00   5.5242841e+03   4.8371000e+04
   0.0000000e+00   0.0000000e+00   5.5223535e+03   4.8631000e+04
   0.0000000e+00   0.0000000e+00   5.5198001e+03   4.8711000e+04
   0.0000000e+00   0.0000000e+00   5.5163185e+03   4.8926000e+04
   0.0000000e+00   0.0000000e+00   5.5138698e+03   4.9260000e+04
   0.0000000e+00   0.0000000e+00   5.5098609e+03   5.0333000e+04
   0.0000000e+00   0.0000000e+00   5.5065897e+03   5.4884000e+04
   0.0000000e+00   0.0000000e+00   5.5015370e+03   5.7472000e+04
   0.0000000e+00   0.0000000e+00   5.4954404e+03   6.0470000e+04
   0.0000000e+00   0.0000000e+00   5.4926596e+03   6.1729000e+04
   0.0000000e+00   0.0000000e+00   5.4897320e+03   6.2430000e+04
   0.0000000e+00   0.0000000e+00   5.4843588e+03   6.2910000e+04
   0.0000000e+00   0.0000000e+00   5.4824282e+03   6.3801000e+04
   0.0000000e+00   0.0000000e+00   5.4772970e+03   6.5353000e+04
   0.0000000e+00   0.0000000e+00   5.4759700e+03   6.5982000e+04
   0.0000000e+00   0.0000000e+00   5.4738441e+03   6.8315000e+04
   0.0000000e+00   0.0000000e+00   5.4732779e+03   6.9982000e+04
   0.0000000e+00   0.0000000e+00   5.4705919e+03   7.2866000e+04
   0.0000000e+00   0.0000000e+00   5.4669937e+03   7.3383000e+04
   0.0000000e+00   0.0000000e+00   5.4664572e+03   7.3644000e+04
   0.0000000e+00   0.0000000e+00   5.4658485e+03   7.3905000e+04
   0.0000000e+00   0.0000000e+00   5.4500941e+03   7.3977000e+04
   0.0000000e+00   0.0000000e+00   5.4417642e+03   7.5788000e+04
   0.0000000e+00   0.0000000e+00   5.4380876e+03   7.6824000e+04
   0.0000000e+00   0.0000000e+00   5.4265698e+03   7.7674000e+04
   0.0000000e+00   0.0000000e+00   5.4251152e+03   8.4076000e+04
   0.0000000e+00   0.0000000e+00   5.4251013e+03   8.6923000e+04
   0.0000000e+00   0.0000000e+00   5.4238030e+03   8.8626000e+04
   0.0000000e+00   0.0000000e+00   5.4210719e+03   8.8924000e+04
   0.0000000e+00   0.0000000e+00   5.4209895e+03   8.9404000e+04
   0.0000000e+00   0.0000000e+00   5.4150036e+03   9.0441000e+04
   0.0000000e+00   0.0000000e+00   5.4094597e+03   9.0515000e+04
   0.0000000e+00   0.0000000e+00   5.4093265e+03   9.2329000e+04
   0.0000000e+00   0.0000000e+00   5.4063260e+03   9.3326000e+04
   0.0000000e+00   0.0000000e+00   5.4042732e+03   9.3475000e+04
   0.0000000e+00   0.0000000e+00   5.4005966e+03   9.4879000e+04
   0.0000000e+00   0.0000000e+00   5.3991420e+03   9.8986000e+04
   0.0000000e+00   0.0000000e+00   5.3976874e+03   1.0102200e+05
   0.0000000e+00   0.0000000e+00   5.3971693e+03   1.0964400e+05
   0.0000000e+00   0.0000000e+00   5.3957147e+03   1.1001200e+05
   0.0000000e+00   0.0000000e+00   5.3942600e+03   1.3469200e+05
   0.0000000e+00   0.0000000e+00   5.3934759e+03   1.3609700e+05
   0.0000000e+00   0.0000000e+00   5.3921491e+03   1.5485500e+05
   0.0000000e+00   0.0000000e+00   5.3906945e+03   1.6085100e+05
   0.0000000e+00   0.0000000e+00   5.3892399e+03   1.6384700e+05
   0.0000000e+00   0.0000000e+00   5.3872931e+03   1.6621500e+05
   0.0000000e+00   0.0000000e+00   5.3811098e+03   1.6858200e+05
   0.0000000e+00   0.0000000e+00   5.3794853e+03   1.7076600e+05
   0.0000000e+00   0.0000000e+00   5.3790434e+03   1.7343900e+05
   0.0000000e+00   0.0000000e+00   5.3752907e+03   1.7387500e+05
   0.0000000e+00   0.0000000e+00   5.3726960e+03   1.7394900e+05
   0.0000000e+00   0.0000000e+00   5.3627450e+03   1.7524100e+05
   0.0000000e+00   0.0000000e+00   5.3621468e+03   1.7531900e+05
   0.0000000e+00   0.0000000e+00   5.3501134e+03   1.7735300e+05
   0.0000000e+00   0.0000000e+00   5.3482464e+03   1.7998100e+05
   0.0000000e+00   0.0000000e+00   5.3468549e+03   1.8108900e+05
   0.0000000e+00   0.0000000e+00   5.3465695e+03   1.8186900e+05
   0.0000000e+00   0.0000000e+00   5.3396807e+03   1.8201300e+05
   0.0000000e+00   0.0000000e+00   5.3356536e+03   1.8249700e+05
   0.0000000e+00   0.0000000e+00   5.3294434e+03   1.8604700e+05
   0.0000000e+00   0.0000000e+00   5.3257730e+03   1.8668100e+05
   0.0000000e+00   0.0000000e+00   5.3235379e+03   1.9063600e+05
   0.0000000e+00   0.0000000e+00   5.3216150e+03   1.9089200e+05
