   1.6625417e+02   3.4975077e+00   1.5599617e+04   8.0000000e+00
   1.6568424e+02   3.4812670e+00   1.5495898e+04   1.4000000e+01
   1.6392125e+02   3.2873975e+00   1.5396922e+04   1.5000000e+01
   1.4739136e+02   3.0887508e+00   1.5403386e+04   1.7000000e+01
   1.4730018e+02   3.0745770e+00   1.5392253e+04   2.1000000e+01
   1.4579968e+02   2.9361352e+00   1.5401179e+04   2.3000000e+01
   1.4559943e+02   2.9624982e+00   1.5274640e+04   2.5000000e+01
   1.4551432e+02   2.9558376e+00   1.5283594e+04   2.6000000e+01
   1.4412306e+02   2.1203210e+00   1.5533364e+04   2.9000000e+01
   1.3985046e+02   1.9840050e+00   1.5743871e+04   3.0000000e+01
   1.3747694e+02   2.0116846e+00   1.6110500e+04   3.3000000e+01
   1.3735093e+02   1.8836818e+00   1.6463690e+04   3.4000000e+01
   1.3039327e+02   1.1955793e+00   1.6977187e+04   3.6000000e+01
   1.2980110e+02   1.1303884e+00   1.7370624e+04   3.7000000e+01
   1.2950725e+02   1.0734803e+00   1.7954680e+04   3.8000000e+01
   1.1135697e+02   6.5172047e-01   1.7894532e+04   4.6000000e+01
   8.8212807e+01   2.6793730e-01   1.7767731e+04   4.9000000e+01
   8.1483005e+01   1.2189919e-01   1.7509470e+04   5.1000000e+01
   8.1252096e+01   7.7182960e-02   1.7504920e+04   5.2000000e+01
   8.1186318e+01   7.5017872e-02   1.7439838e+04   5.4000000e+01
   6.9445927e+01   7.6027581e-02   1.7428012e+04   5.5000000e+01
   6.9214066e+01   1.0886562e-01   1.7400295e+04   5.8000000e+01
   6.9173453e+01   9.6649165e-02   1.7427489e+04   5.9000000e+01
   6.6060521e+01   1.0320232e-01   1.7574382e+04   6.2000000e+01
   6.5465108e+01   1.1440942e-01   1.7412179e+04   6.3000000e+01
   6.5067673e+01   6.3182276e-02   1.7436019e+04   6.4000000e+01
   6.4858432e+01   6.0397075e-02   1.7593532e+04   6.5000000e+01
   6.4689134e+01   5.9744355e-02   1.7666270e+04   6.6000000e+01
   6.0473898e+01   4.6287097e-02   1.7661959e+04   6.7000000e+01
   5.9829181e+01   4.4894799e-02   1.7983757e+04   7.0000000e+01
   5.9670233e+01   4.2976176e-02   1.8146251e+04   7.1000000e+01
   5.9273730e+01   2.9326104e-02   1.8424744e+04   7.2000000e+01
   5.7200107e+01   0.0000000e+00   1.8763378e+04   7.3000000e+01
   5.6945945e+01   0.0000000e+00   1.9191545e+04   7.4000000e+01
   5.6752387e+01   0.0000000e+00   1.9816016e+04   7.5000000e+01
   5.2496133e+01   0.0000000e+00   1.9725669e+04   8.2000000e+01
   5.1003957e+01   0.0000000e+00   1.9661606e+04   8.6000000e+01
   4.6688525e+01   0.0000000e+00   1.9674118e+04   8.9000000e+01
   4.6262633e+01   0.0000000e+00   1.9627475e+04   9.2000000e+01
   4.2644488e+01   0.0000000e+00   1.9552589e+04   9.5000000e+01
   4.1714490e+01   0.0000000e+00   1.9570614e+04   9.6000000e+01
   3.8530250e+01   0.0000000e+00   1.9650825e+04   9.7000000e+01
   3.8304249e+01   0.0000000e+00   1.9650835e+04   1.0000000e+02
   3.8221120e+01   0.0000000e+00   1.9580221e+04   1.0200000e+02
   3.8151490e+01   0.0000000e+00   1.9648779e+04   1.0300000e+02
   3.8139240e+01   0.0000000e+00   1.9845964e+04   1.0600000e+02
   3.7725990e+01   0.0000000e+00   2.0016858e+04   1.0700000e+02
   3.7701263e+01   0.0000000e+00   2.0065065e+04   1.1000000e+02
   3.7196119e+01   0.0000000e+00   2.0539147e+04   1.1200000e+02
   3.5250440e+01   0.0000000e+00   2.0402444e+04   1.2300000e+02
   3.5068751e+01   0.0000000e+00   2.0383532e+04   1.2500000e+02
   3.4843152e+01   0.0000000e+00   2.0257787e+04   1.2700000e+02
   3.4390925e+01   0.0000000e+00   2.0038613e+04   1.2800000e+02
   3.4102010e+01   0.0000000e+00   2.0037198e+04   1.3200000e+02
   3.2636991e+01   0.0000000e+00   2.0085572e+04   1.3500000e+02
   3.1644465e+01   0.0000000e+00   2.0248300e+04   1.3800000e+02
   3.1064645e+01   0.0000000e+00   2.0210489e+04   1.4000000e+02
   2.8258552e+01   0.0000000e+00   2.0537424e+04   1.4100000e+02
   2.8139726e+01   0.0000000e+00   2.0667452e+04   1.4200000e+02
   2.7933717e+01   0.0000000e+00   2.0851325e+04   1.4300000e+02
   2.4420926e+01   0.0000000e+00   2.1242903e+04   1.4400000e+02
   2.3301763e+01   0.0000000e+00   2.1571188e+04   1.4600000e+02
   2.2808629e+01   0.0000000e+00   2.1919783e+04   1.4700000e+02
   2.2401368e+01   0.0000000e+00   2.2146776e+04   1.4800000e+02
   2.2365256e+01   0.0000000e+00   2.2781930e+04   1.4900000e+02
   2.2352459e+01   0.0000000e+00   2.2684382e+04   1.6000000e+02
   2.2207906e+01   0.0000000e+00   2.2632691e+04   1.6400000e+02
   2.0662114e+01   0.0000000e+00   2.2596582e+04   1.6600000e+02
   2.0616212e+01   0.0000000e+00   2.2556147e+04   1.6700000e+02
   1.7686785e+01   0.0000000e+00   2.2475108e+04   1.6800000e+02
   1.7584105e+01   0.0000000e+00   2.2132291e+04   1.6900000e+02
   1.7368449e+01   0.0000000e+00   2.2099048e+04   1.7000000e+02
   1.4500540e+01   0.0000000e+00   2.1998285e+04   1.7200000e+02
   1.4283697e+01   0.0000000e+00   2.1826670e+04   1.7400000e+02
   1.3513425e+01   0.0000000e+00   2.1608939e+04   1.7500000e+02
   1.2923485e+01   0.0000000e+00   2.1720546e+04   1.7800000e+02
   1.2814390e+01   0.0000000e+00   2.1971108e+04   1.7900000e+02
   1.2695559e+01   0.0000000e+00   2.2150911e+04   1.8100000e+02
   1.2226745e+01   0.0000000e+00   2.2629978e+04   1.8400000e+02
   1.1846020e+01   0.0000000e+00   2.3153083e+04   1.8500000e+02
   1.1512722e+01   0.0000000e+00   2.3542044e+04   1.8600000e+02
   1.1350933e+01   0.0000000e+00   2.3272452e+04   2.0400000e+02
   1.1243996e+01   0.0000000e+00   2.3335167e+04   2.0600000e+02
   1.0877624e+01   0.0000000e+00   2.3403505e+04   2.1000000e+02
   1.0673553e+01   0.0000000e+00   2.3319125e+04   2.1200000e+02
   1.0439098e+01   0.0000000e+00   2.3406916e+04   2.1400000e+02
   1.0164647e+01   0.0000000e+00   2.3450895e+04   2.1600000e+02
   1.0125195e+01   0.0000000e+00   2.3629291e+04   2.1700000e+02
   9.9804793e+00   0.0000000e+00   2.3876310e+04   2.1800000e+02
   8.8395607e+00   0.0000000e+00   2.4084065e+04   2.1900000e+02
   8.8063537e+00   0.0000000e+00   2.4206746e+04   2.2000000e+02
   8.7747147e+00   0.0000000e+00   2.4338403e+04   2.2100000e+02
   6.6552587e+00   0.0000000e+00   2.4868485e+04   2.2300000e+02
   6.6463136e+00   0.0000000e+00   2.4866082e+04   2.4500000e+02
   6.6122686e+00   0.0000000e+00   2.4776662e+04   2.4600000e+02
   6.5693541e+00   0.0000000e+00   2.4691682e+04   2.4700000e+02
   6.4994533e+00   0.0000000e+00   2.4596827e+04   2.4900000e+02
   6.4946588e+00   0.0000000e+00   2.4573664e+04   2.5100000e+02
   6.3114492e+00   0.0000000e+00   2.4751105e+04   2.5300000e+02
   6.2075693e+00   0.0000000e+00   2.4896604e+04   2.5400000e+02
   6.2019558e+00   0.0000000e+00   2.5113302e+04   2.5500000e+02
   6.1214407e+00   0.0000000e+00   2.5399673e+04   2.5600000e+02
   6.0060027e+00   0.0000000e+00   2.5803523e+04   2.6000000e+02
   5.9343445e+00   0.0000000e+00   2.5625378e+04   2.6900000e+02
   5.6809410e+00   0.0000000e+00   2.5621243e+04   2.7600000e+02
   5.6753118e+00   0.0000000e+00   2.5393144e+04   2.7700000e+02
   5.6304303e+00   0.0000000e+00   2.5295581e+04   2.8300000e+02
   5.2001049e+00   0.0000000e+00   2.5390956e+04   2.8900000e+02
   5.1990427e+00   0.0000000e+00   2.5400638e+04   2.9100000e+02
   5.1834767e+00   0.0000000e+00   2.5332910e+04   2.9300000e+02
   5.0442347e+00   0.0000000e+00   2.5563823e+04   2.9500000e+02
   5.0026389e+00   0.0000000e+00   2.6048340e+04   2.9700000e+02
   4.9389154e+00   0.0000000e+00   2.6004758e+04   3.1200000e+02
   4.8636743e+00   0.0000000e+00   2.6011161e+04   3.1500000e+02
   4.5792662e+00   0.0000000e+00   2.6083364e+04   3.1900000e+02
   4.5152352e+00   0.0000000e+00   2.5986195e+04   3.2100000e+02
   4.4068606e+00   0.0000000e+00   2.6182416e+04   3.2500000e+02
   4.3352970e+00   0.0000000e+00   2.6338595e+04   3.2600000e+02
   4.3231936e+00   0.0000000e+00   2.6401429e+04   3.2700000e+02
   4.0611451e+00   0.0000000e+00   2.6638635e+04   3.2800000e+02
   4.0133004e+00   0.0000000e+00   2.6836897e+04   3.3000000e+02
   3.9869312e+00   0.0000000e+00   2.7146686e+04   3.3200000e+02
   3.5970105e+00   0.0000000e+00   2.7075385e+04   3.3900000e+02
   2.6276620e+00   0.0000000e+00   2.6952203e+04   3.4200000e+02
   2.6090346e+00   0.0000000e+00   2.6801229e+04   3.4500000e+02
   2.6073150e+00   0.0000000e+00   2.6804948e+04   3.4700000e+02
   2.6071227e+00   0.0000000e+00   2.6755239e+04   3.4800000e+02
   2.5894998e+00   0.0000000e+00   2.6729012e+04   3.5200000e+02
   2.5863296e+00   0.0000000e+00   2.6669334e+04   3.5600000e+02
   2.5782108e+00   0.0000000e+00   2.6583974e+04   3.5800000e+02
   1.9502458e+00   0.0000000e+00   2.6642416e+04   3.5900000e+02
   1.9481287e+00   0.0000000e+00   2.6990603e+04   3.6700000e+02
   1.9479108e+00   0.0000000e+00   2.7223043e+04   3.6900000e+02
   1.9449543e+00   0.0000000e+00   2.7472642e+04   3.7100000e+02
   1.9413091e+00   0.0000000e+00   2.7308991e+04   3.8800000e+02
   1.9395260e+00   0.0000000e+00   2.7375295e+04   3.9800000e+02
   1.9007940e+00   0.0000000e+00   2.7950620e+04   4.0700000e+02
   1.8942321e+00   0.0000000e+00   2.7460787e+04   4.3000000e+02
   1.8887889e+00   0.0000000e+00   2.7440751e+04   4.3200000e+02
   1.8706608e+00   0.0000000e+00   2.7061116e+04   4.3300000e+02
   1.8546293e+00   0.0000000e+00   2.7083116e+04   4.3400000e+02
   1.8533398e+00   0.0000000e+00   2.7268930e+04   4.4000000e+02
   1.8516857e+00   0.0000000e+00   2.7380844e+04   4.4100000e+02
   1.8512758e+00   0.0000000e+00   2.7761475e+04   4.4500000e+02
   1.8482760e+00   0.0000000e+00   2.7600368e+04   4.5000000e+02
   1.8059720e+00   0.0000000e+00   2.7178648e+04   4.5100000e+02
   1.6344989e+00   0.0000000e+00   2.7103573e+04   4.6300000e+02
   1.6206146e+00   0.0000000e+00   2.7014221e+04   4.7000000e+02
   1.6141231e+00   0.0000000e+00   2.7017783e+04   4.7500000e+02
   1.6113971e+00   0.0000000e+00   2.7050472e+04   4.7600000e+02
   1.6090709e+00   0.0000000e+00   2.7174722e+04   4.7700000e+02
   1.5809560e+00   0.0000000e+00   2.7446371e+04   4.8000000e+02
   1.5662473e+00   0.0000000e+00   2.7765260e+04   4.8100000e+02
   1.5655704e+00   0.0000000e+00   2.8122600e+04   4.8200000e+02
   1.5624597e+00   0.0000000e+00   2.8023745e+04   4.9700000e+02
   1.5483358e+00   0.0000000e+00   2.7810655e+04   4.9800000e+02
   1.5456270e+00   0.0000000e+00   2.7798853e+04   5.0400000e+02
   1.5449699e+00   0.0000000e+00   2.7759426e+04   5.0700000e+02
   1.5446651e+00   0.0000000e+00   2.7691047e+04   5.0900000e+02
   1.1593041e-02   0.0000000e+00   2.7802881e+04   5.1000000e+02
   1.0006780e-02   0.0000000e+00   2.7947944e+04   5.1100000e+02
   9.6127424e-03   0.0000000e+00   2.7794574e+04   5.1200000e+02
   7.6449728e-03   0.0000000e+00   2.8209049e+04   5.1700000e+02
   2.2872627e-03   0.0000000e+00   2.7893347e+04   5.3200000e+02
   8.8509437e-04   0.0000000e+00   2.7438748e+04   5.3300000e+02
   8.7816784e-04   0.0000000e+00   2.7361503e+04   5.4100000e+02
   6.3651180e-04   0.0000000e+00   2.7248345e+04   5.4300000e+02
   0.0000000e+00   0.0000000e+00   2.7239541e+04   5.4600000e+02
   0.0000000e+00   0.0000000e+00   2.7091868e+04   5.4700000e+02
   0.0000000e+00   0.0000000e+00   2.6797143e+04   5.6500000e+02
   0.0000000e+00   0.0000000e+00   2.6751982e+04   5.6600000e+02
   0.0000000e+00   0.0000000e+00   2.6413589e+04   5.6800000e+02
   0.0000000e+00   0.0000000e+00   2.6295529e+04   5.6900000e+02
   0.0000000e+00   0.0000000e+00   2.6165954e+04   5.7000000e+02
   0.0000000e+00   0.0000000e+00   2.6160196e+04   5.7100000e+02
   0.0000000e+00   0.0000000e+00   2.5816480e+04   5.7200000e+02
   0.0000000e+00   0.0000000e+00   2.5507722e+04   5.7400000e+02
   0.0000000e+00   0.0000000e+00   2.5356607e+04   5.7500000e+02
   0.0000000e+00   0.0000000e+00   2.5208550e+04   5.7600000e+02
   0.0000000e+00   0.0000000e+00   2.5172525e+04   5.7800000e+02
   0.0000000e+00   0.0000000e+00   2.5109456e+04   5.7900000e+02
   0.0000000e+00   0.0000000e+00   2.5036817e+04   5.8000000e+02
   0.0000000e+00   0.0000000e+00   2.4996248e+04   5.8100000e+02
   0.0000000e+00   0.0000000e+00   2.4879105e+04   5.8200000e+02
   0.0000000e+00   0.0000000e+00   2.4791026e+04   6.0400000e+02
   0.0000000e+00   0.0000000e+00   2.4539766e+04   6.0500000e+02
   0.0000000e+00   0.0000000e+00   2.4296602e+04   6.0700000e+02
   0.0000000e+00   0.0000000e+00   2.3962822e+04   6.1000000e+02
   0.0000000e+00   0.0000000e+00   2.3961262e+04   6.1100000e+02
   0.0000000e+00   0.0000000e+00   2.3814772e+04   6.1300000e+02
   0.0000000e+00   0.0000000e+00   2.3718105e+04   6.1500000e+02
   0.0000000e+00   0.0000000e+00   2.3674546e+04   6.1600000e+02
   0.0000000e+00   0.0000000e+00   2.3527686e+04   6.1700000e+02
   0.0000000e+00   0.0000000e+00   2.3422323e+04   6.1900000e+02
   0.0000000e+00   0.0000000e+00   2.3301592e+04   6.2000000e+02
   0.0000000e+00   0.0000000e+00   2.3183153e+04   6.3500000e+02
   0.0000000e+00   0.0000000e+00   2.3030745e+04   6.4800000e+02
   0.0000000e+00   0.0000000e+00   2.2982747e+04   6.5900000e+02
   0.0000000e+00   0.0000000e+00   2.2821553e+04   6.8100000e+02
   0.0000000e+00   0.0000000e+00   2.2736827e+04   6.8700000e+02
   0.0000000e+00   0.0000000e+00   2.2671760e+04   6.8900000e+02
   0.0000000e+00   0.0000000e+00   2.2632043e+04   6.9100000e+02
   0.0000000e+00   0.0000000e+00   2.2550513e+04   6.9400000e+02
   0.0000000e+00   0.0000000e+00   2.2478683e+04   7.2300000e+02
   0.0000000e+00   0.0000000e+00   2.2279875e+04   7.2600000e+02
   0.0000000e+00   0.0000000e+00   2.2012634e+04   7.4700000e+02
   0.0000000e+00   0.0000000e+00   2.1850633e+04   7.5700000e+02
   0.0000000e+00   0.0000000e+00   2.1770507e+04   7.6600000e+02
   0.0000000e+00   0.0000000e+00   2.1738884e+04   7.6700000e+02
   0.0000000e+00   0.0000000e+00   2.1604735e+04   7.6800000e+02
   0.0000000e+00   0.0000000e+00   2.1545692e+04   7.6900000e+02
   0.0000000e+00   0.0000000e+00   2.1372232e+04   7.8700000e+02
   0.0000000e+00   0.0000000e+00   2.1249039e+04   7.9700000e+02
   0.0000000e+00   0.0000000e+00   2.1232680e+04   7.9800000e+02
   0.0000000e+00   0.0000000e+00   2.1225382e+04   7.9900000e+02
   0.0000000e+00   0.0000000e+00   2.1217141e+04   8.0700000e+02
   0.0000000e+00   0.0000000e+00   2.1113004e+04   8.2600000e+02
   0.0000000e+00   0.0000000e+00   2.1005138e+04   8.2800000e+02
   0.0000000e+00   0.0000000e+00   2.0926945e+04   8.3300000e+02
   0.0000000e+00   0.0000000e+00   2.0922115e+04   8.4000000e+02
   0.0000000e+00   0.0000000e+00   2.0764917e+04   8.4100000e+02
   0.0000000e+00   0.0000000e+00   2.0722458e+04   8.4600000e+02
   0.0000000e+00   0.0000000e+00   2.0625730e+04   8.6100000e+02
   0.0000000e+00   0.0000000e+00   2.0531077e+04   8.7000000e+02
   0.0000000e+00   0.0000000e+00   2.0479094e+04   8.7100000e+02
   0.0000000e+00   0.0000000e+00   2.0395152e+04   8.7700000e+02
   0.0000000e+00   0.0000000e+00   2.0348074e+04   9.0400000e+02
   0.0000000e+00   0.0000000e+00   2.0261665e+04   9.0700000e+02
   0.0000000e+00   0.0000000e+00   2.0231007e+04   9.0800000e+02
   0.0000000e+00   0.0000000e+00   2.0050412e+04   9.3200000e+02
   0.0000000e+00   0.0000000e+00   2.0031599e+04   9.3700000e+02
   0.0000000e+00   0.0000000e+00   1.9997626e+04   9.4600000e+02
   0.0000000e+00   0.0000000e+00   1.9931615e+04   9.4800000e+02
   0.0000000e+00   0.0000000e+00   1.9906342e+04   9.5200000e+02
   0.0000000e+00   0.0000000e+00   1.9676255e+04   9.7500000e+02
   0.0000000e+00   0.0000000e+00   1.9654425e+04   9.8100000e+02
   0.0000000e+00   0.0000000e+00   1.9449902e+04   1.0070000e+03
   0.0000000e+00   0.0000000e+00   1.9184424e+04   1.0110000e+03
   0.0000000e+00   0.0000000e+00   1.9116403e+04   1.0120000e+03
   0.0000000e+00   0.0000000e+00   1.9091547e+04   1.0170000e+03
   0.0000000e+00   0.0000000e+00   1.8949567e+04   1.0180000e+03
   0.0000000e+00   0.0000000e+00   1.8667236e+04   1.0200000e+03
   0.0000000e+00   0.0000000e+00   1.8656225e+04   1.0210000e+03
   0.0000000e+00   0.0000000e+00   1.8510281e+04   1.0470000e+03
   0.0000000e+00   0.0000000e+00   1.8400852e+04   1.0500000e+03
   0.0000000e+00   0.0000000e+00   1.8317123e+04   1.0510000e+03
   0.0000000e+00   0.0000000e+00   1.8132918e+04   1.0520000e+03
   0.0000000e+00   0.0000000e+00   1.8111237e+04   1.0540000e+03
   0.0000000e+00   0.0000000e+00   1.8015041e+04   1.0550000e+03
   0.0000000e+00   0.0000000e+00   1.7957108e+04   1.0570000e+03
   0.0000000e+00   0.0000000e+00   1.7859173e+04   1.0620000e+03
   0.0000000e+00   0.0000000e+00   1.7733821e+04   1.0630000e+03
   0.0000000e+00   0.0000000e+00   1.7642204e+04   1.0840000e+03
   0.0000000e+00   0.0000000e+00   1.7393440e+04   1.0910000e+03
   0.0000000e+00   0.0000000e+00   1.7324210e+04   1.0960000e+03
   0.0000000e+00   0.0000000e+00   1.7305448e+04   1.1000000e+03
   0.0000000e+00   0.0000000e+00   1.7275184e+04   1.1270000e+03
   0.0000000e+00   0.0000000e+00   1.7245382e+04   1.1320000e+03
   0.0000000e+00   0.0000000e+00   1.7177373e+04   1.1340000e+03
   0.0000000e+00   0.0000000e+00   1.7176900e+04   1.1370000e+03
   0.0000000e+00   0.0000000e+00   1.7144865e+04   1.1570000e+03
   0.0000000e+00   0.0000000e+00   1.7129649e+04   1.1590000e+03
   0.0000000e+00   0.0000000e+00   1.7075232e+04   1.1600000e+03
   0.0000000e+00   0.0000000e+00   1.6964302e+04   1.1610000e+03
   0.0000000e+00   0.0000000e+00   1.6758970e+04   1.1650000e+03
   0.0000000e+00   0.0000000e+00   1.6733236e+04   1.1690000e+03
   0.0000000e+00   0.0000000e+00   1.6726469e+04   1.1700000e+03
   0.0000000e+00   0.0000000e+00   1.6701973e+04   1.2020000e+03
   0.0000000e+00   0.0000000e+00   1.6615527e+04   1.2070000e+03
   0.0000000e+00   0.0000000e+00   1.6520888e+04   1.2080000e+03
   0.0000000e+00   0.0000000e+00   1.6460733e+04   1.2320000e+03
   0.0000000e+00   0.0000000e+00   1.6409876e+04   1.2340000e+03
   0.0000000e+00   0.0000000e+00   1.6360709e+04   1.2370000e+03
   0.0000000e+00   0.0000000e+00   1.6351775e+04   1.2380000e+03
   0.0000000e+00   0.0000000e+00   1.6174779e+04   1.2400000e+03
   0.0000000e+00   0.0000000e+00   1.6037679e+04   1.2470000e+03
   0.0000000e+00   0.0000000e+00   1.6034821e+04   1.2730000e+03
   0.0000000e+00   0.0000000e+00   1.6015964e+04   1.2740000e+03
   0.0000000e+00   0.0000000e+00   1.5954154e+04   1.2750000e+03
   0.0000000e+00   0.0000000e+00   1.5817322e+04   1.2790000e+03
   0.0000000e+00   0.0000000e+00   1.5812841e+04   1.3050000e+03
   0.0000000e+00   0.0000000e+00   1.5716099e+04   1.3120000e+03
   0.0000000e+00   0.0000000e+00   1.5633124e+04   1.3150000e+03
   0.0000000e+00   0.0000000e+00   1.5526506e+04   1.3510000e+03
   0.0000000e+00   0.0000000e+00   1.5498226e+04   1.3530000e+03
   0.0000000e+00   0.0000000e+00   1.5490874e+04   1.3850000e+03
   0.0000000e+00   0.0000000e+00   1.5419304e+04   1.3860000e+03
   0.0000000e+00   0.0000000e+00   1.5259398e+04   1.3880000e+03
   0.0000000e+00   0.0000000e+00   1.5228669e+04   1.4230000e+03
   0.0000000e+00   0.0000000e+00   1.5217093e+04   1.5000000e+03
   0.0000000e+00   0.0000000e+00   1.5214150e+04   1.5330000e+03
   0.0000000e+00   0.0000000e+00   1.5184975e+04   1.5370000e+03
   0.0000000e+00   0.0000000e+00   1.5163156e+04   1.5660000e+03
   0.0000000e+00   0.0000000e+00   1.5112755e+04   1.5730000e+03
   0.0000000e+00   0.0000000e+00   1.5100622e+04   1.6060000e+03
   0.0000000e+00   0.0000000e+00   1.5074094e+04   1.6830000e+03
   0.0000000e+00   0.0000000e+00   1.5046436e+04   1.7630000e+03
   0.0000000e+00   0.0000000e+00   1.4980371e+04   1.7640000e+03
   0.0000000e+00   0.0000000e+00   1.4889337e+04   1.7650000e+03
   0.0000000e+00   0.0000000e+00   1.4831054e+04   1.7950000e+03
   0.0000000e+00   0.0000000e+00   1.4830135e+04   1.8270000e+03
   0.0000000e+00   0.0000000e+00   1.4821184e+04   1.8300000e+03
   0.0000000e+00   0.0000000e+00   1.4770300e+04   1.8330000e+03
   0.0000000e+00   0.0000000e+00   1.4730379e+04   1.8340000e+03
   0.0000000e+00   0.0000000e+00   1.4680727e+04   1.8630000e+03
   0.0000000e+00   0.0000000e+00   1.4675446e+04   1.8660000e+03
   0.0000000e+00   0.0000000e+00   1.4645409e+04   1.8680000e+03
   0.0000000e+00   0.0000000e+00   1.4643848e+04   1.8690000e+03
   0.0000000e+00   0.0000000e+00   1.4447197e+04   1.8700000e+03
   0.0000000e+00   0.0000000e+00   1.4380245e+04   1.8710000e+03
   0.0000000e+00   0.0000000e+00   1.4356731e+04   1.8740000e+03
   0.0000000e+00   0.0000000e+00   1.4298715e+04   1.8950000e+03
   0.0000000e+00   0.0000000e+00   1.4099031e+04   1.9000000e+03
   0.0000000e+00   0.0000000e+00   1.3945434e+04   1.9060000e+03
   0.0000000e+00   0.0000000e+00   1.3897562e+04   1.9330000e+03
   0.0000000e+00   0.0000000e+00   1.3889825e+04   1.9360000e+03
   0.0000000e+00   0.0000000e+00   1.3861951e+04   1.9410000e+03
   0.0000000e+00   0.0000000e+00   1.3759914e+04   1.9420000e+03
   0.0000000e+00   0.0000000e+00   1.3722518e+04   1.9490000e+03
   0.0000000e+00   0.0000000e+00   1.3690240e+04   1.9690000e+03
   0.0000000e+00   0.0000000e+00   1.3644389e+04   1.9730000e+03
   0.0000000e+00   0.0000000e+00   1.3568089e+04   1.9770000e+03
   0.0000000e+00   0.0000000e+00   1.3545302e+04   1.9780000e+03
   0.0000000e+00   0.0000000e+00   1.3513411e+04   1.9800000e+03
   0.0000000e+00   0.0000000e+00   1.3383333e+04   1.9850000e+03
   0.0000000e+00   0.0000000e+00   1.3375302e+04   2.0100000e+03
   0.0000000e+00   0.0000000e+00   1.3334701e+04   2.0120000e+03
   0.0000000e+00   0.0000000e+00   1.3223941e+04   2.0130000e+03
   0.0000000e+00   0.0000000e+00   1.3180485e+04   2.0150000e+03
   0.0000000e+00   0.0000000e+00   1.3164971e+04   2.0180000e+03
   0.0000000e+00   0.0000000e+00   1.3047492e+04   2.0480000e+03
   0.0000000e+00   0.0000000e+00   1.2977321e+04   2.0490000e+03
   0.0000000e+00   0.0000000e+00   1.2975554e+04   2.0520000e+03
   0.0000000e+00   0.0000000e+00   1.2951613e+04   2.0530000e+03
   0.0000000e+00   0.0000000e+00   1.2939329e+04   2.0540000e+03
   0.0000000e+00   0.0000000e+00   1.2875655e+04   2.0830000e+03
   0.0000000e+00   0.0000000e+00   1.2828658e+04   2.0840000e+03
   0.0000000e+00   0.0000000e+00   1.2801640e+04   2.0850000e+03
   0.0000000e+00   0.0000000e+00   1.2760411e+04   2.0900000e+03
   0.0000000e+00   0.0000000e+00   1.2701521e+04   2.0980000e+03
   0.0000000e+00   0.0000000e+00   1.2611709e+04   2.1590000e+03
   0.0000000e+00   0.0000000e+00   1.2592756e+04   2.1610000e+03
   0.0000000e+00   0.0000000e+00   1.2564745e+04   2.1650000e+03
   0.0000000e+00   0.0000000e+00   1.2534958e+04   2.1880000e+03
   0.0000000e+00   0.0000000e+00   1.2487749e+04   2.1910000e+03
   0.0000000e+00   0.0000000e+00   1.2431088e+04   2.1930000e+03
   0.0000000e+00   0.0000000e+00   1.2421491e+04   2.2050000e+03
   0.0000000e+00   0.0000000e+00   1.2405239e+04   2.2360000e+03
   0.0000000e+00   0.0000000e+00   1.2391150e+04   2.2390000e+03
   0.0000000e+00   0.0000000e+00   1.2292640e+04   2.2470000e+03
   0.0000000e+00   0.0000000e+00   1.2267966e+04   2.2690000e+03
   0.0000000e+00   0.0000000e+00   1.2242680e+04   2.2730000e+03
   0.0000000e+00   0.0000000e+00   1.2213735e+04   2.2770000e+03
   0.0000000e+00   0.0000000e+00   1.2196602e+04   2.3050000e+03
   0.0000000e+00   0.0000000e+00   1.2140499e+04   2.3070000e+03
   0.0000000e+00   0.0000000e+00   1.2066653e+04   2.3110000e+03
   0.0000000e+00   0.0000000e+00   1.2055055e+04   2.3140000e+03
   0.0000000e+00   0.0000000e+00   1.2047812e+04   2.3190000e+03
   0.0000000e+00   0.0000000e+00   1.2006682e+04   2.3440000e+03
   0.0000000e+00   0.0000000e+00   1.1871038e+04   2.3870000e+03
   0.0000000e+00   0.0000000e+00   1.1833380e+04   2.4630000e+03
   0.0000000e+00   0.0000000e+00   1.1735520e+04   2.4640000e+03
   0.0000000e+00   0.0000000e+00   1.1711381e+04   2.4660000e+03
   0.0000000e+00   0.0000000e+00   1.1699696e+04   2.4940000e+03
   0.0000000e+00   0.0000000e+00   1.1684853e+04   2.4970000e+03
   0.0000000e+00   0.0000000e+00   1.1669523e+04   2.4980000e+03
   0.0000000e+00   0.0000000e+00   1.1638950e+04   2.5320000e+03
   0.0000000e+00   0.0000000e+00   1.1580265e+04   2.5330000e+03
   0.0000000e+00   0.0000000e+00   1.1573927e+04   2.5430000e+03
   0.0000000e+00   0.0000000e+00   1.1549900e+04   2.6000000e+03
   0.0000000e+00   0.0000000e+00   1.1482709e+04   2.6080000e+03
   0.0000000e+00   0.0000000e+00   1.1450907e+04   2.6460000e+03
   0.0000000e+00   0.0000000e+00   1.1433098e+04   2.6820000e+03
   0.0000000e+00   0.0000000e+00   1.1374439e+04   2.6830000e+03
   0.0000000e+00   0.0000000e+00   1.1368809e+04   2.7140000e+03
   0.0000000e+00   0.0000000e+00   1.1338348e+04   2.7520000e+03
   0.0000000e+00   0.0000000e+00   1.1323737e+04   2.7910000e+03
   0.0000000e+00   0.0000000e+00   1.1320471e+04   2.7930000e+03
   0.0000000e+00   0.0000000e+00   1.1302561e+04   2.8250000e+03
   0.0000000e+00   0.0000000e+00   1.1291921e+04   2.8270000e+03
   0.0000000e+00   0.0000000e+00   1.1253906e+04   2.8280000e+03
   0.0000000e+00   0.0000000e+00   1.1239135e+04   2.8300000e+03
   0.0000000e+00   0.0000000e+00   1.1183670e+04   2.8360000e+03
   0.0000000e+00   0.0000000e+00   1.1137409e+04   2.9000000e+03
   0.0000000e+00   0.0000000e+00   1.1098239e+04   2.9030000e+03
   0.0000000e+00   0.0000000e+00   1.1094948e+04   2.9360000e+03
   0.0000000e+00   0.0000000e+00   1.1088460e+04   2.9410000e+03
   0.0000000e+00   0.0000000e+00   1.1038525e+04   2.9730000e+03
   0.0000000e+00   0.0000000e+00   1.0939619e+04   2.9740000e+03
   0.0000000e+00   0.0000000e+00   1.0932672e+04   2.9790000e+03
   0.0000000e+00   0.0000000e+00   1.0930107e+04   2.9800000e+03
   0.0000000e+00   0.0000000e+00   1.0899180e+04   3.0130000e+03
   0.0000000e+00   0.0000000e+00   1.0886215e+04   3.0140000e+03
   0.0000000e+00   0.0000000e+00   1.0882440e+04   3.0150000e+03
   0.0000000e+00   0.0000000e+00   1.0833730e+04   3.0450000e+03
   0.0000000e+00   0.0000000e+00   1.0821760e+04   3.0870000e+03
   0.0000000e+00   0.0000000e+00   1.0807496e+04   3.0900000e+03
   0.0000000e+00   0.0000000e+00   1.0760286e+04   3.1190000e+03
   0.0000000e+00   0.0000000e+00   1.0754601e+04   3.1230000e+03
   0.0000000e+00   0.0000000e+00   1.0703777e+04   3.1260000e+03
   0.0000000e+00   0.0000000e+00   1.0669089e+04   3.1540000e+03
   0.0000000e+00   0.0000000e+00   1.0661032e+04   3.1600000e+03
   0.0000000e+00   0.0000000e+00   1.0647508e+04   3.1610000e+03
   0.0000000e+00   0.0000000e+00   1.0617279e+04   3.1910000e+03
   0.0000000e+00   0.0000000e+00   1.0597449e+04   3.1970000e+03
   0.0000000e+00   0.0000000e+00   1.0585608e+04   3.1980000e+03
   0.0000000e+00   0.0000000e+00   1.0565228e+04   3.2330000e+03
   0.0000000e+00   0.0000000e+00   1.0555928e+04   3.2360000e+03
   0.0000000e+00   0.0000000e+00   1.0553469e+04   3.2370000e+03
   0.0000000e+00   0.0000000e+00   1.0509345e+04   3.3000000e+03
   0.0000000e+00   0.0000000e+00   1.0436633e+04   3.3040000e+03
   0.0000000e+00   0.0000000e+00   1.0411319e+04   3.4150000e+03
   0.0000000e+00   0.0000000e+00   1.0393221e+04   3.4200000e+03
   0.0000000e+00   0.0000000e+00   1.0387658e+04   3.5300000e+03
   0.0000000e+00   0.0000000e+00   1.0356613e+04   3.5640000e+03
   0.0000000e+00   0.0000000e+00   1.0242771e+04   3.5710000e+03
   0.0000000e+00   0.0000000e+00   1.0232905e+04   3.6040000e+03
   0.0000000e+00   0.0000000e+00   1.0224388e+04   3.6400000e+03
   0.0000000e+00   0.0000000e+00   1.0221009e+04   3.6410000e+03
   0.0000000e+00   0.0000000e+00   1.0193797e+04   3.6430000e+03
   0.0000000e+00   0.0000000e+00   1.0193398e+04   3.6440000e+03
   0.0000000e+00   0.0000000e+00   1.0155085e+04   3.6770000e+03
   0.0000000e+00   0.0000000e+00   1.0145630e+04   3.6800000e+03
   0.0000000e+00   0.0000000e+00   1.0144248e+04   3.7080000e+03
   0.0000000e+00   0.0000000e+00   1.0129123e+04   3.7150000e+03
   0.0000000e+00   0.0000000e+00   1.0105320e+04   3.7890000e+03
   0.0000000e+00   0.0000000e+00   1.0100878e+04   3.7920000e+03
   0.0000000e+00   0.0000000e+00   1.0045242e+04   3.8600000e+03
   0.0000000e+00   0.0000000e+00   9.9912723e+03   3.9380000e+03
   0.0000000e+00   0.0000000e+00   9.9892237e+03   3.9420000e+03
   0.0000000e+00   0.0000000e+00   9.9702608e+03   3.9720000e+03
   0.0000000e+00   0.0000000e+00   9.9594664e+03   3.9730000e+03
   0.0000000e+00   0.0000000e+00   9.9233902e+03   4.0080000e+03
   0.0000000e+00   0.0000000e+00   9.9215835e+03   4.0880000e+03
   0.0000000e+00   0.0000000e+00   9.9009460e+03   4.4960000e+03
   0.0000000e+00   0.0000000e+00   9.8940813e+03   4.5650000e+03
   0.0000000e+00   0.0000000e+00   9.8937212e+03   4.6400000e+03
   0.0000000e+00   0.0000000e+00   9.8429623e+03   4.7100000e+03
   0.0000000e+00   0.0000000e+00   9.8377328e+03   4.7540000e+03
   0.0000000e+00   0.0000000e+00   9.8071996e+03   4.7870000e+03
   0.0000000e+00   0.0000000e+00   9.8004612e+03   4.7880000e+03
   0.0000000e+00   0.0000000e+00   9.7755400e+03   4.8220000e+03
   0.0000000e+00   0.0000000e+00   9.7741894e+03   4.8250000e+03
   0.0000000e+00   0.0000000e+00   9.7533105e+03   5.0080000e+03
   0.0000000e+00   0.0000000e+00   9.6978488e+03   5.0130000e+03
   0.0000000e+00   0.0000000e+00   9.6627834e+03   5.0420000e+03
   0.0000000e+00   0.0000000e+00   9.6233634e+03   5.0450000e+03
   0.0000000e+00   0.0000000e+00   9.6006542e+03   5.0860000e+03
   0.0000000e+00   0.0000000e+00   9.5968770e+03   5.1160000e+03
   0.0000000e+00   0.0000000e+00   9.5934482e+03   5.1190000e+03
   0.0000000e+00   0.0000000e+00   9.5832887e+03   5.1200000e+03
   0.0000000e+00   0.0000000e+00   9.5824204e+03   5.1220000e+03
   0.0000000e+00   0.0000000e+00   9.5698941e+03   5.1240000e+03
   0.0000000e+00   0.0000000e+00   9.5267466e+03   5.1550000e+03
   0.0000000e+00   0.0000000e+00   9.5130072e+03   5.1580000e+03
   0.0000000e+00   0.0000000e+00   9.4818576e+03   5.1890000e+03
   0.0000000e+00   0.0000000e+00   9.3278130e+03   5.2400000e+03
   0.0000000e+00   0.0000000e+00   9.2943558e+03   5.2990000e+03
   0.0000000e+00   0.0000000e+00   9.2539082e+03   5.3050000e+03
   0.0000000e+00   0.0000000e+00   9.2300832e+03   5.3070000e+03
   0.0000000e+00   0.0000000e+00   9.1737303e+03   5.3170000e+03
   0.0000000e+00   0.0000000e+00   9.1609911e+03   5.3440000e+03
   0.0000000e+00   0.0000000e+00   9.0812314e+03   5.3470000e+03
   0.0000000e+00   0.0000000e+00   9.0657651e+03   5.3790000e+03
   0.0000000e+00   0.0000000e+00   9.0466416e+03   5.4160000e+03
   0.0000000e+00   0.0000000e+00   9.0432431e+03   5.4180000e+03
   0.0000000e+00   0.0000000e+00   9.0324789e+03   5.4220000e+03
   0.0000000e+00   0.0000000e+00   9.0067685e+03   5.4560000e+03
   0.0000000e+00   0.0000000e+00   8.9664817e+03   5.4840000e+03
   0.0000000e+00   0.0000000e+00   8.9603050e+03   5.5260000e+03
   0.0000000e+00   0.0000000e+00   8.9572726e+03   5.5670000e+03
   0.0000000e+00   0.0000000e+00   8.9384885e+03   5.6020000e+03
   0.0000000e+00   0.0000000e+00   8.9257732e+03   5.6030000e+03
   0.0000000e+00   0.0000000e+00   8.9075081e+03   5.6700000e+03
   0.0000000e+00   0.0000000e+00   8.9007215e+03   5.6760000e+03
   0.0000000e+00   0.0000000e+00   8.8499654e+03   5.7930000e+03
   0.0000000e+00   0.0000000e+00   8.8238497e+03   5.8710000e+03
   0.0000000e+00   0.0000000e+00   8.8230752e+03   5.8990000e+03
   0.0000000e+00   0.0000000e+00   8.7473268e+03   6.0120000e+03
   0.0000000e+00   0.0000000e+00   8.7418444e+03   6.0470000e+03
   0.0000000e+00   0.0000000e+00   8.7197556e+03   6.0510000e+03
   0.0000000e+00   0.0000000e+00   8.7051399e+03   6.2670000e+03
   0.0000000e+00   0.0000000e+00   8.6926658e+03   6.3410000e+03
   0.0000000e+00   0.0000000e+00   8.6866852e+03   6.6380000e+03
   0.0000000e+00   0.0000000e+00   8.6734318e+03   6.8220000e+03
   0.0000000e+00   0.0000000e+00   8.6728359e+03   6.8280000e+03
   0.0000000e+00   0.0000000e+00   8.6695375e+03   7.0490000e+03
   0.0000000e+00   0.0000000e+00   8.6611647e+03   7.0780000e+03
   0.0000000e+00   0.0000000e+00   8.6503698e+03   7.0790000e+03
   0.0000000e+00   0.0000000e+00   8.6002769e+03   7.2970000e+03
   0.0000000e+00   0.0000000e+00   8.5785199e+03   7.3760000e+03
   0.0000000e+00   0.0000000e+00   8.5780964e+03   7.3780000e+03
   0.0000000e+00   0.0000000e+00   8.5358755e+03   7.4160000e+03
   0.0000000e+00   0.0000000e+00   8.5155223e+03   7.4490000e+03
   0.0000000e+00   0.0000000e+00   8.5153295e+03   7.4550000e+03
   0.0000000e+00   0.0000000e+00   8.5080699e+03   7.4880000e+03
   0.0000000e+00   0.0000000e+00   8.4820080e+03   7.6700000e+03
   0.0000000e+00   0.0000000e+00   8.4747524e+03   7.6780000e+03
   0.0000000e+00   0.0000000e+00   8.4603247e+03   7.7080000e+03
   0.0000000e+00   0.0000000e+00   8.4600422e+03   7.8590000e+03
   0.0000000e+00   0.0000000e+00   8.4563472e+03   8.0060000e+03
   0.0000000e+00   0.0000000e+00   8.4331025e+03   8.2090000e+03
   0.0000000e+00   0.0000000e+00   8.3521108e+03   8.3000000e+03
   0.0000000e+00   0.0000000e+00   8.3364901e+03   8.3070000e+03
   0.0000000e+00   0.0000000e+00   8.3108994e+03   8.3340000e+03
   0.0000000e+00   0.0000000e+00   8.2562489e+03   8.7950000e+03
   0.0000000e+00   0.0000000e+00   8.2547840e+03   8.8230000e+03
   0.0000000e+00   0.0000000e+00   8.2474370e+03   8.9330000e+03
   0.0000000e+00   0.0000000e+00   8.2459919e+03   9.0490000e+03
   0.0000000e+00   0.0000000e+00   8.2283875e+03   9.1110000e+03
   0.0000000e+00   0.0000000e+00   8.2033841e+03   9.1920000e+03
   0.0000000e+00   0.0000000e+00   8.1962794e+03   9.3080000e+03
   0.0000000e+00   0.0000000e+00   8.1794823e+03   9.3760000e+03
   0.0000000e+00   0.0000000e+00   8.1743448e+03   9.3770000e+03
   0.0000000e+00   0.0000000e+00   8.1422592e+03   9.4180000e+03
   0.0000000e+00   0.0000000e+00   8.1405527e+03   9.5630000e+03
   0.0000000e+00   0.0000000e+00   8.1348912e+03   9.6340000e+03
   0.0000000e+00   0.0000000e+00   8.1305841e+03   9.6350000e+03
   0.0000000e+00   0.0000000e+00   8.1230390e+03   9.6370000e+03
   0.0000000e+00   0.0000000e+00   8.1205524e+03   9.6730000e+03
   0.0000000e+00   0.0000000e+00   8.1166822e+03   9.7050000e+03
   0.0000000e+00   0.0000000e+00   8.1165393e+03   9.8970000e+03
   0.0000000e+00   0.0000000e+00   8.1028528e+03   1.0046000e+04
   0.0000000e+00   0.0000000e+00   8.0717668e+03   1.0073000e+04
   0.0000000e+00   0.0000000e+00   8.0464203e+03   1.0075000e+04
   0.0000000e+00   0.0000000e+00   8.0453796e+03   1.0080000e+04
   0.0000000e+00   0.0000000e+00   7.9879525e+03   1.0161000e+04
   0.0000000e+00   0.0000000e+00   7.9578910e+03   1.0225000e+04
   0.0000000e+00   0.0000000e+00   7.9409836e+03   1.0298000e+04
   0.0000000e+00   0.0000000e+00   7.9356832e+03   1.0300000e+04
   0.0000000e+00   0.0000000e+00   7.9207570e+03   1.0408000e+04
   0.0000000e+00   0.0000000e+00   7.8906016e+03   1.0595000e+04
   0.0000000e+00   0.0000000e+00   7.8869119e+03   1.0818000e+04
   0.0000000e+00   0.0000000e+00   7.8862022e+03   1.0856000e+04
   0.0000000e+00   0.0000000e+00   7.8804902e+03   1.0890000e+04
   0.0000000e+00   0.0000000e+00   7.8725903e+03   1.0930000e+04
   0.0000000e+00   0.0000000e+00   7.8654395e+03   1.1040000e+04
   0.0000000e+00   0.0000000e+00   7.8584377e+03   1.1152000e+04
   0.0000000e+00   0.0000000e+00   7.8437050e+03   1.1223000e+04
   0.0000000e+00   0.0000000e+00   7.8314920e+03   1.1408000e+04
   0.0000000e+00   0.0000000e+00   7.8271144e+03   1.1857000e+04
   0.0000000e+00   0.0000000e+00   7.8234228e+03   1.2191000e+04
   0.0000000e+00   0.0000000e+00   7.8210476e+03   1.2262000e+04
   0.0000000e+00   0.0000000e+00   7.8164239e+03   1.2334000e+04
   0.0000000e+00   0.0000000e+00   7.8099281e+03   1.2448000e+04
   0.0000000e+00   0.0000000e+00   7.8025620e+03   1.2553000e+04
   0.0000000e+00   0.0000000e+00   7.7859138e+03   1.2782000e+04
   0.0000000e+00   0.0000000e+00   7.7810053e+03   1.2815000e+04
   0.0000000e+00   0.0000000e+00   7.7720724e+03   1.3149000e+04
   0.0000000e+00   0.0000000e+00   7.7539719e+03   1.3264000e+04
   0.0000000e+00   0.0000000e+00   7.7391804e+03   1.3292000e+04
   0.0000000e+00   0.0000000e+00   7.7305888e+03   1.3492000e+04
   0.0000000e+00   0.0000000e+00   7.7219222e+03   1.3589000e+04
   0.0000000e+00   0.0000000e+00   7.7207944e+03   1.3634000e+04
   0.0000000e+00   0.0000000e+00   7.7035810e+03   1.3706000e+04
   0.0000000e+00   0.0000000e+00   7.6881547e+03   1.3776000e+04
   0.0000000e+00   0.0000000e+00   7.6865901e+03   1.3849000e+04
   0.0000000e+00   0.0000000e+00   7.6849226e+03   1.3889000e+04
   0.0000000e+00   0.0000000e+00   7.6835640e+03   1.4037000e+04
   0.0000000e+00   0.0000000e+00   7.6793733e+03   1.4220000e+04
   0.0000000e+00   0.0000000e+00   7.6665437e+03   1.4226000e+04
   0.0000000e+00   0.0000000e+00   7.6554196e+03   1.4259000e+04
   0.0000000e+00   0.0000000e+00   7.6455401e+03   1.4554000e+04
   0.0000000e+00   0.0000000e+00   7.6284406e+03   1.4624000e+04
   0.0000000e+00   0.0000000e+00   7.6258801e+03   1.4663000e+04
   0.0000000e+00   0.0000000e+00   7.6194095e+03   1.4667000e+04
   0.0000000e+00   0.0000000e+00   7.6143679e+03   1.5001000e+04
   0.0000000e+00   0.0000000e+00   7.6091399e+03   1.5114000e+04
   0.0000000e+00   0.0000000e+00   7.5802231e+03   1.5144000e+04
   0.0000000e+00   0.0000000e+00   7.5585109e+03   1.5216000e+04
   0.0000000e+00   0.0000000e+00   7.5484018e+03   1.5217000e+04
   0.0000000e+00   0.0000000e+00   7.5444216e+03   1.5411000e+04
   0.0000000e+00   0.0000000e+00   7.5300747e+03   1.5441000e+04
   0.0000000e+00   0.0000000e+00   7.5295739e+03   1.5445000e+04
   0.0000000e+00   0.0000000e+00   7.5122634e+03   1.5663000e+04
   0.0000000e+00   0.0000000e+00   7.5083530e+03   1.5668000e+04
   0.0000000e+00   0.0000000e+00   7.5066779e+03   1.5736000e+04
   0.0000000e+00   0.0000000e+00   7.5027823e+03   1.5812000e+04
   0.0000000e+00   0.0000000e+00   7.5024396e+03   1.5816000e+04
   0.0000000e+00   0.0000000e+00   7.4738763e+03   1.5889000e+04
   0.0000000e+00   0.0000000e+00   7.4704451e+03   1.5999000e+04
   0.0000000e+00   0.0000000e+00   7.4618292e+03   1.6073000e+04
   0.0000000e+00   0.0000000e+00   7.4576060e+03   1.6113000e+04
   0.0000000e+00   0.0000000e+00   7.4489409e+03   1.6297000e+04
   0.0000000e+00   0.0000000e+00   7.4307639e+03   1.6330000e+04
   0.0000000e+00   0.0000000e+00   7.4218078e+03   1.6368000e+04
   0.0000000e+00   0.0000000e+00   7.4119692e+03   1.6441000e+04
   0.0000000e+00   0.0000000e+00   7.4028293e+03   1.6515000e+04
   0.0000000e+00   0.0000000e+00   7.3480198e+03   1.6598000e+04
   0.0000000e+00   0.0000000e+00   7.3285724e+03   1.6626000e+04
   0.0000000e+00   0.0000000e+00   7.3146336e+03   1.6631000e+04
   0.0000000e+00   0.0000000e+00   7.2818030e+03   1.6704000e+04
   0.0000000e+00   0.0000000e+00   7.2739279e+03   1.6846000e+04
   0.0000000e+00   0.0000000e+00   7.2646519e+03   1.6848000e+04
   0.0000000e+00   0.0000000e+00   7.2525039e+03   1.6886000e+04
   0.0000000e+00   0.0000000e+00   7.2504143e+03   1.7033000e+04
   0.0000000e+00   0.0000000e+00   7.2492064e+03   1.7924000e+04
   0.0000000e+00   0.0000000e+00   7.2363798e+03   1.9322000e+04
   0.0000000e+00   0.0000000e+00   7.2318444e+03   1.9699000e+04
   0.0000000e+00   0.0000000e+00   7.2148697e+03   1.9734000e+04
   0.0000000e+00   0.0000000e+00   7.2003265e+03   2.1101000e+04
   0.0000000e+00   0.0000000e+00   7.1964520e+03   2.1659000e+04
   0.0000000e+00   0.0000000e+00   7.1874626e+03   2.2510000e+04
   0.0000000e+00   0.0000000e+00   7.1851489e+03   2.2584000e+04
   0.0000000e+00   0.0000000e+00   7.1214843e+03   2.2816000e+04
   0.0000000e+00   0.0000000e+00   7.1086253e+03   2.2956000e+04
   0.0000000e+00   0.0000000e+00   7.1039310e+03   2.3361000e+04
   0.0000000e+00   0.0000000e+00   7.0931587e+03   2.3396000e+04
   0.0000000e+00   0.0000000e+00   7.0827568e+03   2.3618000e+04
   0.0000000e+00   0.0000000e+00   7.0807018e+03   2.4175000e+04
   0.0000000e+00   0.0000000e+00   7.0781115e+03   2.4510000e+04
   0.0000000e+00   0.0000000e+00   7.0765658e+03   2.4544000e+04
   0.0000000e+00   0.0000000e+00   7.0700479e+03   2.5169000e+04
   0.0000000e+00   0.0000000e+00   7.0518281e+03   2.5283000e+04
   0.0000000e+00   0.0000000e+00   7.0441429e+03   2.5395000e+04
   0.0000000e+00   0.0000000e+00   7.0410301e+03   2.7099000e+04
   0.0000000e+00   0.0000000e+00   7.0341078e+03   2.7427000e+04
   0.0000000e+00   0.0000000e+00   7.0271915e+03   2.7616000e+04
   0.0000000e+00   0.0000000e+00   7.0098952e+03   2.7832000e+04
   0.0000000e+00   0.0000000e+00   6.9988602e+03   2.7906000e+04
   0.0000000e+00   0.0000000e+00   6.9855818e+03   2.7994000e+04
   0.0000000e+00   0.0000000e+00   6.9835540e+03   2.8023000e+04
   0.0000000e+00   0.0000000e+00   6.9504716e+03   2.8095000e+04
   0.0000000e+00   0.0000000e+00   6.9420356e+03   2.8390000e+04
   0.0000000e+00   0.0000000e+00   6.9294380e+03   2.8504000e+04
   0.0000000e+00   0.0000000e+00   6.9235212e+03   2.8609000e+04
   0.0000000e+00   0.0000000e+00   6.9170116e+03   2.8798000e+04
   0.0000000e+00   0.0000000e+00   6.9078835e+03   2.8868000e+04
   0.0000000e+00   0.0000000e+00   6.8960837e+03   2.8872000e+04
   0.0000000e+00   0.0000000e+00   6.8934605e+03   2.9097000e+04
   0.0000000e+00   0.0000000e+00   6.8927105e+03   2.9098000e+04
   0.0000000e+00   0.0000000e+00   6.8822062e+03   2.9129000e+04
   0.0000000e+00   0.0000000e+00   6.8685391e+03   2.9279000e+04
   0.0000000e+00   0.0000000e+00   6.8664656e+03   2.9395000e+04
   0.0000000e+00   0.0000000e+00   6.8549620e+03   2.9428000e+04
   0.0000000e+00   0.0000000e+00   6.8509176e+03   2.9539000e+04
   0.0000000e+00   0.0000000e+00   6.8433752e+03   2.9685000e+04
   0.0000000e+00   0.0000000e+00   6.8234134e+03   3.0129000e+04
   0.0000000e+00   0.0000000e+00   6.8182813e+03   3.0503000e+04
   0.0000000e+00   0.0000000e+00   6.7958337e+03   3.1017000e+04
   0.0000000e+00   0.0000000e+00   6.7925483e+03   3.1056000e+04
   0.0000000e+00   0.0000000e+00   6.7820872e+03   3.1347000e+04
   0.0000000e+00   0.0000000e+00   6.7789318e+03   3.1720000e+04
   0.0000000e+00   0.0000000e+00   6.7686324e+03   3.1722000e+04
   0.0000000e+00   0.0000000e+00   6.7606526e+03   3.1797000e+04
   0.0000000e+00   0.0000000e+00   6.7579902e+03   3.1871000e+04
   0.0000000e+00   0.0000000e+00   6.7479275e+03   3.2165000e+04
   0.0000000e+00   0.0000000e+00   6.7404624e+03   3.2800000e+04
   0.0000000e+00   0.0000000e+00   6.7194390e+03   3.2979000e+04
   0.0000000e+00   0.0000000e+00   6.7132310e+03   3.3719000e+04
   0.0000000e+00   0.0000000e+00   6.7040070e+03   3.5051000e+04
   0.0000000e+00   0.0000000e+00   6.7006222e+03   3.5090000e+04
   0.0000000e+00   0.0000000e+00   6.6978224e+03   3.5533000e+04
   0.0000000e+00   0.0000000e+00   6.6973933e+03   3.6645000e+04
   0.0000000e+00   0.0000000e+00   6.6931667e+03   3.6678000e+04
   0.0000000e+00   0.0000000e+00   6.6896204e+03   3.7638000e+04
   0.0000000e+00   0.0000000e+00   6.6872796e+03   3.8049000e+04
   0.0000000e+00   0.0000000e+00   6.6779847e+03   3.8125000e+04
   0.0000000e+00   0.0000000e+00   6.6758601e+03   3.8198000e+04
   0.0000000e+00   0.0000000e+00   6.6728117e+03   3.8200000e+04
   0.0000000e+00   0.0000000e+00   6.6718757e+03   3.8309000e+04
   0.0000000e+00   0.0000000e+00   6.6501174e+03   3.8492000e+04
   0.0000000e+00   0.0000000e+00   6.6468640e+03   3.8535000e+04
   0.0000000e+00   0.0000000e+00   6.6369408e+03   3.8567000e+04
   0.0000000e+00   0.0000000e+00   6.6329788e+03   3.8788000e+04
   0.0000000e+00   0.0000000e+00   6.6298743e+03   3.8860000e+04
   0.0000000e+00   0.0000000e+00   6.6254287e+03   3.9493000e+04
   0.0000000e+00   0.0000000e+00   6.6180000e+03   3.9532000e+04
   0.0000000e+00   0.0000000e+00   6.6128549e+03   3.9638000e+04
   0.0000000e+00   0.0000000e+00   6.6094505e+03   3.9680000e+04
   0.0000000e+00   0.0000000e+00   6.6053073e+03   3.9714000e+04
   0.0000000e+00   0.0000000e+00   6.5972150e+03   3.9820000e+04
   0.0000000e+00   0.0000000e+00   6.5897857e+03   3.9824000e+04
   0.0000000e+00   0.0000000e+00   6.5858391e+03   3.9860000e+04
   0.0000000e+00   0.0000000e+00   6.5757333e+03   4.0268000e+04
   0.0000000e+00   0.0000000e+00   6.5728115e+03   4.0385000e+04
   0.0000000e+00   0.0000000e+00   6.5687878e+03   4.0414000e+04
   0.0000000e+00   0.0000000e+00   6.5684263e+03   4.0491000e+04
   0.0000000e+00   0.0000000e+00   6.5678404e+03   4.0527000e+04
   0.0000000e+00   0.0000000e+00   6.5659668e+03   4.0864000e+04
   0.0000000e+00   0.0000000e+00   6.5585597e+03   4.1967000e+04
   0.0000000e+00   0.0000000e+00   6.5532025e+03   4.2083000e+04
   0.0000000e+00   0.0000000e+00   6.5468334e+03   4.2340000e+04
   0.0000000e+00   0.0000000e+00   6.5433525e+03   4.2344000e+04
   0.0000000e+00   0.0000000e+00   6.5398402e+03   4.9445000e+04
   0.0000000e+00   0.0000000e+00   6.5371142e+03   5.1517000e+04
   0.0000000e+00   0.0000000e+00   6.5338227e+03   5.7287000e+04
   0.0000000e+00   0.0000000e+00   6.5283615e+03   5.7403000e+04
   0.0000000e+00   0.0000000e+00   6.5235976e+03   5.7585000e+04
   0.0000000e+00   0.0000000e+00   6.5210886e+03   5.7622000e+04
   0.0000000e+00   0.0000000e+00   6.5174905e+03   6.1469000e+04
   0.0000000e+00   0.0000000e+00   6.5092922e+03   6.4138000e+04
   0.0000000e+00   0.0000000e+00   6.4729827e+03   6.4318000e+04
   0.0000000e+00   0.0000000e+00   6.4624014e+03   6.4429000e+04
   0.0000000e+00   0.0000000e+00   6.4584900e+03   6.4733000e+04
   0.0000000e+00   0.0000000e+00   6.4490880e+03   6.4947000e+04
   0.0000000e+00   0.0000000e+00   6.4438909e+03   6.5319000e+04
   0.0000000e+00   0.0000000e+00   6.4294317e+03   6.5948000e+04
   0.0000000e+00   0.0000000e+00   6.4284147e+03   6.6761000e+04
   0.0000000e+00   0.0000000e+00   6.4205779e+03   6.7163000e+04
   0.0000000e+00   0.0000000e+00   6.4173723e+03   6.7392000e+04
   0.0000000e+00   0.0000000e+00   6.4136957e+03   6.7463000e+04
   0.0000000e+00   0.0000000e+00   6.4136482e+03   6.7579000e+04
   0.0000000e+00   0.0000000e+00   6.4095936e+03   6.7979000e+04
   0.0000000e+00   0.0000000e+00   6.3902543e+03   6.7983000e+04
   0.0000000e+00   0.0000000e+00   6.3842809e+03   6.9130000e+04
   0.0000000e+00   0.0000000e+00   6.3839340e+03   6.9144000e+04
   0.0000000e+00   0.0000000e+00   6.3779792e+03   6.9385000e+04
   0.0000000e+00   0.0000000e+00   6.3743068e+03   6.9392000e+04
   0.0000000e+00   0.0000000e+00   6.3662157e+03   6.9647000e+04
   0.0000000e+00   0.0000000e+00   6.3614114e+03   6.9681000e+04
   0.0000000e+00   0.0000000e+00   6.3561309e+03   6.9831000e+04
   0.0000000e+00   0.0000000e+00   6.3556211e+03   7.0239000e+04
   0.0000000e+00   0.0000000e+00   6.3346115e+03   7.0613000e+04
   0.0000000e+00   0.0000000e+00   6.3109626e+03   7.0944000e+04
   0.0000000e+00   0.0000000e+00   6.2977210e+03   7.0983000e+04
   0.0000000e+00   0.0000000e+00   6.2770079e+03   7.1017000e+04
   0.0000000e+00   0.0000000e+00   6.2755422e+03   7.1125000e+04
   0.0000000e+00   0.0000000e+00   6.2678055e+03   7.1752000e+04
   0.0000000e+00   0.0000000e+00   6.2546849e+03   7.2161000e+04
   0.0000000e+00   0.0000000e+00   6.2539333e+03   7.2165000e+04
   0.0000000e+00   0.0000000e+00   6.2460081e+03   7.2831000e+04
   0.0000000e+00   0.0000000e+00   6.2405909e+03   7.3161000e+04
   0.0000000e+00   0.0000000e+00   6.2268595e+03   7.3235000e+04
   0.0000000e+00   0.0000000e+00   6.2215105e+03   7.3755000e+04
   0.0000000e+00   0.0000000e+00   6.2195384e+03   7.3935000e+04
   0.0000000e+00   0.0000000e+00   6.2187662e+03   7.4311000e+04
   0.0000000e+00   0.0000000e+00   6.2091304e+03   7.4494000e+04
   0.0000000e+00   0.0000000e+00   6.2070776e+03   7.8194000e+04
   0.0000000e+00   0.0000000e+00   6.1947769e+03   7.9716000e+04
   0.0000000e+00   0.0000000e+00   6.1933718e+03   8.0121000e+04
   0.0000000e+00   0.0000000e+00   6.1898595e+03   8.0377000e+04
   0.0000000e+00   0.0000000e+00   6.1863868e+03   8.0523000e+04
   0.0000000e+00   0.0000000e+00   6.1744115e+03   8.0672000e+04
   0.0000000e+00   0.0000000e+00   6.1679657e+03   8.2341000e+04
   0.0000000e+00   0.0000000e+00   6.1581068e+03   8.2666000e+04
   0.0000000e+00   0.0000000e+00   6.1399340e+03   8.3446000e+04
   0.0000000e+00   0.0000000e+00   6.1267239e+03   8.4852000e+04
   0.0000000e+00   0.0000000e+00   6.1257550e+03   9.0442000e+04
   0.0000000e+00   0.0000000e+00   6.1233518e+03   9.0809000e+04
   0.0000000e+00   0.0000000e+00   6.1193693e+03   9.1587000e+04
   0.0000000e+00   0.0000000e+00   6.1141681e+03   9.1773000e+04
   0.0000000e+00   0.0000000e+00   6.1104784e+03   9.2030000e+04
   0.0000000e+00   0.0000000e+00   6.1066525e+03   9.2585000e+04
   0.0000000e+00   0.0000000e+00   6.1032135e+03   9.2923000e+04
   0.0000000e+00   0.0000000e+00   6.1027204e+03   9.5730000e+04
   0.0000000e+00   0.0000000e+00   6.1021570e+03   9.6178000e+04
   0.0000000e+00   0.0000000e+00   6.1001843e+03   1.0279900e+05
   0.0000000e+00   0.0000000e+00   6.1000196e+03   1.1619500e+05
   0.0000000e+00   0.0000000e+00   6.0993491e+03   1.2307200e+05
   0.0000000e+00   0.0000000e+00   6.0978945e+03   1.2629200e+05
   0.0000000e+00   0.0000000e+00   6.0928236e+03   1.2647700e+05
   0.0000000e+00   0.0000000e+00   6.0926304e+03   1.3062500e+05
   0.0000000e+00   0.0000000e+00   6.0899121e+03   1.8823200e+05
   0.0000000e+00   0.0000000e+00   6.0890536e+03   1.8834400e+05
   0.0000000e+00   0.0000000e+00   6.0830190e+03   1.9078500e+05
   0.0000000e+00   0.0000000e+00   6.0804065e+03   1.9237300e+05
   0.0000000e+00   0.0000000e+00   6.0802165e+03   1.9400600e+05
   0.0000000e+00   0.0000000e+00   6.0779513e+03   1.9489300e+05
