   3.8302867e+02   1.4814125e+01   1.3921379e+04   1.4000000e+01
   3.8250735e+02   1.4675149e+01   1.3869544e+04   1.6000000e+01
   3.7801721e+02   1.3694535e+01   1.3830053e+04   1.8000000e+01
   3.5471915e+02   1.2425960e+01   1.3908830e+04   2.0000000e+01
   3.5267768e+02   1.1256257e+01   1.3971252e+04   2.1000000e+01
   3.5018784e+02   1.1193815e+01   1.3913432e+04   2.2000000e+01
   3.3132610e+02   1.0481627e+01   1.4004677e+04   2.3000000e+01
   3.2451567e+02   1.0425686e+01   1.4092599e+04   2.4000000e+01
   3.1261112e+02   1.0137914e+01   1.4184759e+04   2.5000000e+01
   3.0755710e+02   1.0108861e+01   1.4197264e+04   2.6000000e+01
   3.0308650e+02   9.8615634e+00   1.4374431e+04   2.7000000e+01
   3.0010983e+02   9.5645433e+00   1.4409353e+04   2.8000000e+01
   2.1850143e+02   4.0666545e+00   1.4558357e+04   2.9000000e+01
   2.1708968e+02   3.9982334e+00   1.4668319e+04   3.0000000e+01
   2.1665620e+02   3.9967648e+00   1.4758023e+04   3.1000000e+01
   2.1613036e+02   4.0623226e+00   1.5076195e+04   3.2000000e+01
   2.0775894e+02   3.4204811e+00   1.5519514e+04   3.3000000e+01
   1.9887232e+02   2.9786183e+00   1.5993483e+04   3.4000000e+01
   1.9817748e+02   2.9668515e+00   1.6213675e+04   3.5000000e+01
   1.9163943e+02   2.9499458e+00   1.6823845e+04   3.7000000e+01
   1.9081453e+02   2.9316870e+00   1.7267890e+04   3.8000000e+01
   1.8480995e+02   3.2685222e+00   1.7098961e+04   4.6000000e+01
   1.8478441e+02   3.4321444e+00   1.7011306e+04   5.0000000e+01
   1.8293608e+02   3.1545025e+00   1.6716585e+04   5.3000000e+01
   1.8188284e+02   3.1051085e+00   1.6732779e+04   5.5000000e+01
   1.8181453e+02   3.1154854e+00   1.6745075e+04   5.8000000e+01
   1.7658267e+02   3.0670757e+00   1.6812809e+04   5.9000000e+01
   1.7606084e+02   2.9872370e+00   1.6867215e+04   6.0000000e+01
   1.7503483e+02   2.8267158e+00   1.6952523e+04   6.1000000e+01
   1.4541627e+02   1.5530088e+00   1.7106904e+04   6.3000000e+01
   1.4463900e+02   1.3914473e+00   1.7228188e+04   6.4000000e+01
   1.4428425e+02   1.3742495e+00   1.7302201e+04   6.6000000e+01
   1.4289123e+02   1.3579094e+00   1.7405778e+04   6.7000000e+01
   1.2939200e+02   3.9526847e-01   1.7742004e+04   6.8000000e+01
   1.2891879e+02   3.8438845e-01   1.8042741e+04   7.0000000e+01
   1.2391065e+02   3.6183690e-01   1.8497047e+04   7.2000000e+01
   1.2196231e+02   3.5536386e-01   1.8866482e+04   7.3000000e+01
   1.2161767e+02   3.5392993e-01   1.9267234e+04   7.4000000e+01
   1.1899877e+02   3.8543424e-01   1.9780526e+04   7.5000000e+01
   1.1460723e+02   4.5353193e-01   1.9471527e+04   8.4000000e+01
   1.1411150e+02   4.6350787e-01   1.9416086e+04   8.6000000e+01
   1.0829823e+02   4.4752104e-01   1.9302325e+04   8.7000000e+01
   1.0218832e+02   4.5548599e-01   1.9254189e+04   8.8000000e+01
   1.0131938e+02   4.5453605e-01   1.9232086e+04   8.9000000e+01
   9.9137738e+01   4.1679597e-01   1.9200899e+04   9.0000000e+01
   9.8942470e+01   4.3298136e-01   1.9003196e+04   9.1000000e+01
   9.5607881e+01   4.1837478e-01   1.9027191e+04   9.2000000e+01
   9.3941071e+01   2.7765911e-01   1.8874028e+04   9.4000000e+01
   9.1349912e+01   2.5670814e-01   1.8824092e+04   9.5000000e+01
   9.0265038e+01   2.4289496e-01   1.8780234e+04   9.6000000e+01
   8.9152793e+01   2.0232195e-01   1.8881185e+04   9.8000000e+01
   8.9043953e+01   1.6457368e-01   1.8948425e+04   9.9000000e+01
   8.8200868e+01   1.5347380e-01   1.9012195e+04   1.0200000e+02
   8.7399129e+01   1.3267029e-01   1.9112578e+04   1.0500000e+02
   8.6525570e+01   1.3393749e-01   1.9361466e+04   1.0600000e+02
   8.5292765e+01   1.1350060e-01   1.9683218e+04   1.0700000e+02
   8.3418571e+01   1.2503732e-01   1.9924237e+04   1.0800000e+02
   8.2240456e+01   1.2396181e-01   2.0178630e+04   1.0900000e+02
   7.9041167e+01   1.1308492e-01   2.0544640e+04   1.1000000e+02
   7.7942728e+01   9.0228330e-02   2.0941566e+04   1.1100000e+02
   7.7246141e+01   8.8889211e-02   2.1554506e+04   1.1200000e+02
   7.2311350e+01   7.6467963e-02   2.1473013e+04   1.2100000e+02
   7.0864034e+01   7.2414305e-02   2.1347642e+04   1.2400000e+02
   7.0262884e+01   8.1116815e-02   2.0991652e+04   1.2500000e+02
   7.0257935e+01   6.1127953e-02   2.0793443e+04   1.2900000e+02
   7.0109608e+01   7.0304876e-02   2.0539288e+04   1.3300000e+02
   7.0054347e+01   5.6873653e-02   2.0676885e+04   1.3800000e+02
   6.6515001e+01   5.5109776e-02   2.0635397e+04   1.3900000e+02
   6.6002950e+01   5.8821364e-02   2.0614492e+04   1.4000000e+02
   6.5442655e+01   5.4891356e-02   2.0675606e+04   1.4100000e+02
   6.5293691e+01   5.4987631e-02   2.0833099e+04   1.4300000e+02
   6.4770581e+01   5.6039176e-02   2.1087737e+04   1.4400000e+02
   6.2693976e+01   4.7171565e-02   2.1351091e+04   1.4600000e+02
   6.2666579e+01   4.6388367e-02   2.1494388e+04   1.4700000e+02
   6.2613370e+01   4.5506185e-02   2.1892205e+04   1.4800000e+02
   5.8171797e+01   3.0029159e-02   2.2823203e+04   1.4900000e+02
   5.3257485e+01   2.0371570e-02   2.2618624e+04   1.5400000e+02
   5.3148008e+01   2.7069065e-02   2.2485247e+04   1.6200000e+02
   5.3050327e+01   2.8901555e-02   2.2290445e+04   1.6400000e+02
   5.2305607e+01   3.0237956e-02   2.2195281e+04   1.6700000e+02
   5.2276653e+01   2.8407689e-02   2.2127959e+04   1.7000000e+02
   5.1769114e+01   2.0406186e-02   2.2050826e+04   1.7200000e+02
   5.0958480e+01   1.7847395e-02   2.2020992e+04   1.7400000e+02
   5.0067250e+01   4.5266157e-03   2.2098880e+04   1.7600000e+02
   4.9421774e+01   5.5037675e-03   2.2168694e+04   1.7700000e+02
   4.9369032e+01   4.8591068e-03   2.2125547e+04   1.7800000e+02
   4.7655407e+01   0.0000000e+00   2.2325442e+04   1.8100000e+02
   4.7072398e+01   0.0000000e+00   2.2650755e+04   1.8200000e+02
   4.6491185e+01   0.0000000e+00   2.3123068e+04   1.8500000e+02
   4.4589025e+01   0.0000000e+00   2.3436046e+04   1.8600000e+02
   4.4470500e+01   0.0000000e+00   2.3134950e+04   1.9700000e+02
   4.3795098e+01   0.0000000e+00   2.3024561e+04   1.9800000e+02
   3.7682507e+01   0.0000000e+00   2.2889872e+04   1.9900000e+02
   3.7534690e+01   0.0000000e+00   2.2840263e+04   2.0300000e+02
   3.6785538e+01   0.0000000e+00   2.2759624e+04   2.0600000e+02
   3.6585641e+01   0.0000000e+00   2.2778215e+04   2.0700000e+02
   3.3605087e+01   0.0000000e+00   2.2712123e+04   2.0900000e+02
   3.3528802e+01   0.0000000e+00   2.2497753e+04   2.1100000e+02
   3.3427636e+01   0.0000000e+00   2.2226363e+04   2.1200000e+02
   3.3071962e+01   0.0000000e+00   2.2268195e+04   2.1500000e+02
   3.3028817e+01   0.0000000e+00   2.2338455e+04   2.1600000e+02
   3.2971979e+01   0.0000000e+00   2.2480650e+04   2.1800000e+02
   3.2533419e+01   0.0000000e+00   2.2763351e+04   2.1900000e+02
   3.2444807e+01   0.0000000e+00   2.3100968e+04   2.2000000e+02
   3.1780488e+01   0.0000000e+00   2.3513478e+04   2.2100000e+02
   2.8649472e+01   0.0000000e+00   2.4201242e+04   2.2200000e+02
   2.7282231e+01   0.0000000e+00   2.4720611e+04   2.2300000e+02
   2.3266507e+01   0.0000000e+00   2.4607892e+04   2.3200000e+02
   2.2477186e+01   0.0000000e+00   2.4440854e+04   2.3600000e+02
   2.2335216e+01   0.0000000e+00   2.3939515e+04   2.3700000e+02
   2.2016276e+01   0.0000000e+00   2.3884193e+04   2.3800000e+02
   2.1962917e+01   0.0000000e+00   2.3850387e+04   2.3900000e+02
   2.1761727e+01   0.0000000e+00   2.3695668e+04   2.4200000e+02
   2.1183809e+01   0.0000000e+00   2.3732251e+04   2.4600000e+02
   2.1048229e+01   0.0000000e+00   2.3754612e+04   2.4900000e+02
   2.1029827e+01   0.0000000e+00   2.3856602e+04   2.5100000e+02
   2.0480445e+01   0.0000000e+00   2.3723660e+04   2.5300000e+02
   2.0448709e+01   0.0000000e+00   2.3581357e+04   2.5500000e+02
   2.0374131e+01   0.0000000e+00   2.3708516e+04   2.5700000e+02
   2.0057656e+01   0.0000000e+00   2.4189686e+04   2.6000000e+02
   1.9793480e+01   0.0000000e+00   2.4010056e+04   2.7200000e+02
   1.9457426e+01   0.0000000e+00   2.3953759e+04   2.7500000e+02
   1.6937955e+01   0.0000000e+00   2.3796471e+04   2.7700000e+02
   1.6768244e+01   0.0000000e+00   2.3823405e+04   2.8100000e+02
   1.6698005e+01   0.0000000e+00   2.3947896e+04   2.9100000e+02
   1.6353057e+01   0.0000000e+00   2.4180665e+04   2.9400000e+02
   1.5903254e+01   0.0000000e+00   2.4610694e+04   2.9500000e+02
   1.5411689e+01   0.0000000e+00   2.4962703e+04   2.9600000e+02
   1.5393484e+01   0.0000000e+00   2.5352261e+04   2.9700000e+02
   1.4561991e+01   0.0000000e+00   2.4993432e+04   3.1100000e+02
   1.4317085e+01   0.0000000e+00   2.4924290e+04   3.1400000e+02
   1.4218412e+01   0.0000000e+00   2.4825054e+04   3.2300000e+02
   1.4194585e+01   0.0000000e+00   2.4899180e+04   3.2400000e+02
   1.3553215e+01   0.0000000e+00   2.4836296e+04   3.2600000e+02
   1.3026030e+01   0.0000000e+00   2.5161999e+04   3.2800000e+02
   1.2967972e+01   0.0000000e+00   2.5283204e+04   3.3000000e+02
   1.2782212e+01   0.0000000e+00   2.5498302e+04   3.3100000e+02
   1.2772746e+01   0.0000000e+00   2.5872657e+04   3.3200000e+02
   1.2752644e+01   0.0000000e+00   2.6488307e+04   3.3400000e+02
   1.2512062e+01   0.0000000e+00   2.6163426e+04   3.4400000e+02
   1.2363307e+01   0.0000000e+00   2.6064531e+04   3.5000000e+02
   1.0783335e+01   0.0000000e+00   2.5799710e+04   3.5200000e+02
   1.0778334e+01   0.0000000e+00   2.5866228e+04   3.5400000e+02
   1.0419898e+01   0.0000000e+00   2.5783486e+04   3.5700000e+02
   6.8102732e+00   0.0000000e+00   2.5873464e+04   3.6200000e+02
   6.5995610e+00   0.0000000e+00   2.5980491e+04   3.6400000e+02
   6.5939412e+00   0.0000000e+00   2.6180244e+04   3.6600000e+02
   6.4433791e+00   0.0000000e+00   2.6833312e+04   3.6900000e+02
   6.4395886e+00   0.0000000e+00   2.6939594e+04   3.7000000e+02
   6.3412291e+00   0.0000000e+00   2.6862245e+04   3.8500000e+02
   6.3312446e+00   0.0000000e+00   2.6868806e+04   3.9000000e+02
   6.0241489e+00   0.0000000e+00   2.6731770e+04   3.9300000e+02
   5.5415007e+00   0.0000000e+00   2.6576833e+04   3.9400000e+02
   5.5397441e+00   0.0000000e+00   2.6523623e+04   3.9800000e+02
   5.4870262e+00   0.0000000e+00   2.6714616e+04   4.0300000e+02
   5.3009761e+00   0.0000000e+00   2.7048798e+04   4.0400000e+02
   5.2927513e+00   0.0000000e+00   2.7211573e+04   4.0600000e+02
   5.2560717e+00   0.0000000e+00   2.7356250e+04   4.0700000e+02
   4.8381020e+00   0.0000000e+00   2.7279379e+04   4.3500000e+02
   4.8227012e+00   0.0000000e+00   2.7275573e+04   4.3800000e+02
   4.8146470e+00   0.0000000e+00   2.7259809e+04   4.4000000e+02
   4.7909942e+00   0.0000000e+00   2.7491684e+04   4.4100000e+02
   4.6471122e+00   0.0000000e+00   2.7948791e+04   4.4300000e+02
   4.3879658e+00   0.0000000e+00   2.8415168e+04   4.4500000e+02
   4.3827694e+00   0.0000000e+00   2.8056342e+04   4.5900000e+02
   4.3001398e+00   0.0000000e+00   2.7828811e+04   4.6300000e+02
   4.2846099e+00   0.0000000e+00   2.7647582e+04   4.6700000e+02
   4.2634640e+00   0.0000000e+00   2.7740164e+04   4.7200000e+02
   4.2027549e+00   0.0000000e+00   2.8087848e+04   4.7700000e+02
   4.1291892e+00   0.0000000e+00   2.8371274e+04   4.8000000e+02
   3.3485666e+00   0.0000000e+00   2.8582239e+04   4.8100000e+02
   2.9300942e+00   0.0000000e+00   2.8458180e+04   4.8800000e+02
   2.8188537e+00   0.0000000e+00   2.8240562e+04   4.9500000e+02
   2.8009605e+00   0.0000000e+00   2.8114903e+04   4.9800000e+02
   2.7999260e+00   0.0000000e+00   2.8011028e+04   5.0000000e+02
   2.5611247e+00   0.0000000e+00   2.8046444e+04   5.0200000e+02
   2.5419388e+00   0.0000000e+00   2.7850467e+04   5.0600000e+02
   2.5388468e+00   0.0000000e+00   2.7763890e+04   5.1000000e+02
   2.5283718e+00   0.0000000e+00   2.7683719e+04   5.1100000e+02
   2.1804887e+00   0.0000000e+00   2.7817779e+04   5.1200000e+02
   2.1459939e+00   0.0000000e+00   2.8057181e+04   5.1500000e+02
   2.1416993e+00   0.0000000e+00   2.8216468e+04   5.1700000e+02
   2.0258710e+00   0.0000000e+00   2.8812196e+04   5.1900000e+02
   2.0163763e+00   0.0000000e+00   2.8711470e+04   5.2700000e+02
   1.9813089e+00   0.0000000e+00   2.8514369e+04   5.3100000e+02
   1.9805061e+00   0.0000000e+00   2.8227777e+04   5.3600000e+02
   1.7131132e+00   0.0000000e+00   2.8207284e+04   5.4000000e+02
   9.5468699e-01   0.0000000e+00   2.8211964e+04   5.4200000e+02
   7.1105826e-01   0.0000000e+00   2.8108379e+04   5.4400000e+02
   6.6997661e-01   0.0000000e+00   2.8149603e+04   5.4700000e+02
   6.5845510e-01   0.0000000e+00   2.8250842e+04   5.5100000e+02
   6.4095623e-01   0.0000000e+00   2.8567750e+04   5.5300000e+02
   6.1394306e-01   0.0000000e+00   2.8943766e+04   5.5400000e+02
   6.1394193e-01   0.0000000e+00   2.9186935e+04   5.5500000e+02
   6.0777594e-01   0.0000000e+00   2.9520221e+04   5.5600000e+02
   5.2719005e-01   0.0000000e+00   2.9109677e+04   5.7400000e+02
   5.2640059e-01   0.0000000e+00   2.8708795e+04   5.8400000e+02
   5.1583713e-01   0.0000000e+00   2.8665111e+04   5.8500000e+02
   5.1575377e-01   0.0000000e+00   2.8595885e+04   5.8600000e+02
   4.6945024e-01   0.0000000e+00   2.8671393e+04   5.8700000e+02
   3.8550197e-01   0.0000000e+00   2.8646596e+04   5.8800000e+02
   3.1488499e-01   0.0000000e+00   2.9009378e+04   5.8900000e+02
   2.2897330e-01   0.0000000e+00   2.8556633e+04   6.0800000e+02
   2.0792045e-01   0.0000000e+00   2.8371457e+04   6.0900000e+02
   1.9384404e-01   0.0000000e+00   2.8255908e+04   6.1200000e+02
   1.8700500e-01   0.0000000e+00   2.8086589e+04   6.1400000e+02
   1.8581590e-01   0.0000000e+00   2.7847101e+04   6.1600000e+02
   1.1086761e-01   0.0000000e+00   2.7845628e+04   6.1800000e+02
   1.1060404e-01   0.0000000e+00   2.7673612e+04   6.1900000e+02
   1.0938558e-01   0.0000000e+00   2.7737753e+04   6.2300000e+02
   8.7036252e-02   0.0000000e+00   2.8118123e+04   6.2700000e+02
   8.3108728e-02   0.0000000e+00   2.8722654e+04   6.2900000e+02
   4.2520071e-02   0.0000000e+00   2.8998939e+04   6.3000000e+02
   3.6190378e-02   0.0000000e+00   2.8535878e+04   6.3800000e+02
   3.0531033e-02   0.0000000e+00   2.8242204e+04   6.4800000e+02
   3.0274187e-02   0.0000000e+00   2.8209476e+04   6.5900000e+02
   2.9646461e-02   0.0000000e+00   2.8340174e+04   6.6400000e+02
   1.0521277e-02   0.0000000e+00   2.8138083e+04   6.7900000e+02
   0.0000000e+00   0.0000000e+00   2.7907424e+04   6.8500000e+02
   0.0000000e+00   0.0000000e+00   2.7786450e+04   6.8700000e+02
   0.0000000e+00   0.0000000e+00   2.7638384e+04   7.1100000e+02
   0.0000000e+00   0.0000000e+00   2.7380842e+04   7.1500000e+02
   0.0000000e+00   0.0000000e+00   2.7282609e+04   7.2100000e+02
   0.0000000e+00   0.0000000e+00   2.7236591e+04   7.2300000e+02
   0.0000000e+00   0.0000000e+00   2.7235993e+04   7.2700000e+02
   0.0000000e+00   0.0000000e+00   2.7128533e+04   7.2900000e+02
   0.0000000e+00   0.0000000e+00   2.6868448e+04   7.3100000e+02
   0.0000000e+00   0.0000000e+00   2.6786934e+04   7.3200000e+02
   0.0000000e+00   0.0000000e+00   2.6228730e+04   7.5400000e+02
   0.0000000e+00   0.0000000e+00   2.6225794e+04   7.5500000e+02
   0.0000000e+00   0.0000000e+00   2.6099390e+04   7.5900000e+02
   0.0000000e+00   0.0000000e+00   2.6040987e+04   7.6200000e+02
   0.0000000e+00   0.0000000e+00   2.5840962e+04   7.6800000e+02
   0.0000000e+00   0.0000000e+00   2.5810801e+04   7.7000000e+02
   0.0000000e+00   0.0000000e+00   2.5540120e+04   7.9000000e+02
   0.0000000e+00   0.0000000e+00   2.5319876e+04   7.9100000e+02
   0.0000000e+00   0.0000000e+00   2.5211019e+04   7.9200000e+02
   0.0000000e+00   0.0000000e+00   2.5077538e+04   7.9400000e+02
   0.0000000e+00   0.0000000e+00   2.5014195e+04   8.0400000e+02
   0.0000000e+00   0.0000000e+00   2.5001734e+04   8.2900000e+02
   0.0000000e+00   0.0000000e+00   2.4954185e+04   8.3200000e+02
   0.0000000e+00   0.0000000e+00   2.4884114e+04   8.3800000e+02
   0.0000000e+00   0.0000000e+00   2.4883547e+04   8.4200000e+02
   0.0000000e+00   0.0000000e+00   2.4716163e+04   8.6100000e+02
   0.0000000e+00   0.0000000e+00   2.4326402e+04   8.6400000e+02
   0.0000000e+00   0.0000000e+00   2.4283602e+04   8.6600000e+02
   0.0000000e+00   0.0000000e+00   2.4144075e+04   8.6700000e+02
   0.0000000e+00   0.0000000e+00   2.3872738e+04   8.7000000e+02
   0.0000000e+00   0.0000000e+00   2.3755934e+04   8.7100000e+02
   0.0000000e+00   0.0000000e+00   2.3589249e+04   8.7500000e+02
   0.0000000e+00   0.0000000e+00   2.3408442e+04   8.7600000e+02
   0.0000000e+00   0.0000000e+00   2.3035375e+04   8.9700000e+02
   0.0000000e+00   0.0000000e+00   2.2955407e+04   9.0000000e+02
   0.0000000e+00   0.0000000e+00   2.2675936e+04   9.0300000e+02
   0.0000000e+00   0.0000000e+00   2.2640737e+04   9.0500000e+02
   0.0000000e+00   0.0000000e+00   2.2515210e+04   9.0700000e+02
   0.0000000e+00   0.0000000e+00   2.2353561e+04   9.0800000e+02
   0.0000000e+00   0.0000000e+00   2.2342046e+04   9.0900000e+02
   0.0000000e+00   0.0000000e+00   2.2202707e+04   9.1000000e+02
   0.0000000e+00   0.0000000e+00   2.1974199e+04   9.1100000e+02
   0.0000000e+00   0.0000000e+00   2.1921413e+04   9.1200000e+02
   0.0000000e+00   0.0000000e+00   2.1904508e+04   9.1600000e+02
   0.0000000e+00   0.0000000e+00   2.1884275e+04   9.1800000e+02
   0.0000000e+00   0.0000000e+00   2.1692492e+04   9.3300000e+02
   0.0000000e+00   0.0000000e+00   2.1435161e+04   9.3500000e+02
   0.0000000e+00   0.0000000e+00   2.1270310e+04   9.3900000e+02
   0.0000000e+00   0.0000000e+00   2.1270233e+04   9.4000000e+02
   0.0000000e+00   0.0000000e+00   2.1219284e+04   9.4100000e+02
   0.0000000e+00   0.0000000e+00   2.1146612e+04   9.4200000e+02
   0.0000000e+00   0.0000000e+00   2.0845409e+04   9.4400000e+02
   0.0000000e+00   0.0000000e+00   2.0623178e+04   9.4500000e+02
   0.0000000e+00   0.0000000e+00   2.0394650e+04   9.4600000e+02
   0.0000000e+00   0.0000000e+00   2.0372940e+04   9.4700000e+02
   0.0000000e+00   0.0000000e+00   2.0274444e+04   9.4800000e+02
   0.0000000e+00   0.0000000e+00   2.0120841e+04   9.7500000e+02
   0.0000000e+00   0.0000000e+00   1.9815669e+04   9.7800000e+02
   0.0000000e+00   0.0000000e+00   1.9775894e+04   9.7900000e+02
   0.0000000e+00   0.0000000e+00   1.9699336e+04   9.8000000e+02
   0.0000000e+00   0.0000000e+00   1.9689516e+04   9.8100000e+02
   0.0000000e+00   0.0000000e+00   1.9637590e+04   9.8300000e+02
   0.0000000e+00   0.0000000e+00   1.9547921e+04   9.8400000e+02
   0.0000000e+00   0.0000000e+00   1.9537056e+04   9.8700000e+02
   0.0000000e+00   0.0000000e+00   1.9473948e+04   1.0110000e+03
   0.0000000e+00   0.0000000e+00   1.9471463e+04   1.0150000e+03
   0.0000000e+00   0.0000000e+00   1.9327592e+04   1.0180000e+03
   0.0000000e+00   0.0000000e+00   1.9232572e+04   1.0200000e+03
   0.0000000e+00   0.0000000e+00   1.9086838e+04   1.0230000e+03
   0.0000000e+00   0.0000000e+00   1.9019488e+04   1.0240000e+03
   0.0000000e+00   0.0000000e+00   1.8983715e+04   1.0450000e+03
   0.0000000e+00   0.0000000e+00   1.8851884e+04   1.0460000e+03
   0.0000000e+00   0.0000000e+00   1.8693486e+04   1.0490000e+03
   0.0000000e+00   0.0000000e+00   1.8516658e+04   1.0500000e+03
   0.0000000e+00   0.0000000e+00   1.7998596e+04   1.0510000e+03
   0.0000000e+00   0.0000000e+00   1.7800420e+04   1.0520000e+03
   0.0000000e+00   0.0000000e+00   1.7765524e+04   1.0530000e+03
   0.0000000e+00   0.0000000e+00   1.7742455e+04   1.0540000e+03
   0.0000000e+00   0.0000000e+00   1.7725626e+04   1.0550000e+03
   0.0000000e+00   0.0000000e+00   1.7707606e+04   1.0560000e+03
   0.0000000e+00   0.0000000e+00   1.7646390e+04   1.0580000e+03
   0.0000000e+00   0.0000000e+00   1.7545589e+04   1.0590000e+03
   0.0000000e+00   0.0000000e+00   1.7391560e+04   1.0600000e+03
   0.0000000e+00   0.0000000e+00   1.7347301e+04   1.0630000e+03
   0.0000000e+00   0.0000000e+00   1.7145277e+04   1.0660000e+03
   0.0000000e+00   0.0000000e+00   1.6924724e+04   1.0840000e+03
   0.0000000e+00   0.0000000e+00   1.6882477e+04   1.0860000e+03
   0.0000000e+00   0.0000000e+00   1.6779505e+04   1.0890000e+03
   0.0000000e+00   0.0000000e+00   1.6553734e+04   1.0930000e+03
   0.0000000e+00   0.0000000e+00   1.6546760e+04   1.0990000e+03
   0.0000000e+00   0.0000000e+00   1.6494715e+04   1.1170000e+03
   0.0000000e+00   0.0000000e+00   1.6429399e+04   1.1210000e+03
   0.0000000e+00   0.0000000e+00   1.6272278e+04   1.1220000e+03
   0.0000000e+00   0.0000000e+00   1.6117766e+04   1.1240000e+03
   0.0000000e+00   0.0000000e+00   1.6087574e+04   1.1330000e+03
   0.0000000e+00   0.0000000e+00   1.5965463e+04   1.1350000e+03
   0.0000000e+00   0.0000000e+00   1.5951595e+04   1.1360000e+03
   0.0000000e+00   0.0000000e+00   1.5858548e+04   1.1620000e+03
   0.0000000e+00   0.0000000e+00   1.5814918e+04   1.1640000e+03
   0.0000000e+00   0.0000000e+00   1.5631524e+04   1.1670000e+03
   0.0000000e+00   0.0000000e+00   1.5608690e+04   1.1680000e+03
   0.0000000e+00   0.0000000e+00   1.5566940e+04   1.1960000e+03
   0.0000000e+00   0.0000000e+00   1.5471563e+04   1.1980000e+03
   0.0000000e+00   0.0000000e+00   1.5448583e+04   1.2000000e+03
   0.0000000e+00   0.0000000e+00   1.5184300e+04   1.2010000e+03
   0.0000000e+00   0.0000000e+00   1.5023566e+04   1.2020000e+03
   0.0000000e+00   0.0000000e+00   1.5000407e+04   1.2060000e+03
   0.0000000e+00   0.0000000e+00   1.4799253e+04   1.2090000e+03
   0.0000000e+00   0.0000000e+00   1.4779645e+04   1.2320000e+03
   0.0000000e+00   0.0000000e+00   1.4726822e+04   1.2370000e+03
   0.0000000e+00   0.0000000e+00   1.4685385e+04   1.2390000e+03
   0.0000000e+00   0.0000000e+00   1.4663816e+04   1.2400000e+03
   0.0000000e+00   0.0000000e+00   1.4601435e+04   1.2430000e+03
   0.0000000e+00   0.0000000e+00   1.4561727e+04   1.2670000e+03
   0.0000000e+00   0.0000000e+00   1.4517844e+04   1.2690000e+03
   0.0000000e+00   0.0000000e+00   1.4503528e+04   1.2720000e+03
   0.0000000e+00   0.0000000e+00   1.4460789e+04   1.2750000e+03
   0.0000000e+00   0.0000000e+00   1.4425367e+04   1.2780000e+03
   0.0000000e+00   0.0000000e+00   1.4178178e+04   1.2830000e+03
   0.0000000e+00   0.0000000e+00   1.3936272e+04   1.3060000e+03
   0.0000000e+00   0.0000000e+00   1.3844632e+04   1.3070000e+03
   0.0000000e+00   0.0000000e+00   1.3802935e+04   1.3130000e+03
   0.0000000e+00   0.0000000e+00   1.3777874e+04   1.3140000e+03
   0.0000000e+00   0.0000000e+00   1.3733381e+04   1.3210000e+03
   0.0000000e+00   0.0000000e+00   1.3591320e+04   1.3450000e+03
   0.0000000e+00   0.0000000e+00   1.3448816e+04   1.3460000e+03
   0.0000000e+00   0.0000000e+00   1.3396054e+04   1.3470000e+03
   0.0000000e+00   0.0000000e+00   1.3289035e+04   1.3510000e+03
   0.0000000e+00   0.0000000e+00   1.3220507e+04   1.3530000e+03
   0.0000000e+00   0.0000000e+00   1.3086040e+04   1.3800000e+03
   0.0000000e+00   0.0000000e+00   1.3060122e+04   1.3810000e+03
   0.0000000e+00   0.0000000e+00   1.2911601e+04   1.3830000e+03
   0.0000000e+00   0.0000000e+00   1.2903357e+04   1.3850000e+03
   0.0000000e+00   0.0000000e+00   1.2841993e+04   1.3860000e+03
   0.0000000e+00   0.0000000e+00   1.2791644e+04   1.3890000e+03
   0.0000000e+00   0.0000000e+00   1.2718465e+04   1.4170000e+03
   0.0000000e+00   0.0000000e+00   1.2635385e+04   1.4310000e+03
   0.0000000e+00   0.0000000e+00   1.2555292e+04   1.4520000e+03
   0.0000000e+00   0.0000000e+00   1.2477097e+04   1.4550000e+03
   0.0000000e+00   0.0000000e+00   1.2448713e+04   1.4560000e+03
   0.0000000e+00   0.0000000e+00   1.2309428e+04   1.4620000e+03
   0.0000000e+00   0.0000000e+00   1.2307992e+04   1.4630000e+03
   0.0000000e+00   0.0000000e+00   1.2173102e+04   1.4930000e+03
   0.0000000e+00   0.0000000e+00   1.2065152e+04   1.4940000e+03
   0.0000000e+00   0.0000000e+00   1.2042327e+04   1.4960000e+03
   0.0000000e+00   0.0000000e+00   1.1978278e+04   1.5060000e+03
   0.0000000e+00   0.0000000e+00   1.1963725e+04   1.5290000e+03
   0.0000000e+00   0.0000000e+00   1.1801844e+04   1.5300000e+03
   0.0000000e+00   0.0000000e+00   1.1633633e+04   1.5320000e+03
   0.0000000e+00   0.0000000e+00   1.1624914e+04   1.5340000e+03
   0.0000000e+00   0.0000000e+00   1.1594871e+04   1.5370000e+03
   0.0000000e+00   0.0000000e+00   1.1585935e+04   1.5700000e+03
   0.0000000e+00   0.0000000e+00   1.1564755e+04   1.6040000e+03
   0.0000000e+00   0.0000000e+00   1.1486958e+04   1.6050000e+03
   0.0000000e+00   0.0000000e+00   1.1480233e+04   1.6170000e+03
   0.0000000e+00   0.0000000e+00   1.1450261e+04   1.6370000e+03
   0.0000000e+00   0.0000000e+00   1.1293187e+04   1.6430000e+03
   0.0000000e+00   0.0000000e+00   1.1270762e+04   1.6450000e+03
   0.0000000e+00   0.0000000e+00   1.1201761e+04   1.6460000e+03
   0.0000000e+00   0.0000000e+00   1.1189117e+04   1.6470000e+03
   0.0000000e+00   0.0000000e+00   1.1179315e+04   1.6510000e+03
   0.0000000e+00   0.0000000e+00   1.1141336e+04   1.6780000e+03
   0.0000000e+00   0.0000000e+00   1.1127712e+04   1.6800000e+03
   0.0000000e+00   0.0000000e+00   1.1124481e+04   1.6810000e+03
   0.0000000e+00   0.0000000e+00   1.1103104e+04   1.6830000e+03
   0.0000000e+00   0.0000000e+00   1.1034413e+04   1.7090000e+03
   0.0000000e+00   0.0000000e+00   1.1027492e+04   1.7510000e+03
   0.0000000e+00   0.0000000e+00   1.1016461e+04   1.7530000e+03
   0.0000000e+00   0.0000000e+00   1.0964582e+04   1.7550000e+03
   0.0000000e+00   0.0000000e+00   1.0958239e+04   1.7560000e+03
   0.0000000e+00   0.0000000e+00   1.0935430e+04   1.7590000e+03
   0.0000000e+00   0.0000000e+00   1.0911007e+04   1.7650000e+03
   0.0000000e+00   0.0000000e+00   1.0833075e+04   1.7880000e+03
   0.0000000e+00   0.0000000e+00   1.0828890e+04   1.7900000e+03
   0.0000000e+00   0.0000000e+00   1.0737944e+04   1.7910000e+03
   0.0000000e+00   0.0000000e+00   1.0713917e+04   1.8260000e+03
   0.0000000e+00   0.0000000e+00   1.0653993e+04   1.8270000e+03
   0.0000000e+00   0.0000000e+00   1.0625631e+04   1.8300000e+03
   0.0000000e+00   0.0000000e+00   1.0416697e+04   1.8320000e+03
   0.0000000e+00   0.0000000e+00   1.0367033e+04   1.8580000e+03
   0.0000000e+00   0.0000000e+00   1.0301065e+04   1.8620000e+03
   0.0000000e+00   0.0000000e+00   1.0250067e+04   1.8630000e+03
   0.0000000e+00   0.0000000e+00   1.0239449e+04   1.8650000e+03
   0.0000000e+00   0.0000000e+00   1.0202057e+04   1.8680000e+03
   0.0000000e+00   0.0000000e+00   1.0135688e+04   1.8970000e+03
   0.0000000e+00   0.0000000e+00   1.0109787e+04   1.9020000e+03
   0.0000000e+00   0.0000000e+00   1.0069224e+04   1.9030000e+03
   0.0000000e+00   0.0000000e+00   1.0063316e+04   1.9040000e+03
   0.0000000e+00   0.0000000e+00   1.0001073e+04   1.9330000e+03
   0.0000000e+00   0.0000000e+00   9.9101356e+03   1.9380000e+03
   0.0000000e+00   0.0000000e+00   9.8867202e+03   1.9390000e+03
   0.0000000e+00   0.0000000e+00   9.8788395e+03   1.9750000e+03
   0.0000000e+00   0.0000000e+00   9.8325253e+03   1.9760000e+03
   0.0000000e+00   0.0000000e+00   9.7388121e+03   2.0070000e+03
   0.0000000e+00   0.0000000e+00   9.7035909e+03   2.0100000e+03
   0.0000000e+00   0.0000000e+00   9.6219207e+03   2.0110000e+03
   0.0000000e+00   0.0000000e+00   9.5912236e+03   2.0170000e+03
   0.0000000e+00   0.0000000e+00   9.5489352e+03   2.0200000e+03
   0.0000000e+00   0.0000000e+00   9.4859508e+03   2.0470000e+03
   0.0000000e+00   0.0000000e+00   9.3616931e+03   2.0490000e+03
   0.0000000e+00   0.0000000e+00   9.3471793e+03   2.0500000e+03
   0.0000000e+00   0.0000000e+00   9.3457638e+03   2.0510000e+03
   0.0000000e+00   0.0000000e+00   9.3334050e+03   2.0520000e+03
   0.0000000e+00   0.0000000e+00   9.3030047e+03   2.0810000e+03
   0.0000000e+00   0.0000000e+00   9.2613857e+03   2.0840000e+03
   0.0000000e+00   0.0000000e+00   9.2575965e+03   2.0900000e+03
   0.0000000e+00   0.0000000e+00   9.1262303e+03   2.0910000e+03
   0.0000000e+00   0.0000000e+00   9.0732584e+03   2.0930000e+03
   0.0000000e+00   0.0000000e+00   9.0336247e+03   2.1200000e+03
   0.0000000e+00   0.0000000e+00   8.9944358e+03   2.1210000e+03
   0.0000000e+00   0.0000000e+00   8.9869949e+03   2.1230000e+03
   0.0000000e+00   0.0000000e+00   8.9607474e+03   2.1270000e+03
   0.0000000e+00   0.0000000e+00   8.9596517e+03   2.1300000e+03
   0.0000000e+00   0.0000000e+00   8.9577812e+03   2.1360000e+03
   0.0000000e+00   0.0000000e+00   8.9424094e+03   2.1550000e+03
   0.0000000e+00   0.0000000e+00   8.8898704e+03   2.1580000e+03
   0.0000000e+00   0.0000000e+00   8.8730813e+03   2.1600000e+03
   0.0000000e+00   0.0000000e+00   8.8534566e+03   2.1620000e+03
   0.0000000e+00   0.0000000e+00   8.8393148e+03   2.1650000e+03
   0.0000000e+00   0.0000000e+00   8.8251998e+03   2.1940000e+03
   0.0000000e+00   0.0000000e+00   8.7898606e+03   2.1950000e+03
   0.0000000e+00   0.0000000e+00   8.7872544e+03   2.1970000e+03
   0.0000000e+00   0.0000000e+00   8.7827273e+03   2.2360000e+03
   0.0000000e+00   0.0000000e+00   8.7151256e+03   2.2380000e+03
   0.0000000e+00   0.0000000e+00   8.6744293e+03   2.2690000e+03
   0.0000000e+00   0.0000000e+00   8.6465918e+03   2.2700000e+03
   0.0000000e+00   0.0000000e+00   8.5649290e+03   2.2710000e+03
   0.0000000e+00   0.0000000e+00   8.5504315e+03   2.2720000e+03
   0.0000000e+00   0.0000000e+00   8.5220317e+03   2.3060000e+03
   0.0000000e+00   0.0000000e+00   8.5184221e+03   2.3800000e+03
   0.0000000e+00   0.0000000e+00   8.5108771e+03   2.3840000e+03
   0.0000000e+00   0.0000000e+00   8.4586425e+03   2.4920000e+03
   0.0000000e+00   0.0000000e+00   8.4109148e+03   2.5060000e+03
   0.0000000e+00   0.0000000e+00   8.3665465e+03   2.5280000e+03
   0.0000000e+00   0.0000000e+00   8.3423143e+03   2.5310000e+03
   0.0000000e+00   0.0000000e+00   8.3260802e+03   2.5320000e+03
   0.0000000e+00   0.0000000e+00   8.2737673e+03   2.5620000e+03
   0.0000000e+00   0.0000000e+00   8.2644009e+03   2.5640000e+03
   0.0000000e+00   0.0000000e+00   8.2565252e+03   2.6050000e+03
   0.0000000e+00   0.0000000e+00   8.2084477e+03   2.6760000e+03
   0.0000000e+00   0.0000000e+00   8.1857059e+03   2.6770000e+03
   0.0000000e+00   0.0000000e+00   8.1606930e+03   2.6830000e+03
   0.0000000e+00   0.0000000e+00   8.1314426e+03   2.7120000e+03
   0.0000000e+00   0.0000000e+00   8.1263391e+03   2.7200000e+03
   0.0000000e+00   0.0000000e+00   8.1088060e+03   2.7490000e+03
   0.0000000e+00   0.0000000e+00   7.9292707e+03   2.7510000e+03
   0.0000000e+00   0.0000000e+00   7.9074167e+03   2.7520000e+03
   0.0000000e+00   0.0000000e+00   7.9067525e+03   2.7600000e+03
   0.0000000e+00   0.0000000e+00   7.8612303e+03   2.7870000e+03
   0.0000000e+00   0.0000000e+00   7.8571205e+03   2.7880000e+03
   0.0000000e+00   0.0000000e+00   7.7832101e+03   2.8210000e+03
   0.0000000e+00   0.0000000e+00   7.7594268e+03   2.8230000e+03
   0.0000000e+00   0.0000000e+00   7.7266988e+03   2.8240000e+03
   0.0000000e+00   0.0000000e+00   7.7203000e+03   2.8250000e+03
   0.0000000e+00   0.0000000e+00   7.6586075e+03   2.8590000e+03
   0.0000000e+00   0.0000000e+00   7.6544980e+03   2.8600000e+03
   0.0000000e+00   0.0000000e+00   7.6480834e+03   2.8630000e+03
   0.0000000e+00   0.0000000e+00   7.6278781e+03   2.8640000e+03
   0.0000000e+00   0.0000000e+00   7.6253031e+03   2.8950000e+03
   0.0000000e+00   0.0000000e+00   7.5719573e+03   2.9120000e+03
   0.0000000e+00   0.0000000e+00   7.5645755e+03   2.9740000e+03
   0.0000000e+00   0.0000000e+00   7.5626118e+03   2.9780000e+03
   0.0000000e+00   0.0000000e+00   7.5560073e+03   3.0100000e+03
   0.0000000e+00   0.0000000e+00   7.5366869e+03   3.0510000e+03
   0.0000000e+00   0.0000000e+00   7.5259665e+03   3.0860000e+03
   0.0000000e+00   0.0000000e+00   7.5133169e+03   3.0870000e+03
   0.0000000e+00   0.0000000e+00   7.4912170e+03   3.0890000e+03
   0.0000000e+00   0.0000000e+00   7.4120209e+03   3.1210000e+03
   0.0000000e+00   0.0000000e+00   7.3935748e+03   3.1230000e+03
   0.0000000e+00   0.0000000e+00   7.3922735e+03   3.1240000e+03
   0.0000000e+00   0.0000000e+00   7.3898633e+03   3.1550000e+03
   0.0000000e+00   0.0000000e+00   7.3759339e+03   3.1580000e+03
   0.0000000e+00   0.0000000e+00   7.3595247e+03   3.1590000e+03
   0.0000000e+00   0.0000000e+00   7.3294076e+03   3.1890000e+03
   0.0000000e+00   0.0000000e+00   7.3239037e+03   3.1940000e+03
   0.0000000e+00   0.0000000e+00   7.2896414e+03   3.2330000e+03
   0.0000000e+00   0.0000000e+00   7.2472337e+03   3.2370000e+03
   0.0000000e+00   0.0000000e+00   7.2115422e+03   3.3030000e+03
   0.0000000e+00   0.0000000e+00   7.1967053e+03   3.3420000e+03
   0.0000000e+00   0.0000000e+00   7.1905099e+03   3.3810000e+03
   0.0000000e+00   0.0000000e+00   7.1624692e+03   3.4140000e+03
   0.0000000e+00   0.0000000e+00   7.1549427e+03   3.4900000e+03
   0.0000000e+00   0.0000000e+00   7.1138327e+03   3.5650000e+03
   0.0000000e+00   0.0000000e+00   7.0994035e+03   3.6040000e+03
   0.0000000e+00   0.0000000e+00   7.0905712e+03   3.6390000e+03
   0.0000000e+00   0.0000000e+00   7.0661219e+03   3.6750000e+03
   0.0000000e+00   0.0000000e+00   6.9906555e+03   3.6770000e+03
   0.0000000e+00   0.0000000e+00   6.9787038e+03   3.7120000e+03
   0.0000000e+00   0.0000000e+00   6.9727666e+03   3.7160000e+03
   0.0000000e+00   0.0000000e+00   6.9617066e+03   3.7520000e+03
   0.0000000e+00   0.0000000e+00   6.7787943e+03   3.7530000e+03
   0.0000000e+00   0.0000000e+00   6.7781892e+03   3.7920000e+03
   0.0000000e+00   0.0000000e+00   6.7393772e+03   3.8560000e+03
   0.0000000e+00   0.0000000e+00   6.6708547e+03   3.8570000e+03
   0.0000000e+00   0.0000000e+00   6.6392650e+03   3.8590000e+03
   0.0000000e+00   0.0000000e+00   6.6349683e+03   4.0060000e+03
   0.0000000e+00   0.0000000e+00   6.6257167e+03   4.0470000e+03
   0.0000000e+00   0.0000000e+00   6.6160314e+03   4.0840000e+03
   0.0000000e+00   0.0000000e+00   6.5349476e+03   4.0900000e+03
   0.0000000e+00   0.0000000e+00   6.5216449e+03   4.1190000e+03
   0.0000000e+00   0.0000000e+00   6.5212665e+03   4.1200000e+03
   0.0000000e+00   0.0000000e+00   6.5208368e+03   4.1570000e+03
   0.0000000e+00   0.0000000e+00   6.5115625e+03   4.1580000e+03
   0.0000000e+00   0.0000000e+00   6.4989884e+03   4.1970000e+03
   0.0000000e+00   0.0000000e+00   6.4785464e+03   4.2260000e+03
   0.0000000e+00   0.0000000e+00   6.4745844e+03   4.2300000e+03
   0.0000000e+00   0.0000000e+00   6.4651471e+03   4.2320000e+03
   0.0000000e+00   0.0000000e+00   6.4583447e+03   4.2690000e+03
   0.0000000e+00   0.0000000e+00   6.4249141e+03   4.2800000e+03
   0.0000000e+00   0.0000000e+00   6.4050098e+03   4.3050000e+03
   0.0000000e+00   0.0000000e+00   6.3657787e+03   4.4120000e+03
   0.0000000e+00   0.0000000e+00   6.3422906e+03   4.4140000e+03
   0.0000000e+00   0.0000000e+00   6.3330435e+03   4.4150000e+03
   0.0000000e+00   0.0000000e+00   6.3035402e+03   4.4170000e+03
   0.0000000e+00   0.0000000e+00   6.2978070e+03   4.4530000e+03
   0.0000000e+00   0.0000000e+00   6.2962666e+03   4.4890000e+03
   0.0000000e+00   0.0000000e+00   6.1903632e+03   4.5630000e+03
   0.0000000e+00   0.0000000e+00   6.1682654e+03   4.5650000e+03
   0.0000000e+00   0.0000000e+00   6.1656945e+03   4.6010000e+03
   0.0000000e+00   0.0000000e+00   6.1576256e+03   4.6380000e+03
   0.0000000e+00   0.0000000e+00   6.1357813e+03   4.7140000e+03
   0.0000000e+00   0.0000000e+00   6.1230428e+03   4.7520000e+03
   0.0000000e+00   0.0000000e+00   6.1144859e+03   4.8240000e+03
   0.0000000e+00   0.0000000e+00   6.1023980e+03   4.8570000e+03
   0.0000000e+00   0.0000000e+00   6.0886008e+03   4.8590000e+03
   0.0000000e+00   0.0000000e+00   6.0772879e+03   4.8960000e+03
   0.0000000e+00   0.0000000e+00   6.0756666e+03   4.8980000e+03
   0.0000000e+00   0.0000000e+00   6.0447626e+03   4.9300000e+03
   0.0000000e+00   0.0000000e+00   6.0286114e+03   4.9700000e+03
   0.0000000e+00   0.0000000e+00   6.0006306e+03   5.0770000e+03
   0.0000000e+00   0.0000000e+00   5.9646559e+03   5.0810000e+03
   0.0000000e+00   0.0000000e+00   5.9503508e+03   5.1190000e+03
   0.0000000e+00   0.0000000e+00   5.9314667e+03   5.2270000e+03
   0.0000000e+00   0.0000000e+00   5.9133050e+03   5.2290000e+03
   0.0000000e+00   0.0000000e+00   5.9118419e+03   5.2300000e+03
   0.0000000e+00   0.0000000e+00   5.8761170e+03   5.2660000e+03
   0.0000000e+00   0.0000000e+00   5.8632086e+03   5.3030000e+03
   0.0000000e+00   0.0000000e+00   5.8513727e+03   5.3390000e+03
   0.0000000e+00   0.0000000e+00   5.8429077e+03   5.3740000e+03
   0.0000000e+00   0.0000000e+00   5.8287098e+03   5.6740000e+03
   0.0000000e+00   0.0000000e+00   5.8050970e+03   5.7140000e+03
   0.0000000e+00   0.0000000e+00   5.7990530e+03   5.7460000e+03
   0.0000000e+00   0.0000000e+00   5.7850028e+03   5.8590000e+03
   0.0000000e+00   0.0000000e+00   5.7802007e+03   5.8630000e+03
   0.0000000e+00   0.0000000e+00   5.7661079e+03   5.8920000e+03
   0.0000000e+00   0.0000000e+00   5.7637851e+03   5.8970000e+03
   0.0000000e+00   0.0000000e+00   5.7540374e+03   5.9360000e+03
   0.0000000e+00   0.0000000e+00   5.7521826e+03   5.9730000e+03
   0.0000000e+00   0.0000000e+00   5.7349714e+03   6.1890000e+03
   0.0000000e+00   0.0000000e+00   5.7158915e+03   6.4500000e+03
   0.0000000e+00   0.0000000e+00   5.7031618e+03   6.5240000e+03
   0.0000000e+00   0.0000000e+00   5.7018114e+03   6.6000000e+03
   0.0000000e+00   0.0000000e+00   5.6941250e+03   6.7100000e+03
   0.0000000e+00   0.0000000e+00   5.6863332e+03   6.7460000e+03
   0.0000000e+00   0.0000000e+00   5.6763360e+03   6.7840000e+03
   0.0000000e+00   0.0000000e+00   5.6636990e+03   6.8200000e+03
   0.0000000e+00   0.0000000e+00   5.6532749e+03   6.8210000e+03
   0.0000000e+00   0.0000000e+00   5.6262585e+03   6.8570000e+03
   0.0000000e+00   0.0000000e+00   5.6206196e+03   7.0020000e+03
   0.0000000e+00   0.0000000e+00   5.6191649e+03   7.0420000e+03
   0.0000000e+00   0.0000000e+00   5.6117986e+03   7.1890000e+03
   0.0000000e+00   0.0000000e+00   5.6020397e+03   7.2970000e+03
   0.0000000e+00   0.0000000e+00   5.5917918e+03   7.7820000e+03
   0.0000000e+00   0.0000000e+00   5.5901894e+03   7.7870000e+03
   0.0000000e+00   0.0000000e+00   5.5879168e+03   7.9690000e+03
   0.0000000e+00   0.0000000e+00   5.5852398e+03   7.9740000e+03
   0.0000000e+00   0.0000000e+00   5.5413927e+03   8.1140000e+03
   0.0000000e+00   0.0000000e+00   5.5211780e+03   8.1530000e+03
   0.0000000e+00   0.0000000e+00   5.5189391e+03   8.2670000e+03
   0.0000000e+00   0.0000000e+00   5.5158305e+03   8.3750000e+03
   0.0000000e+00   0.0000000e+00   5.5140614e+03   8.5220000e+03
   0.0000000e+00   0.0000000e+00   5.5040472e+03   8.5970000e+03
   0.0000000e+00   0.0000000e+00   5.4998700e+03   9.7070000e+03
   0.0000000e+00   0.0000000e+00   5.4982586e+03   9.7080000e+03
   0.0000000e+00   0.0000000e+00   5.4914577e+03   9.7800000e+03
   0.0000000e+00   0.0000000e+00   5.4892226e+03   9.8910000e+03
   0.0000000e+00   0.0000000e+00   5.4853966e+03   9.9270000e+03
   0.0000000e+00   0.0000000e+00   5.4817201e+03   1.0261000e+04
   0.0000000e+00   0.0000000e+00   5.4755926e+03   1.0594000e+04
   0.0000000e+00   0.0000000e+00   5.4713636e+03   1.0965000e+04
   0.0000000e+00   0.0000000e+00   5.4713326e+03   1.1112000e+04
   0.0000000e+00   0.0000000e+00   5.4701648e+03   1.1113000e+04
   0.0000000e+00   0.0000000e+00   5.4659784e+03   1.1704000e+04
   0.0000000e+00   0.0000000e+00   5.4599923e+03   1.1741000e+04
   0.0000000e+00   0.0000000e+00   5.4576452e+03   1.2964000e+04
   0.0000000e+00   0.0000000e+00   5.4474321e+03   1.3001000e+04
   0.0000000e+00   0.0000000e+00   5.4461153e+03   1.3336000e+04
   0.0000000e+00   0.0000000e+00   5.4416392e+03   1.3516000e+04
   0.0000000e+00   0.0000000e+00   5.4387236e+03   1.3517000e+04
   0.0000000e+00   0.0000000e+00   5.4367672e+03   1.3628000e+04
   0.0000000e+00   0.0000000e+00   5.4354217e+03   1.3739000e+04
   0.0000000e+00   0.0000000e+00   5.4257170e+03   1.3887000e+04
   0.0000000e+00   0.0000000e+00   5.4231760e+03   1.4256000e+04
   0.0000000e+00   0.0000000e+00   5.4217214e+03   1.4257000e+04
   0.0000000e+00   0.0000000e+00   5.4201266e+03   1.4406000e+04
   0.0000000e+00   0.0000000e+00   5.4169075e+03   1.4515000e+04
   0.0000000e+00   0.0000000e+00   5.4150997e+03   1.4518000e+04
   0.0000000e+00   0.0000000e+00   5.4100201e+03   1.4591000e+04
   0.0000000e+00   0.0000000e+00   5.4065628e+03   1.4737000e+04
   0.0000000e+00   0.0000000e+00   5.4051081e+03   1.5330000e+04
   0.0000000e+00   0.0000000e+00   5.3990115e+03   1.5367000e+04
   0.0000000e+00   0.0000000e+00   5.3901049e+03   1.6037000e+04
   0.0000000e+00   0.0000000e+00   5.3817469e+03   1.6083000e+04
   0.0000000e+00   0.0000000e+00   5.3771997e+03   1.6291000e+04
   0.0000000e+00   0.0000000e+00   5.3638969e+03   1.6293000e+04
   0.0000000e+00   0.0000000e+00   5.3559313e+03   1.6401000e+04
   0.0000000e+00   0.0000000e+00   5.3472293e+03   1.6405000e+04
   0.0000000e+00   0.0000000e+00   5.3449873e+03   1.6475000e+04
   0.0000000e+00   0.0000000e+00   5.3448178e+03   1.6476000e+04
   0.0000000e+00   0.0000000e+00   5.3376329e+03   1.6736000e+04
   0.0000000e+00   0.0000000e+00   5.3322117e+03   1.6847000e+04
   0.0000000e+00   0.0000000e+00   5.3286248e+03   1.6885000e+04
   0.0000000e+00   0.0000000e+00   5.3265552e+03   1.7143000e+04
   0.0000000e+00   0.0000000e+00   5.3249202e+03   1.7586000e+04
   0.0000000e+00   0.0000000e+00   5.3158859e+03   1.7771000e+04
   0.0000000e+00   0.0000000e+00   5.3133769e+03   1.7884000e+04
   0.0000000e+00   0.0000000e+00   5.3096242e+03   1.8216000e+04
   0.0000000e+00   0.0000000e+00   5.2838539e+03   1.8516000e+04
   0.0000000e+00   0.0000000e+00   5.2724625e+03   1.9327000e+04
   0.0000000e+00   0.0000000e+00   5.2719910e+03   2.1361000e+04
   0.0000000e+00   0.0000000e+00   5.2616657e+03   2.1582000e+04
   0.0000000e+00   0.0000000e+00   5.2604880e+03   2.1805000e+04
   0.0000000e+00   0.0000000e+00   5.2592662e+03   2.6395000e+04
   0.0000000e+00   0.0000000e+00   5.2570683e+03   2.6654000e+04
   0.0000000e+00   0.0000000e+00   5.2556163e+03   2.7024000e+04
   0.0000000e+00   0.0000000e+00   5.2526811e+03   2.8167000e+04
   0.0000000e+00   0.0000000e+00   5.2465844e+03   2.9315000e+04
   0.0000000e+00   0.0000000e+00   5.2443493e+03   3.1166000e+04
   0.0000000e+00   0.0000000e+00   5.2326452e+03   3.1678000e+04
   0.0000000e+00   0.0000000e+00   5.2304101e+03   3.2128000e+04
   0.0000000e+00   0.0000000e+00   5.2269129e+03   3.4645000e+04
   0.0000000e+00   0.0000000e+00   5.2229666e+03   3.4791000e+04
   0.0000000e+00   0.0000000e+00   5.2193684e+03   3.4865000e+04
   0.0000000e+00   0.0000000e+00   5.2142975e+03   3.5346000e+04
   0.0000000e+00   0.0000000e+00   5.2098594e+03   3.9491000e+04
   0.0000000e+00   0.0000000e+00   5.2093663e+03   4.1636000e+04
   0.0000000e+00   0.0000000e+00   5.2072488e+03   4.2009000e+04
   0.0000000e+00   0.0000000e+00   5.2054325e+03   4.2303000e+04
   0.0000000e+00   0.0000000e+00   5.2017678e+03   4.2559000e+04
   0.0000000e+00   0.0000000e+00   5.1965925e+03   4.3158000e+04
   0.0000000e+00   0.0000000e+00   5.1965133e+03   4.3670000e+04
   0.0000000e+00   0.0000000e+00   5.1898651e+03   4.3781000e+04
   0.0000000e+00   0.0000000e+00   5.1873427e+03   4.3783000e+04
   0.0000000e+00   0.0000000e+00   5.1856541e+03   4.5558000e+04
   0.0000000e+00   0.0000000e+00   5.1848063e+03   4.8445000e+04
   0.0000000e+00   0.0000000e+00   5.1834105e+03   4.9592000e+04
   0.0000000e+00   0.0000000e+00   5.1822143e+03   4.9999000e+04
   0.0000000e+00   0.0000000e+00   5.1799792e+03   5.1331000e+04
   0.0000000e+00   0.0000000e+00   5.1780396e+03   5.1627000e+04
   0.0000000e+00   0.0000000e+00   5.1726464e+03   5.8695000e+04
   0.0000000e+00   0.0000000e+00   5.1704113e+03   6.0914000e+04
   0.0000000e+00   0.0000000e+00   5.1579434e+03   6.2061000e+04
   0.0000000e+00   0.0000000e+00   5.1557083e+03   6.3023000e+04
   0.0000000e+00   0.0000000e+00   5.1537716e+03   6.4356000e+04
   0.0000000e+00   0.0000000e+00   5.1444037e+03   6.8868000e+04
   0.0000000e+00   0.0000000e+00   5.1421475e+03   7.1941000e+04
   0.0000000e+00   0.0000000e+00   5.1406928e+03   9.0477000e+04
   0.0000000e+00   0.0000000e+00   5.1390653e+03   9.5028000e+04
   0.0000000e+00   0.0000000e+00   5.1334017e+03   9.7063000e+04
   0.0000000e+00   0.0000000e+00   5.1303971e+03   1.0080100e+05
   0.0000000e+00   0.0000000e+00   5.1266444e+03   1.0353700e+05
   0.0000000e+00   0.0000000e+00   5.1245685e+03   1.0827200e+05
   0.0000000e+00   0.0000000e+00   5.1216516e+03   1.1275200e+05
   0.0000000e+00   0.0000000e+00   5.1208260e+03   1.1645300e+05
   0.0000000e+00   0.0000000e+00   5.1189577e+03   1.1659800e+05
   0.0000000e+00   0.0000000e+00   5.1152811e+03   1.1711700e+05
   0.0000000e+00   0.0000000e+00   5.1149562e+03   1.1719200e+05
   0.0000000e+00   0.0000000e+00   5.1145942e+03   1.1734000e+05
   0.0000000e+00   0.0000000e+00   5.1115553e+03   1.1737700e+05
   0.0000000e+00   0.0000000e+00   5.1101007e+03   1.1752300e+05
   0.0000000e+00   0.0000000e+00   5.1092712e+03   1.2166600e+05
   0.0000000e+00   0.0000000e+00   5.1031835e+03   1.2592200e+05
   0.0000000e+00   0.0000000e+00   5.1003575e+03   1.2906600e+05
   0.0000000e+00   0.0000000e+00   5.0964617e+03   1.3103300e+05
   0.0000000e+00   0.0000000e+00   5.0948775e+03   1.4472000e+05
   0.0000000e+00   0.0000000e+00   5.0917460e+03   1.5208400e+05
   0.0000000e+00   0.0000000e+00   5.0862744e+03   1.5330500e+05
   0.0000000e+00   0.0000000e+00   5.0861947e+03   1.5341300e+05
   0.0000000e+00   0.0000000e+00   5.0847400e+03   1.7465200e+05
