   2.7158151e+02   7.5983559e+00   1.5886073e+04   9.0000000e+00
   2.6436450e+02   6.8350390e+00   1.5865438e+04   1.3000000e+01
   2.6064144e+02   6.5401793e+00   1.5887308e+04   1.5000000e+01
   2.5844432e+02   6.5525220e+00   1.5831827e+04   1.7000000e+01
   2.5795724e+02   6.5858931e+00   1.5772796e+04   1.8000000e+01
   2.4163819e+02   5.6478370e+00   1.5802351e+04   1.9000000e+01
   2.4125636e+02   5.6356893e+00   1.5720540e+04   2.1000000e+01
   2.3299687e+02   5.1489998e+00   1.5779212e+04   2.2000000e+01
   2.2949322e+02   4.9784779e+00   1.5849289e+04   2.3000000e+01
   2.2921471e+02   4.9428019e+00   1.5714470e+04   2.4000000e+01
   2.2469029e+02   3.8709799e+00   1.5783434e+04   2.6000000e+01
   2.1735619e+02   3.5080922e+00   1.5892421e+04   2.7000000e+01
   2.1015999e+02   2.8039793e+00   1.6102107e+04   2.8000000e+01
   2.0641540e+02   2.7852710e+00   1.6197509e+04   2.9000000e+01
   2.0561877e+02   2.5644957e+00   1.6219863e+04   3.0000000e+01
   1.9780160e+02   2.2558858e+00   1.6460967e+04   3.1000000e+01
   1.9587486e+02   2.2328992e+00   1.6790190e+04   3.2000000e+01
   1.9551650e+02   2.1400852e+00   1.7175071e+04   3.3000000e+01
   1.9521133e+02   2.1362969e+00   1.7393456e+04   3.4000000e+01
   1.9289895e+02   1.6671944e+00   1.7869306e+04   3.5000000e+01
   1.8936601e+02   1.4882576e+00   1.8193804e+04   3.6000000e+01
   1.8746008e+02   1.4682689e+00   1.8679945e+04   3.8000000e+01
   1.8394004e+02   1.6091760e+00   1.8468938e+04   4.1000000e+01
   1.6609097e+02   1.5619744e+00   1.8431015e+04   4.8000000e+01
   1.5923276e+02   1.8971911e+00   1.8193189e+04   4.9000000e+01
   1.5510348e+02   1.8808408e+00   1.8147957e+04   5.0000000e+01
   1.4008981e+02   1.5206955e+00   1.8138729e+04   5.1000000e+01
   1.0429896e+02   8.0446404e-01   1.8076662e+04   5.2000000e+01
   1.0322136e+02   7.7625500e-01   1.8071411e+04   5.6000000e+01
   1.0155585e+02   7.4271854e-01   1.7958633e+04   5.7000000e+01
   1.0068547e+02   6.3422104e-01   1.8093543e+04   5.9000000e+01
   9.7546982e+01   6.0075472e-01   1.8039076e+04   6.0000000e+01
   9.7259882e+01   5.7285619e-01   1.8018724e+04   6.1000000e+01
   9.6680678e+01   4.5977848e-01   1.8083373e+04   6.2000000e+01
   9.5177267e+01   4.5196696e-01   1.8182572e+04   6.3000000e+01
   9.4698119e+01   4.3458568e-01   1.8309275e+04   6.4000000e+01
   8.4181726e+01   4.2596256e-01   1.8548567e+04   6.5000000e+01
   8.3795437e+01   4.2733407e-01   1.8550274e+04   6.7000000e+01
   8.3650851e+01   4.0075340e-01   1.8765980e+04   6.8000000e+01
   8.2245414e+01   3.6046226e-01   1.9117732e+04   6.9000000e+01
   8.2219496e+01   3.5979356e-01   1.9175967e+04   7.0000000e+01
   8.2101931e+01   3.5457337e-01   1.9488218e+04   7.1000000e+01
   8.1745549e+01   3.5277389e-01   1.9766408e+04   7.2000000e+01
   8.1611425e+01   3.4810074e-01   2.0017304e+04   7.3000000e+01
   8.1182985e+01   3.3891941e-01   2.0203319e+04   7.4000000e+01
   7.9755487e+01   2.9752598e-01   2.0736894e+04   7.5000000e+01
   7.9299400e+01   2.8089669e-01   2.0535673e+04   8.1000000e+01
   7.6422841e+01   3.3621663e-01   2.0333376e+04   8.2000000e+01
   7.5488007e+01   3.4778936e-01   2.0208296e+04   8.9000000e+01
   7.4837119e+01   3.3611024e-01   2.0021920e+04   9.3000000e+01
   7.4761212e+01   3.1527844e-01   2.0027928e+04   9.6000000e+01
   7.2140678e+01   3.2261025e-01   1.9939370e+04   9.7000000e+01
   7.0976578e+01   3.1224035e-01   1.9702476e+04   9.8000000e+01
   7.0891076e+01   2.9131382e-01   1.9663587e+04   1.0100000e+02
   6.9622549e+01   2.8651608e-01   1.9740627e+04   1.0200000e+02
   6.9558905e+01   2.8669852e-01   1.9764668e+04   1.0300000e+02
   6.6575502e+01   2.1996017e-01   1.9960095e+04   1.0500000e+02
   6.0970802e+01   1.4965197e-01   2.0286339e+04   1.0600000e+02
   6.0089178e+01   1.4952960e-01   2.0494344e+04   1.0700000e+02
   5.9089992e+01   1.4225492e-01   2.0953127e+04   1.0800000e+02
   5.7716085e+01   1.4604303e-01   2.1300832e+04   1.0900000e+02
   5.7131198e+01   1.3543589e-01   2.1535334e+04   1.1000000e+02
   5.6851690e+01   1.2331885e-01   2.1915229e+04   1.1200000e+02
   4.3723122e+01   1.4506915e-01   2.1751498e+04   1.2400000e+02
   3.9454842e+01   1.3208185e-01   2.1768475e+04   1.2600000e+02
   3.9202117e+01   1.3394620e-01   2.1562068e+04   1.2700000e+02
   3.8882489e+01   1.3387568e-01   2.1404015e+04   1.2800000e+02
   3.8773739e+01   1.6900821e-01   2.1123946e+04   1.2900000e+02
   3.7155862e+01   9.5148458e-02   2.0993303e+04   1.3100000e+02
   3.6523704e+01   5.9937929e-02   2.1038473e+04   1.3300000e+02
   3.6399313e+01   5.8330307e-02   2.1038956e+04   1.3400000e+02
   3.6160229e+01   5.1832057e-02   2.0978848e+04   1.3700000e+02
   3.4197265e+01   5.1699697e-02   2.1139206e+04   1.4100000e+02
   3.4124931e+01   5.2290806e-02   2.1180145e+04   1.4300000e+02
   3.4082848e+01   4.5857691e-02   2.1356785e+04   1.4400000e+02
   3.3812095e+01   4.6459271e-02   2.1597129e+04   1.4500000e+02
   3.3711561e+01   4.1988116e-02   2.1904477e+04   1.4600000e+02
   3.3698281e+01   3.9943209e-02   2.2430386e+04   1.4700000e+02
   2.8960876e+01   4.1205322e-02   2.2140236e+04   1.5700000e+02
   2.8674572e+01   4.1813829e-02   2.2112978e+04   1.6300000e+02
   2.8644154e+01   4.1679338e-02   2.1953257e+04   1.6800000e+02
   2.5718134e+01   3.8183453e-02   2.1985473e+04   1.7100000e+02
   2.5489346e+01   2.7530994e-02   2.2131835e+04   1.7500000e+02
   2.5326508e+01   1.7699650e-02   2.2129104e+04   1.7600000e+02
   2.4836753e+01   0.0000000e+00   2.2002898e+04   1.7800000e+02
   2.4552171e+01   0.0000000e+00   2.2260237e+04   1.7900000e+02
   2.4288663e+01   0.0000000e+00   2.2441065e+04   1.8000000e+02
   2.2534726e+01   0.0000000e+00   2.2725513e+04   1.8200000e+02
   2.1663470e+01   0.0000000e+00   2.3068965e+04   1.8300000e+02
   2.1228793e+01   0.0000000e+00   2.3347034e+04   1.8400000e+02
   2.1201686e+01   0.0000000e+00   2.3669867e+04   1.8500000e+02
   2.1199493e+01   0.0000000e+00   2.4364733e+04   1.8600000e+02
   2.0861749e+01   0.0000000e+00   2.4322804e+04   1.9500000e+02
   2.0679106e+01   0.0000000e+00   2.4326608e+04   1.9600000e+02
   2.0229996e+01   0.0000000e+00   2.4078257e+04   1.9900000e+02
   2.0217710e+01   0.0000000e+00   2.3889697e+04   2.0100000e+02
   2.0193402e+01   0.0000000e+00   2.3557149e+04   2.0200000e+02
   2.0165569e+01   0.0000000e+00   2.3454737e+04   2.0300000e+02
   2.0096953e+01   0.0000000e+00   2.3449368e+04   2.0500000e+02
   2.0021842e+01   0.0000000e+00   2.3324965e+04   2.0700000e+02
   1.9876690e+01   0.0000000e+00   2.3309862e+04   2.1000000e+02
   1.9563064e+01   0.0000000e+00   2.3445041e+04   2.1200000e+02
   1.8973256e+01   0.0000000e+00   2.3407312e+04   2.1300000e+02
   1.8937688e+01   0.0000000e+00   2.3439724e+04   2.1500000e+02
   1.8880518e+01   0.0000000e+00   2.3540045e+04   2.1700000e+02
   1.8879577e+01   0.0000000e+00   2.3644518e+04   2.1900000e+02
   8.2318664e+00   0.0000000e+00   2.4136691e+04   2.2100000e+02
   7.7364437e+00   0.0000000e+00   2.4679404e+04   2.2200000e+02
   7.7268702e+00   0.0000000e+00   2.4917905e+04   2.2300000e+02
   7.6391634e+00   0.0000000e+00   2.4689637e+04   2.3000000e+02
   7.6342926e+00   0.0000000e+00   2.4705853e+04   2.3900000e+02
   7.5886076e+00   0.0000000e+00   2.4743078e+04   2.4100000e+02
   7.1747381e+00   0.0000000e+00   2.4587883e+04   2.4300000e+02
   7.1340183e+00   0.0000000e+00   2.4575399e+04   2.4700000e+02
   7.0561812e+00   0.0000000e+00   2.4328101e+04   2.4800000e+02
   7.0237738e+00   0.0000000e+00   2.4331612e+04   2.4900000e+02
   6.9563288e+00   0.0000000e+00   2.4142075e+04   2.5000000e+02
   6.9386654e+00   0.0000000e+00   2.4292839e+04   2.5100000e+02
   6.9071642e+00   0.0000000e+00   2.4055544e+04   2.5200000e+02
   6.8737742e+00   0.0000000e+00   2.4164485e+04   2.5300000e+02
   6.7049900e+00   0.0000000e+00   2.4320518e+04   2.5400000e+02
   6.6970344e+00   0.0000000e+00   2.4489229e+04   2.5500000e+02
   6.6958886e+00   0.0000000e+00   2.4577867e+04   2.5600000e+02
   6.6946129e+00   0.0000000e+00   2.4669712e+04   2.5700000e+02
   6.2964197e+00   0.0000000e+00   2.5264820e+04   2.6000000e+02
   5.8891226e+00   0.0000000e+00   2.5219978e+04   2.7600000e+02
   5.8738967e+00   0.0000000e+00   2.5084520e+04   2.7800000e+02
   5.8611388e+00   0.0000000e+00   2.5067799e+04   2.8200000e+02
   5.8205314e+00   0.0000000e+00   2.4809685e+04   2.8400000e+02
   5.6212914e+00   0.0000000e+00   2.4612159e+04   2.8500000e+02
   5.5927679e+00   0.0000000e+00   2.4652920e+04   2.8700000e+02
   4.9517492e+00   0.0000000e+00   2.4953612e+04   2.9000000e+02
   4.8813274e+00   0.0000000e+00   2.5074009e+04   2.9300000e+02
   4.8573034e+00   0.0000000e+00   2.5341632e+04   2.9400000e+02
   4.8271187e+00   0.0000000e+00   2.5553509e+04   2.9500000e+02
   4.7925572e+00   0.0000000e+00   2.5802127e+04   2.9600000e+02
   3.0249113e+00   0.0000000e+00   2.5655500e+04   3.0400000e+02
   3.0010683e+00   0.0000000e+00   2.5403464e+04   3.1000000e+02
   2.9994638e+00   0.0000000e+00   2.5425378e+04   3.1200000e+02
   2.9765948e+00   0.0000000e+00   2.5401710e+04   3.1300000e+02
   2.9753500e+00   0.0000000e+00   2.5310228e+04   3.1700000e+02
   2.9627465e+00   0.0000000e+00   2.5275061e+04   3.2300000e+02
   2.7091007e+00   0.0000000e+00   2.5312400e+04   3.2400000e+02
   2.7061466e+00   0.0000000e+00   2.5203480e+04   3.2600000e+02
   2.6880097e+00   0.0000000e+00   2.5248688e+04   3.2700000e+02
   2.6462131e+00   0.0000000e+00   2.5542501e+04   3.2800000e+02
   2.6071210e+00   0.0000000e+00   2.5946870e+04   3.3100000e+02
   2.5034096e+00   0.0000000e+00   2.6432336e+04   3.3300000e+02
   2.4928894e+00   0.0000000e+00   2.6862135e+04   3.3400000e+02
   2.4888889e+00   0.0000000e+00   2.6841514e+04   3.5800000e+02
   2.4885009e+00   0.0000000e+00   2.6869018e+04   3.6000000e+02
   2.4881197e+00   0.0000000e+00   2.6896532e+04   3.6100000e+02
   2.4832916e+00   0.0000000e+00   2.6736318e+04   3.6200000e+02
   2.4808044e+00   0.0000000e+00   2.6691456e+04   3.6300000e+02
   1.9056670e+00   0.0000000e+00   2.6938075e+04   3.6400000e+02
   1.8940353e+00   0.0000000e+00   2.6987770e+04   3.6600000e+02
   1.8504064e+00   0.0000000e+00   2.7520202e+04   3.6900000e+02
   1.8305990e+00   0.0000000e+00   2.7896027e+04   3.7000000e+02
   1.7332150e+00   0.0000000e+00   2.8261739e+04   3.7100000e+02
   1.7218653e+00   0.0000000e+00   2.7958217e+04   3.8000000e+02
   1.7185636e+00   0.0000000e+00   2.7942323e+04   3.8400000e+02
   1.7052251e+00   0.0000000e+00   2.7680185e+04   3.8600000e+02
   1.7041438e+00   0.0000000e+00   2.7576666e+04   3.9000000e+02
   1.7035145e+00   0.0000000e+00   2.7275767e+04   3.9100000e+02
   1.7003139e+00   0.0000000e+00   2.7296513e+04   3.9300000e+02
   1.4946765e+00   0.0000000e+00   2.7129930e+04   3.9400000e+02
   1.4923362e+00   0.0000000e+00   2.7043700e+04   3.9800000e+02
   1.3535205e+00   0.0000000e+00   2.7227639e+04   4.0100000e+02
   1.2990197e+00   0.0000000e+00   2.7322206e+04   4.0200000e+02
   1.2988340e+00   0.0000000e+00   2.7546079e+04   4.0500000e+02
   1.2764850e+00   0.0000000e+00   2.7902549e+04   4.0600000e+02
   8.3911567e-02   0.0000000e+00   2.8291362e+04   4.0700000e+02
   7.9824549e-02   0.0000000e+00   2.8196344e+04   4.1600000e+02
   6.8761688e-02   0.0000000e+00   2.7930236e+04   4.1900000e+02
   4.7225959e-02   0.0000000e+00   2.7678238e+04   4.2400000e+02
   4.4106372e-02   0.0000000e+00   2.7339305e+04   4.2500000e+02
   4.4065018e-02   0.0000000e+00   2.7193609e+04   4.2800000e+02
   4.3869930e-02   0.0000000e+00   2.7035016e+04   4.3500000e+02
   4.1186197e-02   0.0000000e+00   2.7190126e+04   4.3700000e+02
   4.1105313e-02   0.0000000e+00   2.7417515e+04   4.4100000e+02
   3.3468307e-02   0.0000000e+00   2.7665351e+04   4.4200000e+02
   2.9617248e-02   0.0000000e+00   2.7821851e+04   4.4500000e+02
   2.8466720e-02   0.0000000e+00   2.7698670e+04   4.5900000e+02
   2.7596645e-02   0.0000000e+00   2.7601265e+04   4.6300000e+02
   2.6886418e-02   0.0000000e+00   2.7616310e+04   4.7400000e+02
   2.4127930e-02   0.0000000e+00   2.7911234e+04   4.7500000e+02
   1.8719522e-02   0.0000000e+00   2.8216903e+04   4.7700000e+02
   1.5852405e-02   0.0000000e+00   2.8484300e+04   4.8000000e+02
   0.0000000e+00   0.0000000e+00   2.8831688e+04   4.8100000e+02
   0.0000000e+00   0.0000000e+00   2.8370423e+04   4.9200000e+02
   0.0000000e+00   0.0000000e+00   2.8335657e+04   4.9300000e+02
   0.0000000e+00   0.0000000e+00   2.8228759e+04   4.9400000e+02
   0.0000000e+00   0.0000000e+00   2.7898882e+04   4.9500000e+02
   0.0000000e+00   0.0000000e+00   2.7823018e+04   4.9600000e+02
   0.0000000e+00   0.0000000e+00   2.7704484e+04   4.9700000e+02
   0.0000000e+00   0.0000000e+00   2.7473326e+04   4.9900000e+02
   0.0000000e+00   0.0000000e+00   2.7350899e+04   5.0000000e+02
   0.0000000e+00   0.0000000e+00   2.7103861e+04   5.0100000e+02
   0.0000000e+00   0.0000000e+00   2.6881167e+04   5.0200000e+02
   0.0000000e+00   0.0000000e+00   2.6696642e+04   5.0300000e+02
   0.0000000e+00   0.0000000e+00   2.6677650e+04   5.0400000e+02
   0.0000000e+00   0.0000000e+00   2.6208524e+04   5.0500000e+02
   0.0000000e+00   0.0000000e+00   2.6120139e+04   5.0600000e+02
   0.0000000e+00   0.0000000e+00   2.6031900e+04   5.0700000e+02
   0.0000000e+00   0.0000000e+00   2.5834314e+04   5.0800000e+02
   0.0000000e+00   0.0000000e+00   2.5564150e+04   5.0900000e+02
   0.0000000e+00   0.0000000e+00   2.5434964e+04   5.1000000e+02
   0.0000000e+00   0.0000000e+00   2.5358242e+04   5.1100000e+02
   0.0000000e+00   0.0000000e+00   2.5297252e+04   5.2700000e+02
   0.0000000e+00   0.0000000e+00   2.4963416e+04   5.3100000e+02
   0.0000000e+00   0.0000000e+00   2.4717170e+04   5.3200000e+02
   0.0000000e+00   0.0000000e+00   2.4480607e+04   5.3400000e+02
   0.0000000e+00   0.0000000e+00   2.4171564e+04   5.3500000e+02
   0.0000000e+00   0.0000000e+00   2.4124900e+04   5.3600000e+02
   0.0000000e+00   0.0000000e+00   2.3888333e+04   5.3700000e+02
   0.0000000e+00   0.0000000e+00   2.3696103e+04   5.4000000e+02
   0.0000000e+00   0.0000000e+00   2.3575734e+04   5.4100000e+02
   0.0000000e+00   0.0000000e+00   2.3535117e+04   5.4300000e+02
   0.0000000e+00   0.0000000e+00   2.3491483e+04   5.4400000e+02
   0.0000000e+00   0.0000000e+00   2.3426731e+04   5.4700000e+02
   0.0000000e+00   0.0000000e+00   2.3010496e+04   5.6400000e+02
   0.0000000e+00   0.0000000e+00   2.2924673e+04   5.6800000e+02
   0.0000000e+00   0.0000000e+00   2.2738624e+04   5.7000000e+02
   0.0000000e+00   0.0000000e+00   2.2618680e+04   5.7300000e+02
   0.0000000e+00   0.0000000e+00   2.2612046e+04   5.7400000e+02
   0.0000000e+00   0.0000000e+00   2.2572649e+04   5.7600000e+02
   0.0000000e+00   0.0000000e+00   2.2349856e+04   5.7900000e+02
   0.0000000e+00   0.0000000e+00   2.2282328e+04   5.8100000e+02
   0.0000000e+00   0.0000000e+00   2.2121872e+04   5.8300000e+02
   0.0000000e+00   0.0000000e+00   2.1875543e+04   6.0600000e+02
   0.0000000e+00   0.0000000e+00   2.1849099e+04   6.0700000e+02
   0.0000000e+00   0.0000000e+00   2.1839922e+04   6.0900000e+02
   0.0000000e+00   0.0000000e+00   2.1778565e+04   6.1000000e+02
   0.0000000e+00   0.0000000e+00   2.1715989e+04   6.1200000e+02
   0.0000000e+00   0.0000000e+00   2.1511870e+04   6.1300000e+02
   0.0000000e+00   0.0000000e+00   2.1052985e+04   6.1500000e+02
   0.0000000e+00   0.0000000e+00   2.0941101e+04   6.2100000e+02
   0.0000000e+00   0.0000000e+00   2.0909321e+04   6.2200000e+02
   0.0000000e+00   0.0000000e+00   2.0834067e+04   6.2300000e+02
   0.0000000e+00   0.0000000e+00   2.0739784e+04   6.3900000e+02
   0.0000000e+00   0.0000000e+00   2.0641658e+04   6.4000000e+02
   0.0000000e+00   0.0000000e+00   2.0479827e+04   6.4100000e+02
   0.0000000e+00   0.0000000e+00   2.0407071e+04   6.4200000e+02
   0.0000000e+00   0.0000000e+00   2.0215946e+04   6.4400000e+02
   0.0000000e+00   0.0000000e+00   2.0047976e+04   6.4700000e+02
   0.0000000e+00   0.0000000e+00   1.9883448e+04   6.4800000e+02
   0.0000000e+00   0.0000000e+00   1.9695573e+04   6.4900000e+02
   0.0000000e+00   0.0000000e+00   1.9577920e+04   6.5100000e+02
   0.0000000e+00   0.0000000e+00   1.9336203e+04   6.5200000e+02
   0.0000000e+00   0.0000000e+00   1.9210943e+04   6.5300000e+02
   0.0000000e+00   0.0000000e+00   1.9144418e+04   6.5600000e+02
   0.0000000e+00   0.0000000e+00   1.9013935e+04   6.7700000e+02
   0.0000000e+00   0.0000000e+00   1.8983014e+04   6.8000000e+02
   0.0000000e+00   0.0000000e+00   1.8864063e+04   6.8600000e+02
   0.0000000e+00   0.0000000e+00   1.8772086e+04   6.8800000e+02
   0.0000000e+00   0.0000000e+00   1.8628642e+04   6.8900000e+02
   0.0000000e+00   0.0000000e+00   1.8550801e+04   6.9000000e+02
   0.0000000e+00   0.0000000e+00   1.8535314e+04   6.9300000e+02
   0.0000000e+00   0.0000000e+00   1.8532493e+04   6.9600000e+02
   0.0000000e+00   0.0000000e+00   1.8287441e+04   7.1200000e+02
   0.0000000e+00   0.0000000e+00   1.8218701e+04   7.1500000e+02
   0.0000000e+00   0.0000000e+00   1.8138818e+04   7.1600000e+02
   0.0000000e+00   0.0000000e+00   1.8027735e+04   7.1700000e+02
   0.0000000e+00   0.0000000e+00   1.7946205e+04   7.1800000e+02
   0.0000000e+00   0.0000000e+00   1.7933866e+04   7.1900000e+02
   0.0000000e+00   0.0000000e+00   1.7873779e+04   7.2000000e+02
   0.0000000e+00   0.0000000e+00   1.7617524e+04   7.2200000e+02
   0.0000000e+00   0.0000000e+00   1.7601672e+04   7.2600000e+02
   0.0000000e+00   0.0000000e+00   1.7559083e+04   7.2800000e+02
   0.0000000e+00   0.0000000e+00   1.7489830e+04   7.3000000e+02
   0.0000000e+00   0.0000000e+00   1.7407560e+04   7.3300000e+02
   0.0000000e+00   0.0000000e+00   1.7323256e+04   7.4800000e+02
   0.0000000e+00   0.0000000e+00   1.7258705e+04   7.5000000e+02
   0.0000000e+00   0.0000000e+00   1.7143979e+04   7.5200000e+02
   0.0000000e+00   0.0000000e+00   1.6877744e+04   7.5300000e+02
   0.0000000e+00   0.0000000e+00   1.6722913e+04   7.5400000e+02
   0.0000000e+00   0.0000000e+00   1.6508814e+04   7.5500000e+02
   0.0000000e+00   0.0000000e+00   1.6463410e+04   7.5600000e+02
   0.0000000e+00   0.0000000e+00   1.6435463e+04   7.6000000e+02
   0.0000000e+00   0.0000000e+00   1.6418906e+04   7.6100000e+02
   0.0000000e+00   0.0000000e+00   1.6342006e+04   7.6200000e+02
   0.0000000e+00   0.0000000e+00   1.6288797e+04   7.6300000e+02
   0.0000000e+00   0.0000000e+00   1.6237268e+04   7.6400000e+02
   0.0000000e+00   0.0000000e+00   1.6135859e+04   7.8700000e+02
   0.0000000e+00   0.0000000e+00   1.6032578e+04   7.8800000e+02
   0.0000000e+00   0.0000000e+00   1.5874289e+04   7.9300000e+02
   0.0000000e+00   0.0000000e+00   1.5707007e+04   7.9600000e+02
   0.0000000e+00   0.0000000e+00   1.5672434e+04   7.9800000e+02
   0.0000000e+00   0.0000000e+00   1.5522466e+04   7.9900000e+02
   0.0000000e+00   0.0000000e+00   1.5477038e+04   8.0500000e+02
   0.0000000e+00   0.0000000e+00   1.5410145e+04   8.2700000e+02
   0.0000000e+00   0.0000000e+00   1.5258663e+04   8.3200000e+02
   0.0000000e+00   0.0000000e+00   1.5150530e+04   8.6300000e+02
   0.0000000e+00   0.0000000e+00   1.5075492e+04   8.6700000e+02
   0.0000000e+00   0.0000000e+00   1.5067258e+04   8.6900000e+02
   0.0000000e+00   0.0000000e+00   1.5000572e+04   8.7000000e+02
   0.0000000e+00   0.0000000e+00   1.4997647e+04   8.7100000e+02
   0.0000000e+00   0.0000000e+00   1.4773241e+04   8.7200000e+02
   0.0000000e+00   0.0000000e+00   1.4767748e+04   8.7700000e+02
   0.0000000e+00   0.0000000e+00   1.4750785e+04   8.7800000e+02
   0.0000000e+00   0.0000000e+00   1.4717455e+04   9.0200000e+02
   0.0000000e+00   0.0000000e+00   1.4576917e+04   9.0300000e+02
   0.0000000e+00   0.0000000e+00   1.4456420e+04   9.0600000e+02
   0.0000000e+00   0.0000000e+00   1.4404169e+04   9.0800000e+02
   0.0000000e+00   0.0000000e+00   1.4377649e+04   9.0900000e+02
   0.0000000e+00   0.0000000e+00   1.4319144e+04   9.3800000e+02
   0.0000000e+00   0.0000000e+00   1.4303035e+04   9.3900000e+02
   0.0000000e+00   0.0000000e+00   1.4238139e+04   9.4100000e+02
   0.0000000e+00   0.0000000e+00   1.4182888e+04   9.4700000e+02
   0.0000000e+00   0.0000000e+00   1.4152998e+04   9.7700000e+02
   0.0000000e+00   0.0000000e+00   1.4099664e+04   9.7800000e+02
   0.0000000e+00   0.0000000e+00   1.4070794e+04   9.7900000e+02
   0.0000000e+00   0.0000000e+00   1.4067987e+04   9.8400000e+02
   0.0000000e+00   0.0000000e+00   1.3986160e+04   9.8700000e+02
   0.0000000e+00   0.0000000e+00   1.3909500e+04   9.8800000e+02
   0.0000000e+00   0.0000000e+00   1.3856078e+04   1.0090000e+03
   0.0000000e+00   0.0000000e+00   1.3721958e+04   1.0130000e+03
   0.0000000e+00   0.0000000e+00   1.3560726e+04   1.0140000e+03
   0.0000000e+00   0.0000000e+00   1.3550001e+04   1.0190000e+03
   0.0000000e+00   0.0000000e+00   1.3522786e+04   1.0200000e+03
   0.0000000e+00   0.0000000e+00   1.3522271e+04   1.0210000e+03
   0.0000000e+00   0.0000000e+00   1.3510939e+04   1.0480000e+03
   0.0000000e+00   0.0000000e+00   1.3496678e+04   1.0500000e+03
   0.0000000e+00   0.0000000e+00   1.3458329e+04   1.0510000e+03
   0.0000000e+00   0.0000000e+00   1.3271260e+04   1.0550000e+03
   0.0000000e+00   0.0000000e+00   1.3094696e+04   1.0580000e+03
   0.0000000e+00   0.0000000e+00   1.3085177e+04   1.0610000e+03
   0.0000000e+00   0.0000000e+00   1.3036758e+04   1.0850000e+03
   0.0000000e+00   0.0000000e+00   1.3030237e+04   1.0880000e+03
   0.0000000e+00   0.0000000e+00   1.2998487e+04   1.0910000e+03
   0.0000000e+00   0.0000000e+00   1.2994031e+04   1.0920000e+03
   0.0000000e+00   0.0000000e+00   1.2960392e+04   1.0930000e+03
   0.0000000e+00   0.0000000e+00   1.2927887e+04   1.1240000e+03
   0.0000000e+00   0.0000000e+00   1.2922588e+04   1.1260000e+03
   0.0000000e+00   0.0000000e+00   1.2844132e+04   1.1280000e+03
   0.0000000e+00   0.0000000e+00   1.2833758e+04   1.1600000e+03
   0.0000000e+00   0.0000000e+00   1.2730273e+04   1.1960000e+03
   0.0000000e+00   0.0000000e+00   1.2657585e+04   1.1980000e+03
   0.0000000e+00   0.0000000e+00   1.2632687e+04   1.1990000e+03
   0.0000000e+00   0.0000000e+00   1.2604995e+04   1.2000000e+03
   0.0000000e+00   0.0000000e+00   1.2479422e+04   1.2010000e+03
   0.0000000e+00   0.0000000e+00   1.2454937e+04   1.2040000e+03
   0.0000000e+00   0.0000000e+00   1.2380608e+04   1.2050000e+03
   0.0000000e+00   0.0000000e+00   1.2283008e+04   1.2300000e+03
   0.0000000e+00   0.0000000e+00   1.2201668e+04   1.2340000e+03
   0.0000000e+00   0.0000000e+00   1.2177517e+04   1.2350000e+03
   0.0000000e+00   0.0000000e+00   1.2139717e+04   1.2380000e+03
   0.0000000e+00   0.0000000e+00   1.2106280e+04   1.2400000e+03
   0.0000000e+00   0.0000000e+00   1.2022172e+04   1.2420000e+03
   0.0000000e+00   0.0000000e+00   1.2011247e+04   1.2430000e+03
   0.0000000e+00   0.0000000e+00   1.1986826e+04   1.2490000e+03
   0.0000000e+00   0.0000000e+00   1.1753612e+04   1.2710000e+03
   0.0000000e+00   0.0000000e+00   1.1725511e+04   1.2720000e+03
   0.0000000e+00   0.0000000e+00   1.1710423e+04   1.2740000e+03
   0.0000000e+00   0.0000000e+00   1.1706130e+04   1.2750000e+03
   0.0000000e+00   0.0000000e+00   1.1625893e+04   1.2770000e+03
   0.0000000e+00   0.0000000e+00   1.1573594e+04   1.2850000e+03
   0.0000000e+00   0.0000000e+00   1.1528755e+04   1.3090000e+03
   0.0000000e+00   0.0000000e+00   1.1489193e+04   1.3100000e+03
   0.0000000e+00   0.0000000e+00   1.1460027e+04   1.3130000e+03
   0.0000000e+00   0.0000000e+00   1.1445438e+04   1.3450000e+03
   0.0000000e+00   0.0000000e+00   1.1423710e+04   1.3480000e+03
   0.0000000e+00   0.0000000e+00   1.1405477e+04   1.3500000e+03
   0.0000000e+00   0.0000000e+00   1.1179108e+04   1.3510000e+03
   0.0000000e+00   0.0000000e+00   1.1105327e+04   1.3550000e+03
   0.0000000e+00   0.0000000e+00   1.1018097e+04   1.3570000e+03
   0.0000000e+00   0.0000000e+00   1.0947042e+04   1.3770000e+03
   0.0000000e+00   0.0000000e+00   1.0913087e+04   1.3790000e+03
   0.0000000e+00   0.0000000e+00   1.0892526e+04   1.3800000e+03
   0.0000000e+00   0.0000000e+00   1.0846628e+04   1.3810000e+03
   0.0000000e+00   0.0000000e+00   1.0814115e+04   1.4150000e+03
   0.0000000e+00   0.0000000e+00   1.0764716e+04   1.4170000e+03
   0.0000000e+00   0.0000000e+00   1.0750587e+04   1.4190000e+03
   0.0000000e+00   0.0000000e+00   1.0672104e+04   1.4210000e+03
   0.0000000e+00   0.0000000e+00   1.0524538e+04   1.4260000e+03
   0.0000000e+00   0.0000000e+00   1.0453613e+04   1.4610000e+03
   0.0000000e+00   0.0000000e+00   1.0448150e+04   1.4620000e+03
   0.0000000e+00   0.0000000e+00   1.0423543e+04   1.4930000e+03
   0.0000000e+00   0.0000000e+00   1.0404787e+04   1.4940000e+03
   0.0000000e+00   0.0000000e+00   1.0387196e+04   1.4960000e+03
   0.0000000e+00   0.0000000e+00   1.0196553e+04   1.4990000e+03
   0.0000000e+00   0.0000000e+00   1.0174461e+04   1.5290000e+03
   0.0000000e+00   0.0000000e+00   1.0141687e+04   1.5310000e+03
   0.0000000e+00   0.0000000e+00   1.0061241e+04   1.5320000e+03
   0.0000000e+00   0.0000000e+00   1.0058530e+04   1.5470000e+03
   0.0000000e+00   0.0000000e+00   1.0014412e+04   1.5660000e+03
   0.0000000e+00   0.0000000e+00   1.0007691e+04   1.5670000e+03
   0.0000000e+00   0.0000000e+00   1.0003729e+04   1.5700000e+03
   0.0000000e+00   0.0000000e+00   9.9553257e+03   1.5710000e+03
   0.0000000e+00   0.0000000e+00   9.9453546e+03   1.5720000e+03
   0.0000000e+00   0.0000000e+00   9.9446013e+03   1.6060000e+03
   0.0000000e+00   0.0000000e+00   9.9144521e+03   1.6110000e+03
   0.0000000e+00   0.0000000e+00   9.8734474e+03   1.6170000e+03
   0.0000000e+00   0.0000000e+00   9.8148530e+03   1.6430000e+03
   0.0000000e+00   0.0000000e+00   9.7961203e+03   1.6480000e+03
   0.0000000e+00   0.0000000e+00   9.7718929e+03   1.6800000e+03
   0.0000000e+00   0.0000000e+00   9.7707598e+03   1.6840000e+03
   0.0000000e+00   0.0000000e+00   9.6610444e+03   1.7140000e+03
   0.0000000e+00   0.0000000e+00   9.5909393e+03   1.7160000e+03
   0.0000000e+00   0.0000000e+00   9.5888581e+03   1.7180000e+03
   0.0000000e+00   0.0000000e+00   9.5864464e+03   1.7200000e+03
   0.0000000e+00   0.0000000e+00   9.5745579e+03   1.7230000e+03
   0.0000000e+00   0.0000000e+00   9.4414134e+03   1.7260000e+03
   0.0000000e+00   0.0000000e+00   9.4069756e+03   1.7290000e+03
   0.0000000e+00   0.0000000e+00   9.3630504e+03   1.7550000e+03
   0.0000000e+00   0.0000000e+00   9.2947163e+03   1.7560000e+03
   0.0000000e+00   0.0000000e+00   9.2391923e+03   1.7910000e+03
   0.0000000e+00   0.0000000e+00   9.1747621e+03   1.7920000e+03
   0.0000000e+00   0.0000000e+00   9.1621940e+03   1.7950000e+03
   0.0000000e+00   0.0000000e+00   9.0468756e+03   1.7970000e+03
   0.0000000e+00   0.0000000e+00   9.0227753e+03   1.8240000e+03
   0.0000000e+00   0.0000000e+00   9.0059782e+03   1.8270000e+03
   0.0000000e+00   0.0000000e+00   8.9867204e+03   1.8290000e+03
   0.0000000e+00   0.0000000e+00   8.9474645e+03   1.8300000e+03
   0.0000000e+00   0.0000000e+00   8.9104085e+03   1.8310000e+03
   0.0000000e+00   0.0000000e+00   8.8163377e+03   1.8590000e+03
   0.0000000e+00   0.0000000e+00   8.8054436e+03   1.8630000e+03
   0.0000000e+00   0.0000000e+00   8.8047807e+03   1.8690000e+03
   0.0000000e+00   0.0000000e+00   8.7952711e+03   1.9020000e+03
   0.0000000e+00   0.0000000e+00   8.7716309e+03   1.9030000e+03
   0.0000000e+00   0.0000000e+00   8.7242975e+03   1.9420000e+03
   0.0000000e+00   0.0000000e+00   8.7085749e+03   1.9800000e+03
   0.0000000e+00   0.0000000e+00   8.6983000e+03   2.0120000e+03
   0.0000000e+00   0.0000000e+00   8.6649925e+03   2.0190000e+03
   0.0000000e+00   0.0000000e+00   8.6423932e+03   2.0470000e+03
   0.0000000e+00   0.0000000e+00   8.6147123e+03   2.0480000e+03
   0.0000000e+00   0.0000000e+00   8.6103174e+03   2.0500000e+03
   0.0000000e+00   0.0000000e+00   8.5495423e+03   2.0520000e+03
   0.0000000e+00   0.0000000e+00   8.5153758e+03   2.0870000e+03
   0.0000000e+00   0.0000000e+00   8.4782990e+03   2.1620000e+03
   0.0000000e+00   0.0000000e+00   8.4571027e+03   2.2020000e+03
   0.0000000e+00   0.0000000e+00   8.3371454e+03   2.2090000e+03
   0.0000000e+00   0.0000000e+00   8.2995168e+03   2.2350000e+03
   0.0000000e+00   0.0000000e+00   8.2943350e+03   2.2360000e+03
   0.0000000e+00   0.0000000e+00   8.2879351e+03   2.2370000e+03
   0.0000000e+00   0.0000000e+00   8.2855740e+03   2.2380000e+03
   0.0000000e+00   0.0000000e+00   8.2726755e+03   2.2730000e+03
   0.0000000e+00   0.0000000e+00   8.2115478e+03   2.3040000e+03
   0.0000000e+00   0.0000000e+00   8.2097613e+03   2.3090000e+03
   0.0000000e+00   0.0000000e+00   8.1966286e+03   2.3470000e+03
   0.0000000e+00   0.0000000e+00   8.1930682e+03   2.4210000e+03
   0.0000000e+00   0.0000000e+00   8.1680733e+03   2.4580000e+03
   0.0000000e+00   0.0000000e+00   8.1638411e+03   2.5310000e+03
   0.0000000e+00   0.0000000e+00   8.1543799e+03   2.5320000e+03
   0.0000000e+00   0.0000000e+00   8.1519741e+03   2.6030000e+03
   0.0000000e+00   0.0000000e+00   8.1444226e+03   2.6050000e+03
   0.0000000e+00   0.0000000e+00   8.1362792e+03   2.6080000e+03
   0.0000000e+00   0.0000000e+00   8.1292317e+03   2.6430000e+03
   0.0000000e+00   0.0000000e+00   8.1174086e+03   2.6440000e+03
   0.0000000e+00   0.0000000e+00   8.0793756e+03   2.7130000e+03
   0.0000000e+00   0.0000000e+00   8.0769588e+03   2.7150000e+03
   0.0000000e+00   0.0000000e+00   8.0389863e+03   2.7890000e+03
   0.0000000e+00   0.0000000e+00   8.0295207e+03   2.9090000e+03
   0.0000000e+00   0.0000000e+00   7.9841326e+03   2.9350000e+03
   0.0000000e+00   0.0000000e+00   7.9792536e+03   2.9390000e+03
   0.0000000e+00   0.0000000e+00   7.9562499e+03   3.0150000e+03
   0.0000000e+00   0.0000000e+00   7.8971341e+03   3.0450000e+03
   0.0000000e+00   0.0000000e+00   7.8959865e+03   3.0470000e+03
   0.0000000e+00   0.0000000e+00   7.8874393e+03   3.0520000e+03
   0.0000000e+00   0.0000000e+00   7.8757617e+03   3.0840000e+03
   0.0000000e+00   0.0000000e+00   7.8400042e+03   3.0850000e+03
   0.0000000e+00   0.0000000e+00   7.8189220e+03   3.1970000e+03
   0.0000000e+00   0.0000000e+00   7.7646984e+03   3.3020000e+03
   0.0000000e+00   0.0000000e+00   7.7446086e+03   3.3800000e+03
   0.0000000e+00   0.0000000e+00   7.7295609e+03   3.3830000e+03
   0.0000000e+00   0.0000000e+00   7.6343305e+03   3.4280000e+03
   0.0000000e+00   0.0000000e+00   7.5540089e+03   3.4580000e+03
   0.0000000e+00   0.0000000e+00   7.5390423e+03   3.5660000e+03
   0.0000000e+00   0.0000000e+00   7.5346283e+03   3.6460000e+03
   0.0000000e+00   0.0000000e+00   7.5134704e+03   3.6760000e+03
   0.0000000e+00   0.0000000e+00   7.4972866e+03   3.7090000e+03
   0.0000000e+00   0.0000000e+00   7.4863491e+03   3.7140000e+03
   0.0000000e+00   0.0000000e+00   7.4798280e+03   3.7880000e+03
   0.0000000e+00   0.0000000e+00   7.4773219e+03   3.7930000e+03
   0.0000000e+00   0.0000000e+00   7.4321574e+03   3.8240000e+03
   0.0000000e+00   0.0000000e+00   7.3898346e+03   3.8610000e+03
   0.0000000e+00   0.0000000e+00   7.3391032e+03   3.8620000e+03
   0.0000000e+00   0.0000000e+00   7.3329091e+03   3.8670000e+03
   0.0000000e+00   0.0000000e+00   7.3243579e+03   3.9020000e+03
   0.0000000e+00   0.0000000e+00   7.2729399e+03   3.9360000e+03
   0.0000000e+00   0.0000000e+00   7.1473767e+03   3.9460000e+03
   0.0000000e+00   0.0000000e+00   7.1466591e+03   3.9750000e+03
   0.0000000e+00   0.0000000e+00   7.1247230e+03   4.0090000e+03
   0.0000000e+00   0.0000000e+00   7.1120214e+03   4.0120000e+03
   0.0000000e+00   0.0000000e+00   7.1064152e+03   4.0430000e+03
   0.0000000e+00   0.0000000e+00   7.0741921e+03   4.1190000e+03
   0.0000000e+00   0.0000000e+00   7.0632705e+03   4.1210000e+03
   0.0000000e+00   0.0000000e+00   7.0093747e+03   4.2260000e+03
   0.0000000e+00   0.0000000e+00   6.9934780e+03   4.3780000e+03
   0.0000000e+00   0.0000000e+00   6.9813783e+03   4.3810000e+03
   0.0000000e+00   0.0000000e+00   6.9688930e+03   4.4230000e+03
   0.0000000e+00   0.0000000e+00   6.9430088e+03   4.4540000e+03
   0.0000000e+00   0.0000000e+00   6.9331252e+03   4.4890000e+03
   0.0000000e+00   0.0000000e+00   6.9288637e+03   4.4910000e+03
   0.0000000e+00   0.0000000e+00   6.9145735e+03   4.4920000e+03
   0.0000000e+00   0.0000000e+00   6.8991934e+03   4.5250000e+03
   0.0000000e+00   0.0000000e+00   6.8972130e+03   4.5280000e+03
   0.0000000e+00   0.0000000e+00   6.8747769e+03   4.6000000e+03
   0.0000000e+00   0.0000000e+00   6.8740532e+03   4.6400000e+03
   0.0000000e+00   0.0000000e+00   6.8635865e+03   4.6420000e+03
   0.0000000e+00   0.0000000e+00   6.8556543e+03   4.6730000e+03
   0.0000000e+00   0.0000000e+00   6.8259603e+03   4.6740000e+03
   0.0000000e+00   0.0000000e+00   6.8121656e+03   4.9730000e+03
   0.0000000e+00   0.0000000e+00   6.8110709e+03   5.4530000e+03
   0.0000000e+00   0.0000000e+00   6.7886885e+03   5.4550000e+03
   0.0000000e+00   0.0000000e+00   6.7859508e+03   5.6010000e+03
   0.0000000e+00   0.0000000e+00   6.7804081e+03   5.7120000e+03
   0.0000000e+00   0.0000000e+00   6.7722848e+03   5.7470000e+03
   0.0000000e+00   0.0000000e+00   6.7386978e+03   5.7490000e+03
   0.0000000e+00   0.0000000e+00   6.7196393e+03   5.7860000e+03
   0.0000000e+00   0.0000000e+00   6.7050442e+03   5.8970000e+03
   0.0000000e+00   0.0000000e+00   6.7020234e+03   5.9350000e+03
   0.0000000e+00   0.0000000e+00   6.6981460e+03   6.0050000e+03
   0.0000000e+00   0.0000000e+00   6.6774547e+03   6.0450000e+03
   0.0000000e+00   0.0000000e+00   6.6587234e+03   6.1560000e+03
   0.0000000e+00   0.0000000e+00   6.6437163e+03   6.1580000e+03
   0.0000000e+00   0.0000000e+00   6.6122936e+03   6.1910000e+03
   0.0000000e+00   0.0000000e+00   6.5860174e+03   6.3390000e+03
   0.0000000e+00   0.0000000e+00   6.5766326e+03   6.3410000e+03
   0.0000000e+00   0.0000000e+00   6.5621998e+03   6.3740000e+03
   0.0000000e+00   0.0000000e+00   6.5571658e+03   6.4150000e+03
   0.0000000e+00   0.0000000e+00   6.5508674e+03   6.6390000e+03
   0.0000000e+00   0.0000000e+00   6.5122953e+03   6.8570000e+03
   0.0000000e+00   0.0000000e+00   6.5076302e+03   7.0790000e+03
   0.0000000e+00   0.0000000e+00   6.5025086e+03   7.3770000e+03
   0.0000000e+00   0.0000000e+00   6.4964208e+03   7.4860000e+03
   0.0000000e+00   0.0000000e+00   6.4909233e+03   7.9700000e+03
   0.0000000e+00   0.0000000e+00   6.4907220e+03   8.4870000e+03
   0.0000000e+00   0.0000000e+00   6.4894626e+03   9.3430000e+03
   0.0000000e+00   0.0000000e+00   6.4874458e+03   9.3790000e+03
   0.0000000e+00   0.0000000e+00   6.4708316e+03   9.5210000e+03
   0.0000000e+00   0.0000000e+00   6.4592287e+03   9.5580000e+03
   0.0000000e+00   0.0000000e+00   6.4415510e+03   9.5600000e+03
   0.0000000e+00   0.0000000e+00   6.4381530e+03   9.6710000e+03
   0.0000000e+00   0.0000000e+00   6.4165138e+03   9.6830000e+03
   0.0000000e+00   0.0000000e+00   6.3997032e+03   9.7070000e+03
   0.0000000e+00   0.0000000e+00   6.3772056e+03   9.8190000e+03
   0.0000000e+00   0.0000000e+00   6.3682451e+03   1.0227000e+04
   0.0000000e+00   0.0000000e+00   6.3593351e+03   1.0373000e+04
   0.0000000e+00   0.0000000e+00   6.3518765e+03   1.0558000e+04
   0.0000000e+00   0.0000000e+00   6.3499814e+03   1.0668000e+04
   0.0000000e+00   0.0000000e+00   6.3479389e+03   1.0671000e+04
   0.0000000e+00   0.0000000e+00   6.3419944e+03   1.0672000e+04
   0.0000000e+00   0.0000000e+00   6.3350334e+03   1.0704000e+04
   0.0000000e+00   0.0000000e+00   6.3346977e+03   1.0818000e+04
   0.0000000e+00   0.0000000e+00   6.3339853e+03   1.1113000e+04
   0.0000000e+00   0.0000000e+00   6.3294186e+03   1.1742000e+04
   0.0000000e+00   0.0000000e+00   6.3255980e+03   1.2298000e+04
   0.0000000e+00   0.0000000e+00   6.3123108e+03   1.2408000e+04
   0.0000000e+00   0.0000000e+00   6.3122168e+03   1.2636000e+04
   0.0000000e+00   0.0000000e+00   6.3109742e+03   1.2668000e+04
   0.0000000e+00   0.0000000e+00   6.3099838e+03   1.2704000e+04
   0.0000000e+00   0.0000000e+00   6.3060219e+03   1.2740000e+04
   0.0000000e+00   0.0000000e+00   6.3028623e+03   1.2816000e+04
   0.0000000e+00   0.0000000e+00   6.3005618e+03   1.2856000e+04
   0.0000000e+00   0.0000000e+00   6.2922784e+03   1.2963000e+04
   0.0000000e+00   0.0000000e+00   6.2919334e+03   1.3112000e+04
   0.0000000e+00   0.0000000e+00   6.2871807e+03   1.3186000e+04
   0.0000000e+00   0.0000000e+00   6.2759139e+03   1.3260000e+04
   0.0000000e+00   0.0000000e+00   6.2729133e+03   1.3261000e+04
   0.0000000e+00   0.0000000e+00   6.2219212e+03   1.3406000e+04
   0.0000000e+00   0.0000000e+00   6.2142465e+03   1.3666000e+04
   0.0000000e+00   0.0000000e+00   6.2100795e+03   1.3706000e+04
   0.0000000e+00   0.0000000e+00   6.1903209e+03   1.3997000e+04
   0.0000000e+00   0.0000000e+00   6.1768085e+03   1.4079000e+04
   0.0000000e+00   0.0000000e+00   6.1663418e+03   1.4112000e+04
   0.0000000e+00   0.0000000e+00   6.1522723e+03   1.4115000e+04
   0.0000000e+00   0.0000000e+00   6.1459298e+03   1.4265000e+04
   0.0000000e+00   0.0000000e+00   6.1158456e+03   1.4407000e+04
   0.0000000e+00   0.0000000e+00   6.0857205e+03   1.4442000e+04
   0.0000000e+00   0.0000000e+00   6.0842933e+03   1.4445000e+04
   0.0000000e+00   0.0000000e+00   6.0689946e+03   1.4477000e+04
   0.0000000e+00   0.0000000e+00   6.0540832e+03   1.4554000e+04
   0.0000000e+00   0.0000000e+00   6.0315928e+03   1.4626000e+04
   0.0000000e+00   0.0000000e+00   6.0293147e+03   1.4628000e+04
   0.0000000e+00   0.0000000e+00   6.0147687e+03   1.4665000e+04
   0.0000000e+00   0.0000000e+00   6.0120767e+03   1.4706000e+04
   0.0000000e+00   0.0000000e+00   5.9870123e+03   1.4818000e+04
   0.0000000e+00   0.0000000e+00   5.9771934e+03   1.4962000e+04
   0.0000000e+00   0.0000000e+00   5.9767369e+03   1.5187000e+04
   0.0000000e+00   0.0000000e+00   5.9756710e+03   1.5369000e+04
   0.0000000e+00   0.0000000e+00   5.9715915e+03   1.5516000e+04
   0.0000000e+00   0.0000000e+00   5.9690390e+03   1.5591000e+04
   0.0000000e+00   0.0000000e+00   5.9617269e+03   1.5701000e+04
   0.0000000e+00   0.0000000e+00   5.9520321e+03   1.5811000e+04
   0.0000000e+00   0.0000000e+00   5.9438368e+03   1.5812000e+04
   0.0000000e+00   0.0000000e+00   5.9379399e+03   1.5819000e+04
   0.0000000e+00   0.0000000e+00   5.9207817e+03   1.5882000e+04
   0.0000000e+00   0.0000000e+00   5.9017806e+03   1.6550000e+04
   0.0000000e+00   0.0000000e+00   5.9014419e+03   1.6849000e+04
   0.0000000e+00   0.0000000e+00   5.8972003e+03   1.7108000e+04
   0.0000000e+00   0.0000000e+00   5.8810232e+03   1.7219000e+04
   0.0000000e+00   0.0000000e+00   5.8779322e+03   1.7256000e+04
   0.0000000e+00   0.0000000e+00   5.8685159e+03   1.7290000e+04
   0.0000000e+00   0.0000000e+00   5.8632899e+03   1.7293000e+04
   0.0000000e+00   0.0000000e+00   5.8613977e+03   1.7367000e+04
   0.0000000e+00   0.0000000e+00   5.8487126e+03   1.7440000e+04
   0.0000000e+00   0.0000000e+00   5.8164448e+03   1.7588000e+04
   0.0000000e+00   0.0000000e+00   5.8086768e+03   1.7591000e+04
   0.0000000e+00   0.0000000e+00   5.8077957e+03   1.7850000e+04
   0.0000000e+00   0.0000000e+00   5.8045677e+03   1.8180000e+04
   0.0000000e+00   0.0000000e+00   5.8019276e+03   1.8219000e+04
   0.0000000e+00   0.0000000e+00   5.7849377e+03   1.8401000e+04
   0.0000000e+00   0.0000000e+00   5.7807981e+03   1.8407000e+04
   0.0000000e+00   0.0000000e+00   5.7718865e+03   1.8439000e+04
   0.0000000e+00   0.0000000e+00   5.7673224e+03   1.8441000e+04
   0.0000000e+00   0.0000000e+00   5.7626679e+03   1.8477000e+04
   0.0000000e+00   0.0000000e+00   5.7611938e+03   1.8549000e+04
   0.0000000e+00   0.0000000e+00   5.7580682e+03   1.8550000e+04
   0.0000000e+00   0.0000000e+00   5.7461949e+03   1.8551000e+04
   0.0000000e+00   0.0000000e+00   5.7428806e+03   1.8957000e+04
   0.0000000e+00   0.0000000e+00   5.7396263e+03   1.8958000e+04
   0.0000000e+00   0.0000000e+00   5.7220885e+03   1.9138000e+04
   0.0000000e+00   0.0000000e+00   5.7200357e+03   1.9179000e+04
   0.0000000e+00   0.0000000e+00   5.7079986e+03   1.9291000e+04
   0.0000000e+00   0.0000000e+00   5.6927327e+03   1.9510000e+04
   0.0000000e+00   0.0000000e+00   5.6910830e+03   1.9549000e+04
   0.0000000e+00   0.0000000e+00   5.6757185e+03   1.9622000e+04
   0.0000000e+00   0.0000000e+00   5.6756174e+03   1.9845000e+04
   0.0000000e+00   0.0000000e+00   5.6747114e+03   2.0178000e+04
   0.0000000e+00   0.0000000e+00   5.6653904e+03   2.0475000e+04
   0.0000000e+00   0.0000000e+00   5.6634598e+03   2.1214000e+04
   0.0000000e+00   0.0000000e+00   5.6573720e+03   2.2360000e+04
   0.0000000e+00   0.0000000e+00   5.6548631e+03   2.2361000e+04
   0.0000000e+00   0.0000000e+00   5.6522594e+03   2.2547000e+04
   0.0000000e+00   0.0000000e+00   5.6503081e+03   2.2806000e+04
   0.0000000e+00   0.0000000e+00   5.6455586e+03   2.3252000e+04
   0.0000000e+00   0.0000000e+00   5.6435451e+03   2.3286000e+04
   0.0000000e+00   0.0000000e+00   5.6262480e+03   2.3396000e+04
   0.0000000e+00   0.0000000e+00   5.6204818e+03   2.3618000e+04
   0.0000000e+00   0.0000000e+00   5.6156770e+03   2.3763000e+04
   0.0000000e+00   0.0000000e+00   5.6074420e+03   2.4026000e+04
   0.0000000e+00   0.0000000e+00   5.6017927e+03   2.4284000e+04
   0.0000000e+00   0.0000000e+00   5.6017626e+03   2.4360000e+04
   0.0000000e+00   0.0000000e+00   5.6013407e+03   2.4507000e+04
   0.0000000e+00   0.0000000e+00   5.5864417e+03   2.4838000e+04
   0.0000000e+00   0.0000000e+00   5.5661423e+03   2.4872000e+04
   0.0000000e+00   0.0000000e+00   5.5623971e+03   2.5137000e+04
   0.0000000e+00   0.0000000e+00   5.5618035e+03   2.5208000e+04
   0.0000000e+00   0.0000000e+00   5.5562427e+03   2.5322000e+04
   0.0000000e+00   0.0000000e+00   5.5520209e+03   2.5543000e+04
   0.0000000e+00   0.0000000e+00   5.5514761e+03   2.5581000e+04
   0.0000000e+00   0.0000000e+00   5.5494559e+03   2.5729000e+04
   0.0000000e+00   0.0000000e+00   5.5467936e+03   2.5766000e+04
   0.0000000e+00   0.0000000e+00   5.5454062e+03   2.6063000e+04
   0.0000000e+00   0.0000000e+00   5.5446257e+03   2.7356000e+04
   0.0000000e+00   0.0000000e+00   5.5423906e+03   2.7613000e+04
   0.0000000e+00   0.0000000e+00   5.5413328e+03   2.7947000e+04
   0.0000000e+00   0.0000000e+00   5.5372764e+03   2.8392000e+04
   0.0000000e+00   0.0000000e+00   5.5305809e+03   2.8650000e+04
   0.0000000e+00   0.0000000e+00   5.5264415e+03   2.9317000e+04
   0.0000000e+00   0.0000000e+00   5.5205277e+03   2.9835000e+04
   0.0000000e+00   0.0000000e+00   5.5154776e+03   3.0502000e+04
   0.0000000e+00   0.0000000e+00   5.5113947e+03   3.0833000e+04
   0.0000000e+00   0.0000000e+00   5.5084114e+03   3.1131000e+04
   0.0000000e+00   0.0000000e+00   5.4994682e+03   3.1167000e+04
   0.0000000e+00   0.0000000e+00   5.4872241e+03   3.2166000e+04
   0.0000000e+00   0.0000000e+00   5.4829725e+03   3.2425000e+04
   0.0000000e+00   0.0000000e+00   5.4808659e+03   3.2726000e+04
   0.0000000e+00   0.0000000e+00   5.4803478e+03   3.2758000e+04
   0.0000000e+00   0.0000000e+00   5.4728054e+03   3.3089000e+04
   0.0000000e+00   0.0000000e+00   5.4656674e+03   3.3094000e+04
   0.0000000e+00   0.0000000e+00   5.4555438e+03   3.3533000e+04
   0.0000000e+00   0.0000000e+00   5.4549697e+03   3.3610000e+04
   0.0000000e+00   0.0000000e+00   5.4539154e+03   3.3646000e+04
   0.0000000e+00   0.0000000e+00   5.4519427e+03   3.3794000e+04
   0.0000000e+00   0.0000000e+00   5.4492819e+03   3.4053000e+04
   0.0000000e+00   0.0000000e+00   5.4471916e+03   3.5126000e+04
   0.0000000e+00   0.0000000e+00   5.4361641e+03   3.5494000e+04
   0.0000000e+00   0.0000000e+00   5.4263136e+03   3.5645000e+04
   0.0000000e+00   0.0000000e+00   5.4148452e+03   3.6419000e+04
   0.0000000e+00   0.0000000e+00   5.4094352e+03   3.6754000e+04
   0.0000000e+00   0.0000000e+00   5.4091767e+03   3.7975000e+04
   0.0000000e+00   0.0000000e+00   5.4077221e+03   3.8084000e+04
   0.0000000e+00   0.0000000e+00   5.4000148e+03   4.1082000e+04
   0.0000000e+00   0.0000000e+00   5.3953270e+03   4.1193000e+04
   0.0000000e+00   0.0000000e+00   5.3875871e+03   4.1528000e+04
   0.0000000e+00   0.0000000e+00   5.3772052e+03   4.1939000e+04
   0.0000000e+00   0.0000000e+00   5.3770278e+03   4.1971000e+04
   0.0000000e+00   0.0000000e+00   5.3717252e+03   4.2600000e+04
   0.0000000e+00   0.0000000e+00   5.3703294e+03   4.3005000e+04
   0.0000000e+00   0.0000000e+00   5.3666600e+03   4.3525000e+04
   0.0000000e+00   0.0000000e+00   5.3610298e+03   4.3602000e+04
   0.0000000e+00   0.0000000e+00   5.3472737e+03   4.4965000e+04
   0.0000000e+00   0.0000000e+00   5.3454660e+03   4.5598000e+04
   0.0000000e+00   0.0000000e+00   5.3401951e+03   4.6186000e+04
   0.0000000e+00   0.0000000e+00   5.3387405e+03   4.6816000e+04
   0.0000000e+00   0.0000000e+00   5.3378292e+03   4.7225000e+04
   0.0000000e+00   0.0000000e+00   5.3357034e+03   4.8261000e+04
   0.0000000e+00   0.0000000e+00   5.3286077e+03   4.8333000e+04
   0.0000000e+00   0.0000000e+00   5.3248550e+03   4.9111000e+04
   0.0000000e+00   0.0000000e+00   5.3230205e+03   5.0184000e+04
   0.0000000e+00   0.0000000e+00   5.3211640e+03   5.1627000e+04
   0.0000000e+00   0.0000000e+00   5.3071962e+03   5.1812000e+04
   0.0000000e+00   0.0000000e+00   5.3063758e+03   5.2701000e+04
   0.0000000e+00   0.0000000e+00   5.3051919e+03   5.2997000e+04
   0.0000000e+00   0.0000000e+00   5.3050145e+03   5.3626000e+04
   0.0000000e+00   0.0000000e+00   5.3029616e+03   5.6697000e+04
   0.0000000e+00   0.0000000e+00   5.2992850e+03   6.1616000e+04
   0.0000000e+00   0.0000000e+00   5.2950277e+03   6.1655000e+04
   0.0000000e+00   0.0000000e+00   5.2945096e+03   6.3690000e+04
   0.0000000e+00   0.0000000e+00   5.2904579e+03   6.4134000e+04
   0.0000000e+00   0.0000000e+00   5.2898597e+03   6.4356000e+04
   0.0000000e+00   0.0000000e+00   5.2884051e+03   7.0496000e+04
   0.0000000e+00   0.0000000e+00   5.2882311e+03   7.6160000e+04
   0.0000000e+00   0.0000000e+00   5.2880384e+03   7.8601000e+04
   0.0000000e+00   0.0000000e+00   5.2778473e+03   7.9307000e+04
   0.0000000e+00   0.0000000e+00   5.2738853e+03   7.9969000e+04
   0.0000000e+00   0.0000000e+00   5.2655144e+03   8.0929000e+04
   0.0000000e+00   0.0000000e+00   5.2640598e+03   8.1374000e+04
   0.0000000e+00   0.0000000e+00   5.2600979e+03   8.1708000e+04
   0.0000000e+00   0.0000000e+00   5.2550269e+03   8.7961000e+04
   0.0000000e+00   0.0000000e+00   5.2546503e+03   8.8038000e+04
   0.0000000e+00   0.0000000e+00   5.2499755e+03   8.9994000e+04
   0.0000000e+00   0.0000000e+00   5.2480028e+03   9.4141000e+04
   0.0000000e+00   0.0000000e+00   5.2468959e+03   9.6580000e+04
   0.0000000e+00   0.0000000e+00   5.2468640e+03   9.9245000e+04
   0.0000000e+00   0.0000000e+00   5.2401322e+03   9.9694000e+04
   0.0000000e+00   0.0000000e+00   5.2352215e+03   1.0046500e+05
   0.0000000e+00   0.0000000e+00   5.2338739e+03   1.0139200e+05
   0.0000000e+00   0.0000000e+00   5.2260059e+03   1.0187100e+05
   0.0000000e+00   0.0000000e+00   5.2177795e+03   1.0361200e+05
   0.0000000e+00   0.0000000e+00   5.2116917e+03   1.0586900e+05
   0.0000000e+00   0.0000000e+00   5.2075053e+03   1.0701600e+05
   0.0000000e+00   0.0000000e+00   5.2024344e+03   1.0749700e+05
   0.0000000e+00   0.0000000e+00   5.2019584e+03   1.1112400e+05
   0.0000000e+00   0.0000000e+00   5.1989505e+03   1.1752200e+05
   0.0000000e+00   0.0000000e+00   5.1976810e+03   1.3961700e+05
   0.0000000e+00   0.0000000e+00   5.1937190e+03   1.3979700e+05
   0.0000000e+00   0.0000000e+00   5.1903610e+03   1.4031600e+05
   0.0000000e+00   0.0000000e+00   5.1854189e+03   1.4090900e+05
   0.0000000e+00   0.0000000e+00   5.1846726e+03   1.4427400e+05
   0.0000000e+00   0.0000000e+00   5.1832180e+03   1.4490400e+05
   0.0000000e+00   0.0000000e+00   5.1817633e+03   1.4730900e+05
   0.0000000e+00   0.0000000e+00   5.1798328e+03   1.4845700e+05
   0.0000000e+00   0.0000000e+00   5.1749926e+03   1.5445800e+05
   0.0000000e+00   0.0000000e+00   5.1742084e+03   1.5556000e+05
   0.0000000e+00   0.0000000e+00   5.1733822e+03   1.5833700e+05
   0.0000000e+00   0.0000000e+00   5.1732946e+03   1.5944600e+05
   0.0000000e+00   0.0000000e+00   5.1723885e+03   1.6051900e+05
   0.0000000e+00   0.0000000e+00   5.1710237e+03   1.6059400e+05
   0.0000000e+00   0.0000000e+00   5.1706486e+03   1.6355300e+05
   0.0000000e+00   0.0000000e+00   5.1673774e+03   1.6359000e+05
   0.0000000e+00   0.0000000e+00   5.1665969e+03   1.6895500e+05
   0.0000000e+00   0.0000000e+00   5.1638754e+03   1.7139800e+05
   0.0000000e+00   0.0000000e+00   5.1602147e+03   1.7239600e+05
   0.0000000e+00   0.0000000e+00   5.1565381e+03   1.7280200e+05
   0.0000000e+00   0.0000000e+00   5.1474403e+03   1.7324500e+05
   0.0000000e+00   0.0000000e+00   5.1454585e+03   1.7494700e+05
   0.0000000e+00   0.0000000e+00   5.1450496e+03   1.7505900e+05
   0.0000000e+00   0.0000000e+00   5.1442655e+03   1.7513200e+05
   0.0000000e+00   0.0000000e+00   5.1414155e+03   1.7635500e+05
   0.0000000e+00   0.0000000e+00   5.1361647e+03   1.7690700e+05
   0.0000000e+00   0.0000000e+00   5.1325666e+03   1.7768500e+05
   0.0000000e+00   0.0000000e+00   5.1320270e+03   1.8016600e+05
   0.0000000e+00   0.0000000e+00   5.1291227e+03   1.8223900e+05
   0.0000000e+00   0.0000000e+00   5.1249312e+03   1.8737800e+05
   0.0000000e+00   0.0000000e+00   5.1226961e+03   1.9108000e+05
   0.0000000e+00   0.0000000e+00   5.1166806e+03   1.9115100e+05
   0.0000000e+00   0.0000000e+00   5.1152260e+03   1.9259600e+05
