   3.0060836e+02   8.0696607e+00   1.7985947e+04   1.1000000e+01
   2.8562052e+02   7.8933105e+00   1.8000243e+04   1.4000000e+01
   2.8493288e+02   7.7433053e+00   1.7894878e+04   1.7000000e+01
   2.8316526e+02   7.9040369e+00   1.7779465e+04   1.8000000e+01
   2.7404492e+02   7.4869421e+00   1.7695586e+04   2.0000000e+01
   2.5854077e+02   7.3672364e+00   1.7685510e+04   2.1000000e+01
   2.5836250e+02   7.1856319e+00   1.7611183e+04   2.2000000e+01
   2.5714955e+02   7.2759420e+00   1.7588226e+04   2.3000000e+01
   2.5523381e+02   6.8433140e+00   1.7668724e+04   2.4000000e+01
   2.5503075e+02   6.9004840e+00   1.7569873e+04   2.5000000e+01
   2.5319059e+02   5.9214603e+00   1.7441839e+04   2.6000000e+01
   2.5244976e+02   5.8761182e+00   1.7451818e+04   2.7000000e+01
   2.3945851e+02   4.1260363e+00   1.7403258e+04   2.8000000e+01
   2.3815925e+02   4.0463460e+00   1.7544016e+04   2.9000000e+01
   2.3741857e+02   3.9476521e+00   1.7698009e+04   3.2000000e+01
   2.3703560e+02   3.8789623e+00   1.7804342e+04   3.3000000e+01
   2.3171235e+02   3.8429555e+00   1.8126451e+04   3.4000000e+01
   1.6535795e+02   8.0874098e-01   1.8629384e+04   3.5000000e+01
   1.6481389e+02   8.0204665e-01   1.8979868e+04   3.6000000e+01
   1.6407779e+02   7.4572237e-01   1.9379789e+04   3.7000000e+01
   1.6263312e+02   7.2352058e-01   1.9690979e+04   3.8000000e+01
   1.6077058e+02   1.2219255e+00   1.9614418e+04   4.6000000e+01
   1.5202626e+02   1.2871098e+00   1.9415383e+04   4.8000000e+01
   1.5193028e+02   1.3057204e+00   1.9412365e+04   4.9000000e+01
   1.2098982e+02   1.1057358e+00   1.9351227e+04   5.0000000e+01
   1.1807262e+02   1.0331079e+00   1.9052805e+04   5.2000000e+01
   1.1767556e+02   1.0109475e+00   1.9054925e+04   5.4000000e+01
   1.1028338e+02   7.0086110e-01   1.9089661e+04   5.6000000e+01
   1.0836839e+02   6.4354497e-01   1.9065847e+04   5.9000000e+01
   1.0811565e+02   5.9960011e-01   1.9070335e+04   6.0000000e+01
   1.0731160e+02   5.5465871e-01   1.9135943e+04   6.2000000e+01
   1.0514254e+02   5.4074690e-01   1.9245605e+04   6.4000000e+01
   1.0466115e+02   5.2214214e-01   1.9347423e+04   6.6000000e+01
   1.0423386e+02   5.0720499e-01   1.9414757e+04   6.7000000e+01
   1.0352545e+02   5.0404772e-01   1.9511946e+04   6.8000000e+01
   9.7331986e+01   4.9294199e-01   1.9666457e+04   6.9000000e+01
   9.6694466e+01   4.8144107e-01   1.9911896e+04   7.0000000e+01
   9.6109327e+01   4.1750095e-01   2.0300284e+04   7.2000000e+01
   9.5964039e+01   4.0116216e-01   2.0497601e+04   7.3000000e+01
   9.5498046e+01   4.0113482e-01   2.1182742e+04   7.5000000e+01
   9.4841387e+01   3.9604694e-01   2.0965453e+04   8.1000000e+01
   9.4558035e+01   4.0407014e-01   2.0760852e+04   8.6000000e+01
   9.4516880e+01   4.0254865e-01   2.0603195e+04   8.7000000e+01
   8.4131919e+01   4.0899226e-01   2.0382962e+04   8.9000000e+01
   8.3054371e+01   4.1397242e-01   2.0332180e+04   9.2000000e+01
   8.0747550e+01   3.9585299e-01   2.0274040e+04   9.3000000e+01
   8.0234163e+01   3.9824040e-01   2.0185939e+04   9.4000000e+01
   7.6311143e+01   3.9420453e-01   2.0115855e+04   9.6000000e+01
   5.5670820e+01   0.0000000e+00   2.0062347e+04   9.7000000e+01
   3.9621202e+01   0.0000000e+00   2.0039830e+04   9.9000000e+01
   3.6683493e+01   0.0000000e+00   1.9986254e+04   1.0400000e+02
   3.6559689e+01   0.0000000e+00   2.0181229e+04   1.0600000e+02
   3.6447465e+01   0.0000000e+00   2.0427629e+04   1.0800000e+02
   3.3837406e+01   0.0000000e+00   2.0909584e+04   1.0900000e+02
   3.3691190e+01   0.0000000e+00   2.1509079e+04   1.1100000e+02
   1.2445631e+01   0.0000000e+00   2.1346338e+04   1.2500000e+02
   1.2043365e+01   0.0000000e+00   2.1331266e+04   1.2600000e+02
   1.0559364e+01   0.0000000e+00   2.1274519e+04   1.2700000e+02
   1.0422854e+01   0.0000000e+00   2.1054548e+04   1.2900000e+02
   9.9181318e+00   0.0000000e+00   2.0917653e+04   1.3200000e+02
   9.8914781e+00   0.0000000e+00   2.0903492e+04   1.3400000e+02
   9.5541503e+00   0.0000000e+00   2.0754180e+04   1.3500000e+02
   8.5449010e+00   0.0000000e+00   2.0634074e+04   1.3600000e+02
   8.0860750e+00   0.0000000e+00   2.0601921e+04   1.3700000e+02
   8.0464501e+00   0.0000000e+00   2.0491891e+04   1.3900000e+02
   6.5981778e+00   0.0000000e+00   2.0700390e+04   1.4000000e+02
   6.1747409e+00   0.0000000e+00   2.0973157e+04   1.4400000e+02
   6.1573905e+00   0.0000000e+00   2.1203244e+04   1.4600000e+02
   6.1386276e+00   0.0000000e+00   2.1454621e+04   1.4700000e+02
   5.8455813e+00   0.0000000e+00   2.2119467e+04   1.4800000e+02
   5.2701968e+00   0.0000000e+00   2.2617452e+04   1.4900000e+02
   5.1516886e+00   0.0000000e+00   2.2416829e+04   1.6200000e+02
   5.0421924e+00   0.0000000e+00   2.2203940e+04   1.6400000e+02
   4.2306042e+00   0.0000000e+00   2.2211490e+04   1.6800000e+02
   4.1098999e+00   0.0000000e+00   2.2284745e+04   1.7200000e+02
   4.0931496e+00   0.0000000e+00   2.2303241e+04   1.7400000e+02
   4.0330326e+00   0.0000000e+00   2.2308778e+04   1.7600000e+02
   3.9338405e+00   0.0000000e+00   2.2428780e+04   1.7800000e+02
   3.8996793e+00   0.0000000e+00   2.2602789e+04   1.7900000e+02
   3.8961965e+00   0.0000000e+00   2.2617046e+04   1.8000000e+02
   3.7505462e+00   0.0000000e+00   2.3445294e+04   1.8500000e+02
   3.4129612e+00   0.0000000e+00   2.4219866e+04   1.8600000e+02
   2.7864544e+00   0.0000000e+00   2.4055404e+04   1.9700000e+02
   6.5596054e-01   0.0000000e+00   2.3931828e+04   1.9800000e+02
   6.1141557e-01   0.0000000e+00   2.3734405e+04   2.0700000e+02
   5.9255802e-01   0.0000000e+00   2.3854064e+04   2.0800000e+02
   5.9083072e-01   0.0000000e+00   2.3894095e+04   2.1200000e+02
   5.4027644e-01   0.0000000e+00   2.3929937e+04   2.1500000e+02
   2.8143211e-01   0.0000000e+00   2.4198771e+04   2.1700000e+02
   2.2236736e-01   0.0000000e+00   2.4409147e+04   2.2000000e+02
   1.5189502e-01   0.0000000e+00   2.4264947e+04   2.4000000e+02
   8.8906512e-02   0.0000000e+00   2.4274834e+04   2.4100000e+02
   8.6925803e-02   0.0000000e+00   2.4083652e+04   2.4400000e+02
   4.0500593e-02   0.0000000e+00   2.3983218e+04   2.4600000e+02
   1.6394950e-02   0.0000000e+00   2.3944565e+04   2.4900000e+02
   0.0000000e+00   0.0000000e+00   2.3913305e+04   2.5100000e+02
   0.0000000e+00   0.0000000e+00   2.3812043e+04   2.5300000e+02
   0.0000000e+00   0.0000000e+00   2.3384692e+04   2.7300000e+02
   0.0000000e+00   0.0000000e+00   2.3212269e+04   2.7400000e+02
   0.0000000e+00   0.0000000e+00   2.2992702e+04   2.7500000e+02
   0.0000000e+00   0.0000000e+00   2.2934549e+04   2.7700000e+02
   0.0000000e+00   0.0000000e+00   2.2863131e+04   2.8100000e+02
   0.0000000e+00   0.0000000e+00   2.2652294e+04   2.8700000e+02
   0.0000000e+00   0.0000000e+00   2.2591111e+04   2.9200000e+02
   0.0000000e+00   0.0000000e+00   2.2377386e+04   3.0300000e+02
   0.0000000e+00   0.0000000e+00   2.2180019e+04   3.0900000e+02
   0.0000000e+00   0.0000000e+00   2.1821902e+04   3.1200000e+02
   0.0000000e+00   0.0000000e+00   2.1743259e+04   3.1300000e+02
   0.0000000e+00   0.0000000e+00   2.1732830e+04   3.1400000e+02
   0.0000000e+00   0.0000000e+00   2.1554455e+04   3.1500000e+02
   0.0000000e+00   0.0000000e+00   2.1237230e+04   3.1700000e+02
   0.0000000e+00   0.0000000e+00   2.0980545e+04   3.1800000e+02
   0.0000000e+00   0.0000000e+00   2.0942411e+04   3.2000000e+02
   0.0000000e+00   0.0000000e+00   2.0736654e+04   3.2100000e+02
   0.0000000e+00   0.0000000e+00   2.0660550e+04   3.2200000e+02
   0.0000000e+00   0.0000000e+00   2.0579445e+04   3.2300000e+02
   0.0000000e+00   0.0000000e+00   2.0497249e+04   3.2600000e+02
   0.0000000e+00   0.0000000e+00   2.0469024e+04   3.4900000e+02
   0.0000000e+00   0.0000000e+00   2.0372837e+04   3.5000000e+02
   0.0000000e+00   0.0000000e+00   2.0114689e+04   3.5200000e+02
   0.0000000e+00   0.0000000e+00   2.0080281e+04   3.5400000e+02
   0.0000000e+00   0.0000000e+00   1.9853091e+04   3.5500000e+02
   0.0000000e+00   0.0000000e+00   1.9477764e+04   3.5600000e+02
   0.0000000e+00   0.0000000e+00   1.9265150e+04   3.5700000e+02
   0.0000000e+00   0.0000000e+00   1.9253519e+04   3.5800000e+02
   0.0000000e+00   0.0000000e+00   1.9117817e+04   3.6100000e+02
   0.0000000e+00   0.0000000e+00   1.8703630e+04   3.8100000e+02
   0.0000000e+00   0.0000000e+00   1.8567407e+04   3.8400000e+02
   0.0000000e+00   0.0000000e+00   1.8413215e+04   3.8700000e+02
   0.0000000e+00   0.0000000e+00   1.8338458e+04   3.9100000e+02
   0.0000000e+00   0.0000000e+00   1.8139119e+04   3.9200000e+02
   0.0000000e+00   0.0000000e+00   1.8080443e+04   3.9400000e+02
   0.0000000e+00   0.0000000e+00   1.8013475e+04   3.9600000e+02
   0.0000000e+00   0.0000000e+00   1.7968510e+04   4.2100000e+02
   0.0000000e+00   0.0000000e+00   1.7916961e+04   4.2400000e+02
   0.0000000e+00   0.0000000e+00   1.7835286e+04   4.2900000e+02
   0.0000000e+00   0.0000000e+00   1.7649930e+04   4.3500000e+02
   0.0000000e+00   0.0000000e+00   1.7578542e+04   4.5300000e+02
   0.0000000e+00   0.0000000e+00   1.7486102e+04   4.5500000e+02
   0.0000000e+00   0.0000000e+00   1.7415649e+04   4.5700000e+02
   0.0000000e+00   0.0000000e+00   1.7331927e+04   4.6000000e+02
   0.0000000e+00   0.0000000e+00   1.7246633e+04   4.6200000e+02
   0.0000000e+00   0.0000000e+00   1.7213804e+04   4.6400000e+02
   0.0000000e+00   0.0000000e+00   1.7018088e+04   4.6600000e+02
   0.0000000e+00   0.0000000e+00   1.6903868e+04   4.6700000e+02
   0.0000000e+00   0.0000000e+00   1.6776942e+04   4.6800000e+02
   0.0000000e+00   0.0000000e+00   1.6743269e+04   4.7100000e+02
   0.0000000e+00   0.0000000e+00   1.6739684e+04   4.7300000e+02
   0.0000000e+00   0.0000000e+00   1.6523434e+04   4.9300000e+02
   0.0000000e+00   0.0000000e+00   1.6316359e+04   4.9400000e+02
   0.0000000e+00   0.0000000e+00   1.6199330e+04   4.9500000e+02
   0.0000000e+00   0.0000000e+00   1.6081230e+04   4.9700000e+02
   0.0000000e+00   0.0000000e+00   1.5972279e+04   4.9800000e+02
   0.0000000e+00   0.0000000e+00   1.5967008e+04   4.9900000e+02
   0.0000000e+00   0.0000000e+00   1.5804918e+04   5.0200000e+02
   0.0000000e+00   0.0000000e+00   1.5792005e+04   5.0300000e+02
   0.0000000e+00   0.0000000e+00   1.5630892e+04   5.0400000e+02
   0.0000000e+00   0.0000000e+00   1.5517331e+04   5.0700000e+02
   0.0000000e+00   0.0000000e+00   1.5460594e+04   5.2700000e+02
   0.0000000e+00   0.0000000e+00   1.5283186e+04   5.2900000e+02
   0.0000000e+00   0.0000000e+00   1.5143909e+04   5.3400000e+02
   0.0000000e+00   0.0000000e+00   1.5074458e+04   5.6700000e+02
   0.0000000e+00   0.0000000e+00   1.4773622e+04   5.6800000e+02
   0.0000000e+00   0.0000000e+00   1.4761531e+04   5.6900000e+02
   0.0000000e+00   0.0000000e+00   1.4600906e+04   5.7000000e+02
   0.0000000e+00   0.0000000e+00   1.4558346e+04   5.7200000e+02
   0.0000000e+00   0.0000000e+00   1.4493010e+04   5.7300000e+02
   0.0000000e+00   0.0000000e+00   1.4452865e+04   5.7400000e+02
   0.0000000e+00   0.0000000e+00   1.4372637e+04   5.7500000e+02
   0.0000000e+00   0.0000000e+00   1.4339712e+04   5.8200000e+02
   0.0000000e+00   0.0000000e+00   1.4082306e+04   6.0500000e+02
   0.0000000e+00   0.0000000e+00   1.4048632e+04   6.0600000e+02
   0.0000000e+00   0.0000000e+00   1.3980896e+04   6.0900000e+02
   0.0000000e+00   0.0000000e+00   1.3936544e+04   6.1200000e+02
   0.0000000e+00   0.0000000e+00   1.3932080e+04   6.1500000e+02
   0.0000000e+00   0.0000000e+00   1.3902956e+04   6.1600000e+02
   0.0000000e+00   0.0000000e+00   1.3885961e+04   6.1900000e+02
   0.0000000e+00   0.0000000e+00   1.3819043e+04   6.3700000e+02
   0.0000000e+00   0.0000000e+00   1.3785982e+04   6.3800000e+02
   0.0000000e+00   0.0000000e+00   1.3662050e+04   6.4200000e+02
   0.0000000e+00   0.0000000e+00   1.3580097e+04   6.4400000e+02
   0.0000000e+00   0.0000000e+00   1.3489226e+04   6.4600000e+02
   0.0000000e+00   0.0000000e+00   1.3486095e+04   6.4900000e+02
   0.0000000e+00   0.0000000e+00   1.3382371e+04   6.5300000e+02
   0.0000000e+00   0.0000000e+00   1.3291633e+04   6.7800000e+02
   0.0000000e+00   0.0000000e+00   1.3186647e+04   6.8100000e+02
   0.0000000e+00   0.0000000e+00   1.3002818e+04   6.8200000e+02
   0.0000000e+00   0.0000000e+00   1.2968174e+04   6.8500000e+02
   0.0000000e+00   0.0000000e+00   1.2741693e+04   6.8600000e+02
   0.0000000e+00   0.0000000e+00   1.2584096e+04   6.9200000e+02
   0.0000000e+00   0.0000000e+00   1.2474006e+04   7.1900000e+02
   0.0000000e+00   0.0000000e+00   1.2383081e+04   7.2000000e+02
   0.0000000e+00   0.0000000e+00   1.2245966e+04   7.2300000e+02
   0.0000000e+00   0.0000000e+00   1.2220476e+04   7.2800000e+02
   0.0000000e+00   0.0000000e+00   1.2187635e+04   7.5300000e+02
   0.0000000e+00   0.0000000e+00   1.2158716e+04   7.5600000e+02
   0.0000000e+00   0.0000000e+00   1.2142654e+04   7.5700000e+02
   0.0000000e+00   0.0000000e+00   1.2115592e+04   7.5800000e+02
   0.0000000e+00   0.0000000e+00   1.2085080e+04   7.5900000e+02
   0.0000000e+00   0.0000000e+00   1.2068120e+04   7.6200000e+02
   0.0000000e+00   0.0000000e+00   1.1957330e+04   7.8500000e+02
   0.0000000e+00   0.0000000e+00   1.1905358e+04   7.9000000e+02
   0.0000000e+00   0.0000000e+00   1.1739932e+04   7.9200000e+02
   0.0000000e+00   0.0000000e+00   1.1739464e+04   7.9400000e+02
   0.0000000e+00   0.0000000e+00   1.1728693e+04   7.9500000e+02
   0.0000000e+00   0.0000000e+00   1.1715294e+04   7.9800000e+02
   0.0000000e+00   0.0000000e+00   1.1703896e+04   8.0000000e+02
   0.0000000e+00   0.0000000e+00   1.1631475e+04   8.2700000e+02
   0.0000000e+00   0.0000000e+00   1.1573887e+04   8.3000000e+02
   0.0000000e+00   0.0000000e+00   1.1516955e+04   8.3200000e+02
   0.0000000e+00   0.0000000e+00   1.1475708e+04   8.3600000e+02
   0.0000000e+00   0.0000000e+00   1.1465183e+04   8.6700000e+02
   0.0000000e+00   0.0000000e+00   1.1454597e+04   8.7300000e+02
   0.0000000e+00   0.0000000e+00   1.1419684e+04   9.0100000e+02
   0.0000000e+00   0.0000000e+00   1.1366820e+04   9.3900000e+02
   0.0000000e+00   0.0000000e+00   1.1280909e+04   9.4800000e+02
   0.0000000e+00   0.0000000e+00   1.1258682e+04   9.7600000e+02
   0.0000000e+00   0.0000000e+00   1.1159348e+04   9.8100000e+02
   0.0000000e+00   0.0000000e+00   1.1111971e+04   1.0130000e+03
   0.0000000e+00   0.0000000e+00   1.1076812e+04   1.0140000e+03
   0.0000000e+00   0.0000000e+00   1.0907229e+04   1.0450000e+03
   0.0000000e+00   0.0000000e+00   1.0818814e+04   1.0470000e+03
   0.0000000e+00   0.0000000e+00   1.0739449e+04   1.0490000e+03
   0.0000000e+00   0.0000000e+00   1.0717384e+04   1.0500000e+03
   0.0000000e+00   0.0000000e+00   1.0715947e+04   1.0520000e+03
   0.0000000e+00   0.0000000e+00   1.0670153e+04   1.0540000e+03
   0.0000000e+00   0.0000000e+00   1.0665674e+04   1.0900000e+03
   0.0000000e+00   0.0000000e+00   1.0647556e+04   1.0930000e+03
   0.0000000e+00   0.0000000e+00   1.0641390e+04   1.0970000e+03
   0.0000000e+00   0.0000000e+00   1.0593377e+04   1.1240000e+03
   0.0000000e+00   0.0000000e+00   1.0579427e+04   1.1260000e+03
   0.0000000e+00   0.0000000e+00   1.0579073e+04   1.1270000e+03
   0.0000000e+00   0.0000000e+00   1.0553927e+04   1.1290000e+03
   0.0000000e+00   0.0000000e+00   1.0502220e+04   1.1580000e+03
   0.0000000e+00   0.0000000e+00   1.0324792e+04   1.1640000e+03
   0.0000000e+00   0.0000000e+00   1.0322672e+04   1.1690000e+03
   0.0000000e+00   0.0000000e+00   1.0287463e+04   1.1940000e+03
   0.0000000e+00   0.0000000e+00   1.0250044e+04   1.1960000e+03
   0.0000000e+00   0.0000000e+00   1.0227925e+04   1.1980000e+03
   0.0000000e+00   0.0000000e+00   1.0199581e+04   1.1990000e+03
   0.0000000e+00   0.0000000e+00   1.0145295e+04   1.2320000e+03
   0.0000000e+00   0.0000000e+00   1.0123441e+04   1.2350000e+03
   0.0000000e+00   0.0000000e+00   1.0108523e+04   1.2360000e+03
   0.0000000e+00   0.0000000e+00   1.0070297e+04   1.2640000e+03
   0.0000000e+00   0.0000000e+00   1.0027702e+04   1.2710000e+03
   0.0000000e+00   0.0000000e+00   1.0013854e+04   1.2720000e+03
   0.0000000e+00   0.0000000e+00   1.0010758e+04   1.2730000e+03
   0.0000000e+00   0.0000000e+00   9.9752476e+03   1.2760000e+03
   0.0000000e+00   0.0000000e+00   9.9652793e+03   1.2770000e+03
   0.0000000e+00   0.0000000e+00   9.9393924e+03   1.2780000e+03
   0.0000000e+00   0.0000000e+00   9.8343666e+03   1.2840000e+03
   0.0000000e+00   0.0000000e+00   9.7513912e+03   1.3070000e+03
   0.0000000e+00   0.0000000e+00   9.7111214e+03   1.3080000e+03
   0.0000000e+00   0.0000000e+00   9.6474245e+03   1.3110000e+03
   0.0000000e+00   0.0000000e+00   9.5918975e+03   1.3430000e+03
   0.0000000e+00   0.0000000e+00   9.5174387e+03   1.3450000e+03
   0.0000000e+00   0.0000000e+00   9.4950074e+03   1.3780000e+03
   0.0000000e+00   0.0000000e+00   9.4450024e+03   1.3830000e+03
   0.0000000e+00   0.0000000e+00   9.3999234e+03   1.3840000e+03
   0.0000000e+00   0.0000000e+00   9.3897078e+03   1.3880000e+03
   0.0000000e+00   0.0000000e+00   9.3238793e+03   1.4140000e+03
   0.0000000e+00   0.0000000e+00   9.2954304e+03   1.4170000e+03
   0.0000000e+00   0.0000000e+00   9.2528741e+03   1.4180000e+03
   0.0000000e+00   0.0000000e+00   9.2279823e+03   1.4210000e+03
   0.0000000e+00   0.0000000e+00   9.2194809e+03   1.4510000e+03
   0.0000000e+00   0.0000000e+00   9.0392481e+03   1.4590000e+03
   0.0000000e+00   0.0000000e+00   9.0387336e+03   1.4630000e+03
   0.0000000e+00   0.0000000e+00   9.0354895e+03   1.4960000e+03
   0.0000000e+00   0.0000000e+00   9.0305787e+03   1.4990000e+03
   0.0000000e+00   0.0000000e+00   9.0099157e+03   1.5320000e+03
   0.0000000e+00   0.0000000e+00   8.9957784e+03   1.5660000e+03
   0.0000000e+00   0.0000000e+00   8.9245086e+03   1.5680000e+03
   0.0000000e+00   0.0000000e+00   8.8424724e+03   1.5690000e+03
   0.0000000e+00   0.0000000e+00   8.8280826e+03   1.5710000e+03
   0.0000000e+00   0.0000000e+00   8.8236795e+03   1.5720000e+03
   0.0000000e+00   0.0000000e+00   8.8071567e+03   1.5730000e+03
   0.0000000e+00   0.0000000e+00   8.8060366e+03   1.6030000e+03
   0.0000000e+00   0.0000000e+00   8.7768374e+03   1.6040000e+03
   0.0000000e+00   0.0000000e+00   8.7554155e+03   1.6080000e+03
   0.0000000e+00   0.0000000e+00   8.6951925e+03   1.6400000e+03
   0.0000000e+00   0.0000000e+00   8.6872630e+03   1.6440000e+03
   0.0000000e+00   0.0000000e+00   8.6527925e+03   1.6770000e+03
   0.0000000e+00   0.0000000e+00   8.6505317e+03   1.6820000e+03
   0.0000000e+00   0.0000000e+00   8.5616199e+03   1.7270000e+03
   0.0000000e+00   0.0000000e+00   8.5335780e+03   1.7480000e+03
   0.0000000e+00   0.0000000e+00   8.4963689e+03   1.7520000e+03
   0.0000000e+00   0.0000000e+00   8.4924545e+03   1.7940000e+03
   0.0000000e+00   0.0000000e+00   8.4185524e+03   1.8590000e+03
   0.0000000e+00   0.0000000e+00   8.3961109e+03   1.8980000e+03
   0.0000000e+00   0.0000000e+00   8.3547159e+03   1.9050000e+03
   0.0000000e+00   0.0000000e+00   8.3446297e+03   1.9070000e+03
   0.0000000e+00   0.0000000e+00   8.3028382e+03   1.9090000e+03
   0.0000000e+00   0.0000000e+00   8.2816527e+03   1.9340000e+03
   0.0000000e+00   0.0000000e+00   8.2778463e+03   1.9400000e+03
   0.0000000e+00   0.0000000e+00   8.2503778e+03   1.9700000e+03
   0.0000000e+00   0.0000000e+00   8.2192132e+03   1.9780000e+03
   0.0000000e+00   0.0000000e+00   8.1824695e+03   2.0140000e+03
   0.0000000e+00   0.0000000e+00   8.1650484e+03   2.0160000e+03
   0.0000000e+00   0.0000000e+00   8.1588836e+03   2.0490000e+03
   0.0000000e+00   0.0000000e+00   8.1392272e+03   2.0520000e+03
   0.0000000e+00   0.0000000e+00   8.1063594e+03   2.0540000e+03
   0.0000000e+00   0.0000000e+00   8.0834337e+03   2.0850000e+03
   0.0000000e+00   0.0000000e+00   8.0740856e+03   2.0870000e+03
   0.0000000e+00   0.0000000e+00   8.0353723e+03   2.1240000e+03
   0.0000000e+00   0.0000000e+00   8.0079890e+03   2.1250000e+03
   0.0000000e+00   0.0000000e+00   7.9466973e+03   2.1590000e+03
   0.0000000e+00   0.0000000e+00   7.9299686e+03   2.1610000e+03
   0.0000000e+00   0.0000000e+00   7.9246746e+03   2.1990000e+03
   0.0000000e+00   0.0000000e+00   7.9146825e+03   2.3470000e+03
   0.0000000e+00   0.0000000e+00   7.9093360e+03   2.3790000e+03
   0.0000000e+00   0.0000000e+00   7.9061705e+03   2.4180000e+03
   0.0000000e+00   0.0000000e+00   7.8402709e+03   2.4250000e+03
   0.0000000e+00   0.0000000e+00   7.8289242e+03   2.4570000e+03
   0.0000000e+00   0.0000000e+00   7.8269633e+03   2.5310000e+03
   0.0000000e+00   0.0000000e+00   7.8196361e+03   2.6840000e+03
   0.0000000e+00   0.0000000e+00   7.7845994e+03   2.6860000e+03
   0.0000000e+00   0.0000000e+00   7.7696324e+03   2.7120000e+03
   0.0000000e+00   0.0000000e+00   7.7467721e+03   2.7500000e+03
   0.0000000e+00   0.0000000e+00   7.6942536e+03   2.7850000e+03
   0.0000000e+00   0.0000000e+00   7.6847298e+03   2.7880000e+03
   0.0000000e+00   0.0000000e+00   7.6759650e+03   2.7890000e+03
   0.0000000e+00   0.0000000e+00   7.6499843e+03   2.8240000e+03
   0.0000000e+00   0.0000000e+00   7.6308750e+03   2.8250000e+03
   0.0000000e+00   0.0000000e+00   7.6160094e+03   2.8280000e+03
   0.0000000e+00   0.0000000e+00   7.6103298e+03   2.8640000e+03
   0.0000000e+00   0.0000000e+00   7.5912072e+03   2.9370000e+03
   0.0000000e+00   0.0000000e+00   7.5788821e+03   2.9380000e+03
   0.0000000e+00   0.0000000e+00   7.5618090e+03   3.0130000e+03
   0.0000000e+00   0.0000000e+00   7.5495897e+03   3.0170000e+03
   0.0000000e+00   0.0000000e+00   7.5297562e+03   3.0450000e+03
   0.0000000e+00   0.0000000e+00   7.5236220e+03   3.0460000e+03
   0.0000000e+00   0.0000000e+00   7.5050114e+03   3.0800000e+03
   0.0000000e+00   0.0000000e+00   7.4995480e+03   3.0830000e+03
   0.0000000e+00   0.0000000e+00   7.4824990e+03   3.0860000e+03
   0.0000000e+00   0.0000000e+00   7.4579111e+03   3.0870000e+03
   0.0000000e+00   0.0000000e+00   7.4057960e+03   3.0880000e+03
   0.0000000e+00   0.0000000e+00   7.3555566e+03   3.0910000e+03
   0.0000000e+00   0.0000000e+00   7.3505546e+03   3.1240000e+03
   0.0000000e+00   0.0000000e+00   7.3048920e+03   3.1550000e+03
   0.0000000e+00   0.0000000e+00   7.2820342e+03   3.1590000e+03
   0.0000000e+00   0.0000000e+00   7.2684559e+03   3.1930000e+03
   0.0000000e+00   0.0000000e+00   7.2081711e+03   3.2080000e+03
   0.0000000e+00   0.0000000e+00   7.2054589e+03   3.2330000e+03
   0.0000000e+00   0.0000000e+00   7.1998178e+03   3.2680000e+03
   0.0000000e+00   0.0000000e+00   7.1964317e+03   3.3430000e+03
   0.0000000e+00   0.0000000e+00   7.1888961e+03   3.4500000e+03
   0.0000000e+00   0.0000000e+00   7.1836703e+03   3.4940000e+03
   0.0000000e+00   0.0000000e+00   7.0893766e+03   3.5260000e+03
   0.0000000e+00   0.0000000e+00   7.0725203e+03   3.5280000e+03
   0.0000000e+00   0.0000000e+00   7.0487378e+03   3.5300000e+03
   0.0000000e+00   0.0000000e+00   7.0334718e+03   3.5650000e+03
   0.0000000e+00   0.0000000e+00   7.0047572e+03   3.5660000e+03
   0.0000000e+00   0.0000000e+00   6.9604019e+03   3.5690000e+03
   0.0000000e+00   0.0000000e+00   6.9304690e+03   3.6030000e+03
   0.0000000e+00   0.0000000e+00   6.9066156e+03   3.6750000e+03
   0.0000000e+00   0.0000000e+00   6.8982565e+03   3.7520000e+03
   0.0000000e+00   0.0000000e+00   6.8951676e+03   4.0090000e+03
   0.0000000e+00   0.0000000e+00   6.8792647e+03   4.0880000e+03
   0.0000000e+00   0.0000000e+00   6.8750432e+03   4.2340000e+03
   0.0000000e+00   0.0000000e+00   6.8743585e+03   4.2710000e+03
   0.0000000e+00   0.0000000e+00   6.8509345e+03   4.3060000e+03
   0.0000000e+00   0.0000000e+00   6.8370889e+03   4.3420000e+03
   0.0000000e+00   0.0000000e+00   6.8356921e+03   4.4510000e+03
   0.0000000e+00   0.0000000e+00   6.8248551e+03   4.4930000e+03
   0.0000000e+00   0.0000000e+00   6.8172782e+03   4.4940000e+03
   0.0000000e+00   0.0000000e+00   6.8094738e+03   4.5640000e+03
   0.0000000e+00   0.0000000e+00   6.7763253e+03   4.6000000e+03
   0.0000000e+00   0.0000000e+00   6.7707807e+03   4.6760000e+03
   0.0000000e+00   0.0000000e+00   6.7690904e+03   4.6770000e+03
   0.0000000e+00   0.0000000e+00   6.7654431e+03   4.7130000e+03
   0.0000000e+00   0.0000000e+00   6.7594732e+03   4.7140000e+03
   0.0000000e+00   0.0000000e+00   6.7587188e+03   4.7540000e+03
   0.0000000e+00   0.0000000e+00   6.7246420e+03   4.8560000e+03
   0.0000000e+00   0.0000000e+00   6.6990927e+03   4.8600000e+03
   0.0000000e+00   0.0000000e+00   6.6717594e+03   4.8620000e+03
   0.0000000e+00   0.0000000e+00   6.6696881e+03   4.8640000e+03
   0.0000000e+00   0.0000000e+00   6.6445290e+03   4.8970000e+03
   0.0000000e+00   0.0000000e+00   6.6302469e+03   4.9320000e+03
   0.0000000e+00   0.0000000e+00   6.6194726e+03   4.9370000e+03
   0.0000000e+00   0.0000000e+00   6.6192083e+03   5.0470000e+03
   0.0000000e+00   0.0000000e+00   6.6185600e+03   5.3410000e+03
   0.0000000e+00   0.0000000e+00   6.6180154e+03   5.3810000e+03
   0.0000000e+00   0.0000000e+00   6.6140660e+03   5.4120000e+03
   0.0000000e+00   0.0000000e+00   6.6080637e+03   5.4900000e+03
   0.0000000e+00   0.0000000e+00   6.6078167e+03   5.7860000e+03
   0.0000000e+00   0.0000000e+00   6.6028643e+03   5.8260000e+03
   0.0000000e+00   0.0000000e+00   6.6019445e+03   5.8940000e+03
   0.0000000e+00   0.0000000e+00   6.5840628e+03   5.8960000e+03
   0.0000000e+00   0.0000000e+00   6.5752818e+03   5.9690000e+03
   0.0000000e+00   0.0000000e+00   6.5729205e+03   6.0080000e+03
   0.0000000e+00   0.0000000e+00   6.5568872e+03   6.0810000e+03
   0.0000000e+00   0.0000000e+00   6.5526692e+03   6.2680000e+03
   0.0000000e+00   0.0000000e+00   6.5426798e+03   6.8210000e+03
   0.0000000e+00   0.0000000e+00   6.5372544e+03   7.0430000e+03
   0.0000000e+00   0.0000000e+00   6.5355968e+03   7.1900000e+03
   0.0000000e+00   0.0000000e+00   6.5303843e+03   7.1960000e+03
   0.0000000e+00   0.0000000e+00   6.5300175e+03   7.3030000e+03
   0.0000000e+00   0.0000000e+00   6.5239934e+03   7.4150000e+03
   0.0000000e+00   0.0000000e+00   6.5202398e+03   7.4830000e+03
   0.0000000e+00   0.0000000e+00   6.4986502e+03   7.5230000e+03
   0.0000000e+00   0.0000000e+00   6.4891575e+03   7.5240000e+03
   0.0000000e+00   0.0000000e+00   6.4836735e+03   7.5630000e+03
   0.0000000e+00   0.0000000e+00   6.4805277e+03   7.6360000e+03
   0.0000000e+00   0.0000000e+00   6.4759269e+03   7.6770000e+03
   0.0000000e+00   0.0000000e+00   6.4446119e+03   7.7080000e+03
   0.0000000e+00   0.0000000e+00   6.4391097e+03   7.7090000e+03
   0.0000000e+00   0.0000000e+00   6.4166962e+03   7.7130000e+03
   0.0000000e+00   0.0000000e+00   6.4159497e+03   7.7500000e+03
   0.0000000e+00   0.0000000e+00   6.3832526e+03   7.7820000e+03
   0.0000000e+00   0.0000000e+00   6.3690934e+03   7.8570000e+03
   0.0000000e+00   0.0000000e+00   6.3679254e+03   7.8930000e+03
   0.0000000e+00   0.0000000e+00   6.3654661e+03   7.8960000e+03
   0.0000000e+00   0.0000000e+00   6.3540588e+03   7.9300000e+03
   0.0000000e+00   0.0000000e+00   6.3413256e+03   7.9310000e+03
   0.0000000e+00   0.0000000e+00   6.3402274e+03   7.9710000e+03
   0.0000000e+00   0.0000000e+00   6.3387349e+03   8.0060000e+03
   0.0000000e+00   0.0000000e+00   6.3312412e+03   8.0450000e+03
   0.0000000e+00   0.0000000e+00   6.3225624e+03   8.1140000e+03
   0.0000000e+00   0.0000000e+00   6.3130346e+03   8.1570000e+03
   0.0000000e+00   0.0000000e+00   6.2847406e+03   8.1900000e+03
   0.0000000e+00   0.0000000e+00   6.2571150e+03   8.2250000e+03
   0.0000000e+00   0.0000000e+00   6.2487684e+03   8.3010000e+03
   0.0000000e+00   0.0000000e+00   6.2429352e+03   8.4110000e+03
   0.0000000e+00   0.0000000e+00   6.2405574e+03   8.4120000e+03
   0.0000000e+00   0.0000000e+00   6.2199990e+03   8.4830000e+03
   0.0000000e+00   0.0000000e+00   6.2142155e+03   8.6740000e+03
   0.0000000e+00   0.0000000e+00   6.2122626e+03   8.8580000e+03
   0.0000000e+00   0.0000000e+00   6.2042531e+03   8.9310000e+03
   0.0000000e+00   0.0000000e+00   6.1915871e+03   9.1880000e+03
   0.0000000e+00   0.0000000e+00   6.1733947e+03   9.2250000e+03
   0.0000000e+00   0.0000000e+00   6.1616339e+03   9.4100000e+03
   0.0000000e+00   0.0000000e+00   6.1498465e+03   9.4490000e+03
   0.0000000e+00   0.0000000e+00   6.1494290e+03   9.5970000e+03
   0.0000000e+00   0.0000000e+00   6.1476224e+03   9.7430000e+03
   0.0000000e+00   0.0000000e+00   6.1264852e+03   9.7440000e+03
   0.0000000e+00   0.0000000e+00   6.1109169e+03   9.8180000e+03
   0.0000000e+00   0.0000000e+00   6.0842354e+03   9.8860000e+03
   0.0000000e+00   0.0000000e+00   6.0752589e+03   9.8920000e+03
   0.0000000e+00   0.0000000e+00   6.0626846e+03   9.9310000e+03
   0.0000000e+00   0.0000000e+00   6.0618509e+03   9.9670000e+03
   0.0000000e+00   0.0000000e+00   6.0571112e+03   1.0003000e+04
   0.0000000e+00   0.0000000e+00   6.0464815e+03   1.0007000e+04
   0.0000000e+00   0.0000000e+00   6.0296244e+03   1.0039000e+04
   0.0000000e+00   0.0000000e+00   6.0269635e+03   1.0077000e+04
   0.0000000e+00   0.0000000e+00   6.0267988e+03   1.0116000e+04
   0.0000000e+00   0.0000000e+00   6.0159799e+03   1.0191000e+04
   0.0000000e+00   0.0000000e+00   6.0108208e+03   1.0338000e+04
   0.0000000e+00   0.0000000e+00   6.0029101e+03   1.0410000e+04
   0.0000000e+00   0.0000000e+00   6.0016621e+03   1.0780000e+04
   0.0000000e+00   0.0000000e+00   5.9989230e+03   1.1040000e+04
   0.0000000e+00   0.0000000e+00   5.9775573e+03   1.1147000e+04
   0.0000000e+00   0.0000000e+00   5.9710135e+03   1.1261000e+04
   0.0000000e+00   0.0000000e+00   5.9653119e+03   1.1299000e+04
   0.0000000e+00   0.0000000e+00   5.9578826e+03   1.1334000e+04
   0.0000000e+00   0.0000000e+00   5.9571540e+03   1.1520000e+04
   0.0000000e+00   0.0000000e+00   5.9461430e+03   1.1778000e+04
   0.0000000e+00   0.0000000e+00   5.9452362e+03   1.1968000e+04
   0.0000000e+00   0.0000000e+00   5.9242282e+03   1.2222000e+04
   0.0000000e+00   0.0000000e+00   5.9234477e+03   1.2260000e+04
   0.0000000e+00   0.0000000e+00   5.9196950e+03   1.2592000e+04
   0.0000000e+00   0.0000000e+00   5.9096909e+03   1.3038000e+04
   0.0000000e+00   0.0000000e+00   5.9001540e+03   1.3664000e+04
   0.0000000e+00   0.0000000e+00   5.8872431e+03   1.3778000e+04
   0.0000000e+00   0.0000000e+00   5.8776845e+03   1.4702000e+04
   0.0000000e+00   0.0000000e+00   5.8662503e+03   1.4772000e+04
   0.0000000e+00   0.0000000e+00   5.8624062e+03   1.4852000e+04
   0.0000000e+00   0.0000000e+00   5.8477221e+03   1.5626000e+04
   0.0000000e+00   0.0000000e+00   5.8439693e+03   1.6476000e+04
   0.0000000e+00   0.0000000e+00   5.8403712e+03   1.6921000e+04
   0.0000000e+00   0.0000000e+00   5.8393898e+03   1.7033000e+04
   0.0000000e+00   0.0000000e+00   5.8361327e+03   1.7478000e+04
   0.0000000e+00   0.0000000e+00   5.8355970e+03   1.8069000e+04
   0.0000000e+00   0.0000000e+00   5.8336168e+03   1.8440000e+04
   0.0000000e+00   0.0000000e+00   5.8279675e+03   1.8955000e+04
   0.0000000e+00   0.0000000e+00   5.8131824e+03   1.9253000e+04
   0.0000000e+00   0.0000000e+00   5.8112085e+03   2.0773000e+04
   0.0000000e+00   0.0000000e+00   5.7999280e+03   2.0881000e+04
   0.0000000e+00   0.0000000e+00   5.7926200e+03   2.1105000e+04
   0.0000000e+00   0.0000000e+00   5.7870499e+03   2.1471000e+04
   0.0000000e+00   0.0000000e+00   5.7817984e+03   2.1511000e+04
   0.0000000e+00   0.0000000e+00   5.7798488e+03   2.1728000e+04
   0.0000000e+00   0.0000000e+00   5.7777736e+03   2.2103000e+04
   0.0000000e+00   0.0000000e+00   5.7747259e+03   2.3250000e+04
   0.0000000e+00   0.0000000e+00   5.7723736e+03   2.3694000e+04
   0.0000000e+00   0.0000000e+00   5.7673075e+03   2.4249000e+04
   0.0000000e+00   0.0000000e+00   5.7636115e+03   2.4435000e+04
   0.0000000e+00   0.0000000e+00   5.7592886e+03   2.6172000e+04
   0.0000000e+00   0.0000000e+00   5.7434268e+03   2.6540000e+04
   0.0000000e+00   0.0000000e+00   5.7298688e+03   2.6837000e+04
   0.0000000e+00   0.0000000e+00   5.7293507e+03   2.9280000e+04
   0.0000000e+00   0.0000000e+00   5.7287525e+03   2.9650000e+04
   0.0000000e+00   0.0000000e+00   5.7200764e+03   3.3418000e+04
   0.0000000e+00   0.0000000e+00   5.7115802e+03   3.3536000e+04
   0.0000000e+00   0.0000000e+00   5.7079171e+03   3.4310000e+04
   0.0000000e+00   0.0000000e+00   5.7078107e+03   3.5274000e+04
   0.0000000e+00   0.0000000e+00   5.7056849e+03   3.7938000e+04
   0.0000000e+00   0.0000000e+00   5.7051985e+03   3.8309000e+04
   0.0000000e+00   0.0000000e+00   5.7037439e+03   3.9639000e+04
   0.0000000e+00   0.0000000e+00   5.7015335e+03   4.0233000e+04
   0.0000000e+00   0.0000000e+00   5.6906293e+03   4.1710000e+04
   0.0000000e+00   0.0000000e+00   5.6851006e+03   4.1748000e+04
   0.0000000e+00   0.0000000e+00   5.6772286e+03   4.1830000e+04
   0.0000000e+00   0.0000000e+00   5.6768448e+03   4.1860000e+04
   0.0000000e+00   0.0000000e+00   5.6686671e+03   4.1861000e+04
   0.0000000e+00   0.0000000e+00   5.6641968e+03   4.2635000e+04
   0.0000000e+00   0.0000000e+00   5.6550229e+03   4.2747000e+04
   0.0000000e+00   0.0000000e+00   5.6436612e+03   4.8076000e+04
   0.0000000e+00   0.0000000e+00   5.6423180e+03   4.8556000e+04
   0.0000000e+00   0.0000000e+00   5.6332858e+03   5.0630000e+04
   0.0000000e+00   0.0000000e+00   5.6309889e+03   5.2218000e+04
   0.0000000e+00   0.0000000e+00   5.6288986e+03   5.2627000e+04
   0.0000000e+00   0.0000000e+00   5.6279913e+03   5.3218000e+04
   0.0000000e+00   0.0000000e+00   5.6248124e+03   5.6660000e+04
   0.0000000e+00   0.0000000e+00   5.6194882e+03   5.8141000e+04
   0.0000000e+00   0.0000000e+00   5.6191865e+03   5.8362000e+04
   0.0000000e+00   0.0000000e+00   5.6101672e+03   5.8730000e+04
   0.0000000e+00   0.0000000e+00   5.6014196e+03   5.9619000e+04
   0.0000000e+00   0.0000000e+00   5.5967436e+03   6.1543000e+04
   0.0000000e+00   0.0000000e+00   5.5946908e+03   6.3727000e+04
   0.0000000e+00   0.0000000e+00   5.5932362e+03   6.6760000e+04
   0.0000000e+00   0.0000000e+00   5.5911459e+03   6.7575000e+04
   0.0000000e+00   0.0000000e+00   5.5882366e+03   6.8276000e+04
   0.0000000e+00   0.0000000e+00   5.5844107e+03   6.9201000e+04
   0.0000000e+00   0.0000000e+00   5.5836266e+03   7.2532000e+04
   0.0000000e+00   0.0000000e+00   5.5813915e+03   8.6148000e+04
   0.0000000e+00   0.0000000e+00   5.5799369e+03   1.0076300e+05
   0.0000000e+00   0.0000000e+00   5.5748659e+03   1.1145600e+05
   0.0000000e+00   0.0000000e+00   5.5669914e+03   1.1319300e+05
   0.0000000e+00   0.0000000e+00   5.5669024e+03   1.1411700e+05
   0.0000000e+00   0.0000000e+00   5.5656709e+03   1.1460200e+05
   0.0000000e+00   0.0000000e+00   5.5627022e+03   1.1489800e+05
   0.0000000e+00   0.0000000e+00   5.5587572e+03   1.1575000e+05
   0.0000000e+00   0.0000000e+00   5.5560461e+03   1.1586000e+05
   0.0000000e+00   0.0000000e+00   5.5503968e+03   1.1682100e+05
   0.0000000e+00   0.0000000e+00   5.5489042e+03   1.1985600e+05
   0.0000000e+00   0.0000000e+00   5.5434876e+03   1.2044600e+05
   0.0000000e+00   0.0000000e+00   5.5343349e+03   1.2059100e+05
   0.0000000e+00   0.0000000e+00   5.5305822e+03   1.2196400e+05
   0.0000000e+00   0.0000000e+00   5.5283471e+03   1.2200000e+05
   0.0000000e+00   0.0000000e+00   5.5268925e+03   1.2407300e+05
   0.0000000e+00   0.0000000e+00   5.5264165e+03   1.2503600e+05
   0.0000000e+00   0.0000000e+00   5.5189140e+03   1.2662600e+05
   0.0000000e+00   0.0000000e+00   5.5159977e+03   1.2825100e+05
   0.0000000e+00   0.0000000e+00   5.5155045e+03   1.3280500e+05
   0.0000000e+00   0.0000000e+00   5.5135739e+03   1.3517400e+05
   0.0000000e+00   0.0000000e+00   5.5098973e+03   1.3583900e+05
   0.0000000e+00   0.0000000e+00   5.5092261e+03   1.3665400e+05
   0.0000000e+00   0.0000000e+00   5.5086279e+03   1.3720900e+05
   0.0000000e+00   0.0000000e+00   5.5048501e+03   1.3938800e+05
   0.0000000e+00   0.0000000e+00   5.5047438e+03   1.4309200e+05
   0.0000000e+00   0.0000000e+00   5.5032891e+03   1.4445900e+05
   0.0000000e+00   0.0000000e+00   5.5018345e+03   1.4593900e+05
   0.0000000e+00   0.0000000e+00   5.4991355e+03   1.4657400e+05
   0.0000000e+00   0.0000000e+00   5.4972049e+03   1.4949300e+05
   0.0000000e+00   0.0000000e+00   5.4919244e+03   1.4986100e+05
   0.0000000e+00   0.0000000e+00   5.4902358e+03   1.5097100e+05
   0.0000000e+00   0.0000000e+00   5.4896376e+03   1.6329400e+05
   0.0000000e+00   0.0000000e+00   5.4881830e+03   1.6407000e+05
   0.0000000e+00   0.0000000e+00   5.4852737e+03   1.7102600e+05
   0.0000000e+00   0.0000000e+00   5.4838191e+03   1.7620500e+05
   0.0000000e+00   0.0000000e+00   5.4830386e+03   1.8449500e+05
   0.0000000e+00   0.0000000e+00   5.4820772e+03   1.8556400e+05
   0.0000000e+00   0.0000000e+00   5.4806226e+03   1.8823000e+05
   0.0000000e+00   0.0000000e+00   5.4784968e+03   1.9104400e+05
