   3.0545858e+02   1.2764258e+01   1.6931677e+04   8.0000000e+00
   2.7339183e+02   1.1145535e+01   1.6785188e+04   1.0000000e+01
   2.6878863e+02   1.0721202e+01   1.6649150e+04   1.1000000e+01
   2.6569439e+02   1.0618698e+01   1.6428636e+04   1.2000000e+01
   2.6520011e+02   1.0794983e+01   1.6329141e+04   1.3000000e+01
   2.6404812e+02   1.0787380e+01   1.6185873e+04   1.5000000e+01
   2.6095024e+02   1.0745071e+01   1.5954941e+04   1.7000000e+01
   2.4560875e+02   1.0565347e+01   1.5964904e+04   1.8000000e+01
   2.4507043e+02   1.1165645e+01   1.5651034e+04   1.9000000e+01
   2.4292407e+02   1.0467891e+01   1.5406039e+04   2.0000000e+01
   2.4236109e+02   1.0584579e+01   1.5325275e+04   2.1000000e+01
   2.3688738e+02   1.0299845e+01   1.5353345e+04   2.2000000e+01
   2.2612905e+02   8.6759534e+00   1.5435604e+04   2.3000000e+01
   2.2477062e+02   8.3481431e+00   1.5468041e+04   2.4000000e+01
   2.1543570e+02   7.5030646e+00   1.5599777e+04   2.6000000e+01
   2.1484374e+02   7.0452120e+00   1.5650230e+04   2.7000000e+01
   2.1393225e+02   6.5078157e+00   1.5751373e+04   2.8000000e+01
   2.1273671e+02   6.4599311e+00   1.5775736e+04   2.9000000e+01
   2.1260175e+02   6.3009162e+00   1.5680685e+04   3.0000000e+01
   2.1220524e+02   6.2842997e+00   1.5853732e+04   3.1000000e+01
   2.1206969e+02   6.2864056e+00   1.6091924e+04   3.2000000e+01
   2.1087068e+02   6.3035931e+00   1.6329311e+04   3.3000000e+01
   2.0923121e+02   5.8247933e+00   1.6595238e+04   3.4000000e+01
   2.0908412e+02   5.8234579e+00   1.6865150e+04   3.6000000e+01
   2.0489141e+02   4.9905359e+00   1.7645890e+04   3.7000000e+01
   2.0469679e+02   4.8853234e+00   1.7944858e+04   3.8000000e+01
   2.0423288e+02   5.1437740e+00   1.7701941e+04   4.6000000e+01
   2.0275467e+02   5.2054139e+00   1.7618013e+04   4.9000000e+01
   2.0225326e+02   5.4725021e+00   1.7518531e+04   5.0000000e+01
   2.0027733e+02   5.4203704e+00   1.7391827e+04   5.3000000e+01
   2.0011294e+02   5.4243171e+00   1.7308218e+04   5.8000000e+01
   1.9701344e+02   5.2666801e+00   1.7186339e+04   6.0000000e+01
   1.9681733e+02   5.2363498e+00   1.7231915e+04   6.1000000e+01
   1.9664314e+02   5.2446854e+00   1.7200880e+04   6.2000000e+01
   1.7955014e+02   4.2489901e+00   1.7245827e+04   6.5000000e+01
   1.7802717e+02   3.6389145e+00   1.7426552e+04   6.6000000e+01
   1.7537073e+02   3.5656791e+00   1.7608460e+04   6.7000000e+01
   1.7510938e+02   3.4760380e+00   1.7894120e+04   6.8000000e+01
   1.6662607e+02   2.7731739e+00   1.8197990e+04   6.9000000e+01
   1.6530013e+02   2.7192054e+00   1.8642098e+04   7.1000000e+01
   1.6466550e+02   2.6709372e+00   1.9115229e+04   7.2000000e+01
   1.6150154e+02   2.4701756e+00   1.9666766e+04   7.3000000e+01
   1.6087714e+02   2.4661768e+00   2.0116221e+04   7.4000000e+01
   1.6000411e+02   2.2237632e+00   2.0688488e+04   7.5000000e+01
   1.5745262e+02   2.2430611e+00   2.0675957e+04   8.6000000e+01
   1.5689518e+02   2.2387221e+00   2.0672279e+04   8.8000000e+01
   1.3607073e+02   1.5570027e+00   2.0479969e+04   8.9000000e+01
   1.3561480e+02   1.5716371e+00   2.0450506e+04   9.0000000e+01
   1.3515532e+02   1.5472346e+00   2.0406474e+04   9.3000000e+01
   1.3437335e+02   1.2377447e+00   2.0306480e+04   9.4000000e+01
   1.3190464e+02   1.2564141e+00   2.0216884e+04   9.5000000e+01
   1.3145728e+02   1.2390525e+00   2.0299977e+04   9.9000000e+01
   1.2265754e+02   8.8538974e-01   2.0336059e+04   1.0000000e+02
   1.2017175e+02   8.8837712e-01   2.0295426e+04   1.0100000e+02
   1.1973285e+02   8.4935834e-01   2.0195009e+04   1.0200000e+02
   1.1946514e+02   8.5987832e-01   2.0414234e+04   1.0300000e+02
   1.1905208e+02   8.5778651e-01   2.0523122e+04   1.0400000e+02
   1.1739300e+02   8.5592906e-01   2.0831428e+04   1.0500000e+02
   1.1725851e+02   8.5057228e-01   2.1136637e+04   1.0600000e+02
   1.1520407e+02   8.6258619e-01   2.1528781e+04   1.0700000e+02
   1.1216464e+02   8.0691420e-01   2.1934206e+04   1.0800000e+02
   1.1141856e+02   7.5047394e-01   2.2282856e+04   1.0900000e+02
   1.0949351e+02   6.5249179e-01   2.2709515e+04   1.1000000e+02
   1.0898647e+02   6.4498339e-01   2.3218855e+04   1.1100000e+02
   1.0570301e+02   3.3285114e-01   2.3951166e+04   1.1200000e+02
   1.0516938e+02   3.5524429e-01   2.3825582e+04   1.2100000e+02
   1.0389459e+02   3.2450786e-01   2.3759478e+04   1.2400000e+02
   1.0233045e+02   4.3407964e-01   2.3422768e+04   1.2500000e+02
   9.0685196e+01   3.7093468e-01   2.3201253e+04   1.2800000e+02
   9.0592912e+01   3.9131491e-01   2.2998764e+04   1.2900000e+02
   8.9242655e+01   4.0413614e-01   2.2960201e+04   1.3000000e+02
   8.7425974e+01   3.4951154e-01   2.2793116e+04   1.3100000e+02
   8.6290250e+01   3.4141908e-01   2.2840331e+04   1.3200000e+02
   8.3190038e+01   3.3600217e-01   2.2633710e+04   1.3300000e+02
   8.3085928e+01   3.4465557e-01   2.2591726e+04   1.3400000e+02
   8.2179243e+01   2.5437953e-01   2.2523099e+04   1.3500000e+02
   7.3115892e+01   2.5815007e-01   2.2626228e+04   1.3700000e+02
   7.2744800e+01   2.5699781e-01   2.2752890e+04   1.3800000e+02
   6.4825135e+01   1.2734362e-01   2.2822950e+04   1.3900000e+02
   6.0094046e+01   1.2668404e-01   2.2815425e+04   1.4000000e+02
   5.9873919e+01   1.2739949e-01   2.2939589e+04   1.4200000e+02
   5.9583920e+01   1.2597380e-01   2.3018830e+04   1.4300000e+02
   5.8969088e+01   1.2534985e-01   2.3333606e+04   1.4400000e+02
   5.8897785e+01   1.2353556e-01   2.3360198e+04   1.4500000e+02
   5.6050818e+01   3.7409674e-02   2.3732126e+04   1.4600000e+02
   5.5298911e+01   3.8419121e-02   2.4027880e+04   1.4700000e+02
   3.7588104e+01   0.0000000e+00   2.4682789e+04   1.4800000e+02
   3.7326634e+01   0.0000000e+00   2.5259875e+04   1.4900000e+02
   3.7262996e+01   0.0000000e+00   2.5073363e+04   1.6800000e+02
   3.7014237e+01   0.0000000e+00   2.5051139e+04   1.7000000e+02
   3.6476989e+01   0.0000000e+00   2.4926168e+04   1.7300000e+02
   3.5280947e+01   0.0000000e+00   2.4998874e+04   1.7400000e+02
   3.4139895e+01   0.0000000e+00   2.4972319e+04   1.7600000e+02
   3.1936968e+01   0.0000000e+00   2.4976674e+04   1.7700000e+02
   3.1677732e+01   0.0000000e+00   2.5067464e+04   1.7900000e+02
   3.0631624e+01   0.0000000e+00   2.5448673e+04   1.8100000e+02
   2.9907683e+01   0.0000000e+00   2.5771553e+04   1.8200000e+02
   2.9128358e+01   0.0000000e+00   2.6221718e+04   1.8400000e+02
   2.8821226e+01   0.0000000e+00   2.6528783e+04   1.8500000e+02
   2.8725370e+01   0.0000000e+00   2.6128905e+04   2.0000000e+02
   2.8576289e+01   0.0000000e+00   2.5994607e+04   2.0300000e+02
   2.8469445e+01   0.0000000e+00   2.5882357e+04   2.0800000e+02
   2.5092448e+01   0.0000000e+00   2.6120840e+04   2.2000000e+02
   2.4520164e+01   0.0000000e+00   2.6479135e+04   2.2100000e+02
   2.4262240e+01   0.0000000e+00   2.6824620e+04   2.2200000e+02
   2.3425850e+01   0.0000000e+00   2.6734395e+04   2.3500000e+02
   2.3415643e+01   0.0000000e+00   2.6705318e+04   2.3600000e+02
   2.3242525e+01   0.0000000e+00   2.6304767e+04   2.3800000e+02
   2.3128850e+01   0.0000000e+00   2.6222545e+04   2.4000000e+02
   2.2742346e+01   0.0000000e+00   2.6074332e+04   2.4500000e+02
   2.2547827e+01   0.0000000e+00   2.6080658e+04   2.4800000e+02
   2.2286095e+01   0.0000000e+00   2.6132202e+04   2.4900000e+02
   2.2067763e+01   0.0000000e+00   2.6301691e+04   2.5200000e+02
   2.1963500e+01   0.0000000e+00   2.6338826e+04   2.5300000e+02
   2.1864609e+01   0.0000000e+00   2.6409714e+04   2.5400000e+02
   2.1731174e+01   0.0000000e+00   2.6685232e+04   2.5600000e+02
   2.1724840e+01   0.0000000e+00   2.6911358e+04   2.5700000e+02
   2.1680844e+01   0.0000000e+00   2.7078960e+04   2.5800000e+02
   2.1409168e+01   0.0000000e+00   2.7416872e+04   2.5900000e+02
   2.1386579e+01   0.0000000e+00   2.7774345e+04   2.6000000e+02
   1.1064898e+01   0.0000000e+00   2.7736959e+04   2.7300000e+02
   1.0960267e+01   0.0000000e+00   2.7625398e+04   2.7500000e+02
   1.0959948e+01   0.0000000e+00   2.7436814e+04   2.7800000e+02
   1.0919308e+01   0.0000000e+00   2.7192402e+04   2.8100000e+02
   1.0509859e+01   0.0000000e+00   2.7213566e+04   2.8300000e+02
   1.0496049e+01   0.0000000e+00   2.7212723e+04   2.8400000e+02
   1.0419410e+01   0.0000000e+00   2.7355788e+04   2.8800000e+02
   1.0276852e+01   0.0000000e+00   2.7310981e+04   2.8900000e+02
   6.9708434e+00   0.0000000e+00   2.7556410e+04   2.9000000e+02
   6.9608422e+00   0.0000000e+00   2.7637137e+04   2.9100000e+02
   6.9435388e+00   0.0000000e+00   2.7875397e+04   2.9200000e+02
   6.7412649e+00   0.0000000e+00   2.8000976e+04   2.9300000e+02
   6.6950822e+00   0.0000000e+00   2.8215859e+04   2.9500000e+02
   6.6397462e+00   0.0000000e+00   2.8721020e+04   2.9700000e+02
   6.5154623e+00   0.0000000e+00   2.8635557e+04   3.0200000e+02
   6.4773958e+00   0.0000000e+00   2.8424336e+04   3.0500000e+02
   6.4551351e+00   0.0000000e+00   2.8376977e+04   3.1400000e+02
   6.3528132e+00   0.0000000e+00   2.8215450e+04   3.2000000e+02
   6.3513086e+00   0.0000000e+00   2.8140352e+04   3.2200000e+02
   6.3361524e+00   0.0000000e+00   2.8088793e+04   3.2400000e+02
   6.1154447e+00   0.0000000e+00   2.8453780e+04   3.2800000e+02
   6.0524280e+00   0.0000000e+00   2.8764323e+04   3.3000000e+02
   5.9999376e+00   0.0000000e+00   2.9091168e+04   3.3200000e+02
   5.9636580e+00   0.0000000e+00   2.9246084e+04   3.3300000e+02
   5.8736993e+00   0.0000000e+00   2.9669516e+04   3.3400000e+02
   5.8277611e+00   0.0000000e+00   2.9627790e+04   3.4400000e+02
   2.4909366e+00   0.0000000e+00   2.9490274e+04   3.4900000e+02
   2.3651724e+00   0.0000000e+00   2.9187341e+04   3.5100000e+02
   2.3515833e+00   0.0000000e+00   2.9085287e+04   3.5300000e+02
   2.3327190e+00   0.0000000e+00   2.8738516e+04   3.5600000e+02
   2.3246995e+00   0.0000000e+00   2.8532997e+04   3.5700000e+02
   2.3234424e+00   0.0000000e+00   2.8528428e+04   3.5800000e+02
   2.3195604e+00   0.0000000e+00   2.8434893e+04   3.6000000e+02
   2.3009111e+00   0.0000000e+00   2.8424428e+04   3.6100000e+02
   2.2623639e+00   0.0000000e+00   2.8640662e+04   3.6400000e+02
   2.2346979e+00   0.0000000e+00   2.8731714e+04   3.6500000e+02
   2.2329281e+00   0.0000000e+00   2.8802252e+04   3.6700000e+02
   2.2106928e+00   0.0000000e+00   2.8922208e+04   3.6800000e+02
   2.1691415e+00   0.0000000e+00   2.9409785e+04   3.7000000e+02
   2.1454310e+00   0.0000000e+00   2.9185910e+04   3.8000000e+02
   2.1021418e+00   0.0000000e+00   2.8939787e+04   3.8200000e+02
   2.7239584e-01   0.0000000e+00   2.8669675e+04   3.8900000e+02
   2.7152464e-01   0.0000000e+00   2.8566161e+04   3.9300000e+02
   2.6350271e-01   0.0000000e+00   2.8479985e+04   3.9400000e+02
   2.6238836e-01   0.0000000e+00   2.8317256e+04   3.9600000e+02
   2.5172131e-01   0.0000000e+00   2.8310815e+04   3.9800000e+02
   2.3929019e-01   0.0000000e+00   2.8335899e+04   3.9900000e+02
   2.3678749e-01   0.0000000e+00   2.8415933e+04   4.0200000e+02
   2.1698105e-01   0.0000000e+00   2.8602262e+04   4.0500000e+02
   8.7542084e-02   0.0000000e+00   2.8997781e+04   4.0800000e+02
   8.3277297e-02   0.0000000e+00   2.8680145e+04   4.2100000e+02
   8.2676695e-02   0.0000000e+00   2.8574700e+04   4.2200000e+02
   8.1548213e-02   0.0000000e+00   2.8490504e+04   4.2700000e+02
   3.4977349e-03   0.0000000e+00   2.8332231e+04   4.2800000e+02
   1.9940826e-03   0.0000000e+00   2.8313535e+04   4.2900000e+02
   0.0000000e+00   0.0000000e+00   2.8048788e+04   4.3300000e+02
   0.0000000e+00   0.0000000e+00   2.7997347e+04   4.3700000e+02
   0.0000000e+00   0.0000000e+00   2.7699469e+04   4.5900000e+02
   0.0000000e+00   0.0000000e+00   2.7595677e+04   4.6100000e+02
   0.0000000e+00   0.0000000e+00   2.7436495e+04   4.6500000e+02
   0.0000000e+00   0.0000000e+00   2.7236264e+04   4.6700000e+02
   0.0000000e+00   0.0000000e+00   2.7040586e+04   4.6800000e+02
   0.0000000e+00   0.0000000e+00   2.6817033e+04   4.6900000e+02
   0.0000000e+00   0.0000000e+00   2.6796402e+04   4.7300000e+02
   0.0000000e+00   0.0000000e+00   2.6637740e+04   4.9500000e+02
   0.0000000e+00   0.0000000e+00   2.6498567e+04   4.9600000e+02
   0.0000000e+00   0.0000000e+00   2.6214333e+04   4.9700000e+02
   0.0000000e+00   0.0000000e+00   2.5831819e+04   4.9900000e+02
   0.0000000e+00   0.0000000e+00   2.5745214e+04   5.0000000e+02
   0.0000000e+00   0.0000000e+00   2.5485765e+04   5.0200000e+02
   0.0000000e+00   0.0000000e+00   2.5458340e+04   5.0600000e+02
   0.0000000e+00   0.0000000e+00   2.5456467e+04   5.0800000e+02
   0.0000000e+00   0.0000000e+00   2.5198081e+04   5.3100000e+02
   0.0000000e+00   0.0000000e+00   2.4937631e+04   5.3200000e+02
   0.0000000e+00   0.0000000e+00   2.4858713e+04   5.3300000e+02
   0.0000000e+00   0.0000000e+00   2.4642431e+04   5.3400000e+02
   0.0000000e+00   0.0000000e+00   2.4565733e+04   5.3500000e+02
   0.0000000e+00   0.0000000e+00   2.4304220e+04   5.4000000e+02
   0.0000000e+00   0.0000000e+00   2.4126078e+04   5.4100000e+02
   0.0000000e+00   0.0000000e+00   2.4073919e+04   5.4200000e+02
   0.0000000e+00   0.0000000e+00   2.3976533e+04   5.4400000e+02
   0.0000000e+00   0.0000000e+00   2.3893836e+04   5.4500000e+02
   0.0000000e+00   0.0000000e+00   2.3420818e+04   5.6300000e+02
   0.0000000e+00   0.0000000e+00   2.3276540e+04   5.6700000e+02
   0.0000000e+00   0.0000000e+00   2.3217039e+04   5.6900000e+02
   0.0000000e+00   0.0000000e+00   2.3082001e+04   5.7000000e+02
   0.0000000e+00   0.0000000e+00   2.3064875e+04   5.7200000e+02
   0.0000000e+00   0.0000000e+00   2.2883449e+04   5.7800000e+02
   0.0000000e+00   0.0000000e+00   2.2826677e+04   5.8000000e+02
   0.0000000e+00   0.0000000e+00   2.2711708e+04   5.8100000e+02
   0.0000000e+00   0.0000000e+00   2.2670440e+04   5.8200000e+02
   0.0000000e+00   0.0000000e+00   2.2570338e+04   6.0400000e+02
   0.0000000e+00   0.0000000e+00   2.2455223e+04   6.0500000e+02
   0.0000000e+00   0.0000000e+00   2.2310042e+04   6.0800000e+02
   0.0000000e+00   0.0000000e+00   2.2145692e+04   6.1100000e+02
   0.0000000e+00   0.0000000e+00   2.2097524e+04   6.1200000e+02
   0.0000000e+00   0.0000000e+00   2.1823103e+04   6.1400000e+02
   0.0000000e+00   0.0000000e+00   2.1594615e+04   6.1500000e+02
   0.0000000e+00   0.0000000e+00   2.1499371e+04   6.1600000e+02
   0.0000000e+00   0.0000000e+00   2.1338577e+04   6.1700000e+02
   0.0000000e+00   0.0000000e+00   2.1232731e+04   6.2000000e+02
   0.0000000e+00   0.0000000e+00   2.1230080e+04   6.2100000e+02
   0.0000000e+00   0.0000000e+00   2.1181704e+04   6.3900000e+02
   0.0000000e+00   0.0000000e+00   2.1056070e+04   6.4200000e+02
   0.0000000e+00   0.0000000e+00   2.0742788e+04   6.4300000e+02
   0.0000000e+00   0.0000000e+00   2.0577527e+04   6.4400000e+02
   0.0000000e+00   0.0000000e+00   2.0326146e+04   6.4500000e+02
   0.0000000e+00   0.0000000e+00   2.0204119e+04   6.4900000e+02
   0.0000000e+00   0.0000000e+00   1.9974945e+04   6.5000000e+02
   0.0000000e+00   0.0000000e+00   1.9845718e+04   6.5200000e+02
   0.0000000e+00   0.0000000e+00   1.9787281e+04   6.5300000e+02
   0.0000000e+00   0.0000000e+00   1.9772251e+04   6.5900000e+02
   0.0000000e+00   0.0000000e+00   1.9662875e+04   6.7200000e+02
   0.0000000e+00   0.0000000e+00   1.9375964e+04   6.7500000e+02
   0.0000000e+00   0.0000000e+00   1.9159211e+04   6.7600000e+02
   0.0000000e+00   0.0000000e+00   1.9004400e+04   6.7800000e+02
   0.0000000e+00   0.0000000e+00   1.8972913e+04   6.7900000e+02
   0.0000000e+00   0.0000000e+00   1.8800887e+04   6.8100000e+02
   0.0000000e+00   0.0000000e+00   1.8692084e+04   6.8200000e+02
   0.0000000e+00   0.0000000e+00   1.8575243e+04   6.8400000e+02
   0.0000000e+00   0.0000000e+00   1.8384651e+04   6.8500000e+02
   0.0000000e+00   0.0000000e+00   1.8361977e+04   6.8600000e+02
   0.0000000e+00   0.0000000e+00   1.8022548e+04   6.8800000e+02
   0.0000000e+00   0.0000000e+00   1.7847445e+04   6.9000000e+02
   0.0000000e+00   0.0000000e+00   1.7734767e+04   6.9100000e+02
   0.0000000e+00   0.0000000e+00   1.7608832e+04   7.1400000e+02
   0.0000000e+00   0.0000000e+00   1.7357536e+04   7.1500000e+02
   0.0000000e+00   0.0000000e+00   1.7242009e+04   7.1600000e+02
   0.0000000e+00   0.0000000e+00   1.7193719e+04   7.1700000e+02
   0.0000000e+00   0.0000000e+00   1.7168535e+04   7.1900000e+02
   0.0000000e+00   0.0000000e+00   1.7138900e+04   7.2100000e+02
   0.0000000e+00   0.0000000e+00   1.7093563e+04   7.2200000e+02
   0.0000000e+00   0.0000000e+00   1.7090200e+04   7.2400000e+02
   0.0000000e+00   0.0000000e+00   1.7025786e+04   7.2500000e+02
   0.0000000e+00   0.0000000e+00   1.6872775e+04   7.5200000e+02
   0.0000000e+00   0.0000000e+00   1.6705854e+04   7.5300000e+02
   0.0000000e+00   0.0000000e+00   1.6525165e+04   7.5400000e+02
   0.0000000e+00   0.0000000e+00   1.6484768e+04   7.5500000e+02
   0.0000000e+00   0.0000000e+00   1.6473124e+04   7.5600000e+02
   0.0000000e+00   0.0000000e+00   1.6399033e+04   7.5700000e+02
   0.0000000e+00   0.0000000e+00   1.6310614e+04   7.6100000e+02
   0.0000000e+00   0.0000000e+00   1.6281842e+04   7.6200000e+02
   0.0000000e+00   0.0000000e+00   1.6278678e+04   7.6300000e+02
   0.0000000e+00   0.0000000e+00   1.6242606e+04   7.6800000e+02
   0.0000000e+00   0.0000000e+00   1.6195155e+04   7.8200000e+02
   0.0000000e+00   0.0000000e+00   1.6129836e+04   7.9000000e+02
   0.0000000e+00   0.0000000e+00   1.6029638e+04   7.9100000e+02
   0.0000000e+00   0.0000000e+00   1.5933917e+04   7.9600000e+02
   0.0000000e+00   0.0000000e+00   1.5874880e+04   7.9700000e+02
   0.0000000e+00   0.0000000e+00   1.5738437e+04   7.9800000e+02
   0.0000000e+00   0.0000000e+00   1.5701337e+04   8.0300000e+02
   0.0000000e+00   0.0000000e+00   1.5645293e+04   8.2400000e+02
   0.0000000e+00   0.0000000e+00   1.5543013e+04   8.2700000e+02
   0.0000000e+00   0.0000000e+00   1.5479168e+04   8.3100000e+02
   0.0000000e+00   0.0000000e+00   1.5463357e+04   8.3200000e+02
   0.0000000e+00   0.0000000e+00   1.5377995e+04   8.3300000e+02
   0.0000000e+00   0.0000000e+00   1.5135988e+04   8.5600000e+02
   0.0000000e+00   0.0000000e+00   1.4897754e+04   8.6000000e+02
   0.0000000e+00   0.0000000e+00   1.4798622e+04   8.6700000e+02
   0.0000000e+00   0.0000000e+00   1.4592768e+04   8.6800000e+02
   0.0000000e+00   0.0000000e+00   1.4582053e+04   8.7600000e+02
   0.0000000e+00   0.0000000e+00   1.4558011e+04   9.0100000e+02
   0.0000000e+00   0.0000000e+00   1.4363452e+04   9.0600000e+02
   0.0000000e+00   0.0000000e+00   1.4325169e+04   9.0700000e+02
   0.0000000e+00   0.0000000e+00   1.4283081e+04   9.3600000e+02
   0.0000000e+00   0.0000000e+00   1.4175570e+04   9.4000000e+02
   0.0000000e+00   0.0000000e+00   1.4099225e+04   9.4700000e+02
   0.0000000e+00   0.0000000e+00   1.4087778e+04   9.5100000e+02
   0.0000000e+00   0.0000000e+00   1.4077494e+04   9.5200000e+02
   0.0000000e+00   0.0000000e+00   1.3988112e+04   9.7500000e+02
   0.0000000e+00   0.0000000e+00   1.3968649e+04   9.7600000e+02
   0.0000000e+00   0.0000000e+00   1.3840009e+04   9.7800000e+02
   0.0000000e+00   0.0000000e+00   1.3712626e+04   9.8200000e+02
   0.0000000e+00   0.0000000e+00   1.3659553e+04   1.0080000e+03
   0.0000000e+00   0.0000000e+00   1.3622303e+04   1.0110000e+03
   0.0000000e+00   0.0000000e+00   1.3549191e+04   1.0120000e+03
   0.0000000e+00   0.0000000e+00   1.3536405e+04   1.0150000e+03
   0.0000000e+00   0.0000000e+00   1.3341064e+04   1.0160000e+03
   0.0000000e+00   0.0000000e+00   1.3160059e+04   1.0530000e+03
   0.0000000e+00   0.0000000e+00   1.3095613e+04   1.1200000e+03
   0.0000000e+00   0.0000000e+00   1.3063408e+04   1.1350000e+03
   0.0000000e+00   0.0000000e+00   1.3042595e+04   1.1620000e+03
   0.0000000e+00   0.0000000e+00   1.2945284e+04   1.1670000e+03
   0.0000000e+00   0.0000000e+00   1.2901996e+04   1.1990000e+03
   0.0000000e+00   0.0000000e+00   1.2880744e+04   1.2020000e+03
   0.0000000e+00   0.0000000e+00   1.2852375e+04   1.2030000e+03
   0.0000000e+00   0.0000000e+00   1.2842598e+04   1.2120000e+03
   0.0000000e+00   0.0000000e+00   1.2808732e+04   1.2320000e+03
   0.0000000e+00   0.0000000e+00   1.2666017e+04   1.2350000e+03
   0.0000000e+00   0.0000000e+00   1.2657933e+04   1.2400000e+03
   0.0000000e+00   0.0000000e+00   1.2648590e+04   1.2420000e+03
   0.0000000e+00   0.0000000e+00   1.2543297e+04   1.2720000e+03
   0.0000000e+00   0.0000000e+00   1.2530539e+04   1.2750000e+03
   0.0000000e+00   0.0000000e+00   1.2511343e+04   1.2760000e+03
   0.0000000e+00   0.0000000e+00   1.2451353e+04   1.3120000e+03
   0.0000000e+00   0.0000000e+00   1.2308470e+04   1.3180000e+03
   0.0000000e+00   0.0000000e+00   1.2289204e+04   1.3190000e+03
   0.0000000e+00   0.0000000e+00   1.2178930e+04   1.3210000e+03
   0.0000000e+00   0.0000000e+00   1.2168910e+04   1.3430000e+03
   0.0000000e+00   0.0000000e+00   1.2054355e+04   1.3480000e+03
   0.0000000e+00   0.0000000e+00   1.2049308e+04   1.3600000e+03
   0.0000000e+00   0.0000000e+00   1.2028676e+04   1.3850000e+03
   0.0000000e+00   0.0000000e+00   1.1975056e+04   1.3870000e+03
   0.0000000e+00   0.0000000e+00   1.1958668e+04   1.3880000e+03
   0.0000000e+00   0.0000000e+00   1.1901384e+04   1.4170000e+03
   0.0000000e+00   0.0000000e+00   1.1885088e+04   1.4560000e+03
   0.0000000e+00   0.0000000e+00   1.1839588e+04   1.4690000e+03
   0.0000000e+00   0.0000000e+00   1.1719661e+04   1.5710000e+03
   0.0000000e+00   0.0000000e+00   1.1676349e+04   1.5730000e+03
   0.0000000e+00   0.0000000e+00   1.1537819e+04   1.6020000e+03
   0.0000000e+00   0.0000000e+00   1.1481301e+04   1.6050000e+03
   0.0000000e+00   0.0000000e+00   1.1446023e+04   1.6110000e+03
   0.0000000e+00   0.0000000e+00   1.1363191e+04   1.6440000e+03
   0.0000000e+00   0.0000000e+00   1.1353707e+04   1.6800000e+03
   0.0000000e+00   0.0000000e+00   1.1346058e+04   1.7160000e+03
   0.0000000e+00   0.0000000e+00   1.1322588e+04   1.7190000e+03
   0.0000000e+00   0.0000000e+00   1.1305379e+04   1.7230000e+03
   0.0000000e+00   0.0000000e+00   1.1286382e+04   1.8000000e+03
   0.0000000e+00   0.0000000e+00   1.1277085e+04   1.8270000e+03
   0.0000000e+00   0.0000000e+00   1.1259085e+04   1.8280000e+03
   0.0000000e+00   0.0000000e+00   1.1142230e+04   1.8320000e+03
   0.0000000e+00   0.0000000e+00   1.1098329e+04   1.8640000e+03
   0.0000000e+00   0.0000000e+00   1.1088765e+04   1.8650000e+03
   0.0000000e+00   0.0000000e+00   1.1027127e+04   1.8680000e+03
   0.0000000e+00   0.0000000e+00   1.1016899e+04   1.8690000e+03
   0.0000000e+00   0.0000000e+00   1.0996412e+04   1.8700000e+03
   0.0000000e+00   0.0000000e+00   1.0976864e+04   1.9000000e+03
   0.0000000e+00   0.0000000e+00   1.0966027e+04   1.9020000e+03
   0.0000000e+00   0.0000000e+00   1.0767888e+04   1.9050000e+03
   0.0000000e+00   0.0000000e+00   1.0678823e+04   1.9110000e+03
   0.0000000e+00   0.0000000e+00   1.0659915e+04   1.9390000e+03
   0.0000000e+00   0.0000000e+00   1.0539842e+04   1.9440000e+03
   0.0000000e+00   0.0000000e+00   1.0478828e+04   1.9750000e+03
   0.0000000e+00   0.0000000e+00   1.0433003e+04   1.9770000e+03
   0.0000000e+00   0.0000000e+00   1.0360941e+04   1.9780000e+03
   0.0000000e+00   0.0000000e+00   1.0322985e+04   1.9800000e+03
   0.0000000e+00   0.0000000e+00   1.0272242e+04   1.9810000e+03
   0.0000000e+00   0.0000000e+00   1.0210505e+04   2.0090000e+03
   0.0000000e+00   0.0000000e+00   1.0195298e+04   2.0110000e+03
   0.0000000e+00   0.0000000e+00   1.0021533e+04   2.0140000e+03
   0.0000000e+00   0.0000000e+00   1.0000858e+04   2.0160000e+03
   0.0000000e+00   0.0000000e+00   9.9621767e+03   2.0460000e+03
   0.0000000e+00   0.0000000e+00   9.8883463e+03   2.0490000e+03
   0.0000000e+00   0.0000000e+00   9.8754011e+03   2.0510000e+03
   0.0000000e+00   0.0000000e+00   9.8695732e+03   2.0520000e+03
   0.0000000e+00   0.0000000e+00   9.8091738e+03   2.0850000e+03
   0.0000000e+00   0.0000000e+00   9.7858389e+03   2.1230000e+03
   0.0000000e+00   0.0000000e+00   9.7650944e+03   2.1250000e+03
   0.0000000e+00   0.0000000e+00   9.7494430e+03   2.1620000e+03
   0.0000000e+00   0.0000000e+00   9.7380442e+03   2.1630000e+03
   0.0000000e+00   0.0000000e+00   9.7248275e+03   2.1680000e+03
   0.0000000e+00   0.0000000e+00   9.6372119e+03   2.1990000e+03
   0.0000000e+00   0.0000000e+00   9.6205004e+03   2.2330000e+03
   0.0000000e+00   0.0000000e+00   9.4617699e+03   2.2440000e+03
   0.0000000e+00   0.0000000e+00   9.3854681e+03   2.2660000e+03
   0.0000000e+00   0.0000000e+00   9.3516444e+03   2.2690000e+03
   0.0000000e+00   0.0000000e+00   9.3507144e+03   2.2710000e+03
   0.0000000e+00   0.0000000e+00   9.3301683e+03   2.2720000e+03
   0.0000000e+00   0.0000000e+00   9.2861428e+03   2.2770000e+03
   0.0000000e+00   0.0000000e+00   9.2682651e+03   2.3070000e+03
   0.0000000e+00   0.0000000e+00   9.2575715e+03   2.3120000e+03
   0.0000000e+00   0.0000000e+00   9.2353910e+03   2.3400000e+03
   0.0000000e+00   0.0000000e+00   9.2269040e+03   2.3430000e+03
   0.0000000e+00   0.0000000e+00   9.1604946e+03   2.3500000e+03
   0.0000000e+00   0.0000000e+00   9.1430846e+03   2.3810000e+03
   0.0000000e+00   0.0000000e+00   9.0609938e+03   2.3830000e+03
   0.0000000e+00   0.0000000e+00   9.0513096e+03   2.3850000e+03
   0.0000000e+00   0.0000000e+00   9.0128186e+03   2.4170000e+03
   0.0000000e+00   0.0000000e+00   8.9733541e+03   2.4200000e+03
   0.0000000e+00   0.0000000e+00   8.9401620e+03   2.4210000e+03
   0.0000000e+00   0.0000000e+00   8.9134160e+03   2.4550000e+03
   0.0000000e+00   0.0000000e+00   8.9037654e+03   2.4620000e+03
   0.0000000e+00   0.0000000e+00   8.8789617e+03   2.4930000e+03
   0.0000000e+00   0.0000000e+00   8.8451720e+03   2.5310000e+03
   0.0000000e+00   0.0000000e+00   8.8321774e+03   2.5670000e+03
   0.0000000e+00   0.0000000e+00   8.8198212e+03   2.5720000e+03
   0.0000000e+00   0.0000000e+00   8.7572925e+03   2.6020000e+03
   0.0000000e+00   0.0000000e+00   8.7513966e+03   2.6030000e+03
   0.0000000e+00   0.0000000e+00   8.6680253e+03   2.6050000e+03
   0.0000000e+00   0.0000000e+00   8.6349883e+03   2.6120000e+03
   0.0000000e+00   0.0000000e+00   8.6253924e+03   2.6420000e+03
   0.0000000e+00   0.0000000e+00   8.6149245e+03   2.6440000e+03
   0.0000000e+00   0.0000000e+00   8.5821150e+03   2.6750000e+03
   0.0000000e+00   0.0000000e+00   8.5395060e+03   2.7130000e+03
   0.0000000e+00   0.0000000e+00   8.5325255e+03   2.7140000e+03
   0.0000000e+00   0.0000000e+00   8.5251271e+03   2.7150000e+03
   0.0000000e+00   0.0000000e+00   8.5152409e+03   2.7170000e+03
   0.0000000e+00   0.0000000e+00   8.4774025e+03   2.7470000e+03
   0.0000000e+00   0.0000000e+00   8.4738228e+03   2.7530000e+03
   0.0000000e+00   0.0000000e+00   8.3720355e+03   2.8250000e+03
   0.0000000e+00   0.0000000e+00   8.3560631e+03   2.8260000e+03
   0.0000000e+00   0.0000000e+00   8.3119614e+03   2.8280000e+03
   0.0000000e+00   0.0000000e+00   8.2616988e+03   2.8630000e+03
   0.0000000e+00   0.0000000e+00   8.2590281e+03   2.8640000e+03
   0.0000000e+00   0.0000000e+00   8.2243198e+03   2.8980000e+03
   0.0000000e+00   0.0000000e+00   8.2224395e+03   2.9000000e+03
   0.0000000e+00   0.0000000e+00   8.1585208e+03   2.9690000e+03
   0.0000000e+00   0.0000000e+00   8.1046154e+03   2.9730000e+03
   0.0000000e+00   0.0000000e+00   8.0510366e+03   2.9780000e+03
   0.0000000e+00   0.0000000e+00   8.0096631e+03   3.0060000e+03
   0.0000000e+00   0.0000000e+00   7.9314311e+03   3.0090000e+03
   0.0000000e+00   0.0000000e+00   7.8943432e+03   3.0110000e+03
   0.0000000e+00   0.0000000e+00   7.8920578e+03   3.0430000e+03
   0.0000000e+00   0.0000000e+00   7.8714216e+03   3.1220000e+03
   0.0000000e+00   0.0000000e+00   7.8615180e+03   3.1590000e+03
   0.0000000e+00   0.0000000e+00   7.8349099e+03   3.3070000e+03
   0.0000000e+00   0.0000000e+00   7.8323755e+03   3.3450000e+03
   0.0000000e+00   0.0000000e+00   7.8017421e+03   3.3800000e+03
   0.0000000e+00   0.0000000e+00   7.7936783e+03   3.3830000e+03
   0.0000000e+00   0.0000000e+00   7.7742675e+03   3.4160000e+03
   0.0000000e+00   0.0000000e+00   7.7626369e+03   3.4910000e+03
   0.0000000e+00   0.0000000e+00   7.7368272e+03   3.4920000e+03
   0.0000000e+00   0.0000000e+00   7.6923036e+03   3.5270000e+03
   0.0000000e+00   0.0000000e+00   7.6887572e+03   3.6760000e+03
   0.0000000e+00   0.0000000e+00   7.6874104e+03   3.7520000e+03
   0.0000000e+00   0.0000000e+00   7.6645833e+03   3.7850000e+03
   0.0000000e+00   0.0000000e+00   7.6387643e+03   3.7870000e+03
   0.0000000e+00   0.0000000e+00   7.6073212e+03   3.7880000e+03
   0.0000000e+00   0.0000000e+00   7.5999226e+03   3.7890000e+03
   0.0000000e+00   0.0000000e+00   7.5897278e+03   3.8970000e+03
   0.0000000e+00   0.0000000e+00   7.5601450e+03   3.9320000e+03
   0.0000000e+00   0.0000000e+00   7.5416961e+03   4.0080000e+03
   0.0000000e+00   0.0000000e+00   7.5284805e+03   4.1180000e+03
   0.0000000e+00   0.0000000e+00   7.5136455e+03   4.1220000e+03
   0.0000000e+00   0.0000000e+00   7.5069745e+03   4.1240000e+03
   0.0000000e+00   0.0000000e+00   7.5018473e+03   4.1570000e+03
   0.0000000e+00   0.0000000e+00   7.4921818e+03   4.1620000e+03
   0.0000000e+00   0.0000000e+00   7.4760734e+03   4.2320000e+03
   0.0000000e+00   0.0000000e+00   7.4747574e+03   4.2680000e+03
   0.0000000e+00   0.0000000e+00   7.4427931e+03   4.3040000e+03
   0.0000000e+00   0.0000000e+00   7.4375858e+03   4.4150000e+03
   0.0000000e+00   0.0000000e+00   7.4069030e+03   4.4930000e+03
   0.0000000e+00   0.0000000e+00   7.3955754e+03   4.5650000e+03
   0.0000000e+00   0.0000000e+00   7.3831339e+03   4.6710000e+03
   0.0000000e+00   0.0000000e+00   7.3766343e+03   4.6770000e+03
   0.0000000e+00   0.0000000e+00   7.3656233e+03   4.7490000e+03
   0.0000000e+00   0.0000000e+00   7.3623551e+03   4.7530000e+03
   0.0000000e+00   0.0000000e+00   7.3581049e+03   4.8220000e+03
   0.0000000e+00   0.0000000e+00   7.3489797e+03   4.8250000e+03
   0.0000000e+00   0.0000000e+00   7.3381825e+03   4.8620000e+03
   0.0000000e+00   0.0000000e+00   7.3264217e+03   4.8950000e+03
   0.0000000e+00   0.0000000e+00   7.3166399e+03   5.0520000e+03
   0.0000000e+00   0.0000000e+00   7.3052338e+03   5.1560000e+03
   0.0000000e+00   0.0000000e+00   7.2969598e+03   5.2370000e+03
   0.0000000e+00   0.0000000e+00   7.2915185e+03   5.4130000e+03
   0.0000000e+00   0.0000000e+00   7.2703315e+03   5.4140000e+03
   0.0000000e+00   0.0000000e+00   7.2601030e+03   5.6390000e+03
   0.0000000e+00   0.0000000e+00   7.2432222e+03   6.0470000e+03
   0.0000000e+00   0.0000000e+00   7.2420133e+03   6.0840000e+03
   0.0000000e+00   0.0000000e+00   7.2391402e+03   6.1920000e+03
   0.0000000e+00   0.0000000e+00   7.2387308e+03   6.1930000e+03
   0.0000000e+00   0.0000000e+00   7.2364079e+03   6.1960000e+03
   0.0000000e+00   0.0000000e+00   7.2009921e+03   6.2280000e+03
   0.0000000e+00   0.0000000e+00   7.2005904e+03   6.2290000e+03
   0.0000000e+00   0.0000000e+00   7.1990734e+03   6.2690000e+03
   0.0000000e+00   0.0000000e+00   7.1966324e+03   6.3400000e+03
   0.0000000e+00   0.0000000e+00   7.1804914e+03   6.5260000e+03
   0.0000000e+00   0.0000000e+00   7.1644327e+03   6.5680000e+03
   0.0000000e+00   0.0000000e+00   7.1641556e+03   6.6000000e+03
   0.0000000e+00   0.0000000e+00   7.1471167e+03   6.6350000e+03
   0.0000000e+00   0.0000000e+00   7.1404297e+03   6.7470000e+03
   0.0000000e+00   0.0000000e+00   7.1223547e+03   6.8560000e+03
   0.0000000e+00   0.0000000e+00   7.1179609e+03   6.9670000e+03
   0.0000000e+00   0.0000000e+00   7.1129984e+03   6.9690000e+03
   0.0000000e+00   0.0000000e+00   7.1115438e+03   7.0040000e+03
   0.0000000e+00   0.0000000e+00   7.1037398e+03   7.0060000e+03
   0.0000000e+00   0.0000000e+00   7.1011390e+03   7.0430000e+03
   0.0000000e+00   0.0000000e+00   7.0819870e+03   7.0800000e+03
   0.0000000e+00   0.0000000e+00   7.0722138e+03   7.3010000e+03
   0.0000000e+00   0.0000000e+00   7.0657568e+03   7.3790000e+03
   0.0000000e+00   0.0000000e+00   7.0651818e+03   7.4130000e+03
   0.0000000e+00   0.0000000e+00   7.0595407e+03   7.4850000e+03
   0.0000000e+00   0.0000000e+00   7.0570031e+03   7.6360000e+03
   0.0000000e+00   0.0000000e+00   7.0313750e+03   7.9670000e+03
   0.0000000e+00   0.0000000e+00   7.0266840e+03   7.9680000e+03
   0.0000000e+00   0.0000000e+00   7.0258253e+03   8.2290000e+03
   0.0000000e+00   0.0000000e+00   7.0251815e+03   8.6370000e+03
   0.0000000e+00   0.0000000e+00   7.0217618e+03   8.6720000e+03
   0.0000000e+00   0.0000000e+00   7.0076236e+03   8.7850000e+03
   0.0000000e+00   0.0000000e+00   6.9869128e+03   8.9280000e+03
   0.0000000e+00   0.0000000e+00   6.9840452e+03   9.7450000e+03
   0.0000000e+00   0.0000000e+00   6.9787570e+03   1.0152000e+04
   0.0000000e+00   0.0000000e+00   6.9745053e+03   1.0373000e+04
   0.0000000e+00   0.0000000e+00   6.9685936e+03   1.1370000e+04
   0.0000000e+00   0.0000000e+00   6.9671390e+03   1.3664000e+04
   0.0000000e+00   0.0000000e+00   6.9668145e+03   1.4520000e+04
   0.0000000e+00   0.0000000e+00   6.9580093e+03   1.4554000e+04
   0.0000000e+00   0.0000000e+00   6.9547787e+03   1.4628000e+04
   0.0000000e+00   0.0000000e+00   6.9526132e+03   1.5259000e+04
   0.0000000e+00   0.0000000e+00   6.9490150e+03   1.5404000e+04
   0.0000000e+00   0.0000000e+00   6.9479732e+03   1.5778000e+04
   0.0000000e+00   0.0000000e+00   6.9439461e+03   1.5849000e+04
   0.0000000e+00   0.0000000e+00   6.9359338e+03   1.7216000e+04
   0.0000000e+00   0.0000000e+00   6.9245900e+03   1.7626000e+04
   0.0000000e+00   0.0000000e+00   6.8960624e+03   1.7887000e+04
   0.0000000e+00   0.0000000e+00   6.8957920e+03   1.8180000e+04
   0.0000000e+00   0.0000000e+00   6.8844816e+03   1.8582000e+04
   0.0000000e+00   0.0000000e+00   6.8806557e+03   1.8586000e+04
   0.0000000e+00   0.0000000e+00   6.8796083e+03   1.8699000e+04
   0.0000000e+00   0.0000000e+00   6.8727801e+03   1.8770000e+04
   0.0000000e+00   0.0000000e+00   6.8679790e+03   1.8882000e+04
   0.0000000e+00   0.0000000e+00   6.8579117e+03   1.8884000e+04
   0.0000000e+00   0.0000000e+00   6.8453526e+03   1.9177000e+04
   0.0000000e+00   0.0000000e+00   6.8413906e+03   1.9437000e+04
   0.0000000e+00   0.0000000e+00   6.8393378e+03   2.0030000e+04
   0.0000000e+00   0.0000000e+00   6.8356612e+03   2.0213000e+04
   0.0000000e+00   0.0000000e+00   6.8329360e+03   2.0734000e+04
   0.0000000e+00   0.0000000e+00   6.8290402e+03   2.0806000e+04
   0.0000000e+00   0.0000000e+00   6.8237726e+03   2.0844000e+04
   0.0000000e+00   0.0000000e+00   6.8236605e+03   2.1066000e+04
   0.0000000e+00   0.0000000e+00   6.8199005e+03   2.1251000e+04
   0.0000000e+00   0.0000000e+00   6.8133109e+03   2.1397000e+04
   0.0000000e+00   0.0000000e+00   6.8077398e+03   2.1402000e+04
   0.0000000e+00   0.0000000e+00   6.7886672e+03   2.1435000e+04
   0.0000000e+00   0.0000000e+00   6.7825795e+03   2.1657000e+04
   0.0000000e+00   0.0000000e+00   6.7813732e+03   2.2657000e+04
   0.0000000e+00   0.0000000e+00   6.7738253e+03   2.3281000e+04
   0.0000000e+00   0.0000000e+00   6.7676282e+03   2.3358000e+04
   0.0000000e+00   0.0000000e+00   6.7580970e+03   2.4545000e+04
   0.0000000e+00   0.0000000e+00   6.7569867e+03   2.5138000e+04
   0.0000000e+00   0.0000000e+00   6.7544518e+03   2.5395000e+04
   0.0000000e+00   0.0000000e+00   6.7446113e+03   2.6097000e+04
   0.0000000e+00   0.0000000e+00   6.7423878e+03   2.6173000e+04
   0.0000000e+00   0.0000000e+00   6.7422173e+03   2.7800000e+04
   0.0000000e+00   0.0000000e+00   6.7221732e+03   2.8018000e+04
   0.0000000e+00   0.0000000e+00   6.7220803e+03   2.8244000e+04
   0.0000000e+00   0.0000000e+00   6.7214821e+03   2.8355000e+04
   0.0000000e+00   0.0000000e+00   6.7123092e+03   3.0571000e+04
   0.0000000e+00   0.0000000e+00   6.6981298e+03   3.0685000e+04
   0.0000000e+00   0.0000000e+00   6.6970605e+03   3.0907000e+04
   0.0000000e+00   0.0000000e+00   6.6965788e+03   3.1019000e+04
   0.0000000e+00   0.0000000e+00   6.6924634e+03   3.2387000e+04
   0.0000000e+00   0.0000000e+00   6.6922017e+03   3.8976000e+04
   0.0000000e+00   0.0000000e+00   6.6876685e+03   3.9157000e+04
   0.0000000e+00   0.0000000e+00   6.6856876e+03   4.1491000e+04
   0.0000000e+00   0.0000000e+00   6.6777726e+03   4.2194000e+04
   0.0000000e+00   0.0000000e+00   6.6725653e+03   4.2783000e+04
   0.0000000e+00   0.0000000e+00   6.6704749e+03   4.3525000e+04
   0.0000000e+00   0.0000000e+00   6.6690203e+03   4.4227000e+04
   0.0000000e+00   0.0000000e+00   6.6679079e+03   4.4562000e+04
   0.0000000e+00   0.0000000e+00   6.6643097e+03   4.4671000e+04
   0.0000000e+00   0.0000000e+00   6.6565852e+03   4.4931000e+04
   0.0000000e+00   0.0000000e+00   6.6527388e+03   4.5116000e+04
   0.0000000e+00   0.0000000e+00   6.6514402e+03   4.5819000e+04
   0.0000000e+00   0.0000000e+00   6.6484570e+03   4.6523000e+04
   0.0000000e+00   0.0000000e+00   6.6372511e+03   4.9885000e+04
   0.0000000e+00   0.0000000e+00   6.6364623e+03   4.9964000e+04
   0.0000000e+00   0.0000000e+00   6.6356818e+03   5.0074000e+04
   0.0000000e+00   0.0000000e+00   6.6315664e+03   5.0738000e+04
   0.0000000e+00   0.0000000e+00   6.6262704e+03   5.0886000e+04
   0.0000000e+00   0.0000000e+00   6.6114764e+03   5.1184000e+04
   0.0000000e+00   0.0000000e+00   6.6064550e+03   5.1887000e+04
   0.0000000e+00   0.0000000e+00   6.6013840e+03   5.1997000e+04
   0.0000000e+00   0.0000000e+00   6.5974209e+03   5.2775000e+04
   0.0000000e+00   0.0000000e+00   6.5966853e+03   5.3071000e+04
   0.0000000e+00   0.0000000e+00   6.5950816e+03   5.3219000e+04
   0.0000000e+00   0.0000000e+00   6.5942430e+03   5.4404000e+04
   0.0000000e+00   0.0000000e+00   6.5822364e+03   5.4956000e+04
   0.0000000e+00   0.0000000e+00   6.5821734e+03   5.5068000e+04
   0.0000000e+00   0.0000000e+00   6.5683699e+03   5.5953000e+04
   0.0000000e+00   0.0000000e+00   6.5649337e+03   5.6176000e+04
   0.0000000e+00   0.0000000e+00   6.5641644e+03   5.6217000e+04
   0.0000000e+00   0.0000000e+00   6.5635291e+03   5.7919000e+04
   0.0000000e+00   0.0000000e+00   6.5580869e+03   5.8840000e+04
   0.0000000e+00   0.0000000e+00   6.5558518e+03   5.9841000e+04
   0.0000000e+00   0.0000000e+00   6.5480808e+03   6.0061000e+04
   0.0000000e+00   0.0000000e+00   6.5441850e+03   6.0803000e+04
   0.0000000e+00   0.0000000e+00   6.5437090e+03   6.1951000e+04
   0.0000000e+00   0.0000000e+00   6.5371834e+03   6.3207000e+04
   0.0000000e+00   0.0000000e+00   6.5341493e+03   7.0832000e+04
   0.0000000e+00   0.0000000e+00   6.5333688e+03   7.0905000e+04
   0.0000000e+00   0.0000000e+00   6.5333681e+03   7.1682000e+04
   0.0000000e+00   0.0000000e+00   6.5317903e+03   7.2314000e+04
   0.0000000e+00   0.0000000e+00   6.5288803e+03   7.2569000e+04
   0.0000000e+00   0.0000000e+00   6.5215247e+03   7.2644000e+04
   0.0000000e+00   0.0000000e+00   6.5175628e+03   7.3272000e+04
   0.0000000e+00   0.0000000e+00   6.5136669e+03   7.3790000e+04
   0.0000000e+00   0.0000000e+00   6.5075549e+03   7.4046000e+04
   0.0000000e+00   0.0000000e+00   6.5061003e+03   7.8045000e+04
   0.0000000e+00   0.0000000e+00   6.5053162e+03   7.8525000e+04
   0.0000000e+00   0.0000000e+00   6.5048279e+03   8.1559000e+04
   0.0000000e+00   0.0000000e+00   6.5012297e+03   8.2152000e+04
   0.0000000e+00   0.0000000e+00   6.4917176e+03   8.5669000e+04
   0.0000000e+00   0.0000000e+00   6.4900870e+03   8.6522000e+04
   0.0000000e+00   0.0000000e+00   6.4887390e+03   8.6849000e+04
   0.0000000e+00   0.0000000e+00   6.4879186e+03   8.8554000e+04
   0.0000000e+00   0.0000000e+00   6.4700687e+03   8.8662000e+04
   0.0000000e+00   0.0000000e+00   6.4641570e+03   8.9330000e+04
   0.0000000e+00   0.0000000e+00   6.4623405e+03   8.9442000e+04
   0.0000000e+00   0.0000000e+00   6.4588919e+03   8.9663000e+04
   0.0000000e+00   0.0000000e+00   6.4511061e+03   8.9738000e+04
   0.0000000e+00   0.0000000e+00   6.4474295e+03   9.0143000e+04
   0.0000000e+00   0.0000000e+00   6.4459749e+03   9.2105000e+04
   0.0000000e+00   0.0000000e+00   6.4354848e+03   9.4253000e+04
   0.0000000e+00   0.0000000e+00   6.4315228e+03   9.8025000e+04
   0.0000000e+00   0.0000000e+00   6.4285797e+03   1.0464700e+05
   0.0000000e+00   0.0000000e+00   6.4224920e+03   1.1001300e+05
   0.0000000e+00   0.0000000e+00   6.3684314e+03   1.1864200e+05
   0.0000000e+00   0.0000000e+00   6.3661963e+03   1.1929900e+05
   0.0000000e+00   0.0000000e+00   6.3636016e+03   1.1948500e+05
   0.0000000e+00   0.0000000e+00   6.3589256e+03   1.1959500e+05
   0.0000000e+00   0.0000000e+00   6.3580103e+03   1.1985800e+05
   0.0000000e+00   0.0000000e+00   6.3551949e+03   1.2207700e+05
   0.0000000e+00   0.0000000e+00   6.3432195e+03   1.2240800e+05
   0.0000000e+00   0.0000000e+00   6.3367739e+03   1.2492600e+05
   0.0000000e+00   0.0000000e+00   6.3366170e+03   1.2588600e+05
   0.0000000e+00   0.0000000e+00   6.3333039e+03   1.2725900e+05
   0.0000000e+00   0.0000000e+00   6.3223666e+03   1.2832600e+05
   0.0000000e+00   0.0000000e+00   6.3158761e+03   1.2943700e+05
   0.0000000e+00   0.0000000e+00   6.3053791e+03   1.2951100e+05
   0.0000000e+00   0.0000000e+00   6.2992913e+03   1.3680100e+05
   0.0000000e+00   0.0000000e+00   6.2965738e+03   1.3750300e+05
   0.0000000e+00   0.0000000e+00   6.2942704e+03   1.4050000e+05
   0.0000000e+00   0.0000000e+00   6.2889977e+03   1.4975300e+05
   0.0000000e+00   0.0000000e+00   6.2841635e+03   1.5522500e+05
   0.0000000e+00   0.0000000e+00   6.2820634e+03   1.5626300e+05
   0.0000000e+00   0.0000000e+00   6.2773969e+03   1.6025700e+05
   0.0000000e+00   0.0000000e+00   6.2759423e+03   1.6159000e+05
   0.0000000e+00   0.0000000e+00   6.2739696e+03   1.6170300e+05
   0.0000000e+00   0.0000000e+00   6.2717345e+03   1.8490100e+05
   0.0000000e+00   0.0000000e+00   6.2690093e+03   1.9181800e+05
   0.0000000e+00   0.0000000e+00   6.2651715e+03   1.9851500e+05
