   4.0437224e+02   2.7481035e+01   1.4833539e+04   6.0000000e+00
   4.0187754e+02   2.9849590e+01   1.4602356e+04   9.0000000e+00
   3.9503409e+02   2.9263137e+01   1.4540420e+04   1.1000000e+01
   3.9471428e+02   2.9470686e+01   1.4507715e+04   1.2000000e+01
   3.9387813e+02   2.9493827e+01   1.4490089e+04   1.4000000e+01
   3.9314107e+02   2.8614180e+01   1.4484042e+04   1.5000000e+01
   3.9299204e+02   2.8601235e+01   1.4398310e+04   1.7000000e+01
   3.8997939e+02   2.8486525e+01   1.4347056e+04   1.9000000e+01
   3.8095313e+02   2.7700613e+01   1.4423305e+04   2.0000000e+01
   3.7582849e+02   2.7050249e+01   1.4464259e+04   2.1000000e+01
   3.7449701e+02   2.6518804e+01   1.4523555e+04   2.3000000e+01
   3.7119635e+02   2.6368594e+01   1.4659497e+04   2.5000000e+01
   3.6764991e+02   2.5271438e+01   1.4720493e+04   2.6000000e+01
   3.6590008e+02   2.4576617e+01   1.4731643e+04   2.7000000e+01
   3.5910544e+02   2.4154291e+01   1.4981223e+04   2.8000000e+01
   3.5434593e+02   2.2984636e+01   1.5144396e+04   2.9000000e+01
   3.4664730e+02   2.2568615e+01   1.5171730e+04   3.0000000e+01
   3.4408091e+02   2.2266724e+01   1.5443299e+04   3.1000000e+01
   3.3983763e+02   2.1653557e+01   1.5633468e+04   3.2000000e+01
   3.3880703e+02   2.1491363e+01   1.5925820e+04   3.3000000e+01
   3.3701160e+02   2.1242952e+01   1.6268371e+04   3.4000000e+01
   3.3606030e+02   2.1196678e+01   1.6807965e+04   3.5000000e+01
   3.3598492e+02   2.1086645e+01   1.7008381e+04   3.6000000e+01
   3.3583095e+02   2.1039392e+01   1.7371897e+04   3.7000000e+01
   3.3254927e+02   2.1062699e+01   1.7225285e+04   4.8000000e+01
   3.2909066e+02   2.0208533e+01   1.7228311e+04   4.9000000e+01
   3.2840797e+02   2.0209311e+01   1.7153354e+04   5.1000000e+01
   3.0923743e+02   2.0189915e+01   1.7189046e+04   5.2000000e+01
   3.0815929e+02   2.0266407e+01   1.6952971e+04   5.3000000e+01
   3.0776068e+02   2.0461959e+01   1.6696714e+04   5.4000000e+01
   2.9470428e+02   2.0477909e+01   1.6541398e+04   5.5000000e+01
   2.9092062e+02   1.9037288e+01   1.6541813e+04   5.6000000e+01
   2.9067894e+02   1.9110052e+01   1.6466200e+04   5.7000000e+01
   2.8857230e+02   1.8959041e+01   1.6435938e+04   5.9000000e+01
   2.8846120e+02   1.8821883e+01   1.6461470e+04   6.1000000e+01
   2.8418141e+02   1.8825293e+01   1.6423975e+04   6.2000000e+01
   2.8379860e+02   1.8744191e+01   1.6478377e+04   6.3000000e+01
   2.8212859e+02   1.8724774e+01   1.6411001e+04   6.4000000e+01
   2.7972419e+02   1.7916496e+01   1.6527599e+04   6.5000000e+01
   2.7689881e+02   1.5145068e+01   1.6660413e+04   6.7000000e+01
   2.7289241e+02   1.4769132e+01   1.6918871e+04   6.8000000e+01
   2.6368090e+02   1.2712367e+01   1.7332779e+04   6.9000000e+01
   2.5417793e+02   1.1861491e+01   1.7599465e+04   7.0000000e+01
   2.5332505e+02   1.1372358e+01   1.7933251e+04   7.1000000e+01
   2.4392451e+02   7.9574349e+00   1.8239720e+04   7.2000000e+01
   2.4337349e+02   7.7374584e+00   1.8772564e+04   7.3000000e+01
   2.2727981e+02   5.5756335e+00   1.9161467e+04   7.4000000e+01
   2.2193217e+02   5.2216609e+00   1.9889249e+04   7.5000000e+01
   2.2131866e+02   5.2188817e+00   1.9795482e+04   8.7000000e+01
   1.9974694e+02   4.4933787e+00   1.9710687e+04   9.0000000e+01
   1.9969392e+02   4.4531111e+00   1.9684165e+04   9.2000000e+01
   1.9155778e+02   4.3979079e+00   1.9610044e+04   9.3000000e+01
   1.9063066e+02   4.4009948e+00   1.9601930e+04   9.5000000e+01
   1.8806706e+02   4.3080798e+00   1.9523454e+04   9.6000000e+01
   1.8617278e+02   4.2803183e+00   1.9459395e+04   9.7000000e+01
   1.6987297e+02   3.1507696e+00   1.9643736e+04   9.9000000e+01
   1.6980918e+02   3.1774792e+00   1.9484283e+04   1.0000000e+02
   1.6929915e+02   3.1217776e+00   1.9539253e+04   1.0100000e+02
   1.6815193e+02   3.0887701e+00   1.9654383e+04   1.0200000e+02
   1.6788776e+02   3.0549800e+00   1.9763891e+04   1.0300000e+02
   1.5378368e+02   2.6600267e+00   2.0069712e+04   1.0400000e+02
   1.5301010e+02   2.5508130e+00   2.0344909e+04   1.0500000e+02
   1.4411957e+02   1.7387144e+00   2.0615315e+04   1.0600000e+02
   1.4391258e+02   1.7241134e+00   2.0829269e+04   1.0700000e+02
   1.4095943e+02   1.4804890e+00   2.1117025e+04   1.1000000e+02
   1.1683198e+02   1.5032054e+00   2.1821339e+04   1.1100000e+02
   1.1432202e+02   1.4592211e+00   2.2473576e+04   1.1200000e+02
   1.0416517e+02   1.4322475e+00   2.2385107e+04   1.2000000e+02
   1.0253638e+02   1.3336239e+00   2.2178710e+04   1.2300000e+02
   1.0135574e+02   1.3508290e+00   2.2168194e+04   1.2600000e+02
   9.9032487e+01   1.1468759e+00   2.2073830e+04   1.2900000e+02
   9.8634821e+01   1.1495138e+00   2.1946717e+04   1.3000000e+02
   9.8537039e+01   1.1396167e+00   2.1915726e+04   1.3100000e+02
   9.6472130e+01   1.1228861e+00   2.1936389e+04   1.3200000e+02
   9.6344147e+01   1.1209249e+00   2.1933054e+04   1.3400000e+02
   9.6204470e+01   1.1172170e+00   2.1959286e+04   1.3500000e+02
   9.5873445e+01   1.0983834e+00   2.1956337e+04   1.3600000e+02
   9.4883669e+01   1.0332814e+00   2.1813583e+04   1.3700000e+02
   9.4708793e+01   1.0413099e+00   2.1942222e+04   1.4000000e+02
   8.7728940e+01   2.7144637e-01   2.1997455e+04   1.4100000e+02
   8.4990436e+01   1.5876904e-01   2.2227608e+04   1.4200000e+02
   8.4348738e+01   1.3029293e-01   2.2295255e+04   1.4300000e+02
   8.2984493e+01   1.1211579e-01   2.2435057e+04   1.4400000e+02
   8.1650413e+01   1.0994799e-01   2.2862729e+04   1.4600000e+02
   8.1647981e+01   1.1039813e-01   2.3209891e+04   1.4700000e+02
   8.1607873e+01   9.8511541e-02   2.3081411e+04   1.5700000e+02
   8.1577020e+01   9.8555480e-02   2.2902629e+04   1.6200000e+02
   8.1232184e+01   9.8518485e-02   2.2740658e+04   1.6600000e+02
   3.6650705e+01   0.0000000e+00   2.2728336e+04   1.6800000e+02
   3.6647617e+01   0.0000000e+00   2.2559711e+04   1.7000000e+02
   3.4164577e+01   0.0000000e+00   2.2460662e+04   1.7100000e+02
   3.4025056e+01   0.0000000e+00   2.2252418e+04   1.7300000e+02
   3.3577170e+01   0.0000000e+00   2.2373961e+04   1.7800000e+02
   3.3553441e+01   0.0000000e+00   2.2575409e+04   1.7900000e+02
   3.3390069e+01   0.0000000e+00   2.2669361e+04   1.8000000e+02
   3.3333393e+01   0.0000000e+00   2.2852344e+04   1.8100000e+02
   3.3234318e+01   0.0000000e+00   2.3115331e+04   1.8200000e+02
   3.3205866e+01   0.0000000e+00   2.3412367e+04   1.8300000e+02
   3.2947845e+01   0.0000000e+00   2.3874734e+04   1.8400000e+02
   3.2935340e+01   0.0000000e+00   2.4311852e+04   1.8500000e+02
   3.2170293e+01   0.0000000e+00   2.4849489e+04   1.8600000e+02
   3.2050352e+01   0.0000000e+00   2.4716028e+04   1.9900000e+02
   3.1770368e+01   0.0000000e+00   2.4563143e+04   2.0000000e+02
   3.1378144e+01   0.0000000e+00   2.4345370e+04   2.0100000e+02
   3.1131549e+01   0.0000000e+00   2.4202515e+04   2.0800000e+02
   3.1115130e+01   0.0000000e+00   2.4224688e+04   2.0900000e+02
   3.1027350e+01   0.0000000e+00   2.4320593e+04   2.1300000e+02
   3.0453915e+01   0.0000000e+00   2.4345281e+04   2.1400000e+02
   3.0401319e+01   0.0000000e+00   2.4462079e+04   2.1700000e+02
   2.6503109e+01   0.0000000e+00   2.4754863e+04   2.1900000e+02
   2.6355044e+01   0.0000000e+00   2.5111156e+04   2.2100000e+02
   2.6278378e+01   0.0000000e+00   2.5311766e+04   2.2300000e+02
   3.6921737e+00   0.0000000e+00   2.5293114e+04   2.3500000e+02
   3.5667350e+00   0.0000000e+00   2.5151266e+04   2.4200000e+02
   3.5031982e+00   0.0000000e+00   2.5121147e+04   2.4600000e+02
   6.3326961e-01   0.0000000e+00   2.5164618e+04   2.4800000e+02
   4.5127735e-01   0.0000000e+00   2.5324449e+04   2.5100000e+02
   3.8014031e-01   0.0000000e+00   2.5598694e+04   2.5600000e+02
   2.9826223e-01   0.0000000e+00   2.5796325e+04   2.5700000e+02
   2.8964839e-01   0.0000000e+00   2.6218971e+04   2.5900000e+02
   2.1732208e-01   0.0000000e+00   2.5977026e+04   2.6900000e+02
   2.1129414e-01   0.0000000e+00   2.5678264e+04   2.7300000e+02
   1.7289439e-01   0.0000000e+00   2.5420110e+04   2.7500000e+02
   1.7227743e-01   0.0000000e+00   2.5094981e+04   2.7700000e+02
   1.5914991e-01   0.0000000e+00   2.4838725e+04   2.7900000e+02
   1.4686171e-01   0.0000000e+00   2.4456158e+04   2.8100000e+02
   1.1941892e-01   0.0000000e+00   2.4333682e+04   2.8200000e+02
   1.1564579e-01   0.0000000e+00   2.4169123e+04   2.8300000e+02
   5.7403075e-02   0.0000000e+00   2.4125822e+04   2.8500000e+02
   5.5022309e-02   0.0000000e+00   2.3993940e+04   2.8600000e+02
   5.4680790e-02   0.0000000e+00   2.4025958e+04   2.8700000e+02
   4.0548998e-02   0.0000000e+00   2.4168310e+04   2.8800000e+02
   1.6460178e-02   0.0000000e+00   2.4487988e+04   2.9200000e+02
   1.5010504e-02   0.0000000e+00   2.4668784e+04   2.9400000e+02
   1.2363116e-02   0.0000000e+00   2.5008956e+04   2.9500000e+02
   0.0000000e+00   0.0000000e+00   2.5423378e+04   2.9600000e+02
   0.0000000e+00   0.0000000e+00   2.5319961e+04   3.1000000e+02
   0.0000000e+00   0.0000000e+00   2.4919914e+04   3.1100000e+02
   0.0000000e+00   0.0000000e+00   2.4888138e+04   3.1500000e+02
   0.0000000e+00   0.0000000e+00   2.4747941e+04   3.1700000e+02
   0.0000000e+00   0.0000000e+00   2.4523388e+04   3.1800000e+02
   0.0000000e+00   0.0000000e+00   2.4290568e+04   3.2500000e+02
   0.0000000e+00   0.0000000e+00   2.4261367e+04   3.4700000e+02
   0.0000000e+00   0.0000000e+00   2.4231599e+04   3.4800000e+02
   0.0000000e+00   0.0000000e+00   2.4227744e+04   3.5700000e+02
   0.0000000e+00   0.0000000e+00   2.4214932e+04   3.5800000e+02
   0.0000000e+00   0.0000000e+00   2.4124157e+04   3.5900000e+02
   0.0000000e+00   0.0000000e+00   2.4040694e+04   3.6000000e+02
   0.0000000e+00   0.0000000e+00   2.4015361e+04   3.6300000e+02
   0.0000000e+00   0.0000000e+00   2.3962277e+04   3.8300000e+02
   0.0000000e+00   0.0000000e+00   2.3727263e+04   3.8400000e+02
   0.0000000e+00   0.0000000e+00   2.3578874e+04   3.8600000e+02
   0.0000000e+00   0.0000000e+00   2.3422060e+04   3.8700000e+02
   0.0000000e+00   0.0000000e+00   2.3297666e+04   3.8800000e+02
   0.0000000e+00   0.0000000e+00   2.3202871e+04   3.9200000e+02
   0.0000000e+00   0.0000000e+00   2.3046248e+04   3.9300000e+02
   0.0000000e+00   0.0000000e+00   2.2783924e+04   3.9400000e+02
   0.0000000e+00   0.0000000e+00   2.2680705e+04   3.9500000e+02
   0.0000000e+00   0.0000000e+00   2.2666605e+04   3.9600000e+02
   0.0000000e+00   0.0000000e+00   2.2551638e+04   3.9900000e+02
   0.0000000e+00   0.0000000e+00   2.2467750e+04   4.0000000e+02
   0.0000000e+00   0.0000000e+00   2.2334164e+04   4.2200000e+02
   0.0000000e+00   0.0000000e+00   2.2272381e+04   4.2300000e+02
   0.0000000e+00   0.0000000e+00   2.2065306e+04   4.2600000e+02
   0.0000000e+00   0.0000000e+00   2.2040786e+04   4.2800000e+02
   0.0000000e+00   0.0000000e+00   2.1987951e+04   4.3200000e+02
   0.0000000e+00   0.0000000e+00   2.1644837e+04   4.3400000e+02
   0.0000000e+00   0.0000000e+00   2.1623778e+04   4.3700000e+02
   0.0000000e+00   0.0000000e+00   2.1290725e+04   4.5700000e+02
   0.0000000e+00   0.0000000e+00   2.1142879e+04   4.5800000e+02
   0.0000000e+00   0.0000000e+00   2.0968725e+04   4.5900000e+02
   0.0000000e+00   0.0000000e+00   2.0904783e+04   4.6200000e+02
   0.0000000e+00   0.0000000e+00   2.0788083e+04   4.6300000e+02
   0.0000000e+00   0.0000000e+00   2.0669565e+04   4.6400000e+02
   0.0000000e+00   0.0000000e+00   2.0606017e+04   4.6500000e+02
   0.0000000e+00   0.0000000e+00   2.0538030e+04   4.6600000e+02
   0.0000000e+00   0.0000000e+00   2.0406248e+04   4.6700000e+02
   0.0000000e+00   0.0000000e+00   2.0320429e+04   4.6800000e+02
   0.0000000e+00   0.0000000e+00   2.0293572e+04   4.6900000e+02
   0.0000000e+00   0.0000000e+00   2.0157138e+04   4.9200000e+02
   0.0000000e+00   0.0000000e+00   1.9964917e+04   4.9300000e+02
   0.0000000e+00   0.0000000e+00   1.9873193e+04   4.9400000e+02
   0.0000000e+00   0.0000000e+00   1.9687536e+04   4.9500000e+02
   0.0000000e+00   0.0000000e+00   1.9620938e+04   4.9700000e+02
   0.0000000e+00   0.0000000e+00   1.9486621e+04   4.9900000e+02
   0.0000000e+00   0.0000000e+00   1.9448883e+04   5.0100000e+02
   0.0000000e+00   0.0000000e+00   1.9369441e+04   5.0200000e+02
   0.0000000e+00   0.0000000e+00   1.9349573e+04   5.0700000e+02
   0.0000000e+00   0.0000000e+00   1.9305184e+04   5.0800000e+02
   0.0000000e+00   0.0000000e+00   1.9303125e+04   5.0900000e+02
   0.0000000e+00   0.0000000e+00   1.9161444e+04   5.2700000e+02
   0.0000000e+00   0.0000000e+00   1.8988002e+04   5.2800000e+02
   0.0000000e+00   0.0000000e+00   1.8866755e+04   5.2900000e+02
   0.0000000e+00   0.0000000e+00   1.8702189e+04   5.3200000e+02
   0.0000000e+00   0.0000000e+00   1.8661467e+04   5.3300000e+02
   0.0000000e+00   0.0000000e+00   1.8489975e+04   5.3400000e+02
   0.0000000e+00   0.0000000e+00   1.8443617e+04   5.3900000e+02
   0.0000000e+00   0.0000000e+00   1.8437939e+04   5.4000000e+02
   0.0000000e+00   0.0000000e+00   1.8329905e+04   5.4200000e+02
   0.0000000e+00   0.0000000e+00   1.8268974e+04   5.4300000e+02
   0.0000000e+00   0.0000000e+00   1.8124831e+04   5.6700000e+02
   0.0000000e+00   0.0000000e+00   1.7913207e+04   5.6800000e+02
   0.0000000e+00   0.0000000e+00   1.7882044e+04   5.7000000e+02
   0.0000000e+00   0.0000000e+00   1.7645824e+04   5.7300000e+02
   0.0000000e+00   0.0000000e+00   1.7565084e+04   5.7400000e+02
   0.0000000e+00   0.0000000e+00   1.7539278e+04   5.7700000e+02
   0.0000000e+00   0.0000000e+00   1.7534759e+04   5.7800000e+02
   0.0000000e+00   0.0000000e+00   1.7488815e+04   5.8400000e+02
   0.0000000e+00   0.0000000e+00   1.7323653e+04   6.0200000e+02
   0.0000000e+00   0.0000000e+00   1.7163703e+04   6.0300000e+02
   0.0000000e+00   0.0000000e+00   1.7075342e+04   6.0500000e+02
   0.0000000e+00   0.0000000e+00   1.7072424e+04   6.1100000e+02
   0.0000000e+00   0.0000000e+00   1.6975359e+04   6.1300000e+02
   0.0000000e+00   0.0000000e+00   1.6936361e+04   6.1400000e+02
   0.0000000e+00   0.0000000e+00   1.6839315e+04   6.1900000e+02
   0.0000000e+00   0.0000000e+00   1.6718986e+04   6.4200000e+02
   0.0000000e+00   0.0000000e+00   1.6713245e+04   6.4400000e+02
   0.0000000e+00   0.0000000e+00   1.6682925e+04   6.4500000e+02
   0.0000000e+00   0.0000000e+00   1.6610203e+04   6.4800000e+02
   0.0000000e+00   0.0000000e+00   1.6554522e+04   6.5000000e+02
   0.0000000e+00   0.0000000e+00   1.6459555e+04   6.5100000e+02
   0.0000000e+00   0.0000000e+00   1.6390182e+04   6.7800000e+02
   0.0000000e+00   0.0000000e+00   1.6109939e+04   6.7900000e+02
   0.0000000e+00   0.0000000e+00   1.6027067e+04   6.8000000e+02
   0.0000000e+00   0.0000000e+00   1.5931295e+04   6.8100000e+02
   0.0000000e+00   0.0000000e+00   1.5814505e+04   6.8200000e+02
   0.0000000e+00   0.0000000e+00   1.5741459e+04   6.8300000e+02
   0.0000000e+00   0.0000000e+00   1.5611101e+04   6.8400000e+02
   0.0000000e+00   0.0000000e+00   1.5600443e+04   6.8500000e+02
   0.0000000e+00   0.0000000e+00   1.5585582e+04   6.8700000e+02
   0.0000000e+00   0.0000000e+00   1.5456953e+04   6.8900000e+02
   0.0000000e+00   0.0000000e+00   1.5228037e+04   6.9100000e+02
   0.0000000e+00   0.0000000e+00   1.5157571e+04   7.1700000e+02
   0.0000000e+00   0.0000000e+00   1.5087375e+04   7.1900000e+02
   0.0000000e+00   0.0000000e+00   1.5084111e+04   7.2100000e+02
   0.0000000e+00   0.0000000e+00   1.5079707e+04   7.2200000e+02
   0.0000000e+00   0.0000000e+00   1.5048060e+04   7.2300000e+02
   0.0000000e+00   0.0000000e+00   1.5044686e+04   7.2500000e+02
   0.0000000e+00   0.0000000e+00   1.5020951e+04   7.2700000e+02
   0.0000000e+00   0.0000000e+00   1.4638954e+04   7.2900000e+02
   0.0000000e+00   0.0000000e+00   1.4363360e+04   7.5100000e+02
   0.0000000e+00   0.0000000e+00   1.4321592e+04   7.5700000e+02
   0.0000000e+00   0.0000000e+00   1.4221223e+04   7.5800000e+02
   0.0000000e+00   0.0000000e+00   1.4212570e+04   7.6100000e+02
   0.0000000e+00   0.0000000e+00   1.4210674e+04   7.6300000e+02
   0.0000000e+00   0.0000000e+00   1.4055563e+04   7.6700000e+02
   0.0000000e+00   0.0000000e+00   1.3997094e+04   7.9100000e+02
   0.0000000e+00   0.0000000e+00   1.3921283e+04   7.9600000e+02
   0.0000000e+00   0.0000000e+00   1.3661406e+04   7.9700000e+02
   0.0000000e+00   0.0000000e+00   1.3632341e+04   7.9900000e+02
   0.0000000e+00   0.0000000e+00   1.3612516e+04   8.0300000e+02
   0.0000000e+00   0.0000000e+00   1.3606838e+04   8.2800000e+02
   0.0000000e+00   0.0000000e+00   1.3406852e+04   8.2900000e+02
   0.0000000e+00   0.0000000e+00   1.3382761e+04   8.3100000e+02
   0.0000000e+00   0.0000000e+00   1.3344306e+04   8.3300000e+02
   0.0000000e+00   0.0000000e+00   1.3256515e+04   8.6500000e+02
   0.0000000e+00   0.0000000e+00   1.3190441e+04   8.6600000e+02
   0.0000000e+00   0.0000000e+00   1.3100960e+04   8.6700000e+02
   0.0000000e+00   0.0000000e+00   1.3029347e+04   8.7100000e+02
   0.0000000e+00   0.0000000e+00   1.2996273e+04   8.7400000e+02
   0.0000000e+00   0.0000000e+00   1.2911041e+04   8.7500000e+02
   0.0000000e+00   0.0000000e+00   1.2688493e+04   9.0300000e+02
   0.0000000e+00   0.0000000e+00   1.2663139e+04   9.0400000e+02
   0.0000000e+00   0.0000000e+00   1.2619904e+04   9.0600000e+02
   0.0000000e+00   0.0000000e+00   1.2602510e+04   9.0700000e+02
   0.0000000e+00   0.0000000e+00   1.2379625e+04   9.0900000e+02
   0.0000000e+00   0.0000000e+00   1.2336755e+04   9.1200000e+02
   0.0000000e+00   0.0000000e+00   1.2336019e+04   9.1400000e+02
   0.0000000e+00   0.0000000e+00   1.2312624e+04   9.3500000e+02
   0.0000000e+00   0.0000000e+00   1.2240467e+04   9.3700000e+02
   0.0000000e+00   0.0000000e+00   1.2233785e+04   9.3900000e+02
   0.0000000e+00   0.0000000e+00   1.2222550e+04   9.4000000e+02
   0.0000000e+00   0.0000000e+00   1.1968791e+04   9.4100000e+02
   0.0000000e+00   0.0000000e+00   1.1914053e+04   9.4400000e+02
   0.0000000e+00   0.0000000e+00   1.1810046e+04   9.4600000e+02
   0.0000000e+00   0.0000000e+00   1.1783664e+04   9.7100000e+02
   0.0000000e+00   0.0000000e+00   1.1769008e+04   9.7600000e+02
   0.0000000e+00   0.0000000e+00   1.1680657e+04   9.7700000e+02
   0.0000000e+00   0.0000000e+00   1.1630906e+04   9.8000000e+02
   0.0000000e+00   0.0000000e+00   1.1605506e+04   9.8200000e+02
   0.0000000e+00   0.0000000e+00   1.1585485e+04   9.8400000e+02
   0.0000000e+00   0.0000000e+00   1.1480434e+04   9.8500000e+02
   0.0000000e+00   0.0000000e+00   1.1242782e+04   1.0120000e+03
   0.0000000e+00   0.0000000e+00   1.1230214e+04   1.0160000e+03
   0.0000000e+00   0.0000000e+00   1.1170086e+04   1.0200000e+03
   0.0000000e+00   0.0000000e+00   1.1014157e+04   1.0460000e+03
   0.0000000e+00   0.0000000e+00   1.0989310e+04   1.0480000e+03
   0.0000000e+00   0.0000000e+00   1.0924198e+04   1.0500000e+03
   0.0000000e+00   0.0000000e+00   1.0898885e+04   1.0510000e+03
   0.0000000e+00   0.0000000e+00   1.0874892e+04   1.0520000e+03
   0.0000000e+00   0.0000000e+00   1.0859275e+04   1.0530000e+03
   0.0000000e+00   0.0000000e+00   1.0833743e+04   1.0550000e+03
   0.0000000e+00   0.0000000e+00   1.0826604e+04   1.0580000e+03
   0.0000000e+00   0.0000000e+00   1.0771206e+04   1.0630000e+03
   0.0000000e+00   0.0000000e+00   1.0664139e+04   1.0840000e+03
   0.0000000e+00   0.0000000e+00   1.0545420e+04   1.0860000e+03
   0.0000000e+00   0.0000000e+00   1.0528618e+04   1.0880000e+03
   0.0000000e+00   0.0000000e+00   1.0484660e+04   1.0890000e+03
   0.0000000e+00   0.0000000e+00   1.0448821e+04   1.0920000e+03
   0.0000000e+00   0.0000000e+00   1.0343240e+04   1.0930000e+03
   0.0000000e+00   0.0000000e+00   1.0310304e+04   1.0960000e+03
   0.0000000e+00   0.0000000e+00   1.0213931e+04   1.0980000e+03
   0.0000000e+00   0.0000000e+00   1.0139760e+04   1.1190000e+03
   0.0000000e+00   0.0000000e+00   1.0021833e+04   1.1210000e+03
   0.0000000e+00   0.0000000e+00   9.9609076e+03   1.1250000e+03
   0.0000000e+00   0.0000000e+00   9.9503003e+03   1.1270000e+03
   0.0000000e+00   0.0000000e+00   9.9189563e+03   1.1550000e+03
   0.0000000e+00   0.0000000e+00   9.8832481e+03   1.1630000e+03
   0.0000000e+00   0.0000000e+00   9.8718114e+03   1.1650000e+03
   0.0000000e+00   0.0000000e+00   9.8673045e+03   1.1710000e+03
   0.0000000e+00   0.0000000e+00   9.7675410e+03   1.1920000e+03
   0.0000000e+00   0.0000000e+00   9.7666852e+03   1.1930000e+03
   0.0000000e+00   0.0000000e+00   9.7525643e+03   1.1940000e+03
   0.0000000e+00   0.0000000e+00   9.6509634e+03   1.1970000e+03
   0.0000000e+00   0.0000000e+00   9.5961448e+03   1.1980000e+03
   0.0000000e+00   0.0000000e+00   9.5630816e+03   1.2000000e+03
   0.0000000e+00   0.0000000e+00   9.5427545e+03   1.2020000e+03
   0.0000000e+00   0.0000000e+00   9.5222235e+03   1.2030000e+03
   0.0000000e+00   0.0000000e+00   9.5170091e+03   1.2070000e+03
   0.0000000e+00   0.0000000e+00   9.4538737e+03   1.2270000e+03
   0.0000000e+00   0.0000000e+00   9.4407840e+03   1.2340000e+03
   0.0000000e+00   0.0000000e+00   9.2627166e+03   1.2410000e+03
   0.0000000e+00   0.0000000e+00   9.2474700e+03   1.2730000e+03
   0.0000000e+00   0.0000000e+00   9.2356778e+03   1.2740000e+03
   0.0000000e+00   0.0000000e+00   9.2046391e+03   1.2770000e+03
   0.0000000e+00   0.0000000e+00   9.1552231e+03   1.3040000e+03
   0.0000000e+00   0.0000000e+00   9.1082761e+03   1.3060000e+03
   0.0000000e+00   0.0000000e+00   9.0711855e+03   1.3080000e+03
   0.0000000e+00   0.0000000e+00   9.0661610e+03   1.3090000e+03
   0.0000000e+00   0.0000000e+00   9.0543373e+03   1.3110000e+03
   0.0000000e+00   0.0000000e+00   9.0406153e+03   1.3140000e+03
   0.0000000e+00   0.0000000e+00   9.0064144e+03   1.3410000e+03
   0.0000000e+00   0.0000000e+00   8.9386600e+03   1.3420000e+03
   0.0000000e+00   0.0000000e+00   8.8779674e+03   1.3450000e+03
   0.0000000e+00   0.0000000e+00   8.8691039e+03   1.3570000e+03
   0.0000000e+00   0.0000000e+00   8.8091147e+03   1.3830000e+03
   0.0000000e+00   0.0000000e+00   8.7208691e+03   1.3850000e+03
   0.0000000e+00   0.0000000e+00   8.5937666e+03   1.3860000e+03
   0.0000000e+00   0.0000000e+00   8.5585994e+03   1.4170000e+03
   0.0000000e+00   0.0000000e+00   8.5534118e+03   1.4230000e+03
   0.0000000e+00   0.0000000e+00   8.5392807e+03   1.4240000e+03
   0.0000000e+00   0.0000000e+00   8.5367388e+03   1.4270000e+03
   0.0000000e+00   0.0000000e+00   8.5043129e+03   1.4540000e+03
   0.0000000e+00   0.0000000e+00   8.4620356e+03   1.4570000e+03
   0.0000000e+00   0.0000000e+00   8.3873593e+03   1.4590000e+03
   0.0000000e+00   0.0000000e+00   8.3459861e+03   1.4600000e+03
   0.0000000e+00   0.0000000e+00   8.2790584e+03   1.4610000e+03
   0.0000000e+00   0.0000000e+00   8.2021309e+03   1.4620000e+03
   0.0000000e+00   0.0000000e+00   8.1151427e+03   1.4920000e+03
   0.0000000e+00   0.0000000e+00   8.0398122e+03   1.4950000e+03
   0.0000000e+00   0.0000000e+00   8.0324256e+03   1.4960000e+03
   0.0000000e+00   0.0000000e+00   7.8127026e+03   1.5030000e+03
   0.0000000e+00   0.0000000e+00   7.7579425e+03   1.5270000e+03
   0.0000000e+00   0.0000000e+00   7.7316831e+03   1.5310000e+03
   0.0000000e+00   0.0000000e+00   7.7264008e+03   1.5320000e+03
   0.0000000e+00   0.0000000e+00   7.7149967e+03   1.5370000e+03
   0.0000000e+00   0.0000000e+00   7.6476376e+03   1.5630000e+03
   0.0000000e+00   0.0000000e+00   7.6324091e+03   1.5690000e+03
   0.0000000e+00   0.0000000e+00   7.6069061e+03   1.5720000e+03
   0.0000000e+00   0.0000000e+00   7.6053319e+03   1.6060000e+03
   0.0000000e+00   0.0000000e+00   7.5768003e+03   1.6390000e+03
   0.0000000e+00   0.0000000e+00   7.5597710e+03   1.6420000e+03
   0.0000000e+00   0.0000000e+00   7.5044989e+03   1.6770000e+03
   0.0000000e+00   0.0000000e+00   7.4966179e+03   1.6790000e+03
   0.0000000e+00   0.0000000e+00   7.4930674e+03   1.6800000e+03
   0.0000000e+00   0.0000000e+00   7.4498894e+03   1.7880000e+03
   0.0000000e+00   0.0000000e+00   7.4245410e+03   1.7910000e+03
   0.0000000e+00   0.0000000e+00   7.4156080e+03   1.7950000e+03
   0.0000000e+00   0.0000000e+00   7.3866651e+03   1.8240000e+03
   0.0000000e+00   0.0000000e+00   7.3618763e+03   1.8280000e+03
   0.0000000e+00   0.0000000e+00   7.3439666e+03   1.8740000e+03
   0.0000000e+00   0.0000000e+00   7.2894257e+03   1.8990000e+03
   0.0000000e+00   0.0000000e+00   7.2780830e+03   1.9010000e+03
   0.0000000e+00   0.0000000e+00   7.2636381e+03   1.9040000e+03
   0.0000000e+00   0.0000000e+00   7.2606534e+03   1.9420000e+03
   0.0000000e+00   0.0000000e+00   7.2443091e+03   1.9750000e+03
   0.0000000e+00   0.0000000e+00   7.2422999e+03   2.0150000e+03
   0.0000000e+00   0.0000000e+00   7.2292719e+03   2.0530000e+03
   0.0000000e+00   0.0000000e+00   7.1957924e+03   2.0840000e+03
   0.0000000e+00   0.0000000e+00   7.1916662e+03   2.0860000e+03
   0.0000000e+00   0.0000000e+00   7.1682669e+03   2.1610000e+03
   0.0000000e+00   0.0000000e+00   7.1625974e+03   2.1620000e+03
   0.0000000e+00   0.0000000e+00   7.1424222e+03   2.2360000e+03
   0.0000000e+00   0.0000000e+00   7.1195667e+03   2.2400000e+03
   0.0000000e+00   0.0000000e+00   7.1148426e+03   2.2680000e+03
   0.0000000e+00   0.0000000e+00   7.0896779e+03   2.2710000e+03
   0.0000000e+00   0.0000000e+00   7.0617344e+03   2.3800000e+03
   0.0000000e+00   0.0000000e+00   7.0415600e+03   2.3820000e+03
   0.0000000e+00   0.0000000e+00   7.0350545e+03   2.3850000e+03
   0.0000000e+00   0.0000000e+00   7.0347134e+03   2.3860000e+03
   0.0000000e+00   0.0000000e+00   7.0306789e+03   2.4200000e+03
   0.0000000e+00   0.0000000e+00   7.0250817e+03   2.4570000e+03
   0.0000000e+00   0.0000000e+00   7.0222125e+03   2.4920000e+03
   0.0000000e+00   0.0000000e+00   7.0186616e+03   2.5720000e+03
   0.0000000e+00   0.0000000e+00   6.9843624e+03   2.5980000e+03
   0.0000000e+00   0.0000000e+00   6.9784798e+03   2.6030000e+03
   0.0000000e+00   0.0000000e+00   6.9571163e+03   2.6040000e+03
   0.0000000e+00   0.0000000e+00   6.9252371e+03   2.6100000e+03
   0.0000000e+00   0.0000000e+00   6.8976615e+03   2.6400000e+03
   0.0000000e+00   0.0000000e+00   6.8530013e+03   2.7090000e+03
   0.0000000e+00   0.0000000e+00   6.8135866e+03   2.7170000e+03
   0.0000000e+00   0.0000000e+00   6.8071479e+03   2.7930000e+03
   0.0000000e+00   0.0000000e+00   6.7992565e+03   2.8260000e+03
   0.0000000e+00   0.0000000e+00   6.7780743e+03   2.8610000e+03
   0.0000000e+00   0.0000000e+00   6.7656686e+03   2.9370000e+03
   0.0000000e+00   0.0000000e+00   6.7378063e+03   2.9690000e+03
   0.0000000e+00   0.0000000e+00   6.7107450e+03   2.9740000e+03
   0.0000000e+00   0.0000000e+00   6.7002228e+03   3.0850000e+03
   0.0000000e+00   0.0000000e+00   6.6895012e+03   3.0860000e+03
   0.0000000e+00   0.0000000e+00   6.6743990e+03   3.2310000e+03
   0.0000000e+00   0.0000000e+00   6.6737693e+03   3.2370000e+03
   0.0000000e+00   0.0000000e+00   6.6520822e+03   3.4180000e+03
   0.0000000e+00   0.0000000e+00   6.6471266e+03   3.4200000e+03
   0.0000000e+00   0.0000000e+00   6.6171712e+03   3.4240000e+03
   0.0000000e+00   0.0000000e+00   6.6052518e+03   3.5650000e+03
   0.0000000e+00   0.0000000e+00   6.6036202e+03   3.5660000e+03
   0.0000000e+00   0.0000000e+00   6.5957684e+03   3.6050000e+03
   0.0000000e+00   0.0000000e+00   6.5875862e+03   3.6400000e+03
   0.0000000e+00   0.0000000e+00   6.5856408e+03   3.6770000e+03
   0.0000000e+00   0.0000000e+00   6.5838511e+03   3.7150000e+03
   0.0000000e+00   0.0000000e+00   6.5829100e+03   3.8630000e+03
   0.0000000e+00   0.0000000e+00   6.5779786e+03   3.9000000e+03
   0.0000000e+00   0.0000000e+00   6.5674099e+03   4.0140000e+03
   0.0000000e+00   0.0000000e+00   6.5617323e+03   4.4560000e+03
   0.0000000e+00   0.0000000e+00   6.5605135e+03   4.5670000e+03
   0.0000000e+00   0.0000000e+00   6.5588154e+03   4.7520000e+03
   0.0000000e+00   0.0000000e+00   6.5582466e+03   4.7890000e+03
   0.0000000e+00   0.0000000e+00   6.5397452e+03   4.8250000e+03
   0.0000000e+00   0.0000000e+00   6.5093820e+03   4.8980000e+03
   0.0000000e+00   0.0000000e+00   6.4944966e+03   5.5640000e+03
   0.0000000e+00   0.0000000e+00   6.4934850e+03   5.6020000e+03
   0.0000000e+00   0.0000000e+00   6.4878074e+03   5.7960000e+03
   0.0000000e+00   0.0000000e+00   6.4733042e+03   5.9330000e+03
   0.0000000e+00   0.0000000e+00   6.4598102e+03   5.9730000e+03
   0.0000000e+00   0.0000000e+00   6.4371203e+03   6.0100000e+03
   0.0000000e+00   0.0000000e+00   6.4345058e+03   6.0440000e+03
   0.0000000e+00   0.0000000e+00   6.4244562e+03   6.0790000e+03
   0.0000000e+00   0.0000000e+00   6.4192526e+03   6.0830000e+03
   0.0000000e+00   0.0000000e+00   6.4179471e+03   6.1550000e+03
   0.0000000e+00   0.0000000e+00   6.4062980e+03   6.2290000e+03
   0.0000000e+00   0.0000000e+00   6.3931964e+03   6.3080000e+03
   0.0000000e+00   0.0000000e+00   6.3826015e+03   6.4120000e+03
   0.0000000e+00   0.0000000e+00   6.3207159e+03   6.5240000e+03
   0.0000000e+00   0.0000000e+00   6.3159810e+03   6.5640000e+03
   0.0000000e+00   0.0000000e+00   6.3135665e+03   6.6710000e+03
   0.0000000e+00   0.0000000e+00   6.2875410e+03   6.6780000e+03
   0.0000000e+00   0.0000000e+00   6.2830840e+03   6.6810000e+03
   0.0000000e+00   0.0000000e+00   6.2799896e+03   6.7470000e+03
   0.0000000e+00   0.0000000e+00   6.2656185e+03   6.7840000e+03
   0.0000000e+00   0.0000000e+00   6.2602112e+03   6.8250000e+03
   0.0000000e+00   0.0000000e+00   6.2547647e+03   6.9650000e+03
   0.0000000e+00   0.0000000e+00   6.2524806e+03   7.2640000e+03
   0.0000000e+00   0.0000000e+00   6.2329279e+03   7.2650000e+03
   0.0000000e+00   0.0000000e+00   6.2314796e+03   7.3040000e+03
   0.0000000e+00   0.0000000e+00   6.2168913e+03   7.3740000e+03
   0.0000000e+00   0.0000000e+00   6.2142445e+03   7.4140000e+03
   0.0000000e+00   0.0000000e+00   6.2021464e+03   8.3360000e+03
   0.0000000e+00   0.0000000e+00   6.1969773e+03   8.7120000e+03
   0.0000000e+00   0.0000000e+00   6.1948102e+03   8.7900000e+03
   0.0000000e+00   0.0000000e+00   6.1751381e+03   9.0040000e+03
   0.0000000e+00   0.0000000e+00   6.1616231e+03   9.0360000e+03
   0.0000000e+00   0.0000000e+00   6.1576639e+03   9.0450000e+03
   0.0000000e+00   0.0000000e+00   6.1460578e+03   9.1120000e+03
   0.0000000e+00   0.0000000e+00   6.1455430e+03   9.1180000e+03
   0.0000000e+00   0.0000000e+00   6.1358756e+03   1.0221000e+04
   0.0000000e+00   0.0000000e+00   6.1159097e+03   1.0668000e+04
   0.0000000e+00   0.0000000e+00   6.1123153e+03   1.0852000e+04
   0.0000000e+00   0.0000000e+00   6.1061552e+03   1.0930000e+04
   0.0000000e+00   0.0000000e+00   6.1036377e+03   1.1077000e+04
   0.0000000e+00   0.0000000e+00   6.0977260e+03   1.1444000e+04
   0.0000000e+00   0.0000000e+00   6.0912968e+03   1.1667000e+04
   0.0000000e+00   0.0000000e+00   6.0775284e+03   1.2041000e+04
   0.0000000e+00   0.0000000e+00   6.0754750e+03   1.2258000e+04
   0.0000000e+00   0.0000000e+00   6.0691887e+03   1.2295000e+04
   0.0000000e+00   0.0000000e+00   6.0689830e+03   1.2335000e+04
   0.0000000e+00   0.0000000e+00   6.0500187e+03   1.2336000e+04
   0.0000000e+00   0.0000000e+00   6.0442756e+03   1.2337000e+04
   0.0000000e+00   0.0000000e+00   6.0402767e+03   1.2446000e+04
   0.0000000e+00   0.0000000e+00   6.0296480e+03   1.2741000e+04
   0.0000000e+00   0.0000000e+00   6.0127254e+03   1.2851000e+04
   0.0000000e+00   0.0000000e+00   6.0119007e+03   1.3187000e+04
   0.0000000e+00   0.0000000e+00   6.0091924e+03   1.3779000e+04
   0.0000000e+00   0.0000000e+00   6.0053485e+03   1.4001000e+04
   0.0000000e+00   0.0000000e+00   6.0005689e+03   1.4739000e+04
   0.0000000e+00   0.0000000e+00   5.9984830e+03   1.4850000e+04
   0.0000000e+00   0.0000000e+00   5.9949558e+03   1.4927000e+04
   0.0000000e+00   0.0000000e+00   5.9925232e+03   1.5038000e+04
   0.0000000e+00   0.0000000e+00   5.9836393e+03   1.5404000e+04
   0.0000000e+00   0.0000000e+00   5.9793652e+03   1.5703000e+04
   0.0000000e+00   0.0000000e+00   5.9695479e+03   1.5998000e+04
   0.0000000e+00   0.0000000e+00   5.9539731e+03   1.6035000e+04
   0.0000000e+00   0.0000000e+00   5.9471916e+03   1.6738000e+04
   0.0000000e+00   0.0000000e+00   5.9470384e+03   1.7257000e+04
   0.0000000e+00   0.0000000e+00   5.9384056e+03   1.9584000e+04
   0.0000000e+00   0.0000000e+00   5.9359689e+03   1.9587000e+04
   0.0000000e+00   0.0000000e+00   5.9333106e+03   2.0289000e+04
   0.0000000e+00   0.0000000e+00   5.9254284e+03   2.0364000e+04
   0.0000000e+00   0.0000000e+00   5.9069991e+03   2.0507000e+04
   0.0000000e+00   0.0000000e+00   5.9019278e+03   2.0549000e+04
   0.0000000e+00   0.0000000e+00   5.9004527e+03   2.0731000e+04
   0.0000000e+00   0.0000000e+00   5.8962536e+03   2.1216000e+04
   0.0000000e+00   0.0000000e+00   5.8905336e+03   2.1771000e+04
   0.0000000e+00   0.0000000e+00   5.8897862e+03   2.2770000e+04
   0.0000000e+00   0.0000000e+00   5.8875165e+03   2.3325000e+04
   0.0000000e+00   0.0000000e+00   5.8861939e+03   2.3506000e+04
   0.0000000e+00   0.0000000e+00   5.8698294e+03   2.3989000e+04
   0.0000000e+00   0.0000000e+00   5.8622371e+03   2.4062000e+04
   0.0000000e+00   0.0000000e+00   5.8587245e+03   2.4099000e+04
   0.0000000e+00   0.0000000e+00   5.8422436e+03   2.4508000e+04
   0.0000000e+00   0.0000000e+00   5.8395980e+03   2.4514000e+04
   0.0000000e+00   0.0000000e+00   5.8322195e+03   2.4730000e+04
   0.0000000e+00   0.0000000e+00   5.8280316e+03   2.5065000e+04
   0.0000000e+00   0.0000000e+00   5.8185828e+03   2.5321000e+04
   0.0000000e+00   0.0000000e+00   5.8021073e+03   2.5391000e+04
   0.0000000e+00   0.0000000e+00   5.8011934e+03   2.5582000e+04
   0.0000000e+00   0.0000000e+00   5.7848059e+03   2.6207000e+04
   0.0000000e+00   0.0000000e+00   5.7752176e+03   2.6688000e+04
   0.0000000e+00   0.0000000e+00   5.7737958e+03   2.6764000e+04
   0.0000000e+00   0.0000000e+00   5.7636419e+03   2.6800000e+04
   0.0000000e+00   0.0000000e+00   5.7551024e+03   2.6908000e+04
   0.0000000e+00   0.0000000e+00   5.7451252e+03   2.7097000e+04
   0.0000000e+00   0.0000000e+00   5.7398992e+03   2.7875000e+04
   0.0000000e+00   0.0000000e+00   5.7367634e+03   2.8208000e+04
   0.0000000e+00   0.0000000e+00   5.7261637e+03   2.8576000e+04
   0.0000000e+00   0.0000000e+00   5.7197282e+03   2.8944000e+04
   0.0000000e+00   0.0000000e+00   5.6996223e+03   2.9131000e+04
   0.0000000e+00   0.0000000e+00   5.6995399e+03   2.9245000e+04
   0.0000000e+00   0.0000000e+00   5.6975758e+03   2.9985000e+04
   0.0000000e+00   0.0000000e+00   5.6973858e+03   3.0207000e+04
   0.0000000e+00   0.0000000e+00   5.6864521e+03   3.0317000e+04
   0.0000000e+00   0.0000000e+00   5.6863020e+03   3.1501000e+04
   0.0000000e+00   0.0000000e+00   5.6847667e+03   3.2128000e+04
   0.0000000e+00   0.0000000e+00   5.6830176e+03   3.5534000e+04
   0.0000000e+00   0.0000000e+00   5.6788311e+03   3.7048000e+04
   0.0000000e+00   0.0000000e+00   5.6786890e+03   3.7715000e+04
   0.0000000e+00   0.0000000e+00   5.6760776e+03   3.8637000e+04
   0.0000000e+00   0.0000000e+00   5.6718124e+03   3.8643000e+04
   0.0000000e+00   0.0000000e+00   5.6627042e+03   3.9937000e+04
   0.0000000e+00   0.0000000e+00   5.6497539e+03   4.0080000e+04
   0.0000000e+00   0.0000000e+00   5.6407112e+03   4.0306000e+04
   0.0000000e+00   0.0000000e+00   5.6390947e+03   4.0713000e+04
   0.0000000e+00   0.0000000e+00   5.6289147e+03   4.1082000e+04
   0.0000000e+00   0.0000000e+00   5.6208502e+03   4.1304000e+04
   0.0000000e+00   0.0000000e+00   5.6132218e+03   4.1748000e+04
   0.0000000e+00   0.0000000e+00   5.6097480e+03   4.2193000e+04
   0.0000000e+00   0.0000000e+00   5.6074525e+03   4.2303000e+04
   0.0000000e+00   0.0000000e+00   5.5971439e+03   4.2306000e+04
   0.0000000e+00   0.0000000e+00   5.5753224e+03   4.2447000e+04
   0.0000000e+00   0.0000000e+00   5.5708707e+03   4.2707000e+04
   0.0000000e+00   0.0000000e+00   5.5700177e+03   4.3152000e+04
   0.0000000e+00   0.0000000e+00   5.5604064e+03   4.3412000e+04
   0.0000000e+00   0.0000000e+00   5.5590673e+03   4.3782000e+04
   0.0000000e+00   0.0000000e+00   5.5540885e+03   4.3783000e+04
   0.0000000e+00   0.0000000e+00   5.5469035e+03   4.3857000e+04
   0.0000000e+00   0.0000000e+00   5.5385736e+03   4.3930000e+04
   0.0000000e+00   0.0000000e+00   5.5235071e+03   4.4448000e+04
   0.0000000e+00   0.0000000e+00   5.5214061e+03   4.4485000e+04
   0.0000000e+00   0.0000000e+00   5.5188639e+03   4.4633000e+04
   0.0000000e+00   0.0000000e+00   5.4993368e+03   4.4997000e+04
   0.0000000e+00   0.0000000e+00   5.4816629e+03   4.5152000e+04
   0.0000000e+00   0.0000000e+00   5.4813906e+03   4.5340000e+04
   0.0000000e+00   0.0000000e+00   5.4788211e+03   4.5449000e+04
   0.0000000e+00   0.0000000e+00   5.4639730e+03   4.5485000e+04
   0.0000000e+00   0.0000000e+00   5.4548062e+03   4.5522000e+04
   0.0000000e+00   0.0000000e+00   5.4528065e+03   4.5854000e+04
   0.0000000e+00   0.0000000e+00   5.4493652e+03   4.5930000e+04
   0.0000000e+00   0.0000000e+00   5.4456886e+03   4.5965000e+04
   0.0000000e+00   0.0000000e+00   5.4419035e+03   4.6817000e+04
   0.0000000e+00   0.0000000e+00   5.4396684e+03   4.7076000e+04
   0.0000000e+00   0.0000000e+00   5.4287348e+03   4.7146000e+04
   0.0000000e+00   0.0000000e+00   5.4266814e+03   4.7631000e+04
   0.0000000e+00   0.0000000e+00   5.4238772e+03   4.8409000e+04
   0.0000000e+00   0.0000000e+00   5.4177895e+03   4.8445000e+04
   0.0000000e+00   0.0000000e+00   5.4147589e+03   4.8667000e+04
   0.0000000e+00   0.0000000e+00   5.4099447e+03   4.8705000e+04
   0.0000000e+00   0.0000000e+00   5.4048080e+03   4.8813000e+04
   0.0000000e+00   0.0000000e+00   5.4044459e+03   4.8966000e+04
   0.0000000e+00   0.0000000e+00   5.3984540e+03   4.9259000e+04
   0.0000000e+00   0.0000000e+00   5.3979609e+03   5.0665000e+04
   0.0000000e+00   0.0000000e+00   5.3938910e+03   5.0852000e+04
   0.0000000e+00   0.0000000e+00   5.3928367e+03   5.1036000e+04
   0.0000000e+00   0.0000000e+00   5.3877015e+03   5.1405000e+04
   0.0000000e+00   0.0000000e+00   5.3875930e+03   5.1480000e+04
   0.0000000e+00   0.0000000e+00   5.3842711e+03   5.2627000e+04
   0.0000000e+00   0.0000000e+00   5.3786218e+03   5.3588000e+04
   0.0000000e+00   0.0000000e+00   5.3773622e+03   5.6476000e+04
   0.0000000e+00   0.0000000e+00   5.3737641e+03   5.6511000e+04
   0.0000000e+00   0.0000000e+00   5.3675719e+03   5.8658000e+04
   0.0000000e+00   0.0000000e+00   5.3645630e+03   5.9953000e+04
   0.0000000e+00   0.0000000e+00   5.3625201e+03   6.0916000e+04
   0.0000000e+00   0.0000000e+00   5.3586942e+03   6.1653000e+04
   0.0000000e+00   0.0000000e+00   5.3564591e+03   6.1765000e+04
   0.0000000e+00   0.0000000e+00   5.3528609e+03   6.2615000e+04
   0.0000000e+00   0.0000000e+00   5.3508941e+03   6.4023000e+04
   0.0000000e+00   0.0000000e+00   5.3412321e+03   6.4059000e+04
   0.0000000e+00   0.0000000e+00   5.3359515e+03   6.4169000e+04
   0.0000000e+00   0.0000000e+00   5.3243759e+03   6.7127000e+04
   0.0000000e+00   0.0000000e+00   5.3238827e+03   6.9720000e+04
   0.0000000e+00   0.0000000e+00   5.3205880e+03   7.2234000e+04
   0.0000000e+00   0.0000000e+00   5.3184629e+03   8.0115000e+04
   0.0000000e+00   0.0000000e+00   5.3133919e+03   8.2522000e+04
   0.0000000e+00   0.0000000e+00   5.3127208e+03   8.4965000e+04
   0.0000000e+00   0.0000000e+00   5.3112661e+03   8.5333000e+04
   0.0000000e+00   0.0000000e+00   5.3090310e+03   9.1327000e+04
   0.0000000e+00   0.0000000e+00   5.3075764e+03   9.8839000e+04
   0.0000000e+00   0.0000000e+00   5.3055044e+03   1.0317400e+05
   0.0000000e+00   0.0000000e+00   5.3032545e+03   1.0472600e+05
   0.0000000e+00   0.0000000e+00   5.3012112e+03   1.1079300e+05
   0.0000000e+00   0.0000000e+00   5.3011322e+03   1.1304700e+05
   0.0000000e+00   0.0000000e+00   5.2998349e+03   1.1312300e+05
   0.0000000e+00   0.0000000e+00   5.2958729e+03   1.1463800e+05
   0.0000000e+00   0.0000000e+00   5.2907102e+03   1.1578400e+05
   0.0000000e+00   0.0000000e+00   5.2884751e+03   1.1745000e+05
   0.0000000e+00   0.0000000e+00   5.2774584e+03   1.2003700e+05
   0.0000000e+00   0.0000000e+00   5.2751424e+03   1.2536600e+05
   0.0000000e+00   0.0000000e+00   5.2748780e+03   1.2966300e+05
   0.0000000e+00   0.0000000e+00   5.2738216e+03   1.7468700e+05
   0.0000000e+00   0.0000000e+00   5.2734949e+03   1.8227200e+05
   0.0000000e+00   0.0000000e+00   5.2714485e+03   1.8741500e+05
   0.0000000e+00   0.0000000e+00   5.2711841e+03   1.9829800e+05
