   1.4426012e+02   2.0026099e-01   1.6832080e+04   1.1000000e+01
   1.2462921e+02   1.2465955e-01   1.6827575e+04   1.3000000e+01
   1.2248317e+02   1.1962428e-01   1.6764817e+04   1.6000000e+01
   1.1749543e+02   8.5071084e-02   1.6844771e+04   1.9000000e+01
   1.1711258e+02   8.6256910e-02   1.6863878e+04   2.2000000e+01
   1.1629809e+02   8.0633977e-02   1.6889411e+04   2.4000000e+01
   1.1211729e+02   7.1241334e-02   1.6947213e+04   2.5000000e+01
   1.1090640e+02   6.5812230e-02   1.6833135e+04   2.6000000e+01
   1.0608040e+02   6.7839708e-02   1.6890512e+04   2.7000000e+01
   1.0561799e+02   6.6937950e-02   1.6885693e+04   2.9000000e+01
   1.0197566e+02   6.4321041e-02   1.6975349e+04   3.0000000e+01
   9.3578279e+01   4.3142198e-02   1.7425278e+04   3.4000000e+01
   8.5186110e+01   0.0000000e+00   1.7797392e+04   3.6000000e+01
   7.8743798e+01   0.0000000e+00   1.8366485e+04   3.8000000e+01
   7.8469382e+01   0.0000000e+00   1.8200604e+04   4.9000000e+01
   7.8101252e+01   0.0000000e+00   1.8088630e+04   5.2000000e+01
   7.7605236e+01   0.0000000e+00   1.7960399e+04   5.4000000e+01
   6.3739552e+01   0.0000000e+00   1.7998895e+04   5.5000000e+01
   6.0608484e+01   0.0000000e+00   1.8049701e+04   5.7000000e+01
   6.0206898e+01   0.0000000e+00   1.7833031e+04   5.9000000e+01
   5.9183927e+01   0.0000000e+00   1.7951142e+04   6.0000000e+01
   5.8249201e+01   0.0000000e+00   1.8036204e+04   6.1000000e+01
   5.4958489e+01   0.0000000e+00   1.8016860e+04   6.2000000e+01
   5.3748002e+01   0.0000000e+00   1.8207116e+04   6.5000000e+01
   5.3141473e+01   0.0000000e+00   1.8340733e+04   6.6000000e+01
   4.9486638e+01   0.0000000e+00   1.8398920e+04   6.7000000e+01
   4.9346310e+01   0.0000000e+00   1.8516570e+04   6.8000000e+01
   4.8548512e+01   0.0000000e+00   1.8752960e+04   6.9000000e+01
   4.4554081e+01   0.0000000e+00   1.9168060e+04   7.0000000e+01
   4.3947557e+01   0.0000000e+00   1.9530778e+04   7.1000000e+01
   4.3784083e+01   0.0000000e+00   1.9840190e+04   7.2000000e+01
   3.9239153e+01   0.0000000e+00   2.0209818e+04   7.3000000e+01
   3.7944050e+01   0.0000000e+00   2.0860287e+04   7.5000000e+01
   3.5823764e+01   0.0000000e+00   2.0821394e+04   8.6000000e+01
   3.5759600e+01   0.0000000e+00   2.0578796e+04   8.7000000e+01
   2.8156557e+01   0.0000000e+00   2.0390272e+04   8.8000000e+01
   2.8133358e+01   0.0000000e+00   2.0398943e+04   9.3000000e+01
   2.7841907e+01   0.0000000e+00   2.0240333e+04   9.5000000e+01
   2.7750512e+01   0.0000000e+00   2.0290787e+04   9.7000000e+01
   2.7506283e+01   0.0000000e+00   2.0228440e+04   9.8000000e+01
   2.4333076e+01   0.0000000e+00   2.0219873e+04   1.0100000e+02
   2.3852590e+01   0.0000000e+00   2.0334275e+04   1.0400000e+02
   2.0285945e+01   0.0000000e+00   2.0555181e+04   1.0700000e+02
   2.0239427e+01   0.0000000e+00   2.0642488e+04   1.0800000e+02
   1.9491846e+01   0.0000000e+00   2.0952921e+04   1.0900000e+02
   1.9250214e+01   0.0000000e+00   2.1209036e+04   1.1000000e+02
   1.9217352e+01   0.0000000e+00   2.1456496e+04   1.1200000e+02
   1.2409678e+01   0.0000000e+00   2.1274538e+04   1.1900000e+02
   1.2228440e+01   0.0000000e+00   2.1129383e+04   1.2300000e+02
   1.1891596e+01   0.0000000e+00   2.1072887e+04   1.2700000e+02
   1.1851601e+01   0.0000000e+00   2.0944200e+04   1.3100000e+02
   1.1506408e+01   0.0000000e+00   2.0493528e+04   1.3200000e+02
   1.1412945e+01   0.0000000e+00   2.0428729e+04   1.3400000e+02
   7.8695512e+00   0.0000000e+00   2.0529233e+04   1.3600000e+02
   7.8457046e+00   0.0000000e+00   2.0369961e+04   1.3800000e+02
   7.6802950e+00   0.0000000e+00   2.0691944e+04   1.4600000e+02
   6.9043747e+00   0.0000000e+00   2.1103370e+04   1.4700000e+02
   6.8715847e+00   0.0000000e+00   2.1339630e+04   1.4800000e+02
   6.8260699e+00   0.0000000e+00   2.1276764e+04   1.6200000e+02
   6.6955294e+00   0.0000000e+00   2.1277894e+04   1.6500000e+02
   5.5191804e+00   0.0000000e+00   2.1072969e+04   1.6800000e+02
   5.4411599e+00   0.0000000e+00   2.1074578e+04   1.6900000e+02
   5.4294922e+00   0.0000000e+00   2.1080843e+04   1.7000000e+02
   5.4180508e+00   0.0000000e+00   2.0982526e+04   1.7100000e+02
   5.3031308e+00   0.0000000e+00   2.1037591e+04   1.7200000e+02
   4.6112302e+00   0.0000000e+00   2.0865047e+04   1.7400000e+02
   4.6061439e+00   0.0000000e+00   2.0809985e+04   1.7600000e+02
   4.5535582e+00   0.0000000e+00   2.0860370e+04   1.7700000e+02
   3.6226569e+00   0.0000000e+00   2.1008825e+04   1.7900000e+02
   3.5574072e+00   0.0000000e+00   2.1251796e+04   1.8000000e+02
   3.5564949e+00   0.0000000e+00   2.1449766e+04   1.8100000e+02
   3.5032059e+00   0.0000000e+00   2.1770789e+04   1.8200000e+02
   3.4958007e+00   0.0000000e+00   2.2032458e+04   1.8300000e+02
   3.2929696e+00   0.0000000e+00   2.2641820e+04   1.8400000e+02
   3.2437093e+00   0.0000000e+00   2.3363233e+04   1.8600000e+02
   3.1682419e+00   0.0000000e+00   2.3257028e+04   1.9300000e+02
   2.9984541e+00   0.0000000e+00   2.3123751e+04   2.0000000e+02
   2.9881866e+00   0.0000000e+00   2.2756446e+04   2.0100000e+02
   2.6884439e+00   0.0000000e+00   2.2605354e+04   2.0500000e+02
   2.6621295e+00   0.0000000e+00   2.2547727e+04   2.1000000e+02
   2.6574468e+00   0.0000000e+00   2.2625916e+04   2.1100000e+02
   2.4681363e+00   0.0000000e+00   2.2593752e+04   2.1300000e+02
   2.3420748e+00   0.0000000e+00   2.2664129e+04   2.1400000e+02
   1.8514114e+00   0.0000000e+00   2.2764491e+04   2.1500000e+02
   1.8292746e+00   0.0000000e+00   2.2904238e+04   2.1700000e+02
   1.7905518e+00   0.0000000e+00   2.3256128e+04   2.1900000e+02
   1.7895971e+00   0.0000000e+00   2.3336630e+04   2.2100000e+02
   5.8976204e-01   0.0000000e+00   2.3223659e+04   2.3500000e+02
   5.6437983e-01   0.0000000e+00   2.2931242e+04   2.3800000e+02
   3.1513087e-01   0.0000000e+00   2.2768666e+04   2.4100000e+02
   3.0501789e-01   0.0000000e+00   2.2695757e+04   2.4400000e+02
   2.8756902e-01   0.0000000e+00   2.2271120e+04   2.4500000e+02
   2.1899508e-01   0.0000000e+00   2.2315716e+04   2.4800000e+02
   1.8311141e-01   0.0000000e+00   2.2341631e+04   2.5200000e+02
   1.1376082e-01   0.0000000e+00   2.2376371e+04   2.5400000e+02
   1.0681199e-01   0.0000000e+00   2.2668069e+04   2.5500000e+02
   1.0551865e-01   0.0000000e+00   2.2771934e+04   2.5700000e+02
   8.6535622e-02   0.0000000e+00   2.3210926e+04   2.5800000e+02
   0.0000000e+00   0.0000000e+00   2.3697661e+04   2.6000000e+02
   0.0000000e+00   0.0000000e+00   2.3193676e+04   2.6800000e+02
   0.0000000e+00   0.0000000e+00   2.3045203e+04   2.7400000e+02
   0.0000000e+00   0.0000000e+00   2.2889838e+04   2.7500000e+02
   0.0000000e+00   0.0000000e+00   2.2496840e+04   2.7600000e+02
   0.0000000e+00   0.0000000e+00   2.2331342e+04   2.7700000e+02
   0.0000000e+00   0.0000000e+00   2.2044597e+04   2.7800000e+02
   0.0000000e+00   0.0000000e+00   2.1817010e+04   2.8100000e+02
   0.0000000e+00   0.0000000e+00   2.1714551e+04   2.8200000e+02
   0.0000000e+00   0.0000000e+00   2.1243662e+04   2.8300000e+02
   0.0000000e+00   0.0000000e+00   2.1003159e+04   2.8500000e+02
   0.0000000e+00   0.0000000e+00   2.0840853e+04   2.8600000e+02
   0.0000000e+00   0.0000000e+00   2.0834649e+04   2.9000000e+02
   0.0000000e+00   0.0000000e+00   2.0733651e+04   3.0400000e+02
   0.0000000e+00   0.0000000e+00   2.0635230e+04   3.1000000e+02
   0.0000000e+00   0.0000000e+00   2.0504522e+04   3.1100000e+02
   0.0000000e+00   0.0000000e+00   2.0446393e+04   3.1200000e+02
   0.0000000e+00   0.0000000e+00   2.0362750e+04   3.1400000e+02
   0.0000000e+00   0.0000000e+00   2.0271497e+04   3.1700000e+02
   0.0000000e+00   0.0000000e+00   2.0237345e+04   3.1800000e+02
   0.0000000e+00   0.0000000e+00   2.0205120e+04   3.2200000e+02
   0.0000000e+00   0.0000000e+00   2.0171522e+04   3.2400000e+02
   0.0000000e+00   0.0000000e+00   2.0164994e+04   3.2900000e+02
   0.0000000e+00   0.0000000e+00   2.0017969e+04   3.4300000e+02
   0.0000000e+00   0.0000000e+00   1.9822093e+04   3.4500000e+02
   0.0000000e+00   0.0000000e+00   1.9718235e+04   3.4800000e+02
   0.0000000e+00   0.0000000e+00   1.9506504e+04   3.5000000e+02
   0.0000000e+00   0.0000000e+00   1.9477163e+04   3.5600000e+02
   0.0000000e+00   0.0000000e+00   1.9426043e+04   3.5900000e+02
   0.0000000e+00   0.0000000e+00   1.9233842e+04   3.8400000e+02
   0.0000000e+00   0.0000000e+00   1.9174753e+04   3.8700000e+02
   0.0000000e+00   0.0000000e+00   1.9080806e+04   3.8900000e+02
   0.0000000e+00   0.0000000e+00   1.8950621e+04   3.9700000e+02
   0.0000000e+00   0.0000000e+00   1.8646888e+04   4.1900000e+02
   0.0000000e+00   0.0000000e+00   1.8422082e+04   4.2000000e+02
   0.0000000e+00   0.0000000e+00   1.8330784e+04   4.2300000e+02
   0.0000000e+00   0.0000000e+00   1.8204696e+04   4.2400000e+02
   0.0000000e+00   0.0000000e+00   1.8123684e+04   4.2500000e+02
   0.0000000e+00   0.0000000e+00   1.8105150e+04   4.3200000e+02
   0.0000000e+00   0.0000000e+00   1.8034751e+04   4.5900000e+02
   0.0000000e+00   0.0000000e+00   1.7880776e+04   4.6100000e+02
   0.0000000e+00   0.0000000e+00   1.7612699e+04   4.6200000e+02
   0.0000000e+00   0.0000000e+00   1.7608069e+04   4.6400000e+02
   0.0000000e+00   0.0000000e+00   1.7474719e+04   4.9400000e+02
   0.0000000e+00   0.0000000e+00   1.7312125e+04   5.0000000e+02
   0.0000000e+00   0.0000000e+00   1.7248556e+04   5.0400000e+02
   0.0000000e+00   0.0000000e+00   1.7217311e+04   5.0600000e+02
   0.0000000e+00   0.0000000e+00   1.7041209e+04   5.3500000e+02
   0.0000000e+00   0.0000000e+00   1.6973286e+04   5.3600000e+02
   0.0000000e+00   0.0000000e+00   1.6970152e+04   5.3700000e+02
   0.0000000e+00   0.0000000e+00   1.6904121e+04   5.4200000e+02
   0.0000000e+00   0.0000000e+00   1.6866848e+04   5.4400000e+02
   0.0000000e+00   0.0000000e+00   1.6847696e+04   5.4500000e+02
   0.0000000e+00   0.0000000e+00   1.6743527e+04   5.6700000e+02
   0.0000000e+00   0.0000000e+00   1.6689927e+04   5.7000000e+02
   0.0000000e+00   0.0000000e+00   1.6661867e+04   5.7300000e+02
   0.0000000e+00   0.0000000e+00   1.6617764e+04   5.7400000e+02
   0.0000000e+00   0.0000000e+00   1.6591556e+04   5.7500000e+02
   0.0000000e+00   0.0000000e+00   1.6492237e+04   6.0900000e+02
   0.0000000e+00   0.0000000e+00   1.6464041e+04   6.1200000e+02
   0.0000000e+00   0.0000000e+00   1.6385157e+04   6.1400000e+02
   0.0000000e+00   0.0000000e+00   1.6306517e+04   6.1500000e+02
   0.0000000e+00   0.0000000e+00   1.6174992e+04   6.1600000e+02
   0.0000000e+00   0.0000000e+00   1.6116058e+04   6.2100000e+02
   0.0000000e+00   0.0000000e+00   1.6086518e+04   6.4800000e+02
   0.0000000e+00   0.0000000e+00   1.5976678e+04   6.4900000e+02
   0.0000000e+00   0.0000000e+00   1.5880195e+04   6.5100000e+02
   0.0000000e+00   0.0000000e+00   1.5831493e+04   6.5300000e+02
   0.0000000e+00   0.0000000e+00   1.5809000e+04   6.5500000e+02
   0.0000000e+00   0.0000000e+00   1.5593473e+04   6.7900000e+02
   0.0000000e+00   0.0000000e+00   1.5575792e+04   6.8100000e+02
   0.0000000e+00   0.0000000e+00   1.5566798e+04   6.8300000e+02
   0.0000000e+00   0.0000000e+00   1.5532449e+04   6.8500000e+02
   0.0000000e+00   0.0000000e+00   1.5448351e+04   6.8900000e+02
   0.0000000e+00   0.0000000e+00   1.5325854e+04   7.1400000e+02
   0.0000000e+00   0.0000000e+00   1.5320836e+04   7.1600000e+02
   0.0000000e+00   0.0000000e+00   1.5063956e+04   7.1700000e+02
   0.0000000e+00   0.0000000e+00   1.5044229e+04   7.2000000e+02
   0.0000000e+00   0.0000000e+00   1.5040926e+04   7.2400000e+02
   0.0000000e+00   0.0000000e+00   1.5037205e+04   7.2500000e+02
   0.0000000e+00   0.0000000e+00   1.4927921e+04   7.2700000e+02
   0.0000000e+00   0.0000000e+00   1.4786816e+04   7.5100000e+02
   0.0000000e+00   0.0000000e+00   1.4746657e+04   7.5500000e+02
   0.0000000e+00   0.0000000e+00   1.4700187e+04   7.6200000e+02
   0.0000000e+00   0.0000000e+00   1.4667634e+04   7.6600000e+02
   0.0000000e+00   0.0000000e+00   1.4567769e+04   7.6900000e+02
   0.0000000e+00   0.0000000e+00   1.4341501e+04   7.8700000e+02
   0.0000000e+00   0.0000000e+00   1.4284565e+04   7.9100000e+02
   0.0000000e+00   0.0000000e+00   1.4204223e+04   7.9500000e+02
   0.0000000e+00   0.0000000e+00   1.4182673e+04   7.9600000e+02
   0.0000000e+00   0.0000000e+00   1.4179503e+04   7.9700000e+02
   0.0000000e+00   0.0000000e+00   1.4060376e+04   8.2200000e+02
   0.0000000e+00   0.0000000e+00   1.3856157e+04   8.2700000e+02
   0.0000000e+00   0.0000000e+00   1.3701898e+04   8.2800000e+02
   0.0000000e+00   0.0000000e+00   1.3599208e+04   8.3100000e+02
   0.0000000e+00   0.0000000e+00   1.3421803e+04   8.3900000e+02
   0.0000000e+00   0.0000000e+00   1.3416251e+04   8.4200000e+02
   0.0000000e+00   0.0000000e+00   1.3241300e+04   8.6600000e+02
   0.0000000e+00   0.0000000e+00   1.3237079e+04   8.6700000e+02
   0.0000000e+00   0.0000000e+00   1.3209130e+04   8.6900000e+02
   0.0000000e+00   0.0000000e+00   1.3192897e+04   8.7000000e+02
   0.0000000e+00   0.0000000e+00   1.3091493e+04   8.7300000e+02
   0.0000000e+00   0.0000000e+00   1.3009051e+04   9.0000000e+02
   0.0000000e+00   0.0000000e+00   1.2732321e+04   9.0200000e+02
   0.0000000e+00   0.0000000e+00   1.2568171e+04   9.0500000e+02
   0.0000000e+00   0.0000000e+00   1.2523802e+04   9.0600000e+02
   0.0000000e+00   0.0000000e+00   1.2520127e+04   9.0900000e+02
   0.0000000e+00   0.0000000e+00   1.2447404e+04   9.3900000e+02
   0.0000000e+00   0.0000000e+00   1.2418089e+04   9.4000000e+02
   0.0000000e+00   0.0000000e+00   1.2411779e+04   9.4300000e+02
   0.0000000e+00   0.0000000e+00   1.2357287e+04   9.4700000e+02
   0.0000000e+00   0.0000000e+00   1.2312051e+04   9.7200000e+02
   0.0000000e+00   0.0000000e+00   1.2268895e+04   9.7800000e+02
   0.0000000e+00   0.0000000e+00   1.2200542e+04   9.8200000e+02
   0.0000000e+00   0.0000000e+00   1.2197426e+04   9.8300000e+02
   0.0000000e+00   0.0000000e+00   1.2070629e+04   9.8500000e+02
   0.0000000e+00   0.0000000e+00   1.1998734e+04   1.0110000e+03
   0.0000000e+00   0.0000000e+00   1.1972216e+04   1.0120000e+03
   0.0000000e+00   0.0000000e+00   1.1968098e+04   1.0140000e+03
   0.0000000e+00   0.0000000e+00   1.1918673e+04   1.0150000e+03
   0.0000000e+00   0.0000000e+00   1.1888288e+04   1.0160000e+03
   0.0000000e+00   0.0000000e+00   1.1845545e+04   1.0170000e+03
   0.0000000e+00   0.0000000e+00   1.1843208e+04   1.0190000e+03
   0.0000000e+00   0.0000000e+00   1.1837121e+04   1.0210000e+03
   0.0000000e+00   0.0000000e+00   1.1825483e+04   1.0470000e+03
   0.0000000e+00   0.0000000e+00   1.1607549e+04   1.0510000e+03
   0.0000000e+00   0.0000000e+00   1.1605182e+04   1.0530000e+03
   0.0000000e+00   0.0000000e+00   1.1599157e+04   1.0890000e+03
   0.0000000e+00   0.0000000e+00   1.1582178e+04   1.0910000e+03
   0.0000000e+00   0.0000000e+00   1.1489538e+04   1.0930000e+03
   0.0000000e+00   0.0000000e+00   1.1229660e+04   1.1210000e+03
   0.0000000e+00   0.0000000e+00   1.1176080e+04   1.1220000e+03
   0.0000000e+00   0.0000000e+00   1.1118070e+04   1.1230000e+03
   0.0000000e+00   0.0000000e+00   1.1027850e+04   1.1240000e+03
   0.0000000e+00   0.0000000e+00   1.0940358e+04   1.1250000e+03
   0.0000000e+00   0.0000000e+00   1.0839754e+04   1.1260000e+03
   0.0000000e+00   0.0000000e+00   1.0819116e+04   1.1270000e+03
   0.0000000e+00   0.0000000e+00   1.0770048e+04   1.1280000e+03
   0.0000000e+00   0.0000000e+00   1.0736945e+04   1.1290000e+03
   0.0000000e+00   0.0000000e+00   1.0664487e+04   1.1580000e+03
   0.0000000e+00   0.0000000e+00   1.0534880e+04   1.1600000e+03
   0.0000000e+00   0.0000000e+00   1.0514595e+04   1.1620000e+03
   0.0000000e+00   0.0000000e+00   1.0452617e+04   1.1640000e+03
   0.0000000e+00   0.0000000e+00   1.0422768e+04   1.1690000e+03
   0.0000000e+00   0.0000000e+00   1.0341643e+04   1.1970000e+03
   0.0000000e+00   0.0000000e+00   1.0286596e+04   1.1980000e+03
   0.0000000e+00   0.0000000e+00   1.0182276e+04   1.2000000e+03
   0.0000000e+00   0.0000000e+00   1.0181734e+04   1.2030000e+03
   0.0000000e+00   0.0000000e+00   1.0168819e+04   1.2380000e+03
   0.0000000e+00   0.0000000e+00   1.0010447e+04   1.2690000e+03
   0.0000000e+00   0.0000000e+00   1.0001331e+04   1.2720000e+03
   0.0000000e+00   0.0000000e+00   9.9847617e+03   1.2740000e+03
   0.0000000e+00   0.0000000e+00   9.9749028e+03   1.2760000e+03
   0.0000000e+00   0.0000000e+00   9.9473251e+03   1.3080000e+03
   0.0000000e+00   0.0000000e+00   9.9053817e+03   1.3150000e+03
   0.0000000e+00   0.0000000e+00   9.9033455e+03   1.3170000e+03
   0.0000000e+00   0.0000000e+00   9.8506172e+03   1.3410000e+03
   0.0000000e+00   0.0000000e+00   9.8270684e+03   1.3450000e+03
   0.0000000e+00   0.0000000e+00   9.8031041e+03   1.3460000e+03
   0.0000000e+00   0.0000000e+00   9.7645925e+03   1.3510000e+03
   0.0000000e+00   0.0000000e+00   9.7566043e+03   1.3520000e+03
   0.0000000e+00   0.0000000e+00   9.6945359e+03   1.3790000e+03
   0.0000000e+00   0.0000000e+00   9.6147196e+03   1.3810000e+03
   0.0000000e+00   0.0000000e+00   9.5933449e+03   1.4160000e+03
   0.0000000e+00   0.0000000e+00   9.5881132e+03   1.4220000e+03
   0.0000000e+00   0.0000000e+00   9.5704753e+03   1.4260000e+03
   0.0000000e+00   0.0000000e+00   9.5685995e+03   1.4270000e+03
   0.0000000e+00   0.0000000e+00   9.4989394e+03   1.4280000e+03
   0.0000000e+00   0.0000000e+00   9.4379789e+03   1.4570000e+03
   0.0000000e+00   0.0000000e+00   9.3691939e+03   1.4580000e+03
   0.0000000e+00   0.0000000e+00   9.3672929e+03   1.4610000e+03
   0.0000000e+00   0.0000000e+00   9.3021850e+03   1.4910000e+03
   0.0000000e+00   0.0000000e+00   9.2609196e+03   1.4920000e+03
   0.0000000e+00   0.0000000e+00   9.2557438e+03   1.4940000e+03
   0.0000000e+00   0.0000000e+00   9.2402755e+03   1.4960000e+03
   0.0000000e+00   0.0000000e+00   9.1280761e+03   1.4980000e+03
   0.0000000e+00   0.0000000e+00   9.0422952e+03   1.5000000e+03
   0.0000000e+00   0.0000000e+00   9.0064155e+03   1.5270000e+03
   0.0000000e+00   0.0000000e+00   9.0027064e+03   1.5320000e+03
   0.0000000e+00   0.0000000e+00   8.9924832e+03   1.5350000e+03
   0.0000000e+00   0.0000000e+00   8.9611455e+03   1.5390000e+03
   0.0000000e+00   0.0000000e+00   8.9198613e+03   1.5630000e+03
   0.0000000e+00   0.0000000e+00   8.9125335e+03   1.5640000e+03
   0.0000000e+00   0.0000000e+00   8.8245096e+03   1.5680000e+03
   0.0000000e+00   0.0000000e+00   8.6759168e+03   1.5690000e+03
   0.0000000e+00   0.0000000e+00   8.5777635e+03   1.5720000e+03
   0.0000000e+00   0.0000000e+00   8.5626858e+03   1.5730000e+03
   0.0000000e+00   0.0000000e+00   8.5055931e+03   1.5990000e+03
   0.0000000e+00   0.0000000e+00   8.4804395e+03   1.6030000e+03
   0.0000000e+00   0.0000000e+00   8.4309131e+03   1.6040000e+03
   0.0000000e+00   0.0000000e+00   8.4304116e+03   1.6060000e+03
   0.0000000e+00   0.0000000e+00   8.3699599e+03   1.6090000e+03
   0.0000000e+00   0.0000000e+00   8.3665479e+03   1.6110000e+03
   0.0000000e+00   0.0000000e+00   8.3489821e+03   1.6130000e+03
   0.0000000e+00   0.0000000e+00   8.2931377e+03   1.6370000e+03
   0.0000000e+00   0.0000000e+00   8.2400895e+03   1.6380000e+03
   0.0000000e+00   0.0000000e+00   8.2351272e+03   1.6390000e+03
   0.0000000e+00   0.0000000e+00   8.1916455e+03   1.6400000e+03
   0.0000000e+00   0.0000000e+00   8.1865310e+03   1.6410000e+03
   0.0000000e+00   0.0000000e+00   8.1409698e+03   1.6420000e+03
   0.0000000e+00   0.0000000e+00   8.0627627e+03   1.6440000e+03
   0.0000000e+00   0.0000000e+00   7.9782848e+03   1.6770000e+03
   0.0000000e+00   0.0000000e+00   7.9700928e+03   1.6840000e+03
   0.0000000e+00   0.0000000e+00   7.9263270e+03   1.7110000e+03
   0.0000000e+00   0.0000000e+00   7.9133229e+03   1.7160000e+03
   0.0000000e+00   0.0000000e+00   7.9077318e+03   1.7180000e+03
   0.0000000e+00   0.0000000e+00   7.8812588e+03   1.7200000e+03
   0.0000000e+00   0.0000000e+00   7.8364446e+03   1.7520000e+03
   0.0000000e+00   0.0000000e+00   7.8352042e+03   1.7550000e+03
   0.0000000e+00   0.0000000e+00   7.8198919e+03   1.7580000e+03
   0.0000000e+00   0.0000000e+00   7.7777680e+03   1.7630000e+03
   0.0000000e+00   0.0000000e+00   7.7531120e+03   1.7870000e+03
   0.0000000e+00   0.0000000e+00   7.7387777e+03   1.7900000e+03
   0.0000000e+00   0.0000000e+00   7.7251788e+03   1.7920000e+03
   0.0000000e+00   0.0000000e+00   7.7149957e+03   1.7950000e+03
   0.0000000e+00   0.0000000e+00   7.6825091e+03   1.8240000e+03
   0.0000000e+00   0.0000000e+00   7.6695661e+03   1.8270000e+03
   0.0000000e+00   0.0000000e+00   7.6044008e+03   1.8290000e+03
   0.0000000e+00   0.0000000e+00   7.5424095e+03   1.8620000e+03
   0.0000000e+00   0.0000000e+00   7.5095617e+03   1.8970000e+03
   0.0000000e+00   0.0000000e+00   7.5013936e+03   1.9030000e+03
   0.0000000e+00   0.0000000e+00   7.4829739e+03   1.9380000e+03
   0.0000000e+00   0.0000000e+00   7.4666802e+03   1.9390000e+03
   0.0000000e+00   0.0000000e+00   7.4316035e+03   1.9400000e+03
   0.0000000e+00   0.0000000e+00   7.4269112e+03   1.9410000e+03
   0.0000000e+00   0.0000000e+00   7.2165403e+03   1.9740000e+03
   0.0000000e+00   0.0000000e+00   7.1769101e+03   2.0120000e+03
   0.0000000e+00   0.0000000e+00   7.1191565e+03   2.0130000e+03
   0.0000000e+00   0.0000000e+00   7.1020927e+03   2.0150000e+03
   0.0000000e+00   0.0000000e+00   7.0957646e+03   2.0510000e+03
   0.0000000e+00   0.0000000e+00   7.0390008e+03   2.0860000e+03
   0.0000000e+00   0.0000000e+00   7.0135176e+03   2.1230000e+03
   0.0000000e+00   0.0000000e+00   7.0059297e+03   2.1240000e+03
   0.0000000e+00   0.0000000e+00   6.9861579e+03   2.1570000e+03
   0.0000000e+00   0.0000000e+00   6.9557101e+03   2.1590000e+03
   0.0000000e+00   0.0000000e+00   6.9312364e+03   2.2310000e+03
   0.0000000e+00   0.0000000e+00   6.9136480e+03   2.2370000e+03
   0.0000000e+00   0.0000000e+00   6.8919994e+03   2.2450000e+03
   0.0000000e+00   0.0000000e+00   6.8715107e+03   2.2710000e+03
   0.0000000e+00   0.0000000e+00   6.8428379e+03   2.3490000e+03
   0.0000000e+00   0.0000000e+00   6.8321491e+03   2.4200000e+03
   0.0000000e+00   0.0000000e+00   6.8279028e+03   2.4950000e+03
   0.0000000e+00   0.0000000e+00   6.7939731e+03   2.5250000e+03
   0.0000000e+00   0.0000000e+00   6.7799363e+03   2.5330000e+03
   0.0000000e+00   0.0000000e+00   6.7769302e+03   2.5640000e+03
   0.0000000e+00   0.0000000e+00   6.7560029e+03   2.5670000e+03
   0.0000000e+00   0.0000000e+00   6.7550068e+03   2.5690000e+03
   0.0000000e+00   0.0000000e+00   6.7476126e+03   2.6030000e+03
   0.0000000e+00   0.0000000e+00   6.7390215e+03   2.6040000e+03
   0.0000000e+00   0.0000000e+00   6.7377244e+03   2.6410000e+03
   0.0000000e+00   0.0000000e+00   6.7135466e+03   2.6760000e+03
   0.0000000e+00   0.0000000e+00   6.6752511e+03   2.7140000e+03
   0.0000000e+00   0.0000000e+00   6.6529737e+03   2.7570000e+03
   0.0000000e+00   0.0000000e+00   6.6421116e+03   2.7880000e+03
   0.0000000e+00   0.0000000e+00   6.6376381e+03   2.7950000e+03
   0.0000000e+00   0.0000000e+00   6.6308026e+03   2.8240000e+03
   0.0000000e+00   0.0000000e+00   6.6307202e+03   2.8270000e+03
   0.0000000e+00   0.0000000e+00   6.6276211e+03   2.8280000e+03
   0.0000000e+00   0.0000000e+00   6.5571605e+03   2.8320000e+03
   0.0000000e+00   0.0000000e+00   6.5523524e+03   2.8670000e+03
   0.0000000e+00   0.0000000e+00   6.5449002e+03   2.8970000e+03
   0.0000000e+00   0.0000000e+00   6.5222174e+03   3.0460000e+03
   0.0000000e+00   0.0000000e+00   6.5112385e+03   3.1960000e+03
   0.0000000e+00   0.0000000e+00   6.4958739e+03   3.2300000e+03
   0.0000000e+00   0.0000000e+00   6.4709376e+03   3.2310000e+03
   0.0000000e+00   0.0000000e+00   6.4643675e+03   3.3090000e+03
   0.0000000e+00   0.0000000e+00   6.4511121e+03   3.3470000e+03
   0.0000000e+00   0.0000000e+00   6.4280106e+03   3.3800000e+03
   0.0000000e+00   0.0000000e+00   6.4207685e+03   3.4190000e+03
   0.0000000e+00   0.0000000e+00   6.4029375e+03   3.4200000e+03
   0.0000000e+00   0.0000000e+00   6.4001648e+03   3.4910000e+03
   0.0000000e+00   0.0000000e+00   6.3856855e+03   3.4920000e+03
   0.0000000e+00   0.0000000e+00   6.3785720e+03   3.5290000e+03
   0.0000000e+00   0.0000000e+00   6.3392005e+03   3.6020000e+03
   0.0000000e+00   0.0000000e+00   6.3379575e+03   3.6030000e+03
   0.0000000e+00   0.0000000e+00   6.3320616e+03   3.6040000e+03
   0.0000000e+00   0.0000000e+00   6.3250228e+03   3.6050000e+03
   0.0000000e+00   0.0000000e+00   6.3173301e+03   3.6760000e+03
   0.0000000e+00   0.0000000e+00   6.2864919e+03   3.7890000e+03
   0.0000000e+00   0.0000000e+00   6.2787610e+03   3.8620000e+03
   0.0000000e+00   0.0000000e+00   6.2770169e+03   3.8980000e+03
   0.0000000e+00   0.0000000e+00   6.2697208e+03   3.9350000e+03
   0.0000000e+00   0.0000000e+00   6.2395530e+03   3.9680000e+03
   0.0000000e+00   0.0000000e+00   6.2208515e+03   4.0080000e+03
   0.0000000e+00   0.0000000e+00   6.1817104e+03   4.0820000e+03
   0.0000000e+00   0.0000000e+00   6.1792459e+03   4.1200000e+03
   0.0000000e+00   0.0000000e+00   6.1673399e+03   4.1210000e+03
   0.0000000e+00   0.0000000e+00   6.1600676e+03   4.1950000e+03
   0.0000000e+00   0.0000000e+00   6.1572736e+03   4.2310000e+03
   0.0000000e+00   0.0000000e+00   6.1509170e+03   4.2320000e+03
   0.0000000e+00   0.0000000e+00   6.1271193e+03   4.3060000e+03
   0.0000000e+00   0.0000000e+00   6.1173134e+03   4.3070000e+03
   0.0000000e+00   0.0000000e+00   6.1123715e+03   4.4520000e+03
   0.0000000e+00   0.0000000e+00   6.1014151e+03   4.4890000e+03
   0.0000000e+00   0.0000000e+00   6.0895785e+03   4.5280000e+03
   0.0000000e+00   0.0000000e+00   6.0806912e+03   4.5600000e+03
   0.0000000e+00   0.0000000e+00   6.0753020e+03   4.6730000e+03
   0.0000000e+00   0.0000000e+00   6.0706921e+03   5.0460000e+03
   0.0000000e+00   0.0000000e+00   6.0651634e+03   5.0810000e+03
   0.0000000e+00   0.0000000e+00   6.0573586e+03   5.3410000e+03
   0.0000000e+00   0.0000000e+00   6.0337822e+03   5.4850000e+03
   0.0000000e+00   0.0000000e+00   6.0242037e+03   5.5240000e+03
   0.0000000e+00   0.0000000e+00   6.0039858e+03   5.5250000e+03
   0.0000000e+00   0.0000000e+00   5.9990972e+03   5.5600000e+03
   0.0000000e+00   0.0000000e+00   5.9745564e+03   5.5980000e+03
   0.0000000e+00   0.0000000e+00   5.9408793e+03   5.6340000e+03
   0.0000000e+00   0.0000000e+00   5.9361370e+03   5.6740000e+03
   0.0000000e+00   0.0000000e+00   5.9245650e+03   5.7110000e+03
   0.0000000e+00   0.0000000e+00   5.9233439e+03   5.7140000e+03
   0.0000000e+00   0.0000000e+00   5.9164469e+03   5.7490000e+03
   0.0000000e+00   0.0000000e+00   5.8952850e+03   5.8210000e+03
   0.0000000e+00   0.0000000e+00   5.8903393e+03   5.9710000e+03
   0.0000000e+00   0.0000000e+00   5.8747095e+03   6.1510000e+03
   0.0000000e+00   0.0000000e+00   5.8656234e+03   6.1560000e+03
   0.0000000e+00   0.0000000e+00   5.8627781e+03   6.2650000e+03
   0.0000000e+00   0.0000000e+00   5.8614119e+03   6.2680000e+03
   0.0000000e+00   0.0000000e+00   5.8448025e+03   6.3750000e+03
   0.0000000e+00   0.0000000e+00   5.8364646e+03   6.3780000e+03
   0.0000000e+00   0.0000000e+00   5.8289242e+03   6.5250000e+03
   0.0000000e+00   0.0000000e+00   5.8245432e+03   6.6730000e+03
   0.0000000e+00   0.0000000e+00   5.8130152e+03   6.7090000e+03
   0.0000000e+00   0.0000000e+00   5.8090532e+03   6.9300000e+03
   0.0000000e+00   0.0000000e+00   5.8075542e+03   7.0050000e+03
   0.0000000e+00   0.0000000e+00   5.7797325e+03   7.0800000e+03
   0.0000000e+00   0.0000000e+00   5.7762061e+03   7.1540000e+03
   0.0000000e+00   0.0000000e+00   5.7684143e+03   7.1900000e+03
   0.0000000e+00   0.0000000e+00   5.7508786e+03   7.5200000e+03
   0.0000000e+00   0.0000000e+00   5.7505209e+03   7.7110000e+03
   0.0000000e+00   0.0000000e+00   5.7357276e+03   7.9320000e+03
   0.0000000e+00   0.0000000e+00   5.7138601e+03   7.9670000e+03
   0.0000000e+00   0.0000000e+00   5.7072336e+03   8.1170000e+03
   0.0000000e+00   0.0000000e+00   5.6966005e+03   8.1530000e+03
   0.0000000e+00   0.0000000e+00   5.6896478e+03   8.2660000e+03
   0.0000000e+00   0.0000000e+00   5.6643376e+03   8.3000000e+03
   0.0000000e+00   0.0000000e+00   5.6538691e+03   8.3710000e+03
   0.0000000e+00   0.0000000e+00   5.6522030e+03   8.4490000e+03
   0.0000000e+00   0.0000000e+00   5.6492593e+03   8.5610000e+03
   0.0000000e+00   0.0000000e+00   5.6460437e+03   8.7090000e+03
   0.0000000e+00   0.0000000e+00   5.6194473e+03   8.9270000e+03
   0.0000000e+00   0.0000000e+00   5.6154666e+03   9.1150000e+03
   0.0000000e+00   0.0000000e+00   5.6095878e+03   9.3720000e+03
   0.0000000e+00   0.0000000e+00   5.6090174e+03   9.4090000e+03
   0.0000000e+00   0.0000000e+00   5.6060321e+03   9.6300000e+03
   0.0000000e+00   0.0000000e+00   5.6057618e+03   9.7080000e+03
   0.0000000e+00   0.0000000e+00   5.5848838e+03   9.7450000e+03
   0.0000000e+00   0.0000000e+00   5.5736864e+03   1.0262000e+04
   0.0000000e+00   0.0000000e+00   5.5610330e+03   1.0630000e+04
   0.0000000e+00   0.0000000e+00   5.5529803e+03   1.1443000e+04
   0.0000000e+00   0.0000000e+00   5.5320557e+03   1.1445000e+04
   0.0000000e+00   0.0000000e+00   5.5080848e+03   1.2112000e+04
   0.0000000e+00   0.0000000e+00   5.5057700e+03   1.2186000e+04
   0.0000000e+00   0.0000000e+00   5.4976562e+03   1.2481000e+04
   0.0000000e+00   0.0000000e+00   5.4960544e+03   1.2742000e+04
   0.0000000e+00   0.0000000e+00   5.4858036e+03   1.2775000e+04
   0.0000000e+00   0.0000000e+00   5.4760388e+03   1.2888000e+04
   0.0000000e+00   0.0000000e+00   5.4653957e+03   1.2959000e+04
   0.0000000e+00   0.0000000e+00   5.4538877e+03   1.3442000e+04
   0.0000000e+00   0.0000000e+00   5.4524331e+03   1.3887000e+04
   0.0000000e+00   0.0000000e+00   5.4497020e+03   1.4074000e+04
   0.0000000e+00   0.0000000e+00   5.4430538e+03   1.4332000e+04
   0.0000000e+00   0.0000000e+00   5.4312963e+03   1.4553000e+04
   0.0000000e+00   0.0000000e+00   5.4294797e+03   1.4961000e+04
   0.0000000e+00   0.0000000e+00   5.4259349e+03   1.6182000e+04
   0.0000000e+00   0.0000000e+00   5.4174559e+03   1.6403000e+04
   0.0000000e+00   0.0000000e+00   5.4087314e+03   1.8288000e+04
   0.0000000e+00   0.0000000e+00   5.4019124e+03   1.8328000e+04
   0.0000000e+00   0.0000000e+00   5.3994393e+03   1.8806000e+04
   0.0000000e+00   0.0000000e+00   5.3954426e+03   1.8926000e+04
   0.0000000e+00   0.0000000e+00   5.3932075e+03   2.0250000e+04
   0.0000000e+00   0.0000000e+00   5.3876379e+03   2.0326000e+04
   0.0000000e+00   0.0000000e+00   5.3812850e+03   2.0658000e+04
   0.0000000e+00   0.0000000e+00   5.3807669e+03   2.0696000e+04
   0.0000000e+00   0.0000000e+00   5.3779336e+03   2.1880000e+04
   0.0000000e+00   0.0000000e+00   5.3738181e+03   2.4616000e+04
   0.0000000e+00   0.0000000e+00   5.3727254e+03   2.5357000e+04
   0.0000000e+00   0.0000000e+00   5.3707435e+03   2.5874000e+04
   0.0000000e+00   0.0000000e+00   5.3561629e+03   2.5877000e+04
   0.0000000e+00   0.0000000e+00   5.3557612e+03   2.6098000e+04
   0.0000000e+00   0.0000000e+00   5.3476967e+03   2.6319000e+04
   0.0000000e+00   0.0000000e+00   5.3463292e+03   2.7063000e+04
   0.0000000e+00   0.0000000e+00   5.3368300e+03   2.7466000e+04
   0.0000000e+00   0.0000000e+00   5.3260180e+03   2.8095000e+04
   0.0000000e+00   0.0000000e+00   5.3230101e+03   2.8685000e+04
   0.0000000e+00   0.0000000e+00   5.3222047e+03   3.0426000e+04
   0.0000000e+00   0.0000000e+00   5.3186305e+03   3.0981000e+04
   0.0000000e+00   0.0000000e+00   5.3051911e+03   3.1055000e+04
   0.0000000e+00   0.0000000e+00   5.3007530e+03   3.1092000e+04
   0.0000000e+00   0.0000000e+00   5.2943315e+03   3.1240000e+04
   0.0000000e+00   0.0000000e+00   5.2935235e+03   3.1315000e+04
   0.0000000e+00   0.0000000e+00   5.2902321e+03   3.1758000e+04
   0.0000000e+00   0.0000000e+00   5.2877222e+03   3.1946000e+04
   0.0000000e+00   0.0000000e+00   5.2807542e+03   3.2056000e+04
   0.0000000e+00   0.0000000e+00   5.2792716e+03   3.3387000e+04
   0.0000000e+00   0.0000000e+00   5.2784911e+03   3.3831000e+04
   0.0000000e+00   0.0000000e+00   5.2757790e+03   3.3867000e+04
   0.0000000e+00   0.0000000e+00   5.2736849e+03   3.4348000e+04
   0.0000000e+00   0.0000000e+00   5.2668528e+03   3.6419000e+04
   0.0000000e+00   0.0000000e+00   5.2640825e+03   3.7532000e+04
   0.0000000e+00   0.0000000e+00   5.2562907e+03   3.7752000e+04
   0.0000000e+00   0.0000000e+00   5.2540556e+03   4.0082000e+04
   0.0000000e+00   0.0000000e+00   5.2465044e+03   4.4005000e+04
   0.0000000e+00   0.0000000e+00   5.2459991e+03   4.6298000e+04
   0.0000000e+00   0.0000000e+00   5.2431966e+03   4.6747000e+04
   0.0000000e+00   0.0000000e+00   5.2429012e+03   4.6894000e+04
   0.0000000e+00   0.0000000e+00   5.2420759e+03   4.7481000e+04
   0.0000000e+00   0.0000000e+00   5.2401291e+03   4.8408000e+04
   0.0000000e+00   0.0000000e+00   5.2372842e+03   4.9113000e+04
   0.0000000e+00   0.0000000e+00   5.2344757e+03   4.9372000e+04
   0.0000000e+00   0.0000000e+00   5.2244089e+03   4.9742000e+04
   0.0000000e+00   0.0000000e+00   5.2223561e+03   5.2331000e+04
   0.0000000e+00   0.0000000e+00   5.2182291e+03   5.4399000e+04
   0.0000000e+00   0.0000000e+00   5.2135542e+03   5.5436000e+04
   0.0000000e+00   0.0000000e+00   5.2074575e+03   5.5918000e+04
   0.0000000e+00   0.0000000e+00   5.2033842e+03   5.6806000e+04
   0.0000000e+00   0.0000000e+00   5.2011491e+03   5.6843000e+04
   0.0000000e+00   0.0000000e+00   5.1989140e+03   5.6918000e+04
   0.0000000e+00   0.0000000e+00   5.1968786e+03   5.7143000e+04
   0.0000000e+00   0.0000000e+00   5.1932021e+03   5.7509000e+04
   0.0000000e+00   0.0000000e+00   5.1917474e+03   6.2208000e+04
   0.0000000e+00   0.0000000e+00   5.1853259e+03   7.1829000e+04
   0.0000000e+00   0.0000000e+00   5.1838713e+03   8.3965000e+04
   0.0000000e+00   0.0000000e+00   5.1760795e+03   8.9995000e+04
   0.0000000e+00   0.0000000e+00   5.1757537e+03   9.3550000e+04
   0.0000000e+00   0.0000000e+00   5.1701127e+03   9.4657000e+04
   0.0000000e+00   0.0000000e+00   5.1678776e+03   9.5989000e+04
   0.0000000e+00   0.0000000e+00   5.1659049e+03   1.0220700e+05
   0.0000000e+00   0.0000000e+00   5.1651208e+03   1.2004000e+05
   0.0000000e+00   0.0000000e+00   5.1630142e+03   1.4542600e+05
   0.0000000e+00   0.0000000e+00   5.1589887e+03   1.4712500e+05
   0.0000000e+00   0.0000000e+00   5.1522436e+03   1.4752800e+05
   0.0000000e+00   0.0000000e+00   5.1475690e+03   1.4790300e+05
   0.0000000e+00   0.0000000e+00   5.1430988e+03   1.4804800e+05
   0.0000000e+00   0.0000000e+00   5.1394222e+03   1.4852900e+05
   0.0000000e+00   0.0000000e+00   5.1357456e+03   1.4956600e+05
   0.0000000e+00   0.0000000e+00   5.1326695e+03   1.4967900e+05
   0.0000000e+00   0.0000000e+00   5.1321515e+03   1.5722600e+05
   0.0000000e+00   0.0000000e+00   5.1284618e+03   1.5914800e+05
   0.0000000e+00   0.0000000e+00   5.1254260e+03   1.7786900e+05
   0.0000000e+00   0.0000000e+00   5.1231909e+03   1.7916500e+05
   0.0000000e+00   0.0000000e+00   5.1185640e+03   1.9985100e+05
