   1.3940861e+02   2.2366982e+00   1.6819701e+04   1.7000000e+01
   1.3683273e+02   1.6169408e+00   1.6728229e+04   1.9000000e+01
   1.3652290e+02   1.6918338e+00   1.6700254e+04   2.2000000e+01
   1.3500420e+02   1.6362003e+00   1.6792604e+04   2.4000000e+01
   1.3302841e+02   1.5943589e+00   1.6885975e+04   2.5000000e+01
   1.3295827e+02   1.4970566e+00   1.7032401e+04   2.9000000e+01
   1.2807371e+02   1.4056188e+00   1.7174043e+04   3.0000000e+01
   1.2683262e+02   1.3497316e+00   1.7476734e+04   3.1000000e+01
   1.2043683e+02   1.0851696e+00   1.7963825e+04   3.2000000e+01
   1.2025750e+02   1.0790557e+00   1.8287241e+04   3.3000000e+01
   1.1941625e+02   1.0481768e+00   1.8522198e+04   3.4000000e+01
   1.1778135e+02   1.0504881e+00   1.8783747e+04   3.5000000e+01
   1.1709054e+02   1.0120224e+00   1.9293979e+04   3.6000000e+01
   1.1571070e+02   6.7712425e-01   1.9676416e+04   3.7000000e+01
   1.1277339e+02   5.8128961e-01   2.0205958e+04   3.8000000e+01
   1.1243501e+02   5.8475685e-01   2.0124160e+04   5.0000000e+01
   9.9223307e+01   5.9378458e-01   1.9863136e+04   5.1000000e+01
   9.1320709e+01   5.6723979e-01   1.9610148e+04   5.2000000e+01
   8.6567408e+01   5.7443892e-01   1.9456444e+04   5.3000000e+01
   8.6403046e+01   5.8188069e-01   1.9353564e+04   5.4000000e+01
   8.6272090e+01   6.2029999e-01   1.9005585e+04   5.6000000e+01
   8.6038548e+01   6.2512419e-01   1.8713109e+04   5.7000000e+01
   8.5831727e+01   6.4017480e-01   1.8616010e+04   5.8000000e+01
   8.5073862e+01   5.3548647e-01   1.8612979e+04   6.2000000e+01
   8.1922205e+01   5.4293571e-01   1.8612597e+04   6.4000000e+01
   8.1577801e+01   5.2516066e-01   1.8856805e+04   6.8000000e+01
   8.1398306e+01   5.2892665e-01   1.9025860e+04   6.9000000e+01
   8.1234983e+01   5.3046992e-01   1.9114361e+04   7.0000000e+01
   8.0291439e+01   5.1663030e-01   1.9522736e+04   7.1000000e+01
   7.9805747e+01   5.1159014e-01   1.9669940e+04   7.2000000e+01
   6.5574000e+01   2.8955859e-02   2.0307750e+04   7.4000000e+01
   6.4627101e+01   1.4726022e-02   2.0899598e+04   7.5000000e+01
   6.1220536e+01   2.7263077e-02   2.0754105e+04   8.4000000e+01
   6.0876021e+01   1.6264401e-02   2.0620360e+04   8.9000000e+01
   5.6623220e+01   3.5058274e-02   2.0596978e+04   9.1000000e+01
   5.6178054e+01   3.1275988e-02   2.0682555e+04   9.6000000e+01
   5.5608960e+01   2.0364632e-02   2.0555908e+04   1.0100000e+02
   5.2754782e+01   2.0590160e-02   2.0728651e+04   1.0200000e+02
   5.2447183e+01   1.6811399e-02   2.0650565e+04   1.0300000e+02
   4.8124898e+01   0.0000000e+00   2.0775157e+04   1.0400000e+02
   4.8026797e+01   0.0000000e+00   2.0911632e+04   1.0500000e+02
   4.7761754e+01   0.0000000e+00   2.1121545e+04   1.0600000e+02
   4.3275284e+01   0.0000000e+00   2.1427047e+04   1.0700000e+02
   3.7600748e+01   0.0000000e+00   2.1880559e+04   1.0800000e+02
   3.6909284e+01   0.0000000e+00   2.2245313e+04   1.0900000e+02
   3.5486511e+01   0.0000000e+00   2.2650290e+04   1.1000000e+02
   3.5037438e+01   0.0000000e+00   2.3152365e+04   1.1100000e+02
   3.4987627e+01   0.0000000e+00   2.3293010e+04   1.1200000e+02
   3.4883917e+01   0.0000000e+00   2.3100522e+04   1.2200000e+02
   3.4745484e+01   0.0000000e+00   2.2951226e+04   1.2700000e+02
   3.4709996e+01   0.0000000e+00   2.2901343e+04   1.2800000e+02
   3.3794117e+01   0.0000000e+00   2.2721471e+04   1.3200000e+02
   3.3203252e+01   0.0000000e+00   2.2772265e+04   1.3500000e+02
   3.2856223e+01   0.0000000e+00   2.2886730e+04   1.3600000e+02
   3.2594063e+01   0.0000000e+00   2.2934297e+04   1.3700000e+02
   3.2188714e+01   0.0000000e+00   2.2807382e+04   1.3800000e+02
   3.0925725e+01   0.0000000e+00   2.2721825e+04   1.3900000e+02
   3.0765132e+01   0.0000000e+00   2.2857052e+04   1.4200000e+02
   3.0669106e+01   0.0000000e+00   2.3096021e+04   1.4300000e+02
   2.9367730e+01   0.0000000e+00   2.3354801e+04   1.4600000e+02
   2.8100513e+01   0.0000000e+00   2.3808947e+04   1.4700000e+02
   2.5039563e+01   0.0000000e+00   2.4359651e+04   1.4900000e+02
   2.4839474e+01   0.0000000e+00   2.4039565e+04   1.6200000e+02
   2.4364984e+01   0.0000000e+00   2.4031340e+04   1.6300000e+02
   2.4332261e+01   0.0000000e+00   2.3941175e+04   1.6400000e+02
   2.4323807e+01   0.0000000e+00   2.3744954e+04   1.6500000e+02
   2.4193991e+01   0.0000000e+00   2.3664963e+04   1.7100000e+02
   2.4086440e+01   0.0000000e+00   2.3614534e+04   1.7300000e+02
   2.3660259e+01   0.0000000e+00   2.3706886e+04   1.7600000e+02
   2.3555686e+01   0.0000000e+00   2.3546021e+04   1.7700000e+02
   2.3546270e+01   0.0000000e+00   2.3614541e+04   1.7800000e+02
   2.3321949e+01   0.0000000e+00   2.3907667e+04   1.7900000e+02
   2.3142192e+01   0.0000000e+00   2.4194365e+04   1.8200000e+02
   1.6894500e+01   0.0000000e+00   2.4744523e+04   1.8300000e+02
   1.6843298e+01   0.0000000e+00   2.4950090e+04   1.8400000e+02
   1.6731791e+01   0.0000000e+00   2.5235583e+04   1.8500000e+02
   1.6563338e+01   0.0000000e+00   2.5129626e+04   1.9200000e+02
   1.6520454e+01   0.0000000e+00   2.4968040e+04   2.0200000e+02
   1.6448768e+01   0.0000000e+00   2.4879012e+04   2.0800000e+02
   1.6273195e+01   0.0000000e+00   2.4677418e+04   2.1000000e+02
   1.6147287e+01   0.0000000e+00   2.4736654e+04   2.1200000e+02
   1.6138399e+01   0.0000000e+00   2.4793941e+04   2.1300000e+02
   1.6050502e+01   0.0000000e+00   2.4945576e+04   2.1400000e+02
   1.5969287e+01   0.0000000e+00   2.5144806e+04   2.1600000e+02
   1.5839952e+01   0.0000000e+00   2.5322170e+04   2.1700000e+02
   1.5705571e+01   0.0000000e+00   2.5713740e+04   2.2200000e+02
   1.5609171e+01   0.0000000e+00   2.6135412e+04   2.2300000e+02
   1.5553631e+01   0.0000000e+00   2.6112894e+04   2.3300000e+02
   1.4806201e+01   0.0000000e+00   2.6049166e+04   2.3400000e+02
   1.4388037e+01   0.0000000e+00   2.5782346e+04   2.3500000e+02
   1.1193858e+01   0.0000000e+00   2.5496654e+04   2.3700000e+02
   1.1127897e+01   0.0000000e+00   2.5119971e+04   2.3900000e+02
   1.1054883e+01   0.0000000e+00   2.4909588e+04   2.4000000e+02
   1.1033228e+01   0.0000000e+00   2.4731998e+04   2.4200000e+02
   1.0741994e+01   0.0000000e+00   2.4660598e+04   2.4700000e+02
   3.3724139e+00   0.0000000e+00   2.4890442e+04   2.5100000e+02
   3.3250162e+00   0.0000000e+00   2.4914183e+04   2.5200000e+02
   3.1769692e+00   0.0000000e+00   2.5116504e+04   2.5300000e+02
   2.9261847e+00   0.0000000e+00   2.5383911e+04   2.5500000e+02
   2.9256581e+00   0.0000000e+00   2.5605374e+04   2.5800000e+02
   2.9031464e+00   0.0000000e+00   2.5811344e+04   2.5900000e+02
   2.7422529e+00   0.0000000e+00   2.6498058e+04   2.6000000e+02
   2.7111456e+00   0.0000000e+00   2.6459755e+04   2.7000000e+02
   2.7028281e+00   0.0000000e+00   2.6262545e+04   2.7300000e+02
   2.5153734e+00   0.0000000e+00   2.6113295e+04   2.7600000e+02
   1.0517740e+00   0.0000000e+00   2.5960844e+04   2.7800000e+02
   7.8679333e-01   0.0000000e+00   2.5828338e+04   2.7900000e+02
   7.7603760e-01   0.0000000e+00   2.5511313e+04   2.8100000e+02
   7.7165661e-01   0.0000000e+00   2.5472099e+04   2.8200000e+02
   7.5439421e-01   0.0000000e+00   2.5417828e+04   2.8500000e+02
   7.4416529e-01   0.0000000e+00   2.5366823e+04   2.8800000e+02
   7.3629357e-01   0.0000000e+00   2.5212094e+04   2.8900000e+02
   7.3610034e-01   0.0000000e+00   2.5320212e+04   2.9000000e+02
   7.0355608e-01   0.0000000e+00   2.5525001e+04   2.9100000e+02
   7.0271119e-01   0.0000000e+00   2.5564055e+04   2.9300000e+02
   7.0188152e-01   0.0000000e+00   2.5686641e+04   2.9500000e+02
   7.0110590e-01   0.0000000e+00   2.5971281e+04   2.9600000e+02
   6.9344535e-01   0.0000000e+00   2.6564900e+04   2.9700000e+02
   6.8255118e-01   0.0000000e+00   2.6298632e+04   3.0900000e+02
   6.6803869e-01   0.0000000e+00   2.6101781e+04   3.1100000e+02
   6.6568452e-01   0.0000000e+00   2.5905685e+04   3.1300000e+02
   6.3947987e-01   0.0000000e+00   2.5785432e+04   3.1700000e+02
   6.3314277e-01   0.0000000e+00   2.5873511e+04   3.2400000e+02
   6.3062759e-01   0.0000000e+00   2.5791701e+04   3.2500000e+02
   6.2796997e-01   0.0000000e+00   2.6070252e+04   3.2800000e+02
   6.2699916e-01   0.0000000e+00   2.6237505e+04   3.2900000e+02
   6.2441380e-01   0.0000000e+00   2.6548863e+04   3.3200000e+02
   3.1369305e-01   0.0000000e+00   2.6338151e+04   3.4400000e+02
   2.8048278e-01   0.0000000e+00   2.6203050e+04   3.4500000e+02
   2.8037502e-01   0.0000000e+00   2.6152026e+04   3.4700000e+02
   2.7989523e-01   0.0000000e+00   2.6129150e+04   3.4900000e+02
   2.7907296e-01   0.0000000e+00   2.5938892e+04   3.5200000e+02
   2.7803197e-01   0.0000000e+00   2.5792242e+04   3.5300000e+02
   2.7364075e-01   0.0000000e+00   2.5745771e+04   3.5700000e+02
   2.6813505e-01   0.0000000e+00   2.5855119e+04   3.5800000e+02
   2.6778224e-01   0.0000000e+00   2.6005909e+04   3.6100000e+02
   2.6632840e-01   0.0000000e+00   2.6042094e+04   3.6300000e+02
   2.6251146e-01   0.0000000e+00   2.6210156e+04   3.6400000e+02
   2.2749442e-01   0.0000000e+00   2.6390967e+04   3.6600000e+02
   4.1988037e-02   0.0000000e+00   2.6745876e+04   3.7100000e+02
   2.5605303e-02   0.0000000e+00   2.6626218e+04   3.8000000e+02
   1.4426391e-02   0.0000000e+00   2.6262128e+04   3.8600000e+02
   1.4239799e-02   0.0000000e+00   2.6112042e+04   3.8900000e+02
   1.4057739e-02   0.0000000e+00   2.6088540e+04   3.9200000e+02
   1.4043539e-02   0.0000000e+00   2.5950458e+04   3.9400000e+02
   1.1175789e-02   0.0000000e+00   2.5649969e+04   3.9500000e+02
   1.1120548e-02   0.0000000e+00   2.5720841e+04   3.9700000e+02
   9.4504450e-03   0.0000000e+00   2.5703704e+04   3.9800000e+02
   0.0000000e+00   0.0000000e+00   2.5874976e+04   4.0000000e+02
   0.0000000e+00   0.0000000e+00   2.5573812e+04   4.1800000e+02
   0.0000000e+00   0.0000000e+00   2.5030268e+04   4.2200000e+02
   0.0000000e+00   0.0000000e+00   2.4668952e+04   4.2300000e+02
   0.0000000e+00   0.0000000e+00   2.4572701e+04   4.2500000e+02
   0.0000000e+00   0.0000000e+00   2.4454023e+04   4.2600000e+02
   0.0000000e+00   0.0000000e+00   2.4200658e+04   4.2700000e+02
   0.0000000e+00   0.0000000e+00   2.4173255e+04   4.2800000e+02
   0.0000000e+00   0.0000000e+00   2.3986793e+04   4.3400000e+02
   0.0000000e+00   0.0000000e+00   2.3891498e+04   4.3500000e+02
   0.0000000e+00   0.0000000e+00   2.3673727e+04   4.5300000e+02
   0.0000000e+00   0.0000000e+00   2.3519202e+04   4.5600000e+02
   0.0000000e+00   0.0000000e+00   2.3359121e+04   4.5700000e+02
   0.0000000e+00   0.0000000e+00   2.3267039e+04   4.5800000e+02
   0.0000000e+00   0.0000000e+00   2.2975166e+04   4.5900000e+02
   0.0000000e+00   0.0000000e+00   2.2840126e+04   4.6000000e+02
   0.0000000e+00   0.0000000e+00   2.2622901e+04   4.6200000e+02
   0.0000000e+00   0.0000000e+00   2.2441943e+04   4.6400000e+02
   0.0000000e+00   0.0000000e+00   2.2357097e+04   4.6500000e+02
   0.0000000e+00   0.0000000e+00   2.1947207e+04   4.6600000e+02
   0.0000000e+00   0.0000000e+00   2.1744417e+04   4.6700000e+02
   0.0000000e+00   0.0000000e+00   2.1408794e+04   4.7000000e+02
   0.0000000e+00   0.0000000e+00   2.1382133e+04   4.7100000e+02
   0.0000000e+00   0.0000000e+00   2.1161423e+04   4.7200000e+02
   0.0000000e+00   0.0000000e+00   2.1001070e+04   4.9600000e+02
   0.0000000e+00   0.0000000e+00   2.0986717e+04   4.9700000e+02
   0.0000000e+00   0.0000000e+00   2.0787013e+04   5.0200000e+02
   0.0000000e+00   0.0000000e+00   2.0706352e+04   5.0400000e+02
   0.0000000e+00   0.0000000e+00   2.0609010e+04   5.3000000e+02
   0.0000000e+00   0.0000000e+00   2.0525258e+04   5.3200000e+02
   0.0000000e+00   0.0000000e+00   2.0495309e+04   5.3300000e+02
   0.0000000e+00   0.0000000e+00   2.0494949e+04   5.3400000e+02
   0.0000000e+00   0.0000000e+00   2.0350481e+04   5.3500000e+02
   0.0000000e+00   0.0000000e+00   2.0324480e+04   5.3700000e+02
   0.0000000e+00   0.0000000e+00   2.0259697e+04   5.3800000e+02
   0.0000000e+00   0.0000000e+00   2.0130983e+04   5.3900000e+02
   0.0000000e+00   0.0000000e+00   1.9974712e+04   5.4000000e+02
   0.0000000e+00   0.0000000e+00   1.9794534e+04   5.4100000e+02
   0.0000000e+00   0.0000000e+00   1.9569864e+04   5.4200000e+02
   0.0000000e+00   0.0000000e+00   1.9500931e+04   5.4400000e+02
   0.0000000e+00   0.0000000e+00   1.9014794e+04   5.6500000e+02
   0.0000000e+00   0.0000000e+00   1.8781177e+04   5.6700000e+02
   0.0000000e+00   0.0000000e+00   1.8645926e+04   5.6800000e+02
   0.0000000e+00   0.0000000e+00   1.8538514e+04   5.7200000e+02
   0.0000000e+00   0.0000000e+00   1.8534065e+04   5.7300000e+02
   0.0000000e+00   0.0000000e+00   1.8469114e+04   5.7500000e+02
   0.0000000e+00   0.0000000e+00   1.8303165e+04   5.7600000e+02
   0.0000000e+00   0.0000000e+00   1.8220737e+04   5.7700000e+02
   0.0000000e+00   0.0000000e+00   1.8068812e+04   5.7800000e+02
   0.0000000e+00   0.0000000e+00   1.8042846e+04   5.7900000e+02
   0.0000000e+00   0.0000000e+00   1.7850776e+04   5.8100000e+02
   0.0000000e+00   0.0000000e+00   1.7722226e+04   5.8300000e+02
   0.0000000e+00   0.0000000e+00   1.7511959e+04   6.0200000e+02
   0.0000000e+00   0.0000000e+00   1.7342255e+04   6.0500000e+02
   0.0000000e+00   0.0000000e+00   1.7333419e+04   6.0600000e+02
   0.0000000e+00   0.0000000e+00   1.7162046e+04   6.0700000e+02
   0.0000000e+00   0.0000000e+00   1.7054365e+04   6.1000000e+02
   0.0000000e+00   0.0000000e+00   1.6888040e+04   6.1100000e+02
   0.0000000e+00   0.0000000e+00   1.6796373e+04   6.1400000e+02
   0.0000000e+00   0.0000000e+00   1.6735849e+04   6.1800000e+02
   0.0000000e+00   0.0000000e+00   1.6719383e+04   6.4100000e+02
   0.0000000e+00   0.0000000e+00   1.6587369e+04   6.4200000e+02
   0.0000000e+00   0.0000000e+00   1.6538156e+04   6.4300000e+02
   0.0000000e+00   0.0000000e+00   1.6497899e+04   6.4400000e+02
   0.0000000e+00   0.0000000e+00   1.6473169e+04   6.4700000e+02
   0.0000000e+00   0.0000000e+00   1.6261282e+04   6.4900000e+02
   0.0000000e+00   0.0000000e+00   1.6204884e+04   6.5000000e+02
   0.0000000e+00   0.0000000e+00   1.6194780e+04   6.5100000e+02
   0.0000000e+00   0.0000000e+00   1.6049719e+04   6.5300000e+02
   0.0000000e+00   0.0000000e+00   1.5940235e+04   6.5500000e+02
   0.0000000e+00   0.0000000e+00   1.5866832e+04   6.5900000e+02
   0.0000000e+00   0.0000000e+00   1.5803878e+04   6.7900000e+02
   0.0000000e+00   0.0000000e+00   1.5760407e+04   6.8000000e+02
   0.0000000e+00   0.0000000e+00   1.5685285e+04   6.8100000e+02
   0.0000000e+00   0.0000000e+00   1.5533671e+04   6.8200000e+02
   0.0000000e+00   0.0000000e+00   1.5345934e+04   6.8400000e+02
   0.0000000e+00   0.0000000e+00   1.5335809e+04   6.8600000e+02
   0.0000000e+00   0.0000000e+00   1.5266170e+04   6.8800000e+02
   0.0000000e+00   0.0000000e+00   1.5230943e+04   7.1300000e+02
   0.0000000e+00   0.0000000e+00   1.5138133e+04   7.1500000e+02
   0.0000000e+00   0.0000000e+00   1.5088189e+04   7.1600000e+02
   0.0000000e+00   0.0000000e+00   1.4993223e+04   7.1700000e+02
   0.0000000e+00   0.0000000e+00   1.4964357e+04   7.1800000e+02
   0.0000000e+00   0.0000000e+00   1.4934676e+04   7.1900000e+02
   0.0000000e+00   0.0000000e+00   1.4923494e+04   7.2100000e+02
   0.0000000e+00   0.0000000e+00   1.4875439e+04   7.2200000e+02
   0.0000000e+00   0.0000000e+00   1.4855772e+04   7.2300000e+02
   0.0000000e+00   0.0000000e+00   1.4786176e+04   7.2400000e+02
   0.0000000e+00   0.0000000e+00   1.4687804e+04   7.3200000e+02
   0.0000000e+00   0.0000000e+00   1.4646204e+04   7.5300000e+02
   0.0000000e+00   0.0000000e+00   1.4457991e+04   7.5400000e+02
   0.0000000e+00   0.0000000e+00   1.4449488e+04   7.5600000e+02
   0.0000000e+00   0.0000000e+00   1.4448541e+04   7.5700000e+02
   0.0000000e+00   0.0000000e+00   1.4418854e+04   7.5800000e+02
   0.0000000e+00   0.0000000e+00   1.4233788e+04   7.6600000e+02
   0.0000000e+00   0.0000000e+00   1.4164454e+04   7.6700000e+02
   0.0000000e+00   0.0000000e+00   1.4040284e+04   7.9000000e+02
   0.0000000e+00   0.0000000e+00   1.3627438e+04   7.9400000e+02
   0.0000000e+00   0.0000000e+00   1.3594830e+04   7.9500000e+02
   0.0000000e+00   0.0000000e+00   1.3562271e+04   7.9600000e+02
   0.0000000e+00   0.0000000e+00   1.3560127e+04   7.9700000e+02
   0.0000000e+00   0.0000000e+00   1.3510952e+04   7.9900000e+02
   0.0000000e+00   0.0000000e+00   1.3406803e+04   8.2600000e+02
   0.0000000e+00   0.0000000e+00   1.3335752e+04   8.2700000e+02
   0.0000000e+00   0.0000000e+00   1.3241518e+04   8.2900000e+02
   0.0000000e+00   0.0000000e+00   1.3196873e+04   8.3000000e+02
   0.0000000e+00   0.0000000e+00   1.3140471e+04   8.3200000e+02
   0.0000000e+00   0.0000000e+00   1.3003312e+04   8.3300000e+02
   0.0000000e+00   0.0000000e+00   1.2967749e+04   8.3400000e+02
   0.0000000e+00   0.0000000e+00   1.2953829e+04   8.3500000e+02
   0.0000000e+00   0.0000000e+00   1.2917075e+04   8.3600000e+02
   0.0000000e+00   0.0000000e+00   1.2889186e+04   8.3700000e+02
   0.0000000e+00   0.0000000e+00   1.2860814e+04   8.3800000e+02
   0.0000000e+00   0.0000000e+00   1.2787892e+04   8.6500000e+02
   0.0000000e+00   0.0000000e+00   1.2753878e+04   8.6600000e+02
   0.0000000e+00   0.0000000e+00   1.2679514e+04   8.6700000e+02
   0.0000000e+00   0.0000000e+00   1.2597390e+04   8.6900000e+02
   0.0000000e+00   0.0000000e+00   1.2585159e+04   8.7000000e+02
   0.0000000e+00   0.0000000e+00   1.2485121e+04   8.7200000e+02
   0.0000000e+00   0.0000000e+00   1.2461348e+04   8.7600000e+02
   0.0000000e+00   0.0000000e+00   1.2421574e+04   9.0000000e+02
   0.0000000e+00   0.0000000e+00   1.2386470e+04   9.0200000e+02
   0.0000000e+00   0.0000000e+00   1.2382413e+04   9.0300000e+02
   0.0000000e+00   0.0000000e+00   1.2343790e+04   9.1300000e+02
   0.0000000e+00   0.0000000e+00   1.2147911e+04   9.3400000e+02
   0.0000000e+00   0.0000000e+00   1.2033105e+04   9.3600000e+02
   0.0000000e+00   0.0000000e+00   1.2009060e+04   9.3700000e+02
   0.0000000e+00   0.0000000e+00   1.2006242e+04   9.4900000e+02
   0.0000000e+00   0.0000000e+00   1.1894622e+04   9.7300000e+02
   0.0000000e+00   0.0000000e+00   1.1865099e+04   9.7500000e+02
   0.0000000e+00   0.0000000e+00   1.1801406e+04   9.7600000e+02
   0.0000000e+00   0.0000000e+00   1.1606079e+04   9.7800000e+02
   0.0000000e+00   0.0000000e+00   1.1459953e+04   9.7900000e+02
   0.0000000e+00   0.0000000e+00   1.1398297e+04   9.8000000e+02
   0.0000000e+00   0.0000000e+00   1.1381947e+04   9.8100000e+02
   0.0000000e+00   0.0000000e+00   1.1373590e+04   9.8300000e+02
   0.0000000e+00   0.0000000e+00   1.1359063e+04   1.0120000e+03
   0.0000000e+00   0.0000000e+00   1.1297070e+04   1.0130000e+03
   0.0000000e+00   0.0000000e+00   1.1284695e+04   1.0180000e+03
   0.0000000e+00   0.0000000e+00   1.1259973e+04   1.0250000e+03
   0.0000000e+00   0.0000000e+00   1.1240175e+04   1.0500000e+03
   0.0000000e+00   0.0000000e+00   1.1239912e+04   1.0510000e+03
   0.0000000e+00   0.0000000e+00   1.1237631e+04   1.0540000e+03
   0.0000000e+00   0.0000000e+00   1.1198417e+04   1.0630000e+03
   0.0000000e+00   0.0000000e+00   1.0971556e+04   1.0840000e+03
   0.0000000e+00   0.0000000e+00   1.0931564e+04   1.0860000e+03
   0.0000000e+00   0.0000000e+00   1.0846104e+04   1.0870000e+03
   0.0000000e+00   0.0000000e+00   1.0805221e+04   1.0900000e+03
   0.0000000e+00   0.0000000e+00   1.0741164e+04   1.0920000e+03
   0.0000000e+00   0.0000000e+00   1.0730852e+04   1.0960000e+03
   0.0000000e+00   0.0000000e+00   1.0518398e+04   1.1210000e+03
   0.0000000e+00   0.0000000e+00   1.0488718e+04   1.1220000e+03
   0.0000000e+00   0.0000000e+00   1.0465961e+04   1.1230000e+03
   0.0000000e+00   0.0000000e+00   1.0451878e+04   1.1300000e+03
   0.0000000e+00   0.0000000e+00   1.0258589e+04   1.1320000e+03
   0.0000000e+00   0.0000000e+00   1.0238734e+04   1.1330000e+03
   0.0000000e+00   0.0000000e+00   1.0175500e+04   1.1590000e+03
   0.0000000e+00   0.0000000e+00   1.0161400e+04   1.1630000e+03
   0.0000000e+00   0.0000000e+00   1.0112769e+04   1.1680000e+03
   0.0000000e+00   0.0000000e+00   1.0107662e+04   1.1740000e+03
   0.0000000e+00   0.0000000e+00   1.0044871e+04   1.1970000e+03
   0.0000000e+00   0.0000000e+00   9.9835641e+03   1.1980000e+03
   0.0000000e+00   0.0000000e+00   9.9264569e+03   1.2340000e+03
   0.0000000e+00   0.0000000e+00   9.8870791e+03   1.2350000e+03
   0.0000000e+00   0.0000000e+00   9.8829162e+03   1.2400000e+03
   0.0000000e+00   0.0000000e+00   9.8421924e+03   1.2440000e+03
   0.0000000e+00   0.0000000e+00   9.8231249e+03   1.2710000e+03
   0.0000000e+00   0.0000000e+00   9.7834439e+03   1.2720000e+03
   0.0000000e+00   0.0000000e+00   9.7177582e+03   1.2760000e+03
   0.0000000e+00   0.0000000e+00   9.7100562e+03   1.2770000e+03
   0.0000000e+00   0.0000000e+00   9.5952225e+03   1.3090000e+03
   0.0000000e+00   0.0000000e+00   9.5685780e+03   1.3410000e+03
   0.0000000e+00   0.0000000e+00   9.5291124e+03   1.3470000e+03
   0.0000000e+00   0.0000000e+00   9.4592846e+03   1.3480000e+03
   0.0000000e+00   0.0000000e+00   9.4554305e+03   1.3500000e+03
   0.0000000e+00   0.0000000e+00   9.4365249e+03   1.3840000e+03
   0.0000000e+00   0.0000000e+00   9.4223978e+03   1.3860000e+03
   0.0000000e+00   0.0000000e+00   9.3686023e+03   1.3870000e+03
   0.0000000e+00   0.0000000e+00   9.3682071e+03   1.3900000e+03
   0.0000000e+00   0.0000000e+00   9.3245828e+03   1.4160000e+03
   0.0000000e+00   0.0000000e+00   9.3130569e+03   1.4560000e+03
   0.0000000e+00   0.0000000e+00   9.2781782e+03   1.4580000e+03
   0.0000000e+00   0.0000000e+00   9.2437219e+03   1.4950000e+03
   0.0000000e+00   0.0000000e+00   9.1431278e+03   1.4990000e+03
   0.0000000e+00   0.0000000e+00   9.0981924e+03   1.5320000e+03
   0.0000000e+00   0.0000000e+00   9.0945283e+03   1.5330000e+03
   0.0000000e+00   0.0000000e+00   9.0741808e+03   1.5390000e+03
   0.0000000e+00   0.0000000e+00   9.0073628e+03   1.5660000e+03
   0.0000000e+00   0.0000000e+00   8.9870472e+03   1.5740000e+03
   0.0000000e+00   0.0000000e+00   8.9838272e+03   1.5750000e+03
   0.0000000e+00   0.0000000e+00   8.9620448e+03   1.6110000e+03
   0.0000000e+00   0.0000000e+00   8.9015741e+03   1.6450000e+03
   0.0000000e+00   0.0000000e+00   8.8645687e+03   1.6750000e+03
   0.0000000e+00   0.0000000e+00   8.8625603e+03   1.6830000e+03
   0.0000000e+00   0.0000000e+00   8.8226057e+03   1.7100000e+03
   0.0000000e+00   0.0000000e+00   8.7990681e+03   1.7160000e+03
   0.0000000e+00   0.0000000e+00   8.7948693e+03   1.7190000e+03
   0.0000000e+00   0.0000000e+00   8.7766299e+03   1.7200000e+03
   0.0000000e+00   0.0000000e+00   8.7426079e+03   1.7530000e+03
   0.0000000e+00   0.0000000e+00   8.7409979e+03   1.7910000e+03
   0.0000000e+00   0.0000000e+00   8.7363017e+03   1.7930000e+03
   0.0000000e+00   0.0000000e+00   8.7209440e+03   1.7960000e+03
   0.0000000e+00   0.0000000e+00   8.7099236e+03   1.8300000e+03
   0.0000000e+00   0.0000000e+00   8.6850483e+03   1.9010000e+03
   0.0000000e+00   0.0000000e+00   8.6510426e+03   1.9380000e+03
   0.0000000e+00   0.0000000e+00   8.6342845e+03   1.9410000e+03
   0.0000000e+00   0.0000000e+00   8.6318234e+03   1.9450000e+03
   0.0000000e+00   0.0000000e+00   8.6216683e+03   1.9740000e+03
   0.0000000e+00   0.0000000e+00   8.5518345e+03   1.9780000e+03
   0.0000000e+00   0.0000000e+00   8.5456029e+03   2.0110000e+03
   0.0000000e+00   0.0000000e+00   8.5161516e+03   2.0140000e+03
   0.0000000e+00   0.0000000e+00   8.5160586e+03   2.0160000e+03
   0.0000000e+00   0.0000000e+00   8.4832493e+03   2.1220000e+03
   0.0000000e+00   0.0000000e+00   8.4770899e+03   2.1280000e+03
   0.0000000e+00   0.0000000e+00   8.4351010e+03   2.1550000e+03
   0.0000000e+00   0.0000000e+00   8.3968740e+03   2.1620000e+03
   0.0000000e+00   0.0000000e+00   8.3956013e+03   2.1630000e+03
   0.0000000e+00   0.0000000e+00   8.3894946e+03   2.1980000e+03
   0.0000000e+00   0.0000000e+00   8.3560897e+03   2.2010000e+03
   0.0000000e+00   0.0000000e+00   8.3430200e+03   2.2020000e+03
   0.0000000e+00   0.0000000e+00   8.3224562e+03   2.2310000e+03
   0.0000000e+00   0.0000000e+00   8.3205256e+03   2.2330000e+03
   0.0000000e+00   0.0000000e+00   8.2904219e+03   2.2340000e+03
   0.0000000e+00   0.0000000e+00   8.2464738e+03   2.2350000e+03
   0.0000000e+00   0.0000000e+00   8.1932025e+03   2.2680000e+03
   0.0000000e+00   0.0000000e+00   8.1746041e+03   2.2700000e+03
   0.0000000e+00   0.0000000e+00   8.1407231e+03   2.3500000e+03
   0.0000000e+00   0.0000000e+00   8.1241368e+03   2.3840000e+03
   0.0000000e+00   0.0000000e+00   8.1024639e+03   2.4160000e+03
   0.0000000e+00   0.0000000e+00   8.0933806e+03   2.4200000e+03
   0.0000000e+00   0.0000000e+00   8.0888000e+03   2.4210000e+03
   0.0000000e+00   0.0000000e+00   8.0513169e+03   2.4540000e+03
   0.0000000e+00   0.0000000e+00   8.0477267e+03   2.4570000e+03
   0.0000000e+00   0.0000000e+00   8.0023888e+03   2.4880000e+03
   0.0000000e+00   0.0000000e+00   8.0004351e+03   2.4940000e+03
   0.0000000e+00   0.0000000e+00   7.9994548e+03   2.4950000e+03
   0.0000000e+00   0.0000000e+00   7.9927294e+03   2.5290000e+03
   0.0000000e+00   0.0000000e+00   7.9811743e+03   2.5300000e+03
   0.0000000e+00   0.0000000e+00   7.9770062e+03   2.5310000e+03
   0.0000000e+00   0.0000000e+00   7.9469085e+03   2.5350000e+03
   0.0000000e+00   0.0000000e+00   7.9312109e+03   2.5670000e+03
   0.0000000e+00   0.0000000e+00   7.9274008e+03   2.5700000e+03
   0.0000000e+00   0.0000000e+00   7.9247284e+03   2.6390000e+03
   0.0000000e+00   0.0000000e+00   7.9239656e+03   2.6410000e+03
   0.0000000e+00   0.0000000e+00   7.9181797e+03   2.6490000e+03
   0.0000000e+00   0.0000000e+00   7.8993437e+03   2.6780000e+03
   0.0000000e+00   0.0000000e+00   7.8879635e+03   2.6800000e+03
   0.0000000e+00   0.0000000e+00   7.8802661e+03   2.6820000e+03
   0.0000000e+00   0.0000000e+00   7.8704728e+03   2.7150000e+03
   0.0000000e+00   0.0000000e+00   7.8546977e+03   2.7160000e+03
   0.0000000e+00   0.0000000e+00   7.8443252e+03   2.7170000e+03
   0.0000000e+00   0.0000000e+00   7.8402214e+03   2.7560000e+03
   0.0000000e+00   0.0000000e+00   7.8381394e+03   2.7880000e+03
   0.0000000e+00   0.0000000e+00   7.8154053e+03   2.8260000e+03
   0.0000000e+00   0.0000000e+00   7.7972620e+03   2.8600000e+03
   0.0000000e+00   0.0000000e+00   7.7541240e+03   2.8990000e+03
   0.0000000e+00   0.0000000e+00   7.6351854e+03   2.9470000e+03
   0.0000000e+00   0.0000000e+00   7.6106255e+03   2.9720000e+03
   0.0000000e+00   0.0000000e+00   7.5561004e+03   3.0130000e+03
   0.0000000e+00   0.0000000e+00   7.5541628e+03   3.0500000e+03
   0.0000000e+00   0.0000000e+00   7.5092922e+03   3.0840000e+03
   0.0000000e+00   0.0000000e+00   7.4998196e+03   3.0870000e+03
   0.0000000e+00   0.0000000e+00   7.4922579e+03   3.1230000e+03
   0.0000000e+00   0.0000000e+00   7.4802907e+03   3.1540000e+03
   0.0000000e+00   0.0000000e+00   7.4718225e+03   3.1580000e+03
   0.0000000e+00   0.0000000e+00   7.4683920e+03   3.1980000e+03
   0.0000000e+00   0.0000000e+00   7.4630179e+03   3.3090000e+03
   0.0000000e+00   0.0000000e+00   7.4247995e+03   3.3430000e+03
   0.0000000e+00   0.0000000e+00   7.4235036e+03   3.4180000e+03
   0.0000000e+00   0.0000000e+00   7.4196629e+03   3.4190000e+03
   0.0000000e+00   0.0000000e+00   7.3874097e+03   3.4560000e+03
   0.0000000e+00   0.0000000e+00   7.3784583e+03   3.5290000e+03
   0.0000000e+00   0.0000000e+00   7.3559505e+03   3.5650000e+03
   0.0000000e+00   0.0000000e+00   7.3156689e+03   3.5950000e+03
   0.0000000e+00   0.0000000e+00   7.3119309e+03   3.6450000e+03
   0.0000000e+00   0.0000000e+00   7.2978800e+03   3.7120000e+03
   0.0000000e+00   0.0000000e+00   7.2935089e+03   3.7160000e+03
   0.0000000e+00   0.0000000e+00   7.2817856e+03   3.7170000e+03
   0.0000000e+00   0.0000000e+00   7.2528051e+03   3.7200000e+03
   0.0000000e+00   0.0000000e+00   7.2475617e+03   3.7880000e+03
   0.0000000e+00   0.0000000e+00   7.2464508e+03   3.7970000e+03
   0.0000000e+00   0.0000000e+00   7.2440387e+03   3.8250000e+03
   0.0000000e+00   0.0000000e+00   7.2402630e+03   3.8270000e+03
   0.0000000e+00   0.0000000e+00   7.2005315e+03   3.8580000e+03
   0.0000000e+00   0.0000000e+00   7.1949382e+03   3.9700000e+03
   0.0000000e+00   0.0000000e+00   7.1910172e+03   3.9730000e+03
   0.0000000e+00   0.0000000e+00   7.1756352e+03   3.9770000e+03
   0.0000000e+00   0.0000000e+00   7.1527984e+03   4.0080000e+03
   0.0000000e+00   0.0000000e+00   7.1397922e+03   4.0430000e+03
   0.0000000e+00   0.0000000e+00   7.1297744e+03   4.0470000e+03
   0.0000000e+00   0.0000000e+00   7.1084210e+03   4.0510000e+03
   0.0000000e+00   0.0000000e+00   7.1042817e+03   4.0830000e+03
   0.0000000e+00   0.0000000e+00   7.0705163e+03   4.0850000e+03
   0.0000000e+00   0.0000000e+00   7.0673199e+03   4.1570000e+03
   0.0000000e+00   0.0000000e+00   7.0294689e+03   4.1920000e+03
   0.0000000e+00   0.0000000e+00   7.0248174e+03   4.2310000e+03
   0.0000000e+00   0.0000000e+00   7.0115489e+03   4.4160000e+03
   0.0000000e+00   0.0000000e+00   7.0093409e+03   4.4180000e+03
   0.0000000e+00   0.0000000e+00   6.9710864e+03   4.4500000e+03
   0.0000000e+00   0.0000000e+00   6.9670102e+03   4.4560000e+03
   0.0000000e+00   0.0000000e+00   6.9643941e+03   4.4920000e+03
   0.0000000e+00   0.0000000e+00   6.9631625e+03   4.6430000e+03
   0.0000000e+00   0.0000000e+00   6.9234603e+03   4.6720000e+03
   0.0000000e+00   0.0000000e+00   6.9035833e+03   4.6730000e+03
   0.0000000e+00   0.0000000e+00   6.8958930e+03   4.7480000e+03
   0.0000000e+00   0.0000000e+00   6.8837036e+03   4.7520000e+03
   0.0000000e+00   0.0000000e+00   6.8414133e+03   4.8590000e+03
   0.0000000e+00   0.0000000e+00   6.8155752e+03   4.8970000e+03
   0.0000000e+00   0.0000000e+00   6.8111861e+03   4.9040000e+03
   0.0000000e+00   0.0000000e+00   6.7653242e+03   4.9790000e+03
   0.0000000e+00   0.0000000e+00   6.7286168e+03   5.0060000e+03
   0.0000000e+00   0.0000000e+00   6.7157743e+03   5.0070000e+03
   0.0000000e+00   0.0000000e+00   6.6842345e+03   5.0440000e+03
   0.0000000e+00   0.0000000e+00   6.6734749e+03   5.0450000e+03
   0.0000000e+00   0.0000000e+00   6.6587873e+03   5.0800000e+03
   0.0000000e+00   0.0000000e+00   6.6315266e+03   5.0830000e+03
   0.0000000e+00   0.0000000e+00   6.6214405e+03   5.0850000e+03
   0.0000000e+00   0.0000000e+00   6.6185129e+03   5.1170000e+03
   0.0000000e+00   0.0000000e+00   6.6050766e+03   5.1560000e+03
   0.0000000e+00   0.0000000e+00   6.6033152e+03   5.1930000e+03
   0.0000000e+00   0.0000000e+00   6.5926734e+03   5.2360000e+03
   0.0000000e+00   0.0000000e+00   6.5634446e+03   5.3400000e+03
   0.0000000e+00   0.0000000e+00   6.5424347e+03   5.3420000e+03
   0.0000000e+00   0.0000000e+00   6.5065730e+03   5.4140000e+03
   0.0000000e+00   0.0000000e+00   6.4754933e+03   5.5260000e+03
   0.0000000e+00   0.0000000e+00   6.4724023e+03   5.5270000e+03
   0.0000000e+00   0.0000000e+00   6.4428867e+03   5.5640000e+03
   0.0000000e+00   0.0000000e+00   6.4361564e+03   5.6050000e+03
   0.0000000e+00   0.0000000e+00   6.4360545e+03   5.6380000e+03
   0.0000000e+00   0.0000000e+00   6.4214802e+03   5.7070000e+03
   0.0000000e+00   0.0000000e+00   6.4213094e+03   5.7100000e+03
   0.0000000e+00   0.0000000e+00   6.3755803e+03   5.7810000e+03
   0.0000000e+00   0.0000000e+00   6.3755764e+03   5.7870000e+03
   0.0000000e+00   0.0000000e+00   6.3749999e+03   5.8570000e+03
   0.0000000e+00   0.0000000e+00   6.3613650e+03   5.8590000e+03
   0.0000000e+00   0.0000000e+00   6.3561490e+03   5.9700000e+03
   0.0000000e+00   0.0000000e+00   6.3521870e+03   6.0060000e+03
   0.0000000e+00   0.0000000e+00   6.3343643e+03   6.0810000e+03
   0.0000000e+00   0.0000000e+00   6.3098305e+03   6.3000000e+03
   0.0000000e+00   0.0000000e+00   6.3035029e+03   6.3030000e+03
   0.0000000e+00   0.0000000e+00   6.2925548e+03   6.3060000e+03
   0.0000000e+00   0.0000000e+00   6.2846683e+03   6.4160000e+03
   0.0000000e+00   0.0000000e+00   6.2795371e+03   6.4860000e+03
   0.0000000e+00   0.0000000e+00   6.2734642e+03   6.5590000e+03
   0.0000000e+00   0.0000000e+00   6.2624900e+03   6.5610000e+03
   0.0000000e+00   0.0000000e+00   6.2583036e+03   6.5980000e+03
   0.0000000e+00   0.0000000e+00   6.2572207e+03   6.6000000e+03
   0.0000000e+00   0.0000000e+00   6.2014775e+03   6.6360000e+03
   0.0000000e+00   0.0000000e+00   6.1963667e+03   6.6380000e+03
   0.0000000e+00   0.0000000e+00   6.1864559e+03   6.6710000e+03
   0.0000000e+00   0.0000000e+00   6.1762876e+03   6.9700000e+03
   0.0000000e+00   0.0000000e+00   6.1617525e+03   7.0760000e+03
   0.0000000e+00   0.0000000e+00   6.1566815e+03   7.2630000e+03
   0.0000000e+00   0.0000000e+00   6.1557389e+03   7.3410000e+03
   0.0000000e+00   0.0000000e+00   6.1518006e+03   7.3780000e+03
   0.0000000e+00   0.0000000e+00   6.1487587e+03   7.4510000e+03
   0.0000000e+00   0.0000000e+00   6.1417703e+03   7.7470000e+03
   0.0000000e+00   0.0000000e+00   6.1257494e+03   7.8550000e+03
   0.0000000e+00   0.0000000e+00   6.1207985e+03   7.9690000e+03
   0.0000000e+00   0.0000000e+00   6.1177819e+03   8.0800000e+03
   0.0000000e+00   0.0000000e+00   6.1040823e+03   8.1130000e+03
   0.0000000e+00   0.0000000e+00   6.0946000e+03   8.1140000e+03
   0.0000000e+00   0.0000000e+00   6.0759220e+03   8.1160000e+03
   0.0000000e+00   0.0000000e+00   6.0609030e+03   8.4100000e+03
   0.0000000e+00   0.0000000e+00   6.0407382e+03   8.4170000e+03
   0.0000000e+00   0.0000000e+00   6.0253237e+03   8.4850000e+03
   0.0000000e+00   0.0000000e+00   6.0184326e+03   8.4880000e+03
   0.0000000e+00   0.0000000e+00   5.9898478e+03   8.5200000e+03
   0.0000000e+00   0.0000000e+00   5.9741407e+03   8.5590000e+03
   0.0000000e+00   0.0000000e+00   5.9646628e+03   8.7830000e+03
   0.0000000e+00   0.0000000e+00   5.9522969e+03   8.8560000e+03
   0.0000000e+00   0.0000000e+00   5.9505207e+03   8.8570000e+03
   0.0000000e+00   0.0000000e+00   5.9408766e+03   8.9310000e+03
   0.0000000e+00   0.0000000e+00   5.9310524e+03   9.1890000e+03
   0.0000000e+00   0.0000000e+00   5.9297168e+03   9.3360000e+03
   0.0000000e+00   0.0000000e+00   5.9242021e+03   9.3370000e+03
   0.0000000e+00   0.0000000e+00   5.9219670e+03   9.3730000e+03
   0.0000000e+00   0.0000000e+00   5.9173778e+03   9.4160000e+03
   0.0000000e+00   0.0000000e+00   5.9087776e+03   9.7450000e+03
   0.0000000e+00   0.0000000e+00   5.9038843e+03   9.7810000e+03
   0.0000000e+00   0.0000000e+00   5.9014274e+03   9.9640000e+03
   0.0000000e+00   0.0000000e+00   5.8864522e+03   1.0445000e+04
   0.0000000e+00   0.0000000e+00   5.8843899e+03   1.0742000e+04
   0.0000000e+00   0.0000000e+00   5.8693892e+03   1.0853000e+04
   0.0000000e+00   0.0000000e+00   5.8585186e+03   1.0891000e+04
   0.0000000e+00   0.0000000e+00   5.8485225e+03   1.0929000e+04
   0.0000000e+00   0.0000000e+00   5.8476879e+03   1.1519000e+04
   0.0000000e+00   0.0000000e+00   5.8366214e+03   1.1704000e+04
   0.0000000e+00   0.0000000e+00   5.8267809e+03   1.1962000e+04
   0.0000000e+00   0.0000000e+00   5.8190592e+03   1.2406000e+04
   0.0000000e+00   0.0000000e+00   5.8153826e+03   1.3739000e+04
   0.0000000e+00   0.0000000e+00   5.8103116e+03   1.3812000e+04
   0.0000000e+00   0.0000000e+00   5.7997448e+03   1.4294000e+04
   0.0000000e+00   0.0000000e+00   5.7994560e+03   1.7626000e+04
   0.0000000e+00   0.0000000e+00   5.7938087e+03   1.7958000e+04
   0.0000000e+00   0.0000000e+00   5.7515529e+03   1.8065000e+04
   0.0000000e+00   0.0000000e+00   5.7475910e+03   1.8475000e+04
   0.0000000e+00   0.0000000e+00   5.7383704e+03   1.8478000e+04
   0.0000000e+00   0.0000000e+00   5.7370143e+03   1.9032000e+04
   0.0000000e+00   0.0000000e+00   5.7337250e+03   1.9105000e+04
   0.0000000e+00   0.0000000e+00   5.7205547e+03   1.9216000e+04
   0.0000000e+00   0.0000000e+00   5.7166932e+03   1.9327000e+04
   0.0000000e+00   0.0000000e+00   5.7155899e+03   1.9734000e+04
   0.0000000e+00   0.0000000e+00   5.7012750e+03   1.9771000e+04
   0.0000000e+00   0.0000000e+00   5.6889885e+03   2.3509000e+04
   0.0000000e+00   0.0000000e+00   5.6788707e+03   2.3836000e+04
   0.0000000e+00   0.0000000e+00   5.6670603e+03   2.4249000e+04
   0.0000000e+00   0.0000000e+00   5.6551530e+03   2.4617000e+04
   0.0000000e+00   0.0000000e+00   5.6443286e+03   2.4876000e+04
   0.0000000e+00   0.0000000e+00   5.6266802e+03   2.5060000e+04
   0.0000000e+00   0.0000000e+00   5.6237498e+03   2.5095000e+04
   0.0000000e+00   0.0000000e+00   5.6126162e+03   2.5170000e+04
   0.0000000e+00   0.0000000e+00   5.6118010e+03   2.5322000e+04
   0.0000000e+00   0.0000000e+00   5.5933809e+03   2.5467000e+04
   0.0000000e+00   0.0000000e+00   5.5825896e+03   2.5655000e+04
   0.0000000e+00   0.0000000e+00   5.5788765e+03   2.5803000e+04
   0.0000000e+00   0.0000000e+00   5.5786850e+03   2.5839000e+04
   0.0000000e+00   0.0000000e+00   5.5635478e+03   2.5908000e+04
   0.0000000e+00   0.0000000e+00   5.5633400e+03   2.6024000e+04
   0.0000000e+00   0.0000000e+00   5.5584858e+03   2.6133000e+04
   0.0000000e+00   0.0000000e+00   5.5548092e+03   2.6430000e+04
   0.0000000e+00   0.0000000e+00   5.5477641e+03   2.6799000e+04
   0.0000000e+00   0.0000000e+00   5.5455290e+03   2.7650000e+04
   0.0000000e+00   0.0000000e+00   5.5358636e+03   2.7684000e+04
   0.0000000e+00   0.0000000e+00   5.5274276e+03   2.7725000e+04
   0.0000000e+00   0.0000000e+00   5.5259151e+03   2.8021000e+04
   0.0000000e+00   0.0000000e+00   5.5235862e+03   2.9357000e+04
   0.0000000e+00   0.0000000e+00   5.5204105e+03   2.9465000e+04
   0.0000000e+00   0.0000000e+00   5.5166578e+03   2.9611000e+04
   0.0000000e+00   0.0000000e+00   5.5094728e+03   2.9724000e+04
   0.0000000e+00   0.0000000e+00   5.5084977e+03   2.9726000e+04
   0.0000000e+00   0.0000000e+00   5.5019085e+03   2.9945000e+04
   0.0000000e+00   0.0000000e+00   5.4895533e+03   3.0464000e+04
   0.0000000e+00   0.0000000e+00   5.4892608e+03   3.0650000e+04
   0.0000000e+00   0.0000000e+00   5.4873302e+03   3.1019000e+04
   0.0000000e+00   0.0000000e+00   5.4786581e+03   3.1093000e+04
   0.0000000e+00   0.0000000e+00   5.4784010e+03   3.1277000e+04
   0.0000000e+00   0.0000000e+00   5.4723732e+03   3.1388000e+04
   0.0000000e+00   0.0000000e+00   5.4693919e+03   3.2389000e+04
   0.0000000e+00   0.0000000e+00   5.4665055e+03   3.2722000e+04
   0.0000000e+00   0.0000000e+00   5.4656930e+03   3.3126000e+04
   0.0000000e+00   0.0000000e+00   5.4602442e+03   3.3425000e+04
   0.0000000e+00   0.0000000e+00   5.4600022e+03   3.3461000e+04
   0.0000000e+00   0.0000000e+00   5.4596380e+03   3.4275000e+04
   0.0000000e+00   0.0000000e+00   5.4408364e+03   3.4640000e+04
   0.0000000e+00   0.0000000e+00   5.4380031e+03   3.4645000e+04
   0.0000000e+00   0.0000000e+00   5.4239483e+03   3.5454000e+04
   0.0000000e+00   0.0000000e+00   5.4212555e+03   3.5790000e+04
   0.0000000e+00   0.0000000e+00   5.4166562e+03   3.5903000e+04
   0.0000000e+00   0.0000000e+00   5.4125863e+03   3.7753000e+04
   0.0000000e+00   0.0000000e+00   5.4092813e+03   3.7935000e+04
   0.0000000e+00   0.0000000e+00   5.4081071e+03   3.8381000e+04
   0.0000000e+00   0.0000000e+00   5.3964069e+03   4.0931000e+04
   0.0000000e+00   0.0000000e+00   5.3958889e+03   4.1675000e+04
   0.0000000e+00   0.0000000e+00   5.3944342e+03   4.2080000e+04
   0.0000000e+00   0.0000000e+00   5.3929284e+03   4.4890000e+04
   0.0000000e+00   0.0000000e+00   5.3879369e+03   4.8961000e+04
   0.0000000e+00   0.0000000e+00   5.3864823e+03   5.0405000e+04
   0.0000000e+00   0.0000000e+00   5.3795495e+03   5.2701000e+04
   0.0000000e+00   0.0000000e+00   5.3789464e+03   5.5585000e+04
   0.0000000e+00   0.0000000e+00   5.3774918e+03   5.6992000e+04
   0.0000000e+00   0.0000000e+00   5.3738152e+03   5.8435000e+04
   0.0000000e+00   0.0000000e+00   5.3717248e+03   5.9620000e+04
   0.0000000e+00   0.0000000e+00   5.3694897e+03   6.0988000e+04
   0.0000000e+00   0.0000000e+00   5.3664940e+03   6.1693000e+04
   0.0000000e+00   0.0000000e+00   5.3648054e+03   7.0903000e+04
   0.0000000e+00   0.0000000e+00   5.3633508e+03   7.2679000e+04
   0.0000000e+00   0.0000000e+00   5.3626888e+03   7.3052000e+04
   0.0000000e+00   0.0000000e+00   5.3587268e+03   8.4408000e+04
   0.0000000e+00   0.0000000e+00   5.3539938e+03   8.5854000e+04
   0.0000000e+00   0.0000000e+00   5.3437891e+03   8.8109000e+04
   0.0000000e+00   0.0000000e+00   5.3415539e+03   9.1735000e+04
   0.0000000e+00   0.0000000e+00   5.3411361e+03   9.6916000e+04
   0.0000000e+00   0.0000000e+00   5.3350394e+03   9.7174000e+04
   0.0000000e+00   0.0000000e+00   5.3291607e+03   9.7248000e+04
   0.0000000e+00   0.0000000e+00   5.3280129e+03   9.7543000e+04
   0.0000000e+00   0.0000000e+00   5.3274725e+03   1.0253800e+05
   0.0000000e+00   0.0000000e+00   5.3182991e+03   1.0923300e+05
   0.0000000e+00   0.0000000e+00   5.3120477e+03   1.1526100e+05
   0.0000000e+00   0.0000000e+00   5.3113765e+03   1.4024300e+05
   0.0000000e+00   0.0000000e+00   5.3102068e+03   1.5319200e+05
   0.0000000e+00   0.0000000e+00   5.3101057e+03   1.5652300e+05
   0.0000000e+00   0.0000000e+00   5.3062798e+03   1.8120100e+05
   0.0000000e+00   0.0000000e+00   5.3057209e+03   1.8704800e+05
   0.0000000e+00   0.0000000e+00   5.3020424e+03   1.9540700e+05
   0.0000000e+00   0.0000000e+00   5.2974895e+03   1.9714600e+05
   0.0000000e+00   0.0000000e+00   5.2910183e+03   1.9778100e+05
   0.0000000e+00   0.0000000e+00   5.2849217e+03   1.9859000e+05
   0.0000000e+00   0.0000000e+00   5.2810958e+03   1.9884900e+05
