   2.3219395e+02   7.1920199e+00   1.6010328e+04   1.2000000e+01
   2.3202183e+02   7.1931631e+00   1.5998812e+04   1.3000000e+01
   2.3034939e+02   7.1696282e+00   1.5766143e+04   1.6000000e+01
   2.1615669e+02   6.9727864e+00   1.5785039e+04   1.8000000e+01
   2.1581828e+02   6.9798526e+00   1.5639053e+04   1.9000000e+01
   2.1433824e+02   6.7979701e+00   1.5630137e+04   2.0000000e+01
   2.1235792e+02   6.8134093e+00   1.5587490e+04   2.1000000e+01
   1.6541207e+02   2.5521360e+00   1.5670961e+04   2.2000000e+01
   1.5324218e+02   2.1128878e+00   1.5775391e+04   2.3000000e+01
   1.5248775e+02   2.0917324e+00   1.5845214e+04   2.4000000e+01
   1.5165171e+02   1.1672754e+00   1.5929690e+04   2.5000000e+01
   1.5139930e+02   1.1600150e+00   1.5990949e+04   2.7000000e+01
   1.5022648e+02   1.1679934e+00   1.6050864e+04   2.8000000e+01
   1.4522684e+02   1.1322178e+00   1.6112335e+04   2.9000000e+01
   1.4415606e+02   1.1291545e+00   1.6253060e+04   3.0000000e+01
   1.4400387e+02   1.1341491e+00   1.6492511e+04   3.1000000e+01
   1.3267164e+02   1.2126636e+00   1.6861718e+04   3.2000000e+01
   1.2677389e+02   9.7559242e-01   1.7252808e+04   3.4000000e+01
   1.2203984e+02   9.8017660e-01   1.7612000e+04   3.6000000e+01
   1.1295105e+02   4.1960982e-01   1.8029792e+04   3.7000000e+01
   1.0576193e+02   4.0598445e-01   1.7891358e+04   4.6000000e+01
   1.0550405e+02   6.2902836e-01   1.7832811e+04   4.7000000e+01
   8.5147586e+01   5.5432929e-01   1.7785895e+04   5.3000000e+01
   8.4828652e+01   5.3670018e-01   1.7800129e+04   5.8000000e+01
   8.3928488e+01   7.4859633e-01   1.7687144e+04   5.9000000e+01
   8.3876648e+01   7.4644011e-01   1.7585022e+04   6.0000000e+01
   7.7897068e+01   7.3903559e-01   1.7566627e+04   6.1000000e+01
   5.9813580e+01   0.0000000e+00   1.7746155e+04   6.2000000e+01
   5.9764316e+01   0.0000000e+00   1.7787584e+04   6.4000000e+01
   5.9737387e+01   0.0000000e+00   1.7851097e+04   6.5000000e+01
   5.8625761e+01   0.0000000e+00   1.8118708e+04   7.0000000e+01
   5.5866339e+01   0.0000000e+00   1.8472922e+04   7.1000000e+01
   5.4672278e+01   0.0000000e+00   1.8848093e+04   7.2000000e+01
   5.4607686e+01   0.0000000e+00   1.8912261e+04   7.3000000e+01
   5.1443132e+01   0.0000000e+00   1.8850751e+04   8.1000000e+01
   4.7885487e+01   0.0000000e+00   1.8737824e+04   8.9000000e+01
   4.4305773e+01   0.0000000e+00   1.8530895e+04   9.3000000e+01
   4.2829610e+01   0.0000000e+00   1.8425504e+04   9.4000000e+01
   4.2423436e+01   0.0000000e+00   1.8457127e+04   9.6000000e+01
   4.1656278e+01   0.0000000e+00   1.8539332e+04   9.7000000e+01
   3.8668405e+01   0.0000000e+00   1.8555484e+04   9.9000000e+01
   3.6851425e+01   0.0000000e+00   1.8607601e+04   1.0000000e+02
   3.6808890e+01   0.0000000e+00   1.8602533e+04   1.0100000e+02
   3.6326167e+01   0.0000000e+00   1.8643133e+04   1.0400000e+02
   3.5252890e+01   0.0000000e+00   1.8746560e+04   1.0600000e+02
   3.3310041e+01   0.0000000e+00   1.9018652e+04   1.0700000e+02
   3.2417421e+01   0.0000000e+00   1.9323952e+04   1.0800000e+02
   3.1493897e+01   0.0000000e+00   1.9809829e+04   1.1100000e+02
   3.1398038e+01   0.0000000e+00   2.0299364e+04   1.1200000e+02
   3.0727946e+01   0.0000000e+00   2.0131269e+04   1.1500000e+02
   2.9652682e+01   0.0000000e+00   2.0133048e+04   1.2000000e+02
   2.9017032e+01   0.0000000e+00   2.0057651e+04   1.2600000e+02
   2.8611064e+01   0.0000000e+00   1.9796690e+04   1.2800000e+02
   2.7114641e+01   0.0000000e+00   1.9729034e+04   1.3100000e+02
   2.7087536e+01   0.0000000e+00   1.9547570e+04   1.3500000e+02
   2.5052089e+01   0.0000000e+00   1.9670003e+04   1.3700000e+02
   2.4676823e+01   0.0000000e+00   1.9662619e+04   1.3900000e+02
   2.4116895e+01   0.0000000e+00   1.9749988e+04   1.4000000e+02
   2.3959315e+01   0.0000000e+00   1.9744932e+04   1.4100000e+02
   2.3944466e+01   0.0000000e+00   1.9889737e+04   1.4200000e+02
   2.3757161e+01   0.0000000e+00   2.0108382e+04   1.4300000e+02
   2.3205018e+01   0.0000000e+00   2.0318508e+04   1.4400000e+02
   2.3027296e+01   0.0000000e+00   2.0633631e+04   1.4500000e+02
   2.2560812e+01   0.0000000e+00   2.0977354e+04   1.4600000e+02
   2.2014980e+01   0.0000000e+00   2.1177310e+04   1.4700000e+02
   2.1628680e+01   0.0000000e+00   2.1743829e+04   1.4800000e+02
   1.8457136e+01   0.0000000e+00   2.2374868e+04   1.4900000e+02
   1.7759254e+01   0.0000000e+00   2.2262140e+04   1.5600000e+02
   1.6732986e+01   0.0000000e+00   2.1983911e+04   1.5900000e+02
   1.5715172e+01   0.0000000e+00   2.1899072e+04   1.6000000e+02
   1.5166375e+01   0.0000000e+00   2.1839310e+04   1.6100000e+02
   1.4330303e+01   0.0000000e+00   2.1810468e+04   1.6400000e+02
   1.4317963e+01   0.0000000e+00   2.1751761e+04   1.6600000e+02
   1.4222013e+01   0.0000000e+00   2.1463729e+04   1.6700000e+02
   1.4213362e+01   0.0000000e+00   2.1350563e+04   1.7000000e+02
   1.4053405e+01   0.0000000e+00   2.1397729e+04   1.7400000e+02
   1.3977783e+01   0.0000000e+00   2.1283295e+04   1.7700000e+02
   1.3628582e+01   0.0000000e+00   2.1513900e+04   1.7800000e+02
   1.3397681e+01   0.0000000e+00   2.1642311e+04   1.7900000e+02
   1.2448582e+01   0.0000000e+00   2.1785816e+04   1.8000000e+02
   1.2303292e+01   0.0000000e+00   2.2144835e+04   1.8100000e+02
   1.2290471e+01   0.0000000e+00   2.2338045e+04   1.8200000e+02
   1.2036700e+01   0.0000000e+00   2.2653274e+04   1.8400000e+02
   1.1831306e+01   0.0000000e+00   2.3137514e+04   1.8600000e+02
   1.1775050e+01   0.0000000e+00   2.3076370e+04   2.0300000e+02
   1.1662768e+01   0.0000000e+00   2.3053822e+04   2.0700000e+02
   1.1529792e+01   0.0000000e+00   2.2951282e+04   2.0900000e+02
   1.1363118e+01   0.0000000e+00   2.2705776e+04   2.1100000e+02
   1.0482429e+01   0.0000000e+00   2.2803636e+04   2.1200000e+02
   1.0105693e+01   0.0000000e+00   2.2984437e+04   2.1400000e+02
   9.5970681e+00   0.0000000e+00   2.3245910e+04   2.1800000e+02
   7.5001104e+00   0.0000000e+00   2.3492339e+04   2.1900000e+02
   7.2031840e+00   0.0000000e+00   2.3922407e+04   2.2200000e+02
   6.6497222e+00   0.0000000e+00   2.4262041e+04   2.2300000e+02
   6.6265025e+00   0.0000000e+00   2.4104013e+04   2.2900000e+02
   5.8451297e+00   0.0000000e+00   2.3918676e+04   2.3300000e+02
   5.8277601e+00   0.0000000e+00   2.3736444e+04   2.3600000e+02
   5.8185182e+00   0.0000000e+00   2.3534546e+04   2.4200000e+02
   5.7964615e+00   0.0000000e+00   2.3260841e+04   2.4300000e+02
   5.7883179e+00   0.0000000e+00   2.3212779e+04   2.4500000e+02
   5.7218941e+00   0.0000000e+00   2.3209473e+04   2.4600000e+02
   5.7062950e+00   0.0000000e+00   2.3423667e+04   2.5100000e+02
   5.1232278e+00   0.0000000e+00   2.3596499e+04   2.5300000e+02
   4.8748149e+00   0.0000000e+00   2.3878503e+04   2.5400000e+02
   4.8579339e+00   0.0000000e+00   2.4119210e+04   2.5500000e+02
   4.8030608e+00   0.0000000e+00   2.4406868e+04   2.5600000e+02
   4.7819213e+00   0.0000000e+00   2.4675412e+04   2.5700000e+02
   4.7752426e+00   0.0000000e+00   2.4905102e+04   2.5800000e+02
   3.5596650e+00   0.0000000e+00   2.5446572e+04   2.5900000e+02
   3.5477606e+00   0.0000000e+00   2.5273981e+04   2.7100000e+02
   3.4519297e+00   0.0000000e+00   2.5089398e+04   2.7500000e+02
   2.6603072e+00   0.0000000e+00   2.4966370e+04   2.7700000e+02
   2.4895763e+00   0.0000000e+00   2.4791105e+04   2.8200000e+02
   2.4652224e+00   0.0000000e+00   2.4842655e+04   2.8600000e+02
   2.4052859e+00   0.0000000e+00   2.5160938e+04   2.9200000e+02
   2.2974184e+00   0.0000000e+00   2.5465010e+04   2.9500000e+02
   2.2849885e+00   0.0000000e+00   2.5840494e+04   2.9700000e+02
   2.2215512e+00   0.0000000e+00   2.5505350e+04   3.0900000e+02
   2.1932749e+00   0.0000000e+00   2.5398608e+04   3.1000000e+02
   2.1774508e+00   0.0000000e+00   2.5240035e+04   3.2200000e+02
   2.1564841e+00   0.0000000e+00   2.5411400e+04   3.2500000e+02
   2.1498394e+00   0.0000000e+00   2.5460603e+04   3.2600000e+02
   2.1399222e+00   0.0000000e+00   2.5554408e+04   3.2700000e+02
   2.1258085e+00   0.0000000e+00   2.5669541e+04   3.2900000e+02
   2.1176055e+00   0.0000000e+00   2.5408545e+04   3.4600000e+02
   1.8405313e+00   0.0000000e+00   2.5448364e+04   3.5800000e+02
   1.8355618e+00   0.0000000e+00   2.5175433e+04   3.6200000e+02
   1.8251052e+00   0.0000000e+00   2.5430119e+04   3.6400000e+02
   1.7900459e+00   0.0000000e+00   2.5748768e+04   3.6700000e+02
   1.7897703e+00   0.0000000e+00   2.5883276e+04   3.6900000e+02
   1.7242402e+00   0.0000000e+00   2.6605648e+04   3.7000000e+02
   1.7241932e+00   0.0000000e+00   2.6749861e+04   3.7100000e+02
   1.7106334e+00   0.0000000e+00   2.6446887e+04   3.7900000e+02
   1.6849610e+00   0.0000000e+00   2.6371342e+04   3.8600000e+02
   1.3521725e-01   0.0000000e+00   2.6197322e+04   3.9100000e+02
   1.3494767e-01   0.0000000e+00   2.6191901e+04   3.9200000e+02
   1.3470757e-01   0.0000000e+00   2.6214263e+04   3.9800000e+02
   1.3468005e-01   0.0000000e+00   2.6324323e+04   4.0000000e+02
   1.3460849e-01   0.0000000e+00   2.6323526e+04   4.0300000e+02
   1.3454086e-01   0.0000000e+00   2.6423403e+04   4.0400000e+02
   1.2625377e-01   0.0000000e+00   2.6691549e+04   4.0500000e+02
   1.2606565e-01   0.0000000e+00   2.6606679e+04   4.3200000e+02
   1.2555743e-01   0.0000000e+00   2.6555921e+04   4.3400000e+02
   1.2537769e-01   0.0000000e+00   2.6633404e+04   4.3700000e+02
   1.2284387e-01   0.0000000e+00   2.6766931e+04   4.3900000e+02
   1.2276654e-01   0.0000000e+00   2.6837157e+04   4.4100000e+02
   1.2142851e-01   0.0000000e+00   2.6748719e+04   4.5400000e+02
   1.2122024e-01   0.0000000e+00   2.6397917e+04   4.6200000e+02
   1.1976161e-01   0.0000000e+00   2.6301794e+04   4.6400000e+02
   1.1721660e-01   0.0000000e+00   2.6080393e+04   4.6600000e+02
   1.1564980e-01   0.0000000e+00   2.6006937e+04   4.6700000e+02
   1.1456861e-01   0.0000000e+00   2.5928227e+04   4.7000000e+02
   2.8486318e-02   0.0000000e+00   2.5914719e+04   4.7100000e+02
   2.2755293e-02   0.0000000e+00   2.6085102e+04   4.7300000e+02
   1.1443346e-02   0.0000000e+00   2.6232174e+04   4.7400000e+02
   1.0696253e-02   0.0000000e+00   2.6466926e+04   4.7500000e+02
   1.0649130e-02   0.0000000e+00   2.6608318e+04   4.7600000e+02
   8.1891810e-03   0.0000000e+00   2.6608817e+04   4.7700000e+02
   6.6655960e-03   0.0000000e+00   2.6701652e+04   4.7900000e+02
   4.3083452e-03   0.0000000e+00   2.7210149e+04   4.8200000e+02
   3.9553885e-03   0.0000000e+00   2.6718336e+04   4.9600000e+02
   0.0000000e+00   0.0000000e+00   2.6753918e+04   5.0100000e+02
   0.0000000e+00   0.0000000e+00   2.6494865e+04   5.0300000e+02
   0.0000000e+00   0.0000000e+00   2.6320448e+04   5.0400000e+02
   0.0000000e+00   0.0000000e+00   2.6292091e+04   5.0500000e+02
   0.0000000e+00   0.0000000e+00   2.5937451e+04   5.0600000e+02
   0.0000000e+00   0.0000000e+00   2.5918292e+04   5.0800000e+02
   0.0000000e+00   0.0000000e+00   2.5795500e+04   5.0900000e+02
   0.0000000e+00   0.0000000e+00   2.5676539e+04   5.2600000e+02
   0.0000000e+00   0.0000000e+00   2.5508156e+04   5.2800000e+02
   0.0000000e+00   0.0000000e+00   2.5277372e+04   5.3000000e+02
   0.0000000e+00   0.0000000e+00   2.5189133e+04   5.3100000e+02
   0.0000000e+00   0.0000000e+00   2.5110999e+04   5.3200000e+02
   0.0000000e+00   0.0000000e+00   2.4930758e+04   5.3300000e+02
   0.0000000e+00   0.0000000e+00   2.4878316e+04   5.3400000e+02
   0.0000000e+00   0.0000000e+00   2.4807593e+04   5.3500000e+02
   0.0000000e+00   0.0000000e+00   2.4680530e+04   5.3600000e+02
   0.0000000e+00   0.0000000e+00   2.4449310e+04   5.3700000e+02
   0.0000000e+00   0.0000000e+00   2.4210195e+04   5.3800000e+02
   0.0000000e+00   0.0000000e+00   2.4059481e+04   5.4200000e+02
   0.0000000e+00   0.0000000e+00   2.3964921e+04   5.4300000e+02
   0.0000000e+00   0.0000000e+00   2.3669414e+04   5.4400000e+02
   0.0000000e+00   0.0000000e+00   2.3568962e+04   5.4600000e+02
   0.0000000e+00   0.0000000e+00   2.3454507e+04   5.4700000e+02
   0.0000000e+00   0.0000000e+00   2.3447910e+04   5.4900000e+02
   0.0000000e+00   0.0000000e+00   2.3134655e+04   5.6600000e+02
   0.0000000e+00   0.0000000e+00   2.2740911e+04   5.6800000e+02
   0.0000000e+00   0.0000000e+00   2.2618381e+04   5.7100000e+02
   0.0000000e+00   0.0000000e+00   2.2367814e+04   5.7300000e+02
   0.0000000e+00   0.0000000e+00   2.2313512e+04   5.7400000e+02
   0.0000000e+00   0.0000000e+00   2.1919687e+04   5.7500000e+02
   0.0000000e+00   0.0000000e+00   2.1814279e+04   5.7600000e+02
   0.0000000e+00   0.0000000e+00   2.1568239e+04   5.7700000e+02
   0.0000000e+00   0.0000000e+00   2.1415250e+04   6.0500000e+02
   0.0000000e+00   0.0000000e+00   2.1145221e+04   6.0600000e+02
   0.0000000e+00   0.0000000e+00   2.1069850e+04   6.0800000e+02
   0.0000000e+00   0.0000000e+00   2.0957207e+04   6.1100000e+02
   0.0000000e+00   0.0000000e+00   2.0732726e+04   6.1300000e+02
   0.0000000e+00   0.0000000e+00   2.0587555e+04   6.1400000e+02
   0.0000000e+00   0.0000000e+00   2.0538635e+04   6.1500000e+02
   0.0000000e+00   0.0000000e+00   2.0513262e+04   6.1600000e+02
   0.0000000e+00   0.0000000e+00   2.0511318e+04   6.1700000e+02
   0.0000000e+00   0.0000000e+00   2.0508458e+04   6.2100000e+02
   0.0000000e+00   0.0000000e+00   2.0379436e+04   6.3900000e+02
   0.0000000e+00   0.0000000e+00   2.0325238e+04   6.4000000e+02
   0.0000000e+00   0.0000000e+00   2.0165184e+04   6.4400000e+02
   0.0000000e+00   0.0000000e+00   2.0005385e+04   6.4500000e+02
   0.0000000e+00   0.0000000e+00   1.9865342e+04   6.4600000e+02
   0.0000000e+00   0.0000000e+00   1.9601375e+04   6.7500000e+02
   0.0000000e+00   0.0000000e+00   1.9405254e+04   6.7900000e+02
   0.0000000e+00   0.0000000e+00   1.9385198e+04   6.8400000e+02
   0.0000000e+00   0.0000000e+00   1.9261068e+04   6.8500000e+02
   0.0000000e+00   0.0000000e+00   1.9147891e+04   6.8900000e+02
   0.0000000e+00   0.0000000e+00   1.8914061e+04   6.9100000e+02
   0.0000000e+00   0.0000000e+00   1.8846763e+04   6.9300000e+02
   0.0000000e+00   0.0000000e+00   1.8773171e+04   6.9400000e+02
   0.0000000e+00   0.0000000e+00   1.8649555e+04   7.1800000e+02
   0.0000000e+00   0.0000000e+00   1.8615006e+04   7.1900000e+02
   0.0000000e+00   0.0000000e+00   1.8339969e+04   7.2100000e+02
   0.0000000e+00   0.0000000e+00   1.8262199e+04   7.2200000e+02
   0.0000000e+00   0.0000000e+00   1.8222128e+04   7.2400000e+02
   0.0000000e+00   0.0000000e+00   1.8168213e+04   7.2500000e+02
   0.0000000e+00   0.0000000e+00   1.8060952e+04   7.2600000e+02
   0.0000000e+00   0.0000000e+00   1.7960078e+04   7.5600000e+02
   0.0000000e+00   0.0000000e+00   1.7940176e+04   7.7200000e+02
   0.0000000e+00   0.0000000e+00   1.7870223e+04   7.8500000e+02
   0.0000000e+00   0.0000000e+00   1.7462457e+04   7.8800000e+02
   0.0000000e+00   0.0000000e+00   1.7324217e+04   7.9500000e+02
   0.0000000e+00   0.0000000e+00   1.7174177e+04   7.9900000e+02
   0.0000000e+00   0.0000000e+00   1.7067972e+04   8.4200000e+02
   0.0000000e+00   0.0000000e+00   1.7045392e+04   8.4300000e+02
   0.0000000e+00   0.0000000e+00   1.6944756e+04   8.4400000e+02
   0.0000000e+00   0.0000000e+00   1.6780276e+04   8.7100000e+02
   0.0000000e+00   0.0000000e+00   1.6731497e+04   8.7500000e+02
   0.0000000e+00   0.0000000e+00   1.6583029e+04   8.7600000e+02
   0.0000000e+00   0.0000000e+00   1.6284399e+04   8.9900000e+02
   0.0000000e+00   0.0000000e+00   1.6268932e+04   9.0300000e+02
   0.0000000e+00   0.0000000e+00   1.6260937e+04   9.0400000e+02
   0.0000000e+00   0.0000000e+00   1.6240316e+04   9.0800000e+02
   0.0000000e+00   0.0000000e+00   1.6049739e+04   9.0900000e+02
   0.0000000e+00   0.0000000e+00   1.6036780e+04   9.1300000e+02
   0.0000000e+00   0.0000000e+00   1.5988374e+04   9.1700000e+02
   0.0000000e+00   0.0000000e+00   1.5861395e+04   9.3700000e+02
   0.0000000e+00   0.0000000e+00   1.5796558e+04   9.4000000e+02
   0.0000000e+00   0.0000000e+00   1.5716703e+04   9.4200000e+02
   0.0000000e+00   0.0000000e+00   1.5611575e+04   9.4500000e+02
   0.0000000e+00   0.0000000e+00   1.5465881e+04   9.7500000e+02
   0.0000000e+00   0.0000000e+00   1.5441497e+04   9.7700000e+02
   0.0000000e+00   0.0000000e+00   1.5261660e+04   9.7800000e+02
   0.0000000e+00   0.0000000e+00   1.5259087e+04   9.8200000e+02
   0.0000000e+00   0.0000000e+00   1.5219152e+04   9.8500000e+02
   0.0000000e+00   0.0000000e+00   1.5143455e+04   9.8600000e+02
   0.0000000e+00   0.0000000e+00   1.5081311e+04   1.0140000e+03
   0.0000000e+00   0.0000000e+00   1.4959520e+04   1.0160000e+03
   0.0000000e+00   0.0000000e+00   1.4859705e+04   1.0180000e+03
   0.0000000e+00   0.0000000e+00   1.4791107e+04   1.0190000e+03
   0.0000000e+00   0.0000000e+00   1.4552429e+04   1.0200000e+03
   0.0000000e+00   0.0000000e+00   1.4421042e+04   1.0220000e+03
   0.0000000e+00   0.0000000e+00   1.4300182e+04   1.0230000e+03
   0.0000000e+00   0.0000000e+00   1.4181183e+04   1.0240000e+03
   0.0000000e+00   0.0000000e+00   1.4082717e+04   1.0430000e+03
   0.0000000e+00   0.0000000e+00   1.4030548e+04   1.0490000e+03
   0.0000000e+00   0.0000000e+00   1.3902456e+04   1.0540000e+03
   0.0000000e+00   0.0000000e+00   1.3805508e+04   1.0570000e+03
   0.0000000e+00   0.0000000e+00   1.3626726e+04   1.0660000e+03
   0.0000000e+00   0.0000000e+00   1.3590099e+04   1.0970000e+03
   0.0000000e+00   0.0000000e+00   1.3504379e+04   1.1250000e+03
   0.0000000e+00   0.0000000e+00   1.3420536e+04   1.1260000e+03
   0.0000000e+00   0.0000000e+00   1.3406420e+04   1.1280000e+03
   0.0000000e+00   0.0000000e+00   1.3390279e+04   1.1320000e+03
   0.0000000e+00   0.0000000e+00   1.3326257e+04   1.1390000e+03
   0.0000000e+00   0.0000000e+00   1.3252820e+04   1.1620000e+03
   0.0000000e+00   0.0000000e+00   1.3081267e+04   1.1630000e+03
   0.0000000e+00   0.0000000e+00   1.3060260e+04   1.1660000e+03
   0.0000000e+00   0.0000000e+00   1.2975696e+04   1.2330000e+03
   0.0000000e+00   0.0000000e+00   1.2932089e+04   1.2390000e+03
   0.0000000e+00   0.0000000e+00   1.2900032e+04   1.2430000e+03
   0.0000000e+00   0.0000000e+00   1.2874084e+04   1.2670000e+03
   0.0000000e+00   0.0000000e+00   1.2862800e+04   1.2710000e+03
   0.0000000e+00   0.0000000e+00   1.2821272e+04   1.2740000e+03
   0.0000000e+00   0.0000000e+00   1.2751624e+04   1.2790000e+03
   0.0000000e+00   0.0000000e+00   1.2748574e+04   1.2810000e+03
   0.0000000e+00   0.0000000e+00   1.2660019e+04   1.3080000e+03
   0.0000000e+00   0.0000000e+00   1.2602379e+04   1.3090000e+03
   0.0000000e+00   0.0000000e+00   1.2571136e+04   1.3110000e+03
   0.0000000e+00   0.0000000e+00   1.2491942e+04   1.3190000e+03
   0.0000000e+00   0.0000000e+00   1.2332362e+04   1.3400000e+03
   0.0000000e+00   0.0000000e+00   1.2316822e+04   1.3490000e+03
   0.0000000e+00   0.0000000e+00   1.2238934e+04   1.3560000e+03
   0.0000000e+00   0.0000000e+00   1.2190098e+04   1.3790000e+03
   0.0000000e+00   0.0000000e+00   1.2159303e+04   1.3850000e+03
   0.0000000e+00   0.0000000e+00   1.2125062e+04   1.3920000e+03
   0.0000000e+00   0.0000000e+00   1.2084880e+04   1.4200000e+03
   0.0000000e+00   0.0000000e+00   1.2082165e+04   1.4210000e+03
   0.0000000e+00   0.0000000e+00   1.2027149e+04   1.4220000e+03
   0.0000000e+00   0.0000000e+00   1.2007460e+04   1.4230000e+03
   0.0000000e+00   0.0000000e+00   1.1802822e+04   1.4240000e+03
   0.0000000e+00   0.0000000e+00   1.1776072e+04   1.4570000e+03
   0.0000000e+00   0.0000000e+00   1.1761725e+04   1.4580000e+03
   0.0000000e+00   0.0000000e+00   1.1615652e+04   1.4940000e+03
   0.0000000e+00   0.0000000e+00   1.1573624e+04   1.5070000e+03
   0.0000000e+00   0.0000000e+00   1.1537189e+04   1.5350000e+03
   0.0000000e+00   0.0000000e+00   1.1447053e+04   1.5380000e+03
   0.0000000e+00   0.0000000e+00   1.1389699e+04   1.5710000e+03
   0.0000000e+00   0.0000000e+00   1.1369941e+04   1.5720000e+03
   0.0000000e+00   0.0000000e+00   1.1262566e+04   1.6150000e+03
   0.0000000e+00   0.0000000e+00   1.1246401e+04   1.6420000e+03
   0.0000000e+00   0.0000000e+00   1.1235071e+04   1.6430000e+03
   0.0000000e+00   0.0000000e+00   1.1227687e+04   1.6440000e+03
   0.0000000e+00   0.0000000e+00   1.1214750e+04   1.6490000e+03
   0.0000000e+00   0.0000000e+00   1.1178183e+04   1.6800000e+03
   0.0000000e+00   0.0000000e+00   1.1136857e+04   1.6810000e+03
   0.0000000e+00   0.0000000e+00   1.1071245e+04   1.6840000e+03
   0.0000000e+00   0.0000000e+00   1.1057610e+04   1.6850000e+03
   0.0000000e+00   0.0000000e+00   1.1039926e+04   1.6870000e+03
   0.0000000e+00   0.0000000e+00   1.1023217e+04   1.7160000e+03
   0.0000000e+00   0.0000000e+00   1.1004452e+04   1.7170000e+03
   0.0000000e+00   0.0000000e+00   1.0971883e+04   1.7190000e+03
   0.0000000e+00   0.0000000e+00   1.0910103e+04   1.7500000e+03
   0.0000000e+00   0.0000000e+00   1.0908574e+04   1.7570000e+03
   0.0000000e+00   0.0000000e+00   1.0904391e+04   1.7590000e+03
   0.0000000e+00   0.0000000e+00   1.0863829e+04   1.7600000e+03
   0.0000000e+00   0.0000000e+00   1.0725941e+04   1.7840000e+03
   0.0000000e+00   0.0000000e+00   1.0618024e+04   1.7910000e+03
   0.0000000e+00   0.0000000e+00   1.0603459e+04   1.7920000e+03
   0.0000000e+00   0.0000000e+00   1.0564300e+04   1.7970000e+03
   0.0000000e+00   0.0000000e+00   1.0546214e+04   1.7990000e+03
   0.0000000e+00   0.0000000e+00   1.0503531e+04   1.8220000e+03
   0.0000000e+00   0.0000000e+00   1.0435068e+04   1.8250000e+03
   0.0000000e+00   0.0000000e+00   1.0376182e+04   1.8310000e+03
   0.0000000e+00   0.0000000e+00   1.0349175e+04   1.8630000e+03
   0.0000000e+00   0.0000000e+00   1.0316168e+04   1.9010000e+03
   0.0000000e+00   0.0000000e+00   1.0228912e+04   1.9040000e+03
   0.0000000e+00   0.0000000e+00   1.0220145e+04   1.9060000e+03
   0.0000000e+00   0.0000000e+00   1.0114420e+04   1.9070000e+03
   0.0000000e+00   0.0000000e+00   1.0108465e+04   1.9420000e+03
   0.0000000e+00   0.0000000e+00   1.0066969e+04   1.9440000e+03
   0.0000000e+00   0.0000000e+00   1.0048979e+04   1.9450000e+03
   0.0000000e+00   0.0000000e+00   1.0042738e+04   2.0170000e+03
   0.0000000e+00   0.0000000e+00   1.0030300e+04   2.0540000e+03
   0.0000000e+00   0.0000000e+00   1.0014394e+04   2.0880000e+03
   0.0000000e+00   0.0000000e+00   1.0001993e+04   2.1530000e+03
   0.0000000e+00   0.0000000e+00   9.9916958e+03   2.1610000e+03
   0.0000000e+00   0.0000000e+00   9.9578886e+03   2.1630000e+03
   0.0000000e+00   0.0000000e+00   9.9317417e+03   2.1710000e+03
   0.0000000e+00   0.0000000e+00   9.8823949e+03   2.2340000e+03
   0.0000000e+00   0.0000000e+00   9.8768931e+03   2.2350000e+03
   0.0000000e+00   0.0000000e+00   9.8556194e+03   2.2750000e+03
   0.0000000e+00   0.0000000e+00   9.8344082e+03   2.3080000e+03
   0.0000000e+00   0.0000000e+00   9.7946383e+03   2.3090000e+03
   0.0000000e+00   0.0000000e+00   9.7861720e+03   2.3170000e+03
   0.0000000e+00   0.0000000e+00   9.7838869e+03   2.4970000e+03
   0.0000000e+00   0.0000000e+00   9.7772163e+03   2.5700000e+03
   0.0000000e+00   0.0000000e+00   9.7657274e+03   2.6800000e+03
   0.0000000e+00   0.0000000e+00   9.7632356e+03   2.7200000e+03
   0.0000000e+00   0.0000000e+00   9.7492626e+03   2.7240000e+03
   0.0000000e+00   0.0000000e+00   9.6754893e+03   2.7470000e+03
   0.0000000e+00   0.0000000e+00   9.6621633e+03   2.7520000e+03
   0.0000000e+00   0.0000000e+00   9.6407081e+03   2.7910000e+03
   0.0000000e+00   0.0000000e+00   9.6303848e+03   2.7950000e+03
   0.0000000e+00   0.0000000e+00   9.6165814e+03   2.9080000e+03
   0.0000000e+00   0.0000000e+00   9.6165609e+03   2.9100000e+03
   0.0000000e+00   0.0000000e+00   9.5889415e+03   2.9360000e+03
   0.0000000e+00   0.0000000e+00   9.5842139e+03   2.9370000e+03
   0.0000000e+00   0.0000000e+00   9.5815465e+03   2.9390000e+03
   0.0000000e+00   0.0000000e+00   9.5739593e+03   2.9410000e+03
   0.0000000e+00   0.0000000e+00   9.5715359e+03   2.9760000e+03
   0.0000000e+00   0.0000000e+00   9.5580207e+03   3.0120000e+03
   0.0000000e+00   0.0000000e+00   9.5519789e+03   3.0150000e+03
   0.0000000e+00   0.0000000e+00   9.5346923e+03   3.0160000e+03
   0.0000000e+00   0.0000000e+00   9.5138942e+03   3.0530000e+03
   0.0000000e+00   0.0000000e+00   9.5009303e+03   3.0840000e+03
   0.0000000e+00   0.0000000e+00   9.4484213e+03   3.0850000e+03
   0.0000000e+00   0.0000000e+00   9.4277581e+03   3.1230000e+03
   0.0000000e+00   0.0000000e+00   9.3942706e+03   3.1540000e+03
   0.0000000e+00   0.0000000e+00   9.3909561e+03   3.1580000e+03
   0.0000000e+00   0.0000000e+00   9.3819911e+03   3.1600000e+03
   0.0000000e+00   0.0000000e+00   9.3523539e+03   3.1940000e+03
   0.0000000e+00   0.0000000e+00   9.3477823e+03   3.1970000e+03
   0.0000000e+00   0.0000000e+00   9.3289678e+03   3.1980000e+03
   0.0000000e+00   0.0000000e+00   9.3134921e+03   3.2370000e+03
   0.0000000e+00   0.0000000e+00   9.3040784e+03   3.2640000e+03
   0.0000000e+00   0.0000000e+00   9.2885600e+03   3.2740000e+03
   0.0000000e+00   0.0000000e+00   9.2535948e+03   3.2750000e+03
   0.0000000e+00   0.0000000e+00   9.2135595e+03   3.3020000e+03
   0.0000000e+00   0.0000000e+00   9.1523022e+03   3.3030000e+03
   0.0000000e+00   0.0000000e+00   9.1272784e+03   3.3090000e+03
   0.0000000e+00   0.0000000e+00   9.1095215e+03   3.3430000e+03
   0.0000000e+00   0.0000000e+00   9.0924442e+03   3.3500000e+03
   0.0000000e+00   0.0000000e+00   9.0834015e+03   3.3790000e+03
   0.0000000e+00   0.0000000e+00   9.0237943e+03   3.3810000e+03
   0.0000000e+00   0.0000000e+00   9.0044821e+03   3.4220000e+03
   0.0000000e+00   0.0000000e+00   8.9954661e+03   3.4920000e+03
   0.0000000e+00   0.0000000e+00   8.9922476e+03   3.4930000e+03
   0.0000000e+00   0.0000000e+00   8.9500629e+03   3.4940000e+03
   0.0000000e+00   0.0000000e+00   8.9357494e+03   3.4970000e+03
   0.0000000e+00   0.0000000e+00   8.8744650e+03   3.5270000e+03
   0.0000000e+00   0.0000000e+00   8.8697406e+03   3.5300000e+03
   0.0000000e+00   0.0000000e+00   8.8055012e+03   3.5710000e+03
   0.0000000e+00   0.0000000e+00   8.7224778e+03   3.5740000e+03
   0.0000000e+00   0.0000000e+00   8.7178683e+03   3.6020000e+03
   0.0000000e+00   0.0000000e+00   8.7155188e+03   3.6060000e+03
   0.0000000e+00   0.0000000e+00   8.6957202e+03   3.6400000e+03
   0.0000000e+00   0.0000000e+00   8.6933584e+03   3.6430000e+03
   0.0000000e+00   0.0000000e+00   8.6906220e+03   3.6810000e+03
   0.0000000e+00   0.0000000e+00   8.6542784e+03   3.7130000e+03
   0.0000000e+00   0.0000000e+00   8.6366023e+03   3.7140000e+03
   0.0000000e+00   0.0000000e+00   8.6261908e+03   3.7180000e+03
   0.0000000e+00   0.0000000e+00   8.6211199e+03   3.7850000e+03
   0.0000000e+00   0.0000000e+00   8.5863750e+03   3.7880000e+03
   0.0000000e+00   0.0000000e+00   8.5802668e+03   3.8640000e+03
   0.0000000e+00   0.0000000e+00   8.5642306e+03   3.8670000e+03
   0.0000000e+00   0.0000000e+00   8.5608851e+03   3.9010000e+03
   0.0000000e+00   0.0000000e+00   8.5592620e+03   3.9390000e+03
   0.0000000e+00   0.0000000e+00   8.5471781e+03   4.0490000e+03
   0.0000000e+00   0.0000000e+00   8.5296977e+03   4.0830000e+03
   0.0000000e+00   0.0000000e+00   8.5141757e+03   4.1230000e+03
   0.0000000e+00   0.0000000e+00   8.4963355e+03   4.2330000e+03
   0.0000000e+00   0.0000000e+00   8.4615084e+03   4.2340000e+03
   0.0000000e+00   0.0000000e+00   8.4463226e+03   4.2360000e+03
   0.0000000e+00   0.0000000e+00   8.4042627e+03   4.2680000e+03
   0.0000000e+00   0.0000000e+00   8.3745096e+03   4.2730000e+03
   0.0000000e+00   0.0000000e+00   8.3714288e+03   4.3050000e+03
   0.0000000e+00   0.0000000e+00   8.3591104e+03   4.3440000e+03
   0.0000000e+00   0.0000000e+00   8.3550810e+03   4.4210000e+03
   0.0000000e+00   0.0000000e+00   8.3454338e+03   4.5670000e+03
   0.0000000e+00   0.0000000e+00   8.3341118e+03   4.6030000e+03
   0.0000000e+00   0.0000000e+00   8.3233799e+03   4.7140000e+03
   0.0000000e+00   0.0000000e+00   8.3112763e+03   4.8600000e+03
   0.0000000e+00   0.0000000e+00   8.2911827e+03   4.8980000e+03
   0.0000000e+00   0.0000000e+00   8.2836025e+03   4.9350000e+03
   0.0000000e+00   0.0000000e+00   8.2816922e+03   5.1570000e+03
   0.0000000e+00   0.0000000e+00   8.2571702e+03   5.1950000e+03
   0.0000000e+00   0.0000000e+00   8.2560265e+03   5.1960000e+03
   0.0000000e+00   0.0000000e+00   8.2452845e+03   5.2670000e+03
   0.0000000e+00   0.0000000e+00   8.2300828e+03   5.2680000e+03
   0.0000000e+00   0.0000000e+00   8.2130015e+03   5.3010000e+03
   0.0000000e+00   0.0000000e+00   8.2033667e+03   5.3050000e+03
   0.0000000e+00   0.0000000e+00   8.1927018e+03   5.4180000e+03
   0.0000000e+00   0.0000000e+00   8.1703793e+03   5.4500000e+03
   0.0000000e+00   0.0000000e+00   8.1700472e+03   5.4890000e+03
   0.0000000e+00   0.0000000e+00   8.1606959e+03   5.4910000e+03
   0.0000000e+00   0.0000000e+00   8.1523345e+03   5.8220000e+03
   0.0000000e+00   0.0000000e+00   8.1445293e+03   6.1180000e+03
   0.0000000e+00   0.0000000e+00   8.1094322e+03   6.1910000e+03
   0.0000000e+00   0.0000000e+00   8.0881739e+03   6.1920000e+03
   0.0000000e+00   0.0000000e+00   8.0829350e+03   6.2310000e+03
   0.0000000e+00   0.0000000e+00   8.0784799e+03   6.7120000e+03
   0.0000000e+00   0.0000000e+00   8.0582542e+03   6.8570000e+03
   0.0000000e+00   0.0000000e+00   8.0577886e+03   7.0460000e+03
   0.0000000e+00   0.0000000e+00   8.0441475e+03   7.0760000e+03
   0.0000000e+00   0.0000000e+00   8.0303749e+03   7.1180000e+03
   0.0000000e+00   0.0000000e+00   8.0174570e+03   7.1550000e+03
   0.0000000e+00   0.0000000e+00   8.0028972e+03   7.1910000e+03
   0.0000000e+00   0.0000000e+00   8.0024705e+03   7.1930000e+03
   0.0000000e+00   0.0000000e+00   7.9962482e+03   7.1950000e+03
   0.0000000e+00   0.0000000e+00   7.9767610e+03   7.2650000e+03
   0.0000000e+00   0.0000000e+00   7.9459645e+03   7.2660000e+03
   0.0000000e+00   0.0000000e+00   7.9331193e+03   7.3030000e+03
   0.0000000e+00   0.0000000e+00   7.9172980e+03   7.3490000e+03
   0.0000000e+00   0.0000000e+00   7.8878885e+03   7.3810000e+03
   0.0000000e+00   0.0000000e+00   7.8788012e+03   7.4470000e+03
   0.0000000e+00   0.0000000e+00   7.8447939e+03   7.4480000e+03
   0.0000000e+00   0.0000000e+00   7.8365249e+03   7.4550000e+03
   0.0000000e+00   0.0000000e+00   7.8269167e+03   7.4910000e+03
   0.0000000e+00   0.0000000e+00   7.7943923e+03   7.6010000e+03
   0.0000000e+00   0.0000000e+00   7.7821537e+03   7.6730000e+03
   0.0000000e+00   0.0000000e+00   7.7785197e+03   7.6740000e+03
   0.0000000e+00   0.0000000e+00   7.7517752e+03   7.6770000e+03
   0.0000000e+00   0.0000000e+00   7.7481451e+03   7.7110000e+03
   0.0000000e+00   0.0000000e+00   7.7481222e+03   7.7490000e+03
   0.0000000e+00   0.0000000e+00   7.7245757e+03   7.7500000e+03
   0.0000000e+00   0.0000000e+00   7.7051641e+03   7.7870000e+03
   0.0000000e+00   0.0000000e+00   7.6789624e+03   7.8180000e+03
   0.0000000e+00   0.0000000e+00   7.6759619e+03   7.9300000e+03
   0.0000000e+00   0.0000000e+00   7.6636134e+03   7.9640000e+03
   0.0000000e+00   0.0000000e+00   7.6341225e+03   7.9670000e+03
   0.0000000e+00   0.0000000e+00   7.6315772e+03   7.9680000e+03
   0.0000000e+00   0.0000000e+00   7.6224838e+03   8.0450000e+03
   0.0000000e+00   0.0000000e+00   7.5681723e+03   8.0550000e+03
   0.0000000e+00   0.0000000e+00   7.5444719e+03   8.0780000e+03
   0.0000000e+00   0.0000000e+00   7.5370162e+03   8.0790000e+03
   0.0000000e+00   0.0000000e+00   7.5354792e+03   8.0820000e+03
   0.0000000e+00   0.0000000e+00   7.5018590e+03   8.1120000e+03
   0.0000000e+00   0.0000000e+00   7.4999127e+03   8.1160000e+03
   0.0000000e+00   0.0000000e+00   7.4985001e+03   8.1190000e+03
   0.0000000e+00   0.0000000e+00   7.4759987e+03   8.1220000e+03
   0.0000000e+00   0.0000000e+00   7.4656999e+03   8.2270000e+03
   0.0000000e+00   0.0000000e+00   7.4552207e+03   8.3010000e+03
   0.0000000e+00   0.0000000e+00   7.4420380e+03   8.3760000e+03
   0.0000000e+00   0.0000000e+00   7.4399651e+03   8.3790000e+03
   0.0000000e+00   0.0000000e+00   7.4376608e+03   8.4140000e+03
   0.0000000e+00   0.0000000e+00   7.4338540e+03   8.6000000e+03
   0.0000000e+00   0.0000000e+00   7.3120536e+03   8.6020000e+03
   0.0000000e+00   0.0000000e+00   7.3036654e+03   8.6050000e+03
   0.0000000e+00   0.0000000e+00   7.2582066e+03   8.6300000e+03
   0.0000000e+00   0.0000000e+00   7.2496395e+03   8.6710000e+03
   0.0000000e+00   0.0000000e+00   7.2321998e+03   8.6720000e+03
   0.0000000e+00   0.0000000e+00   7.2285699e+03   8.7470000e+03
   0.0000000e+00   0.0000000e+00   7.2241942e+03   8.7480000e+03
   0.0000000e+00   0.0000000e+00   7.2222294e+03   8.8220000e+03
   0.0000000e+00   0.0000000e+00   7.1774546e+03   8.8510000e+03
   0.0000000e+00   0.0000000e+00   7.1757174e+03   8.8920000e+03
   0.0000000e+00   0.0000000e+00   7.1572293e+03   8.8970000e+03
   0.0000000e+00   0.0000000e+00   7.1509480e+03   9.0050000e+03
   0.0000000e+00   0.0000000e+00   7.1496399e+03   9.0070000e+03
   0.0000000e+00   0.0000000e+00   7.1351886e+03   9.0390000e+03
   0.0000000e+00   0.0000000e+00   7.1238588e+03   9.0760000e+03
   0.0000000e+00   0.0000000e+00   7.0941360e+03   9.1510000e+03
   0.0000000e+00   0.0000000e+00   7.0874223e+03   9.1530000e+03
   0.0000000e+00   0.0000000e+00   7.0852448e+03   9.1550000e+03
   0.0000000e+00   0.0000000e+00   7.0803850e+03   9.1890000e+03
   0.0000000e+00   0.0000000e+00   7.0766323e+03   9.2250000e+03
   0.0000000e+00   0.0000000e+00   7.0685412e+03   9.2630000e+03
   0.0000000e+00   0.0000000e+00   7.0370605e+03   9.3370000e+03
   0.0000000e+00   0.0000000e+00   7.0213278e+03   9.3380000e+03
   0.0000000e+00   0.0000000e+00   6.9725485e+03   9.3400000e+03
   0.0000000e+00   0.0000000e+00   6.9654585e+03   9.4490000e+03
   0.0000000e+00   0.0000000e+00   6.9475709e+03   9.4550000e+03
   0.0000000e+00   0.0000000e+00   6.9391762e+03   9.4860000e+03
   0.0000000e+00   0.0000000e+00   6.9348452e+03   9.5250000e+03
   0.0000000e+00   0.0000000e+00   6.9274727e+03   9.5640000e+03
   0.0000000e+00   0.0000000e+00   6.9124914e+03   9.7080000e+03
   0.0000000e+00   0.0000000e+00   6.9110973e+03   9.7470000e+03
   0.0000000e+00   0.0000000e+00   6.9024787e+03   9.7840000e+03
   0.0000000e+00   0.0000000e+00   6.8861830e+03   9.8920000e+03
   0.0000000e+00   0.0000000e+00   6.8830339e+03   9.9290000e+03
   0.0000000e+00   0.0000000e+00   6.8582270e+03   9.9650000e+03
   0.0000000e+00   0.0000000e+00   6.8532951e+03   1.0041000e+04
   0.0000000e+00   0.0000000e+00   6.8478315e+03   1.1039000e+04
   0.0000000e+00   0.0000000e+00   6.8454812e+03   1.1890000e+04
   0.0000000e+00   0.0000000e+00   6.8393935e+03   1.2222000e+04
   0.0000000e+00   0.0000000e+00   6.8332584e+03   1.2521000e+04
   0.0000000e+00   0.0000000e+00   6.8317499e+03   1.2522000e+04
   0.0000000e+00   0.0000000e+00   6.8228868e+03   1.2557000e+04
   0.0000000e+00   0.0000000e+00   6.8089837e+03   1.2593000e+04
   0.0000000e+00   0.0000000e+00   6.8055058e+03   1.2703000e+04
   0.0000000e+00   0.0000000e+00   6.8009744e+03   1.2817000e+04
   0.0000000e+00   0.0000000e+00   6.7801705e+03   1.2851000e+04
   0.0000000e+00   0.0000000e+00   6.7785842e+03   1.3074000e+04
   0.0000000e+00   0.0000000e+00   6.7606363e+03   1.3075000e+04
   0.0000000e+00   0.0000000e+00   6.7490316e+03   1.3112000e+04
   0.0000000e+00   0.0000000e+00   6.7200657e+03   1.3146000e+04
   0.0000000e+00   0.0000000e+00   6.7167053e+03   1.3260000e+04
   0.0000000e+00   0.0000000e+00   6.7165551e+03   1.3301000e+04
   0.0000000e+00   0.0000000e+00   6.7111025e+03   1.3333000e+04
   0.0000000e+00   0.0000000e+00   6.7079520e+03   1.3480000e+04
   0.0000000e+00   0.0000000e+00   6.7010862e+03   1.3485000e+04
   0.0000000e+00   0.0000000e+00   6.6936246e+03   1.3517000e+04
   0.0000000e+00   0.0000000e+00   6.6929776e+03   1.3927000e+04
   0.0000000e+00   0.0000000e+00   6.6833149e+03   1.3961000e+04
   0.0000000e+00   0.0000000e+00   6.6768075e+03   1.4146000e+04
   0.0000000e+00   0.0000000e+00   6.6727983e+03   1.4223000e+04
   0.0000000e+00   0.0000000e+00   6.6687144e+03   1.4336000e+04
   0.0000000e+00   0.0000000e+00   6.6664905e+03   1.4369000e+04
   0.0000000e+00   0.0000000e+00   6.6526010e+03   1.4812000e+04
   0.0000000e+00   0.0000000e+00   6.6446640e+03   1.4850000e+04
   0.0000000e+00   0.0000000e+00   6.6215077e+03   1.5034000e+04
   0.0000000e+00   0.0000000e+00   6.6098588e+03   1.5665000e+04
   0.0000000e+00   0.0000000e+00   6.6044410e+03   1.6627000e+04
   0.0000000e+00   0.0000000e+00   6.6022657e+03   1.7220000e+04
   0.0000000e+00   0.0000000e+00   6.5990788e+03   1.7775000e+04
   0.0000000e+00   0.0000000e+00   6.5973290e+03   1.7886000e+04
   0.0000000e+00   0.0000000e+00   6.5966732e+03   1.8108000e+04
   0.0000000e+00   0.0000000e+00   6.5610297e+03   1.9220000e+04
   0.0000000e+00   0.0000000e+00   6.5478394e+03   1.9400000e+04
   0.0000000e+00   0.0000000e+00   6.5233444e+03   1.9513000e+04
   0.0000000e+00   0.0000000e+00   6.5206210e+03   2.0252000e+04
   0.0000000e+00   0.0000000e+00   6.5159108e+03   2.0397000e+04
   0.0000000e+00   0.0000000e+00   6.5108071e+03   2.0438000e+04
   0.0000000e+00   0.0000000e+00   6.5071767e+03   2.0625000e+04
   0.0000000e+00   0.0000000e+00   6.4951982e+03   2.0805000e+04
   0.0000000e+00   0.0000000e+00   6.4810057e+03   2.1062000e+04
   0.0000000e+00   0.0000000e+00   6.4806330e+03   2.1178000e+04
   0.0000000e+00   0.0000000e+00   6.4754070e+03   2.1918000e+04
   0.0000000e+00   0.0000000e+00   6.4683872e+03   2.3065000e+04
   0.0000000e+00   0.0000000e+00   6.4577310e+03   2.3396000e+04
   0.0000000e+00   0.0000000e+00   6.4561848e+03   2.3546000e+04
   0.0000000e+00   0.0000000e+00   6.4505443e+03   2.3582000e+04
   0.0000000e+00   0.0000000e+00   6.4467082e+03   2.3988000e+04
   0.0000000e+00   0.0000000e+00   6.4301413e+03   2.4063000e+04
   0.0000000e+00   0.0000000e+00   6.4240535e+03   2.4247000e+04
   0.0000000e+00   0.0000000e+00   6.4127469e+03   2.4545000e+04
   0.0000000e+00   0.0000000e+00   6.4037140e+03   2.5616000e+04
   0.0000000e+00   0.0000000e+00   6.3990062e+03   2.6877000e+04
   0.0000000e+00   0.0000000e+00   6.3976522e+03   2.7137000e+04
   0.0000000e+00   0.0000000e+00   6.3974476e+03   2.8097000e+04
   0.0000000e+00   0.0000000e+00   6.3968568e+03   2.8321000e+04
   0.0000000e+00   0.0000000e+00   6.3907602e+03   2.8353000e+04
   0.0000000e+00   0.0000000e+00   6.3894699e+03   2.8466000e+04
   0.0000000e+00   0.0000000e+00   6.3863912e+03   2.8725000e+04
   0.0000000e+00   0.0000000e+00   6.3749237e+03   2.9247000e+04
   0.0000000e+00   0.0000000e+00   6.3707451e+03   3.0020000e+04
   0.0000000e+00   0.0000000e+00   6.3687724e+03   3.0094000e+04
   0.0000000e+00   0.0000000e+00   6.3578070e+03   3.1200000e+04
   0.0000000e+00   0.0000000e+00   6.3429113e+03   3.2683000e+04
   0.0000000e+00   0.0000000e+00   6.3407308e+03   3.2833000e+04
   0.0000000e+00   0.0000000e+00   6.3406126e+03   3.2943000e+04
   0.0000000e+00   0.0000000e+00   6.3352886e+03   3.3239000e+04
   0.0000000e+00   0.0000000e+00   6.3298750e+03   3.3866000e+04
   0.0000000e+00   0.0000000e+00   6.3203347e+03   3.4351000e+04
   0.0000000e+00   0.0000000e+00   6.3200829e+03   3.4461000e+04
   0.0000000e+00   0.0000000e+00   6.3159831e+03   3.4940000e+04
   0.0000000e+00   0.0000000e+00   6.2907892e+03   3.5569000e+04
   0.0000000e+00   0.0000000e+00   6.2867062e+03   3.6864000e+04
   0.0000000e+00   0.0000000e+00   6.2752418e+03   3.7160000e+04
   0.0000000e+00   0.0000000e+00   6.2739650e+03   3.7347000e+04
   0.0000000e+00   0.0000000e+00   6.2646103e+03   3.7751000e+04
   0.0000000e+00   0.0000000e+00   6.2613886e+03   3.8752000e+04
   0.0000000e+00   0.0000000e+00   6.2587278e+03   3.8826000e+04
   0.0000000e+00   0.0000000e+00   6.2261412e+03   3.8937000e+04
   0.0000000e+00   0.0000000e+00   6.2253067e+03   3.9975000e+04
   0.0000000e+00   0.0000000e+00   6.2159128e+03   4.1304000e+04
   0.0000000e+00   0.0000000e+00   6.2123146e+03   4.3302000e+04
   0.0000000e+00   0.0000000e+00   6.2103419e+03   4.6300000e+04
   0.0000000e+00   0.0000000e+00   6.2043558e+03   4.8297000e+04
   0.0000000e+00   0.0000000e+00   6.1996982e+03   5.1036000e+04
   0.0000000e+00   0.0000000e+00   6.1933421e+03   5.1073000e+04
   0.0000000e+00   0.0000000e+00   6.1859889e+03   5.1775000e+04
   0.0000000e+00   0.0000000e+00   6.1839520e+03   5.2665000e+04
   0.0000000e+00   0.0000000e+00   6.1811751e+03   5.3183000e+04
   0.0000000e+00   0.0000000e+00   6.1796423e+03   5.3254000e+04
   0.0000000e+00   0.0000000e+00   6.1774360e+03   5.3369000e+04
   0.0000000e+00   0.0000000e+00   6.1681831e+03   5.3663000e+04
   0.0000000e+00   0.0000000e+00   6.1644934e+03   5.3884000e+04
   0.0000000e+00   0.0000000e+00   6.1541809e+03   5.4401000e+04
   0.0000000e+00   0.0000000e+00   6.1518208e+03   5.4920000e+04
   0.0000000e+00   0.0000000e+00   6.1460167e+03   5.6362000e+04
   0.0000000e+00   0.0000000e+00   6.1459343e+03   5.6625000e+04
   0.0000000e+00   0.0000000e+00   6.1280299e+03   5.7990000e+04
   0.0000000e+00   0.0000000e+00   6.1265753e+03   5.8027000e+04
   0.0000000e+00   0.0000000e+00   6.1214441e+03   6.0580000e+04
   0.0000000e+00   0.0000000e+00   6.1152450e+03   6.1027000e+04
   0.0000000e+00   0.0000000e+00   6.1098833e+03   6.1284000e+04
   0.0000000e+00   0.0000000e+00   6.1056970e+03   6.2616000e+04
   0.0000000e+00   0.0000000e+00   6.1034214e+03   6.4320000e+04
   0.0000000e+00   0.0000000e+00   6.0967025e+03   6.6687000e+04
   0.0000000e+00   0.0000000e+00   6.0910532e+03   6.6981000e+04
   0.0000000e+00   0.0000000e+00   6.0894564e+03   6.8019000e+04
   0.0000000e+00   0.0000000e+00   6.0838105e+03   6.9278000e+04
   0.0000000e+00   0.0000000e+00   6.0809012e+03   6.9313000e+04
   0.0000000e+00   0.0000000e+00   6.0794466e+03   6.9756000e+04
   0.0000000e+00   0.0000000e+00   6.0773208e+03   7.0498000e+04
   0.0000000e+00   0.0000000e+00   6.0738722e+03   7.0866000e+04
   0.0000000e+00   0.0000000e+00   6.0733541e+03   7.1756000e+04
   0.0000000e+00   0.0000000e+00   6.0642205e+03   7.5230000e+04
   0.0000000e+00   0.0000000e+00   6.0627659e+03   7.6158000e+04
   0.0000000e+00   0.0000000e+00   6.0580060e+03   8.5007000e+04
   0.0000000e+00   0.0000000e+00   6.0557709e+03   8.5333000e+04
   0.0000000e+00   0.0000000e+00   6.0499651e+03   8.5665000e+04
   0.0000000e+00   0.0000000e+00   6.0493294e+03   8.6149000e+04
   0.0000000e+00   0.0000000e+00   6.0468006e+03   8.6926000e+04
   0.0000000e+00   0.0000000e+00   6.0428386e+03   8.7258000e+04
   0.0000000e+00   0.0000000e+00   6.0359009e+03   8.8552000e+04
   0.0000000e+00   0.0000000e+00   6.0323028e+03   8.9181000e+04
   0.0000000e+00   0.0000000e+00   6.0319264e+03   9.2404000e+04
   0.0000000e+00   0.0000000e+00   6.0313307e+03   9.9987000e+04
   0.0000000e+00   0.0000000e+00   6.0277325e+03   1.0464800e+05
   0.0000000e+00   0.0000000e+00   6.0241344e+03   1.0579400e+05
   0.0000000e+00   0.0000000e+00   6.0226798e+03   1.0609000e+05
   0.0000000e+00   0.0000000e+00   6.0212252e+03   1.0930900e+05
   0.0000000e+00   0.0000000e+00   6.0137154e+03   1.1252600e+05
   0.0000000e+00   0.0000000e+00   6.0063919e+03   1.1508300e+05
   0.0000000e+00   0.0000000e+00   5.9987705e+03   1.1512200e+05
   0.0000000e+00   0.0000000e+00   5.9970213e+03   1.1941300e+05
   0.0000000e+00   0.0000000e+00   5.9961530e+03   1.2074500e+05
   0.0000000e+00   0.0000000e+00   5.9921910e+03   1.2103900e+05
   0.0000000e+00   0.0000000e+00   5.9893564e+03   1.2104200e+05
   0.0000000e+00   0.0000000e+00   5.9842854e+03   1.2636700e+05
   0.0000000e+00   0.0000000e+00   5.9798152e+03   1.2792000e+05
   0.0000000e+00   0.0000000e+00   5.9710676e+03   1.3979800e+05
   0.0000000e+00   0.0000000e+00   5.9659967e+03   1.4064900e+05
   0.0000000e+00   0.0000000e+00   5.9645421e+03   1.4209200e+05
   0.0000000e+00   0.0000000e+00   5.9587219e+03   1.4423500e+05
   0.0000000e+00   0.0000000e+00   5.9584827e+03   1.4660900e+05
   0.0000000e+00   0.0000000e+00   5.9570280e+03   1.4682800e+05
   0.0000000e+00   0.0000000e+00   5.9509403e+03   1.4930600e+05
   0.0000000e+00   0.0000000e+00   5.9466723e+03   1.5318800e+05
   0.0000000e+00   0.0000000e+00   5.9465899e+03   1.5382400e+05
   0.0000000e+00   0.0000000e+00   5.9432385e+03   1.5404400e+05
   0.0000000e+00   0.0000000e+00   5.9432085e+03   1.5826300e+05
   0.0000000e+00   0.0000000e+00   5.9395319e+03   1.6399600e+05
   0.0000000e+00   0.0000000e+00   5.9344609e+03   1.7964700e+05
