   2.7018157e+02   1.2542246e+01   1.5361996e+04   8.0000000e+00
   2.6781413e+02   1.2398315e+01   1.5158265e+04   1.0000000e+01
   2.6723799e+02   1.2692619e+01   1.5088501e+04   1.2000000e+01
   2.6063505e+02   1.2784902e+01   1.5087722e+04   1.4000000e+01
   2.3074823e+02   1.1288261e+01   1.5109999e+04   1.5000000e+01
   1.9951141e+02   8.7102839e+00   1.5071477e+04   1.6000000e+01
   1.9137643e+02   8.5283607e+00   1.5069081e+04   1.7000000e+01
   1.8799131e+02   8.0464511e+00   1.4957919e+04   1.8000000e+01
   1.6764194e+02   7.4267715e+00   1.4910359e+04   2.1000000e+01
   1.5377504e+02   7.1942464e+00   1.4570209e+04   2.2000000e+01
   1.5242210e+02   6.8893959e+00   1.4655390e+04   2.4000000e+01
   1.5112567e+02   6.9817596e+00   1.4618311e+04   2.5000000e+01
   1.5020534e+02   6.9260751e+00   1.4698761e+04   2.6000000e+01
   1.4804605e+02   6.4395964e+00   1.4827991e+04   2.7000000e+01
   1.4688653e+02   6.3971145e+00   1.4889668e+04   2.8000000e+01
   1.4428084e+02   6.2248219e+00   1.4932484e+04   3.0000000e+01
   1.4239168e+02   5.6543521e+00   1.5290595e+04   3.1000000e+01
   1.3937893e+02   5.4045361e+00   1.5590141e+04   3.3000000e+01
   1.3376820e+02   4.9397652e+00   1.5872015e+04   3.4000000e+01
   1.3342066e+02   4.7573793e+00   1.6323126e+04   3.5000000e+01
   1.3141357e+02   4.3694694e+00   1.6847043e+04   3.6000000e+01
   1.3098002e+02   4.2100062e+00   1.7392849e+04   3.7000000e+01
   1.3008224e+02   4.1179546e+00   1.7769537e+04   3.8000000e+01
   1.2970209e+02   4.5668141e+00   1.7627513e+04   4.7000000e+01
   1.2893159e+02   4.6343794e+00   1.7268125e+04   5.0000000e+01
   1.2456568e+02   4.7800024e+00   1.7214681e+04   5.1000000e+01
   1.2446990e+02   4.8732643e+00   1.6939650e+04   5.2000000e+01
   1.0606970e+02   3.7226720e+00   1.6860985e+04   5.4000000e+01
   1.0485156e+02   3.7129370e+00   1.6877594e+04   5.5000000e+01
   1.0357887e+02   3.7026054e+00   1.6875404e+04   5.6000000e+01
   1.0194600e+02   3.3580390e+00   1.6719481e+04   5.7000000e+01
   9.3639891e+01   2.9136725e+00   1.6638947e+04   6.0000000e+01
   9.3229749e+01   2.9288950e+00   1.6621435e+04   6.1000000e+01
   7.2328640e+01   2.0973175e+00   1.6687657e+04   6.3000000e+01
   7.1228849e+01   2.0830788e+00   1.6596352e+04   6.4000000e+01
   7.1068141e+01   2.0947946e+00   1.6572172e+04   6.5000000e+01
   6.4692547e+01   1.8766884e+00   1.6770227e+04   6.6000000e+01
   6.3094428e+01   1.8903442e+00   1.6784382e+04   6.7000000e+01
   6.2289177e+01   1.7561799e+00   1.6863798e+04   6.8000000e+01
   6.2210628e+01   1.6252856e+00   1.7084266e+04   6.9000000e+01
   5.9944656e+01   1.3971233e+00   1.7419272e+04   7.0000000e+01
   4.3085701e+01   7.3479319e-01   1.7983481e+04   7.1000000e+01
   4.1254144e+01   3.5089328e-01   1.8446296e+04   7.2000000e+01
   3.8039447e+01   3.4919115e-01   1.8831441e+04   7.3000000e+01
   3.8020980e+01   3.4613081e-01   1.9345768e+04   7.5000000e+01
   3.5010285e+01   3.3250247e-01   1.9261724e+04   8.4000000e+01
   3.4909979e+01   3.1916029e-01   1.8907824e+04   8.5000000e+01
   3.4461426e+01   3.1880875e-01   1.8752783e+04   8.8000000e+01
   3.4448202e+01   3.5158766e-01   1.8697120e+04   8.9000000e+01
   3.4015658e+01   3.3174581e-01   1.8710496e+04   9.4000000e+01
   3.2387654e+01   3.3168796e-01   1.8722060e+04   9.6000000e+01
   3.2163797e+01   3.3509189e-01   1.8718489e+04   9.8000000e+01
   3.1776400e+01   3.3080554e-01   1.8748108e+04   1.0000000e+02
   2.7870271e+01   3.0138962e-01   1.8960155e+04   1.0200000e+02
   2.7496180e+01   2.9702630e-01   1.8977253e+04   1.0300000e+02
   2.5697142e+01   1.5807527e-01   1.9188837e+04   1.0400000e+02
   2.5390812e+01   1.4289682e-01   1.9520775e+04   1.0500000e+02
   2.4701582e+01   1.3583168e-01   1.9832048e+04   1.0600000e+02
   2.4170416e+01   8.9016555e-02   2.0050183e+04   1.0700000e+02
   2.3574171e+01   7.0958690e-02   2.0267710e+04   1.0800000e+02
   2.2200882e+01   7.2593242e-02   2.0729046e+04   1.0900000e+02
   2.2162960e+01   2.5408241e-02   2.1250857e+04   1.1100000e+02
   2.1805299e+01   1.9385835e-02   2.1182312e+04   1.1900000e+02
   2.0626837e+01   1.7949407e-02   2.0867297e+04   1.2000000e+02
   1.9983079e+01   8.8471980e-02   2.0778227e+04   1.2300000e+02
   1.9768652e+01   7.0577346e-02   2.0719464e+04   1.2400000e+02
   1.9538288e+01   7.7043308e-02   2.0656293e+04   1.2500000e+02
   1.8440911e+01   6.0174521e-02   2.0597005e+04   1.2700000e+02
   1.7128783e+01   5.3122658e-02   2.0574746e+04   1.3100000e+02
   1.7095813e+01   5.1860983e-02   2.0614172e+04   1.3200000e+02
   1.6475405e+01   9.8733162e-02   2.0604568e+04   1.3300000e+02
   1.6338279e+01   1.0177482e-01   2.0584339e+04   1.3400000e+02
   1.6308380e+01   8.9513372e-02   2.0566631e+04   1.3500000e+02
   1.6267187e+01   8.8180254e-02   2.0575129e+04   1.3700000e+02
   1.5844456e+01   8.0563261e-02   2.0683407e+04   1.3800000e+02
   1.5264546e+01   3.8885996e-02   2.0787241e+04   1.3900000e+02
   1.5262137e+01   3.8556817e-02   2.0790188e+04   1.4000000e+02
   1.1765584e+01   0.0000000e+00   2.1016460e+04   1.4100000e+02
   1.1627778e+01   0.0000000e+00   2.1320500e+04   1.4200000e+02
   1.1616777e+01   0.0000000e+00   2.1391462e+04   1.4300000e+02
   1.1599695e+01   0.0000000e+00   2.1445338e+04   1.4600000e+02
   1.0841721e+01   0.0000000e+00   2.1717323e+04   1.4700000e+02
   1.0778672e+01   0.0000000e+00   2.1963724e+04   1.4900000e+02
   1.0746648e+01   0.0000000e+00   2.1635412e+04   1.5600000e+02
   1.0268654e+01   0.0000000e+00   2.1485723e+04   1.6000000e+02
   9.5233706e+00   0.0000000e+00   2.1296901e+04   1.6100000e+02
   7.4916432e+00   0.0000000e+00   2.1218065e+04   1.6200000e+02
   6.6628908e+00   0.0000000e+00   2.1073061e+04   1.6300000e+02
   6.4807941e+00   0.0000000e+00   2.0899550e+04   1.6400000e+02
   6.4778660e+00   0.0000000e+00   2.0888527e+04   1.6600000e+02
   6.4753863e+00   0.0000000e+00   2.0879245e+04   1.7100000e+02
   6.4630003e+00   0.0000000e+00   2.0688575e+04   1.7500000e+02
   5.6977978e+00   0.0000000e+00   2.0768532e+04   1.7700000e+02
   5.6669771e+00   0.0000000e+00   2.0846453e+04   1.7900000e+02
   5.5082510e+00   0.0000000e+00   2.1225277e+04   1.8100000e+02
   5.2016793e+00   0.0000000e+00   2.1411175e+04   1.8300000e+02
   5.1032101e+00   0.0000000e+00   2.1956610e+04   1.8600000e+02
   5.0858971e+00   0.0000000e+00   2.1896845e+04   1.9400000e+02
   5.0802191e+00   0.0000000e+00   2.1829335e+04   2.0100000e+02
   5.0799840e+00   0.0000000e+00   2.1546832e+04   2.0600000e+02
   5.0464192e+00   0.0000000e+00   2.1505915e+04   2.0700000e+02
   5.0415683e+00   0.0000000e+00   2.1614847e+04   2.2100000e+02
   5.0234506e+00   0.0000000e+00   2.1833062e+04   2.2200000e+02
   4.9745689e+00   0.0000000e+00   2.2421206e+04   2.2300000e+02
   4.9574394e+00   0.0000000e+00   2.1978090e+04   2.3300000e+02
   3.3018875e+00   0.0000000e+00   2.1883399e+04   2.3500000e+02
   3.2944636e+00   0.0000000e+00   2.1772085e+04   2.3800000e+02
   3.2648409e+00   0.0000000e+00   2.1649466e+04   2.4200000e+02
   3.1622232e+00   0.0000000e+00   2.1481394e+04   2.4300000e+02
   4.2117238e-01   0.0000000e+00   2.1393992e+04   2.4800000e+02
   4.0646248e-01   0.0000000e+00   2.1493851e+04   2.5100000e+02
   3.9692350e-01   0.0000000e+00   2.1627302e+04   2.5200000e+02
   3.6581485e-01   0.0000000e+00   2.1875507e+04   2.5300000e+02
   3.6150543e-01   0.0000000e+00   2.2217531e+04   2.5800000e+02
   3.4312251e-01   0.0000000e+00   2.2729118e+04   2.5900000e+02
   3.3339602e-01   0.0000000e+00   2.2504949e+04   2.7000000e+02
   2.9201612e-01   0.0000000e+00   2.2396807e+04   2.7400000e+02
   2.8989461e-01   0.0000000e+00   2.2207301e+04   2.7500000e+02
   2.7473662e-01   0.0000000e+00   2.1929025e+04   2.7600000e+02
   2.7314537e-01   0.0000000e+00   2.1770396e+04   2.7800000e+02
   2.4082131e-01   0.0000000e+00   2.1833530e+04   2.8000000e+02
   2.3121127e-01   0.0000000e+00   2.1785383e+04   2.8100000e+02
   2.1006924e-01   0.0000000e+00   2.1825391e+04   2.8200000e+02
   2.0995023e-01   0.0000000e+00   2.1779907e+04   2.8400000e+02
   2.0993864e-01   0.0000000e+00   2.1777040e+04   2.8900000e+02
   4.8796450e-03   0.0000000e+00   2.1907564e+04   2.9100000e+02
   2.4378524e-03   0.0000000e+00   2.2224873e+04   2.9200000e+02
   2.2010682e-03   0.0000000e+00   2.2384963e+04   2.9300000e+02
   2.0001857e-03   0.0000000e+00   2.2656819e+04   2.9400000e+02
   7.5020960e-04   0.0000000e+00   2.2840791e+04   2.9500000e+02
   4.9512426e-04   0.0000000e+00   2.3074309e+04   2.9600000e+02
   1.8991150e-04   0.0000000e+00   2.2538417e+04   3.0700000e+02
   0.0000000e+00   0.0000000e+00   2.2274159e+04   3.1000000e+02
   0.0000000e+00   0.0000000e+00   2.2261686e+04   3.1100000e+02
   0.0000000e+00   0.0000000e+00   2.1903270e+04   3.1200000e+02
   0.0000000e+00   0.0000000e+00   2.1764784e+04   3.1700000e+02
   0.0000000e+00   0.0000000e+00   2.1742718e+04   3.2600000e+02
   0.0000000e+00   0.0000000e+00   2.1702956e+04   3.2700000e+02
   0.0000000e+00   0.0000000e+00   2.1517817e+04   3.5000000e+02
   0.0000000e+00   0.0000000e+00   2.1390211e+04   3.5100000e+02
   0.0000000e+00   0.0000000e+00   2.1119965e+04   3.5200000e+02
   0.0000000e+00   0.0000000e+00   2.1048506e+04   3.5600000e+02
   0.0000000e+00   0.0000000e+00   2.0999104e+04   3.5800000e+02
   0.0000000e+00   0.0000000e+00   2.0866143e+04   3.6200000e+02
   0.0000000e+00   0.0000000e+00   2.0692683e+04   4.2100000e+02
   0.0000000e+00   0.0000000e+00   2.0453929e+04   4.2300000e+02
   0.0000000e+00   0.0000000e+00   2.0297937e+04   4.2800000e+02
   0.0000000e+00   0.0000000e+00   2.0080613e+04   4.2900000e+02
   0.0000000e+00   0.0000000e+00   2.0036428e+04   4.3000000e+02
   0.0000000e+00   0.0000000e+00   1.9862085e+04   4.6500000e+02
   0.0000000e+00   0.0000000e+00   1.9732930e+04   4.6900000e+02
   0.0000000e+00   0.0000000e+00   1.9724692e+04   4.7100000e+02
   0.0000000e+00   0.0000000e+00   1.9576918e+04   4.9600000e+02
   0.0000000e+00   0.0000000e+00   1.9383615e+04   4.9700000e+02
   0.0000000e+00   0.0000000e+00   1.9351837e+04   4.9800000e+02
   0.0000000e+00   0.0000000e+00   1.9170495e+04   4.9900000e+02
   0.0000000e+00   0.0000000e+00   1.9151281e+04   5.0100000e+02
   0.0000000e+00   0.0000000e+00   1.8972866e+04   5.0200000e+02
   0.0000000e+00   0.0000000e+00   1.8901879e+04   5.0300000e+02
   0.0000000e+00   0.0000000e+00   1.8628145e+04   5.0500000e+02
   0.0000000e+00   0.0000000e+00   1.8588269e+04   5.1000000e+02
   0.0000000e+00   0.0000000e+00   1.8525910e+04   5.2600000e+02
   0.0000000e+00   0.0000000e+00   1.8342802e+04   5.3000000e+02
   0.0000000e+00   0.0000000e+00   1.8278997e+04   5.3200000e+02
   0.0000000e+00   0.0000000e+00   1.8067955e+04   5.3300000e+02
   0.0000000e+00   0.0000000e+00   1.8030187e+04   5.3400000e+02
   0.0000000e+00   0.0000000e+00   1.7875567e+04   5.3500000e+02
   0.0000000e+00   0.0000000e+00   1.7755053e+04   5.3800000e+02
   0.0000000e+00   0.0000000e+00   1.7594021e+04   5.3900000e+02
   0.0000000e+00   0.0000000e+00   1.7577562e+04   5.4000000e+02
   0.0000000e+00   0.0000000e+00   1.7572674e+04   5.4100000e+02
   0.0000000e+00   0.0000000e+00   1.7524468e+04   5.6900000e+02
   0.0000000e+00   0.0000000e+00   1.7312934e+04   5.7000000e+02
   0.0000000e+00   0.0000000e+00   1.7300964e+04   5.7300000e+02
   0.0000000e+00   0.0000000e+00   1.7225432e+04   5.7400000e+02
   0.0000000e+00   0.0000000e+00   1.7097756e+04   5.7700000e+02
   0.0000000e+00   0.0000000e+00   1.6963281e+04   5.7900000e+02
   0.0000000e+00   0.0000000e+00   1.6766635e+04   5.8100000e+02
   0.0000000e+00   0.0000000e+00   1.6759717e+04   6.0300000e+02
   0.0000000e+00   0.0000000e+00   1.6730597e+04   6.0700000e+02
   0.0000000e+00   0.0000000e+00   1.6520905e+04   6.0800000e+02
   0.0000000e+00   0.0000000e+00   1.6415127e+04   6.0900000e+02
   0.0000000e+00   0.0000000e+00   1.6241919e+04   6.1200000e+02
   0.0000000e+00   0.0000000e+00   1.6094202e+04   6.1300000e+02
   0.0000000e+00   0.0000000e+00   1.6056683e+04   6.1400000e+02
   0.0000000e+00   0.0000000e+00   1.5882093e+04   6.3800000e+02
   0.0000000e+00   0.0000000e+00   1.5813776e+04   6.4000000e+02
   0.0000000e+00   0.0000000e+00   1.5762715e+04   6.4500000e+02
   0.0000000e+00   0.0000000e+00   1.5705358e+04   6.4700000e+02
   0.0000000e+00   0.0000000e+00   1.5677547e+04   6.5400000e+02
   0.0000000e+00   0.0000000e+00   1.5625304e+04   6.7600000e+02
   0.0000000e+00   0.0000000e+00   1.5615864e+04   6.8200000e+02
   0.0000000e+00   0.0000000e+00   1.5476941e+04   6.8400000e+02
   0.0000000e+00   0.0000000e+00   1.5476670e+04   6.8500000e+02
   0.0000000e+00   0.0000000e+00   1.5439405e+04   6.8600000e+02
   0.0000000e+00   0.0000000e+00   1.5396734e+04   6.8800000e+02
   0.0000000e+00   0.0000000e+00   1.5324296e+04   6.8900000e+02
   0.0000000e+00   0.0000000e+00   1.5292110e+04   7.1600000e+02
   0.0000000e+00   0.0000000e+00   1.5165132e+04   7.1800000e+02
   0.0000000e+00   0.0000000e+00   1.5036090e+04   7.2400000e+02
   0.0000000e+00   0.0000000e+00   1.5032572e+04   7.2600000e+02
   0.0000000e+00   0.0000000e+00   1.4985080e+04   7.2700000e+02
   0.0000000e+00   0.0000000e+00   1.4963114e+04   7.3000000e+02
   0.0000000e+00   0.0000000e+00   1.4932625e+04   7.5600000e+02
   0.0000000e+00   0.0000000e+00   1.4792396e+04   7.6000000e+02
   0.0000000e+00   0.0000000e+00   1.4780992e+04   7.6100000e+02
   0.0000000e+00   0.0000000e+00   1.4735482e+04   7.6600000e+02
   0.0000000e+00   0.0000000e+00   1.4663314e+04   7.9200000e+02
   0.0000000e+00   0.0000000e+00   1.4554161e+04   7.9300000e+02
   0.0000000e+00   0.0000000e+00   1.4489424e+04   7.9400000e+02
   0.0000000e+00   0.0000000e+00   1.4280728e+04   7.9500000e+02
   0.0000000e+00   0.0000000e+00   1.4268155e+04   7.9700000e+02
   0.0000000e+00   0.0000000e+00   1.4212656e+04   8.2800000e+02
   0.0000000e+00   0.0000000e+00   1.4133513e+04   8.2900000e+02
   0.0000000e+00   0.0000000e+00   1.4014451e+04   8.3000000e+02
   0.0000000e+00   0.0000000e+00   1.3974967e+04   8.3200000e+02
   0.0000000e+00   0.0000000e+00   1.3946369e+04   8.3300000e+02
   0.0000000e+00   0.0000000e+00   1.3831239e+04   8.3600000e+02
   0.0000000e+00   0.0000000e+00   1.3779524e+04   8.6400000e+02
   0.0000000e+00   0.0000000e+00   1.3640293e+04   8.6500000e+02
   0.0000000e+00   0.0000000e+00   1.3530328e+04   8.7200000e+02
   0.0000000e+00   0.0000000e+00   1.3430610e+04   9.0000000e+02
   0.0000000e+00   0.0000000e+00   1.3399826e+04   9.0300000e+02
   0.0000000e+00   0.0000000e+00   1.3317620e+04   9.0400000e+02
   0.0000000e+00   0.0000000e+00   1.3295260e+04   9.0800000e+02
   0.0000000e+00   0.0000000e+00   1.3288312e+04   9.0900000e+02
   0.0000000e+00   0.0000000e+00   1.3253766e+04   9.3400000e+02
   0.0000000e+00   0.0000000e+00   1.3158185e+04   9.3600000e+02
   0.0000000e+00   0.0000000e+00   1.3117617e+04   9.3900000e+02
   0.0000000e+00   0.0000000e+00   1.3113695e+04   9.4000000e+02
   0.0000000e+00   0.0000000e+00   1.3084373e+04   9.4100000e+02
   0.0000000e+00   0.0000000e+00   1.2991651e+04   9.4200000e+02
   0.0000000e+00   0.0000000e+00   1.2824347e+04   9.4600000e+02
   0.0000000e+00   0.0000000e+00   1.2745156e+04   9.4700000e+02
   0.0000000e+00   0.0000000e+00   1.2677817e+04   9.5100000e+02
   0.0000000e+00   0.0000000e+00   1.2530082e+04   9.7400000e+02
   0.0000000e+00   0.0000000e+00   1.2450554e+04   9.7600000e+02
   0.0000000e+00   0.0000000e+00   1.2366370e+04   9.7700000e+02
   0.0000000e+00   0.0000000e+00   1.2329853e+04   9.7800000e+02
   0.0000000e+00   0.0000000e+00   1.2289036e+04   9.8200000e+02
   0.0000000e+00   0.0000000e+00   1.2254399e+04   1.0180000e+03
   0.0000000e+00   0.0000000e+00   1.2225182e+04   1.0480000e+03
   0.0000000e+00   0.0000000e+00   1.2206290e+04   1.0520000e+03
   0.0000000e+00   0.0000000e+00   1.2119006e+04   1.0530000e+03
   0.0000000e+00   0.0000000e+00   1.2111681e+04   1.0540000e+03
   0.0000000e+00   0.0000000e+00   1.1946388e+04   1.0630000e+03
   0.0000000e+00   0.0000000e+00   1.1930245e+04   1.0860000e+03
   0.0000000e+00   0.0000000e+00   1.1912239e+04   1.0870000e+03
   0.0000000e+00   0.0000000e+00   1.1877534e+04   1.0880000e+03
   0.0000000e+00   0.0000000e+00   1.1867403e+04   1.0930000e+03
   0.0000000e+00   0.0000000e+00   1.1794739e+04   1.1220000e+03
   0.0000000e+00   0.0000000e+00   1.1764839e+04   1.1250000e+03
   0.0000000e+00   0.0000000e+00   1.1742881e+04   1.1340000e+03
   0.0000000e+00   0.0000000e+00   1.1708738e+04   1.1630000e+03
   0.0000000e+00   0.0000000e+00   1.1637021e+04   1.1640000e+03
   0.0000000e+00   0.0000000e+00   1.1605832e+04   1.1930000e+03
   0.0000000e+00   0.0000000e+00   1.1569191e+04   1.1980000e+03
   0.0000000e+00   0.0000000e+00   1.1565055e+04   1.1990000e+03
   0.0000000e+00   0.0000000e+00   1.1493829e+04   1.2040000e+03
   0.0000000e+00   0.0000000e+00   1.1487615e+04   1.2100000e+03
   0.0000000e+00   0.0000000e+00   1.1443936e+04   1.2350000e+03
   0.0000000e+00   0.0000000e+00   1.1398653e+04   1.2390000e+03
   0.0000000e+00   0.0000000e+00   1.1376736e+04   1.2740000e+03
   0.0000000e+00   0.0000000e+00   1.1240300e+04   1.2760000e+03
   0.0000000e+00   0.0000000e+00   1.1238568e+04   1.2790000e+03
   0.0000000e+00   0.0000000e+00   1.1232366e+04   1.3040000e+03
   0.0000000e+00   0.0000000e+00   1.1081134e+04   1.3130000e+03
   0.0000000e+00   0.0000000e+00   1.1057777e+04   1.3160000e+03
   0.0000000e+00   0.0000000e+00   1.1011537e+04   1.3850000e+03
   0.0000000e+00   0.0000000e+00   1.0992323e+04   1.4190000e+03
   0.0000000e+00   0.0000000e+00   1.0983159e+04   1.4570000e+03
   0.0000000e+00   0.0000000e+00   1.0973859e+04   1.4620000e+03
   0.0000000e+00   0.0000000e+00   1.0847026e+04   1.4920000e+03
   0.0000000e+00   0.0000000e+00   1.0840689e+04   1.4970000e+03
   0.0000000e+00   0.0000000e+00   1.0832464e+04   1.5720000e+03
   0.0000000e+00   0.0000000e+00   1.0749960e+04   1.5730000e+03
   0.0000000e+00   0.0000000e+00   1.0658995e+04   1.6030000e+03
   0.0000000e+00   0.0000000e+00   1.0645105e+04   1.6060000e+03
   0.0000000e+00   0.0000000e+00   1.0626825e+04   1.6100000e+03
   0.0000000e+00   0.0000000e+00   1.0545292e+04   1.6790000e+03
   0.0000000e+00   0.0000000e+00   1.0529327e+04   1.6800000e+03
   0.0000000e+00   0.0000000e+00   1.0502041e+04   1.6870000e+03
   0.0000000e+00   0.0000000e+00   1.0452739e+04   1.7170000e+03
   0.0000000e+00   0.0000000e+00   1.0452456e+04   1.7200000e+03
   0.0000000e+00   0.0000000e+00   1.0409495e+04   1.7210000e+03
   0.0000000e+00   0.0000000e+00   1.0401748e+04   1.7550000e+03
   0.0000000e+00   0.0000000e+00   1.0245854e+04   1.7900000e+03
   0.0000000e+00   0.0000000e+00   1.0238001e+04   1.7930000e+03
   0.0000000e+00   0.0000000e+00   1.0223962e+04   1.7950000e+03
   0.0000000e+00   0.0000000e+00   1.0204749e+04   1.9000000e+03
   0.0000000e+00   0.0000000e+00   1.0187493e+04   2.0530000e+03
   0.0000000e+00   0.0000000e+00   1.0110677e+04   2.1180000e+03
   0.0000000e+00   0.0000000e+00   1.0093045e+04   2.1290000e+03
   0.0000000e+00   0.0000000e+00   1.0038645e+04   2.1650000e+03
   0.0000000e+00   0.0000000e+00   1.0023188e+04   2.1690000e+03
   0.0000000e+00   0.0000000e+00   1.0000597e+04   2.1970000e+03
   0.0000000e+00   0.0000000e+00   1.0000097e+04   2.2060000e+03
   0.0000000e+00   0.0000000e+00   9.9778319e+03   2.2310000e+03
   0.0000000e+00   0.0000000e+00   9.9160211e+03   2.2330000e+03
   0.0000000e+00   0.0000000e+00   9.8934389e+03   2.2380000e+03
   0.0000000e+00   0.0000000e+00   9.8894700e+03   2.2420000e+03
   0.0000000e+00   0.0000000e+00   9.8581211e+03   2.2460000e+03
   0.0000000e+00   0.0000000e+00   9.7780497e+03   2.2790000e+03
   0.0000000e+00   0.0000000e+00   9.7344506e+03   2.3810000e+03
   0.0000000e+00   0.0000000e+00   9.7311280e+03   2.3850000e+03
   0.0000000e+00   0.0000000e+00   9.6900177e+03   2.4140000e+03
   0.0000000e+00   0.0000000e+00   9.6613968e+03   2.4210000e+03
   0.0000000e+00   0.0000000e+00   9.6241782e+03   2.4530000e+03
   0.0000000e+00   0.0000000e+00   9.5223815e+03   2.4540000e+03
   0.0000000e+00   0.0000000e+00   9.5137325e+03   2.4570000e+03
   0.0000000e+00   0.0000000e+00   9.4411947e+03   2.4900000e+03
   0.0000000e+00   0.0000000e+00   9.3039570e+03   2.5350000e+03
   0.0000000e+00   0.0000000e+00   9.1869765e+03   2.5730000e+03
   0.0000000e+00   0.0000000e+00   9.1663107e+03   2.6050000e+03
   0.0000000e+00   0.0000000e+00   9.1159319e+03   2.6410000e+03
   0.0000000e+00   0.0000000e+00   9.1020918e+03   2.6430000e+03
   0.0000000e+00   0.0000000e+00   9.0952950e+03   2.6780000e+03
   0.0000000e+00   0.0000000e+00   9.0903306e+03   2.6820000e+03
   0.0000000e+00   0.0000000e+00   9.0769897e+03   2.7520000e+03
   0.0000000e+00   0.0000000e+00   9.0696747e+03   2.7570000e+03
   0.0000000e+00   0.0000000e+00   9.0433202e+03   2.7580000e+03
   0.0000000e+00   0.0000000e+00   8.9480029e+03   2.7830000e+03
   0.0000000e+00   0.0000000e+00   8.9092408e+03   2.7890000e+03
   0.0000000e+00   0.0000000e+00   8.9027142e+03   2.7900000e+03
   0.0000000e+00   0.0000000e+00   8.7370593e+03   2.8270000e+03
   0.0000000e+00   0.0000000e+00   8.7017046e+03   2.8300000e+03
   0.0000000e+00   0.0000000e+00   8.6947552e+03   2.8670000e+03
   0.0000000e+00   0.0000000e+00   8.6300682e+03   2.9020000e+03
   0.0000000e+00   0.0000000e+00   8.5547394e+03   2.9040000e+03
   0.0000000e+00   0.0000000e+00   8.5241481e+03   2.9330000e+03
   0.0000000e+00   0.0000000e+00   8.5214864e+03   2.9370000e+03
   0.0000000e+00   0.0000000e+00   8.5133717e+03   2.9400000e+03
   0.0000000e+00   0.0000000e+00   8.4658996e+03   2.9750000e+03
   0.0000000e+00   0.0000000e+00   8.4397594e+03   2.9760000e+03
   0.0000000e+00   0.0000000e+00   8.4069475e+03   3.0120000e+03
   0.0000000e+00   0.0000000e+00   8.3981353e+03   3.0130000e+03
   0.0000000e+00   0.0000000e+00   8.3779483e+03   3.0470000e+03
   0.0000000e+00   0.0000000e+00   8.3726269e+03   3.2730000e+03
   0.0000000e+00   0.0000000e+00   8.3412692e+03   3.3450000e+03
   0.0000000e+00   0.0000000e+00   8.3387567e+03   3.3810000e+03
   0.0000000e+00   0.0000000e+00   8.3001157e+03   3.3890000e+03
   0.0000000e+00   0.0000000e+00   8.2912319e+03   3.5690000e+03
   0.0000000e+00   0.0000000e+00   8.2690916e+03   3.6020000e+03
   0.0000000e+00   0.0000000e+00   8.2500745e+03   3.7140000e+03
   0.0000000e+00   0.0000000e+00   8.2435299e+03   3.7510000e+03
   0.0000000e+00   0.0000000e+00   8.2412948e+03   3.9010000e+03
   0.0000000e+00   0.0000000e+00   8.2244189e+03   3.9370000e+03
   0.0000000e+00   0.0000000e+00   8.2134619e+03   3.9750000e+03
   0.0000000e+00   0.0000000e+00   8.2051077e+03   3.9800000e+03
   0.0000000e+00   0.0000000e+00   8.1852618e+03   4.1240000e+03
   0.0000000e+00   0.0000000e+00   8.1494656e+03   4.2670000e+03
   0.0000000e+00   0.0000000e+00   8.1435955e+03   4.3060000e+03
   0.0000000e+00   0.0000000e+00   8.1209395e+03   4.3420000e+03
   0.0000000e+00   0.0000000e+00   8.0979977e+03   4.3800000e+03
   0.0000000e+00   0.0000000e+00   8.0945661e+03   4.5310000e+03
   0.0000000e+00   0.0000000e+00   8.0525002e+03   4.6790000e+03
   0.0000000e+00   0.0000000e+00   8.0294239e+03   4.8240000e+03
   0.0000000e+00   0.0000000e+00   8.0127081e+03   4.8610000e+03
   0.0000000e+00   0.0000000e+00   7.9970752e+03   5.1180000e+03
   0.0000000e+00   0.0000000e+00   7.9963183e+03   5.6000000e+03
   0.0000000e+00   0.0000000e+00   7.9830629e+03   5.6390000e+03
   0.0000000e+00   0.0000000e+00   7.9819424e+03   5.8980000e+03
   0.0000000e+00   0.0000000e+00   7.9729356e+03   6.2710000e+03
   0.0000000e+00   0.0000000e+00   7.9698845e+03   6.4140000e+03
   0.0000000e+00   0.0000000e+00   7.9658943e+03   6.4520000e+03
   0.0000000e+00   0.0000000e+00   7.9579820e+03   6.4540000e+03
   0.0000000e+00   0.0000000e+00   7.9396666e+03   6.4870000e+03
   0.0000000e+00   0.0000000e+00   7.9263250e+03   6.4900000e+03
   0.0000000e+00   0.0000000e+00   7.9249070e+03   6.5230000e+03
   0.0000000e+00   0.0000000e+00   7.9013900e+03   6.8220000e+03
   0.0000000e+00   0.0000000e+00   7.8785241e+03   6.8600000e+03
   0.0000000e+00   0.0000000e+00   7.8647871e+03   6.8630000e+03
   0.0000000e+00   0.0000000e+00   7.8645070e+03   6.9010000e+03
   0.0000000e+00   0.0000000e+00   7.8413892e+03   7.1900000e+03
   0.0000000e+00   0.0000000e+00   7.8148833e+03   7.1920000e+03
   0.0000000e+00   0.0000000e+00   7.8067946e+03   7.2290000e+03
   0.0000000e+00   0.0000000e+00   7.7811456e+03   7.3780000e+03
   0.0000000e+00   0.0000000e+00   7.7808683e+03   7.6020000e+03
   0.0000000e+00   0.0000000e+00   7.7781711e+03   7.7160000e+03
   0.0000000e+00   0.0000000e+00   7.7773663e+03   8.0070000e+03
   0.0000000e+00   0.0000000e+00   7.7689415e+03   8.1170000e+03
   0.0000000e+00   0.0000000e+00   7.7522035e+03   8.1540000e+03
   0.0000000e+00   0.0000000e+00   7.7505290e+03   8.3760000e+03
   0.0000000e+00   0.0000000e+00   6.6695533e+03   1.5100100e+05
   0.0000000e+00   0.0000000e+00   7.7341479e+03   8.4490000e+03
   0.0000000e+00   0.0000000e+00   7.7312526e+03   8.5260000e+03
   0.0000000e+00   0.0000000e+00   7.7295227e+03   8.6340000e+03
   0.0000000e+00   0.0000000e+00   7.7213845e+03   8.7830000e+03
   0.0000000e+00   0.0000000e+00   7.7167968e+03   8.8580000e+03
   0.0000000e+00   0.0000000e+00   7.7015118e+03   8.9280000e+03
   0.0000000e+00   0.0000000e+00   7.6822038e+03   9.1530000e+03
   0.0000000e+00   0.0000000e+00   7.6701679e+03   9.2240000e+03
   0.0000000e+00   0.0000000e+00   7.6257936e+03   9.3700000e+03
   0.0000000e+00   0.0000000e+00   7.6101088e+03   9.3750000e+03
   0.0000000e+00   0.0000000e+00   7.5927793e+03   9.4470000e+03
   0.0000000e+00   0.0000000e+00   7.5776318e+03   9.4500000e+03
   0.0000000e+00   0.0000000e+00   7.5676597e+03   9.6010000e+03
   0.0000000e+00   0.0000000e+00   7.5639384e+03   9.7440000e+03
   0.0000000e+00   0.0000000e+00   6.6693633e+03   1.5244100e+05
   0.0000000e+00   0.0000000e+00   7.5558991e+03   9.7840000e+03
   0.0000000e+00   0.0000000e+00   7.5529010e+03   9.8580000e+03
   0.0000000e+00   0.0000000e+00   7.5477966e+03   9.8930000e+03
   0.0000000e+00   0.0000000e+00   6.6691803e+03   1.5261800e+05
   0.0000000e+00   0.0000000e+00   7.5459616e+03   9.9690000e+03
   0.0000000e+00   0.0000000e+00   7.5216519e+03   1.0004000e+04
   0.0000000e+00   0.0000000e+00   7.4912724e+03   1.0150000e+04
   0.0000000e+00   0.0000000e+00   7.4881987e+03   1.0202000e+04
   0.0000000e+00   0.0000000e+00   7.4860157e+03   1.0298000e+04
   0.0000000e+00   0.0000000e+00   7.4773283e+03   1.0336000e+04
   0.0000000e+00   0.0000000e+00   7.4761640e+03   1.0340000e+04
   0.0000000e+00   0.0000000e+00   7.4666091e+03   1.0558000e+04
   0.0000000e+00   0.0000000e+00   7.4642759e+03   1.0559000e+04
   0.0000000e+00   0.0000000e+00   7.4596247e+03   1.0633000e+04
   0.0000000e+00   0.0000000e+00   7.4431287e+03   1.0668000e+04
   0.0000000e+00   0.0000000e+00   7.4426106e+03   1.0780000e+04
   0.0000000e+00   0.0000000e+00   7.4388037e+03   1.0894000e+04
   0.0000000e+00   0.0000000e+00   7.4371329e+03   1.1003000e+04
   0.0000000e+00   0.0000000e+00   7.4192781e+03   1.1485000e+04
   0.0000000e+00   0.0000000e+00   7.4087368e+03   1.1705000e+04
   0.0000000e+00   0.0000000e+00   7.4046167e+03   1.1929000e+04
   0.0000000e+00   0.0000000e+00   7.3923726e+03   1.2076000e+04
   0.0000000e+00   0.0000000e+00   7.3923198e+03   1.2225000e+04
   0.0000000e+00   0.0000000e+00   7.3867496e+03   1.2260000e+04
   0.0000000e+00   0.0000000e+00   7.3502284e+03   1.2299000e+04
   0.0000000e+00   0.0000000e+00   7.3424599e+03   1.2668000e+04
   0.0000000e+00   0.0000000e+00   7.3210871e+03   1.2854000e+04
   0.0000000e+00   0.0000000e+00   7.3097703e+03   1.3003000e+04
   0.0000000e+00   0.0000000e+00   7.2653148e+03   1.3292000e+04
   0.0000000e+00   0.0000000e+00   7.2633636e+03   1.3521000e+04
   0.0000000e+00   0.0000000e+00   7.2518335e+03   1.3590000e+04
   0.0000000e+00   0.0000000e+00   7.2484440e+03   1.3851000e+04
   0.0000000e+00   0.0000000e+00   7.2357415e+03   1.3891000e+04
   0.0000000e+00   0.0000000e+00   7.2269940e+03   1.3969000e+04
   0.0000000e+00   0.0000000e+00   7.2121711e+03   1.4073000e+04
   0.0000000e+00   0.0000000e+00   7.2075043e+03   1.4222000e+04
   0.0000000e+00   0.0000000e+00   7.2069160e+03   1.4443000e+04
   0.0000000e+00   0.0000000e+00   7.1973630e+03   1.4480000e+04
   0.0000000e+00   0.0000000e+00   7.1816676e+03   1.4514000e+04
   0.0000000e+00   0.0000000e+00   7.1683344e+03   1.4553000e+04
   0.0000000e+00   0.0000000e+00   7.1613325e+03   1.4703000e+04
   0.0000000e+00   0.0000000e+00   7.1569651e+03   1.5813000e+04
   0.0000000e+00   0.0000000e+00   7.1521260e+03   1.5852000e+04
   0.0000000e+00   0.0000000e+00   7.1490132e+03   1.5853000e+04
   0.0000000e+00   0.0000000e+00   7.1482327e+03   1.5886000e+04
   0.0000000e+00   0.0000000e+00   7.1476196e+03   1.6184000e+04
   0.0000000e+00   0.0000000e+00   7.1451106e+03   1.6256000e+04
   0.0000000e+00   0.0000000e+00   7.1424001e+03   1.6442000e+04
   0.0000000e+00   0.0000000e+00   7.1363034e+03   1.6773000e+04
   0.0000000e+00   0.0000000e+00   7.1314568e+03   1.7181000e+04
   0.0000000e+00   0.0000000e+00   7.1245134e+03   1.7403000e+04
   0.0000000e+00   0.0000000e+00   7.1214502e+03   1.7514000e+04
   0.0000000e+00   0.0000000e+00   7.1188303e+03   1.7625000e+04
   0.0000000e+00   0.0000000e+00   7.1101250e+03   1.7775000e+04
   0.0000000e+00   0.0000000e+00   7.1041381e+03   1.7852000e+04
   0.0000000e+00   0.0000000e+00   7.1014410e+03   1.7923000e+04
   0.0000000e+00   0.0000000e+00   7.0905290e+03   1.7996000e+04
   0.0000000e+00   0.0000000e+00   7.0829819e+03   1.8034000e+04
   0.0000000e+00   0.0000000e+00   7.0701879e+03   1.8066000e+04
   0.0000000e+00   0.0000000e+00   7.0625223e+03   1.8253000e+04
   0.0000000e+00   0.0000000e+00   7.0579804e+03   1.8328000e+04
   0.0000000e+00   0.0000000e+00   7.0412431e+03   1.8330000e+04
   0.0000000e+00   0.0000000e+00   7.0378399e+03   1.8511000e+04
   0.0000000e+00   0.0000000e+00   7.0155445e+03   1.9325000e+04
   0.0000000e+00   0.0000000e+00   7.0154761e+03   1.9405000e+04
   0.0000000e+00   0.0000000e+00   7.0133503e+03   1.9438000e+04
   0.0000000e+00   0.0000000e+00   7.0112245e+03   1.9660000e+04
   0.0000000e+00   0.0000000e+00   7.0049733e+03   1.9883000e+04
   0.0000000e+00   0.0000000e+00   7.0021934e+03   2.0216000e+04
   0.0000000e+00   0.0000000e+00   6.9842165e+03   2.0223000e+04
   0.0000000e+00   0.0000000e+00   6.9754277e+03   2.0327000e+04
   0.0000000e+00   0.0000000e+00   6.9507381e+03   2.0362000e+04
   0.0000000e+00   0.0000000e+00   6.9501700e+03   2.0549000e+04
   0.0000000e+00   0.0000000e+00   6.9386248e+03   2.0584000e+04
   0.0000000e+00   0.0000000e+00   6.9032113e+03   2.1547000e+04
   0.0000000e+00   0.0000000e+00   6.9021354e+03   2.1659000e+04
   0.0000000e+00   0.0000000e+00   6.9005240e+03   2.1698000e+04
   0.0000000e+00   0.0000000e+00   6.8927057e+03   2.1734000e+04
   0.0000000e+00   0.0000000e+00   6.8906688e+03   2.2066000e+04
   0.0000000e+00   0.0000000e+00   6.8798686e+03   2.2434000e+04
   0.0000000e+00   0.0000000e+00   6.8774412e+03   2.3179000e+04
   0.0000000e+00   0.0000000e+00   6.6598779e+03   1.6645100e+05
   0.0000000e+00   0.0000000e+00   6.6597955e+03   1.6657600e+05
   0.0000000e+00   0.0000000e+00   6.6597132e+03   1.6684400e+05
   0.0000000e+00   0.0000000e+00   6.8746351e+03   2.4027000e+04
   0.0000000e+00   0.0000000e+00   6.8732608e+03   2.4066000e+04
   0.0000000e+00   0.0000000e+00   6.8686183e+03   2.4360000e+04
   0.0000000e+00   0.0000000e+00   6.8520734e+03   2.4586000e+04
   0.0000000e+00   0.0000000e+00   6.6595302e+03   1.6783300e+05
   0.0000000e+00   0.0000000e+00   6.8507690e+03   2.5803000e+04
   0.0000000e+00   0.0000000e+00   6.8413673e+03   2.5838000e+04
   0.0000000e+00   0.0000000e+00   6.8391562e+03   2.6432000e+04
   0.0000000e+00   0.0000000e+00   6.8346235e+03   2.6469000e+04
   0.0000000e+00   0.0000000e+00   6.8293614e+03   2.6616000e+04
   0.0000000e+00   0.0000000e+00   6.8268122e+03   2.6949000e+04
   0.0000000e+00   0.0000000e+00   6.8247655e+03   2.6986000e+04
   0.0000000e+00   0.0000000e+00   6.8243257e+03   2.7025000e+04
   0.0000000e+00   0.0000000e+00   6.8208185e+03   2.7431000e+04
   0.0000000e+00   0.0000000e+00   6.8085906e+03   2.7579000e+04
   0.0000000e+00   0.0000000e+00   6.7895207e+03   2.7650000e+04
   0.0000000e+00   0.0000000e+00   6.7802742e+03   2.7836000e+04
   0.0000000e+00   0.0000000e+00   6.7748771e+03   2.7839000e+04
   0.0000000e+00   0.0000000e+00   6.7640672e+03   2.7874000e+04
   0.0000000e+00   0.0000000e+00   6.7600950e+03   2.7875000e+04
   0.0000000e+00   0.0000000e+00   6.7490219e+03   2.8059000e+04
   0.0000000e+00   0.0000000e+00   6.7402259e+03   2.8245000e+04
   0.0000000e+00   0.0000000e+00   6.7245277e+03   2.8392000e+04
   0.0000000e+00   0.0000000e+00   6.7201953e+03   2.8763000e+04
   0.0000000e+00   0.0000000e+00   6.7192893e+03   2.8873000e+04
   0.0000000e+00   0.0000000e+00   6.7056546e+03   2.9171000e+04
   0.0000000e+00   0.0000000e+00   6.6978782e+03   2.9205000e+04
   0.0000000e+00   0.0000000e+00   6.6591022e+03   1.7198400e+05
   0.0000000e+00   0.0000000e+00   6.6918118e+03   2.9245000e+04
   0.0000000e+00   0.0000000e+00   6.6916081e+03   2.9577000e+04
   0.0000000e+00   0.0000000e+00   6.6900728e+03   2.9687000e+04
   0.0000000e+00   0.0000000e+00   6.6897250e+03   3.0058000e+04
   0.0000000e+00   0.0000000e+00   6.6889278e+03   3.0356000e+04
   0.0000000e+00   0.0000000e+00   6.6884638e+03   3.0834000e+04
   0.0000000e+00   0.0000000e+00   6.6844383e+03   3.1019000e+04
   0.0000000e+00   0.0000000e+00   6.6725372e+03   3.2387000e+04
   0.0000000e+00   0.0000000e+00   6.6688606e+03   3.3126000e+04
   0.0000000e+00   0.0000000e+00   6.6470934e+03   3.4755000e+04
   0.0000000e+00   0.0000000e+00   6.6453734e+03   3.4981000e+04
   0.0000000e+00   0.0000000e+00   6.6432837e+03   3.5386000e+04
   0.0000000e+00   0.0000000e+00   6.6377550e+03   3.5532000e+04
   0.0000000e+00   0.0000000e+00   6.6366705e+03   3.7051000e+04
   0.0000000e+00   0.0000000e+00   6.6346176e+03   3.7346000e+04
   0.0000000e+00   0.0000000e+00   6.6265934e+03   3.7939000e+04
   0.0000000e+00   0.0000000e+00   6.6168291e+03   3.8048000e+04
   0.0000000e+00   0.0000000e+00   6.6164009e+03   3.8199000e+04
   0.0000000e+00   0.0000000e+00   6.6156204e+03   3.8493000e+04
   0.0000000e+00   0.0000000e+00   6.6076668e+03   3.8530000e+04
   0.0000000e+00   0.0000000e+00   6.6047605e+03   3.9122000e+04
   0.0000000e+00   0.0000000e+00   6.6588049e+03   1.8121600e+05
   0.0000000e+00   0.0000000e+00   6.5915985e+03   3.9639000e+04
   0.0000000e+00   0.0000000e+00   6.5894324e+03   4.0157000e+04
   0.0000000e+00   0.0000000e+00   6.5827284e+03   4.0344000e+04
   0.0000000e+00   0.0000000e+00   6.5808001e+03   4.0568000e+04
   0.0000000e+00   0.0000000e+00   6.5713095e+03   4.0638000e+04
   0.0000000e+00   0.0000000e+00   6.5661448e+03   4.2600000e+04
   0.0000000e+00   0.0000000e+00   6.5589527e+03   4.2823000e+04
   0.0000000e+00   0.0000000e+00   6.6524740e+03   1.8466000e+05
   0.0000000e+00   0.0000000e+00   6.5484011e+03   4.3563000e+04
   0.0000000e+00   0.0000000e+00   6.6522874e+03   1.8542900e+05
   0.0000000e+00   0.0000000e+00   6.5474926e+03   4.3710000e+04
   0.0000000e+00   0.0000000e+00   6.5446868e+03   4.4599000e+04
   0.0000000e+00   0.0000000e+00   6.5413488e+03   4.5193000e+04
   0.0000000e+00   0.0000000e+00   6.5411049e+03   4.5339000e+04
   0.0000000e+00   0.0000000e+00   6.5401989e+03   4.5856000e+04
   0.0000000e+00   0.0000000e+00   6.5387443e+03   4.6077000e+04
   0.0000000e+00   0.0000000e+00   6.5379423e+03   4.6078000e+04
   0.0000000e+00   0.0000000e+00   6.5303999e+03   4.6336000e+04
   0.0000000e+00   0.0000000e+00   6.5190316e+03   4.7076000e+04
   0.0000000e+00   0.0000000e+00   6.5170589e+03   4.7706000e+04
   0.0000000e+00   0.0000000e+00   6.5150862e+03   4.9334000e+04
   0.0000000e+00   0.0000000e+00   6.5120816e+03   4.9963000e+04
   0.0000000e+00   0.0000000e+00   6.5116142e+03   5.0371000e+04
   0.0000000e+00   0.0000000e+00   6.5039624e+03   5.1515000e+04
   0.0000000e+00   0.0000000e+00   6.5004803e+03   5.1667000e+04
   0.0000000e+00   0.0000000e+00   6.4986637e+03   5.1702000e+04
   0.0000000e+00   0.0000000e+00   6.4910299e+03   5.2072000e+04
   0.0000000e+00   0.0000000e+00   6.4907096e+03   5.3182000e+04
   0.0000000e+00   0.0000000e+00   6.4901309e+03   5.3516000e+04
   0.0000000e+00   0.0000000e+00   6.4800635e+03   5.3923000e+04
   0.0000000e+00   0.0000000e+00   6.4744935e+03   5.4919000e+04
   0.0000000e+00   0.0000000e+00   6.4730120e+03   5.5364000e+04
   0.0000000e+00   0.0000000e+00   6.4716053e+03   5.5699000e+04
   0.0000000e+00   0.0000000e+00   6.4678526e+03   5.7066000e+04
   0.0000000e+00   0.0000000e+00   6.4619739e+03   5.7325000e+04
   0.0000000e+00   0.0000000e+00   6.4569797e+03   5.8215000e+04
   0.0000000e+00   0.0000000e+00   6.4542588e+03   5.9028000e+04
   0.0000000e+00   0.0000000e+00   6.4436212e+03   6.0618000e+04
   0.0000000e+00   0.0000000e+00   6.4334793e+03   6.1172000e+04
   0.0000000e+00   0.0000000e+00   6.4319581e+03   6.1727000e+04
   0.0000000e+00   0.0000000e+00   6.4277795e+03   6.2506000e+04
   0.0000000e+00   0.0000000e+00   6.4261321e+03   6.4023000e+04
   0.0000000e+00   0.0000000e+00   6.4210611e+03   6.4465000e+04
   0.0000000e+00   0.0000000e+00   6.4189708e+03   6.4504000e+04
   0.0000000e+00   0.0000000e+00   6.4167880e+03   6.4616000e+04
   0.0000000e+00   0.0000000e+00   6.4059900e+03   6.4911000e+04
   0.0000000e+00   0.0000000e+00   6.4051053e+03   6.5725000e+04
   0.0000000e+00   0.0000000e+00   6.3971814e+03   6.7093000e+04
   0.0000000e+00   0.0000000e+00   6.3964009e+03   6.7908000e+04
   0.0000000e+00   0.0000000e+00   6.3918712e+03   6.8243000e+04
   0.0000000e+00   0.0000000e+00   6.3819893e+03   7.0127000e+04
   0.0000000e+00   0.0000000e+00   6.3811574e+03   7.1609000e+04
   0.0000000e+00   0.0000000e+00   6.3716805e+03   7.1681000e+04
   0.0000000e+00   0.0000000e+00   6.3704626e+03   7.1760000e+04
   0.0000000e+00   0.0000000e+00   6.3684103e+03   7.2351000e+04
   0.0000000e+00   0.0000000e+00   6.3594837e+03   7.2455000e+04
   0.0000000e+00   0.0000000e+00   6.3589964e+03   7.2572000e+04
   0.0000000e+00   0.0000000e+00   6.3515671e+03   7.2791000e+04
   0.0000000e+00   0.0000000e+00   6.3424615e+03   7.3124000e+04
   0.0000000e+00   0.0000000e+00   6.3349103e+03   7.3383000e+04
   0.0000000e+00   0.0000000e+00   6.3343369e+03   7.3607000e+04
   0.0000000e+00   0.0000000e+00   6.3341766e+03   7.3939000e+04
   0.0000000e+00   0.0000000e+00   6.3319415e+03   7.4345000e+04
   0.0000000e+00   0.0000000e+00   6.3281156e+03   7.4678000e+04
   0.0000000e+00   0.0000000e+00   6.3241537e+03   7.5269000e+04
   0.0000000e+00   0.0000000e+00   6.3088018e+03   7.5528000e+04
   0.0000000e+00   0.0000000e+00   6.3063348e+03   7.5641000e+04
   0.0000000e+00   0.0000000e+00   6.2995755e+03   7.6233000e+04
   0.0000000e+00   0.0000000e+00   6.2778888e+03   7.6302000e+04
   0.0000000e+00   0.0000000e+00   6.2737903e+03   7.6418000e+04
   0.0000000e+00   0.0000000e+00   6.2723152e+03   7.6897000e+04
   0.0000000e+00   0.0000000e+00   6.2661843e+03   7.7157000e+04
   0.0000000e+00   0.0000000e+00   6.2644651e+03   7.7638000e+04
   0.0000000e+00   0.0000000e+00   6.2608669e+03   7.7860000e+04
   0.0000000e+00   0.0000000e+00   6.2570410e+03   7.7970000e+04
   0.0000000e+00   0.0000000e+00   6.2543170e+03   8.1302000e+04
   0.0000000e+00   0.0000000e+00   6.2413238e+03   8.7811000e+04
   0.0000000e+00   0.0000000e+00   6.2390887e+03   8.7887000e+04
   0.0000000e+00   0.0000000e+00   6.2312969e+03   8.7924000e+04
   0.0000000e+00   0.0000000e+00   6.2309931e+03   9.0700000e+04
   0.0000000e+00   0.0000000e+00   6.2269038e+03   9.0996000e+04
   0.0000000e+00   0.0000000e+00   6.2180070e+03   9.2104000e+04
   0.0000000e+00   0.0000000e+00   6.2150009e+03   9.2770000e+04
   0.0000000e+00   0.0000000e+00   6.2143011e+03   9.2920000e+04
   0.0000000e+00   0.0000000e+00   6.2128465e+03   9.6878000e+04
   0.0000000e+00   0.0000000e+00   6.2074300e+03   9.7211000e+04
   0.0000000e+00   0.0000000e+00   6.2059753e+03   9.7470000e+04
   0.0000000e+00   0.0000000e+00   6.2040026e+03   9.9395000e+04
   0.0000000e+00   0.0000000e+00   6.2025480e+03   1.0457300e+05
   0.0000000e+00   0.0000000e+00   6.2012818e+03   1.0960700e+05
   0.0000000e+00   0.0000000e+00   6.1998272e+03   1.1208500e+05
   0.0000000e+00   0.0000000e+00   6.1958652e+03   1.1267600e+05
   0.0000000e+00   0.0000000e+00   6.1907943e+03   1.1889300e+05
   0.0000000e+00   0.0000000e+00   6.1880837e+03   1.1900600e+05
   0.0000000e+00   0.0000000e+00   6.1854470e+03   1.2140800e+05
   0.0000000e+00   0.0000000e+00   6.1839924e+03   1.2322200e+05
   0.0000000e+00   0.0000000e+00   6.1817573e+03   1.2847600e+05
   0.0000000e+00   0.0000000e+00   6.1795222e+03   1.2862400e+05
   0.0000000e+00   0.0000000e+00   6.1727930e+03   1.3276500e+05
   0.0000000e+00   0.0000000e+00   6.1691164e+03   1.4512500e+05
   0.0000000e+00   0.0000000e+00   6.1690340e+03   1.7546900e+05
