   3.3057275e+02   7.4554716e+00   1.4936292e+04   1.3000000e+01
   3.2932999e+02   7.4601187e+00   1.4853784e+04   1.5000000e+01
   3.0744206e+02   6.5180452e+00   1.4917610e+04   1.6000000e+01
   3.0477815e+02   6.4292911e+00   1.4856072e+04   1.8000000e+01
   2.9866317e+02   5.5326335e+00   1.4860753e+04   1.9000000e+01
   2.9090965e+02   5.2362051e+00   1.4842021e+04   2.0000000e+01
   2.9086405e+02   5.2125713e+00   1.4854738e+04   2.1000000e+01
   2.9080549e+02   5.1816650e+00   1.4913200e+04   2.2000000e+01
   2.7747232e+02   4.3940424e+00   1.4818589e+04   2.3000000e+01
   2.7213233e+02   4.4264589e+00   1.4796193e+04   2.4000000e+01
   2.7192290e+02   4.3176392e+00   1.4813256e+04   2.5000000e+01
   2.6153456e+02   3.9430092e+00   1.4944742e+04   2.6000000e+01
   2.5900202e+02   4.1073484e+00   1.4849196e+04   2.7000000e+01
   2.5423580e+02   3.9852994e+00   1.5054194e+04   2.8000000e+01
   2.5204683e+02   3.9700124e+00   1.5208913e+04   3.0000000e+01
   2.5061411e+02   3.9175327e+00   1.5400713e+04   3.1000000e+01
   2.5003811e+02   3.7598133e+00   1.5684671e+04   3.2000000e+01
   2.4919589e+02   3.7152325e+00   1.6048509e+04   3.3000000e+01
   2.4821400e+02   3.6037223e+00   1.6523748e+04   3.4000000e+01
   2.4219696e+02   3.4887571e+00   1.6945717e+04   3.6000000e+01
   2.2088329e+02   3.1937923e+00   1.7614143e+04   3.7000000e+01
   2.1735953e+02   3.1271215e+00   1.8160455e+04   3.8000000e+01
   2.0864070e+02   3.1396389e+00   1.7989111e+04   4.5000000e+01
   2.0523424e+02   3.3942041e+00   1.7889771e+04   4.7000000e+01
   2.0505469e+02   3.4192293e+00   1.7777080e+04   5.1000000e+01
   2.0289508e+02   3.3628417e+00   1.7562336e+04   5.3000000e+01
   1.9280110e+02   3.0944871e+00   1.7526215e+04   5.4000000e+01
   1.8644447e+02   2.7978100e+00   1.7569685e+04   5.5000000e+01
   1.8469900e+02   2.6927706e+00   1.7587670e+04   5.6000000e+01
   1.8328768e+02   2.6393497e+00   1.7635890e+04   5.7000000e+01
   1.8154906e+02   2.6673119e+00   1.7538174e+04   5.9000000e+01
   1.5042846e+02   2.7146048e+00   1.7546624e+04   6.0000000e+01
   1.4051214e+02   2.7143972e+00   1.7571838e+04   6.1000000e+01
   1.4006634e+02   2.7035379e+00   1.7589453e+04   6.2000000e+01
   1.3877323e+02   2.7006789e+00   1.7666858e+04   6.4000000e+01
   1.3321432e+02   2.5525255e+00   1.7936541e+04   6.5000000e+01
   1.2967463e+02   2.4360570e+00   1.7998321e+04   6.6000000e+01
   1.2776772e+02   2.4278845e+00   1.8148664e+04   6.7000000e+01
   1.2766516e+02   2.2519849e+00   1.8331698e+04   6.8000000e+01
   1.1881728e+02   1.8937028e+00   1.8526763e+04   6.9000000e+01
   1.1723984e+02   1.9050991e+00   1.8696528e+04   7.0000000e+01
   1.1586661e+02   1.8545233e+00   1.9099201e+04   7.1000000e+01
   1.0027216e+02   1.1750608e+00   1.9485393e+04   7.3000000e+01
   9.9740686e+01   1.1671194e+00   2.0010585e+04   7.5000000e+01
   9.6799359e+01   1.1830598e+00   1.9769405e+04   8.5000000e+01
   9.0503937e+01   1.1818983e+00   1.9608856e+04   8.7000000e+01
   8.9826336e+01   1.1423267e+00   1.9326308e+04   9.0000000e+01
   8.0649704e+01   9.8848398e-01   1.9295928e+04   9.1000000e+01
   8.0645082e+01   9.9029470e-01   1.8926561e+04   9.2000000e+01
   8.0054593e+01   9.8851380e-01   1.8886051e+04   9.3000000e+01
   7.9362212e+01   9.3817138e-01   1.8957726e+04   9.5000000e+01
   7.8595869e+01   9.2978348e-01   1.8816878e+04   9.6000000e+01
   7.8308382e+01   9.1725060e-01   1.8707760e+04   9.7000000e+01
   7.4803102e+01   8.7193320e-01   1.8724320e+04   9.9000000e+01
   7.4451696e+01   8.8842651e-01   1.8559745e+04   1.0000000e+02
   7.3062592e+01   8.7126764e-01   1.8500456e+04   1.0100000e+02
   7.2980826e+01   9.1106770e-01   1.8538614e+04   1.0200000e+02
   7.1210240e+01   8.2487348e-01   1.8722592e+04   1.0300000e+02
   7.0878701e+01   8.0473916e-01   1.8782066e+04   1.0400000e+02
   6.9358447e+01   7.8769279e-01   1.8957863e+04   1.0500000e+02
   6.8949705e+01   7.6548400e-01   1.9385909e+04   1.0800000e+02
   6.6675696e+01   7.7133142e-01   1.9771889e+04   1.0900000e+02
   6.1720414e+01   7.5723107e-01   2.0366897e+04   1.1100000e+02
   6.1465797e+01   7.5729094e-01   2.0731150e+04   1.1200000e+02
   5.6022829e+01   7.5711271e-01   2.0667094e+04   1.2000000e+02
   5.5006814e+01   7.5467418e-01   2.0597101e+04   1.2700000e+02
   5.4437042e+01   7.5136770e-01   2.0445325e+04   1.2800000e+02
   5.4265546e+01   7.5037124e-01   2.0410913e+04   1.3200000e+02
   5.4201492e+01   7.4943426e-01   2.0402399e+04   1.3300000e+02
   5.3969074e+01   7.4150262e-01   2.0476708e+04   1.3700000e+02
   5.3946940e+01   7.4591250e-01   2.0199691e+04   1.3800000e+02
   5.3905244e+01   7.4662862e-01   2.0127052e+04   1.3900000e+02
   5.1589423e+01   4.8107036e-01   2.0366698e+04   1.4000000e+02
   5.1058578e+01   4.8277146e-01   2.0436739e+04   1.4100000e+02
   5.0376389e+01   4.8857246e-01   2.0523544e+04   1.4200000e+02
   5.0170941e+01   4.7724345e-01   2.0918127e+04   1.4300000e+02
   5.0014104e+01   4.7776980e-01   2.1020771e+04   1.4400000e+02
   4.9922247e+01   4.8130857e-01   2.1436581e+04   1.4500000e+02
   4.9920129e+01   4.8141624e-01   2.1646453e+04   1.4700000e+02
   4.8208046e+01   4.3800858e-01   2.2127633e+04   1.4800000e+02
   4.8202666e+01   4.3918775e-01   2.1749124e+04   1.6400000e+02
   4.8114116e+01   4.4399262e-01   2.1496057e+04   1.6500000e+02
   4.7902357e+01   4.4068833e-01   2.1344378e+04   1.6600000e+02
   4.7889164e+01   4.4091950e-01   2.1311052e+04   1.6800000e+02
   4.7755306e+01   4.4165413e-01   2.1307007e+04   1.6900000e+02
   4.7562575e+01   4.1010409e-01   2.1299743e+04   1.7300000e+02
   4.5570947e+01   4.0707356e-01   2.1420244e+04   1.7400000e+02
   4.4313351e+01   3.5744534e-01   2.1461278e+04   1.7500000e+02
   4.0273628e+01   3.5031835e-01   2.1684262e+04   1.7700000e+02
   4.0243645e+01   3.5026291e-01   2.1750667e+04   1.7800000e+02
   3.9931071e+01   3.3674478e-01   2.1898463e+04   1.7900000e+02
   3.9865086e+01   3.3824613e-01   2.2030646e+04   1.8100000e+02
   3.8439022e+01   3.4564212e-01   2.2455923e+04   1.8200000e+02
   3.8406051e+01   3.4515023e-01   2.2601885e+04   1.8300000e+02
   3.8178907e+01   3.4465689e-01   2.2826053e+04   1.8400000e+02
   3.5024975e+01   1.4653840e-01   2.3371001e+04   1.8600000e+02
   3.5010595e+01   1.4605916e-01   2.3179354e+04   1.9100000e+02
   3.4895545e+01   1.4694907e-01   2.3006628e+04   1.9400000e+02
   3.4626437e+01   1.4858406e-01   2.2839030e+04   1.9600000e+02
   3.4483878e+01   1.5271079e-01   2.2774965e+04   1.9800000e+02
   3.4357174e+01   1.5330649e-01   2.2519680e+04   1.9900000e+02
   3.0455225e+01   1.3283282e-01   2.2413589e+04   2.0000000e+02
   3.0133827e+01   1.3684951e-01   2.2367614e+04   2.0300000e+02
   3.0129647e+01   1.3737508e-01   2.2226867e+04   2.0900000e+02
   3.0038217e+01   1.3675852e-01   2.2120234e+04   2.1400000e+02
   3.0029506e+01   1.3680480e-01   2.2231103e+04   2.1600000e+02
   3.0009232e+01   1.3559905e-01   2.2345794e+04   2.1800000e+02
   2.9993927e+01   1.3790602e-01   2.2415438e+04   2.1900000e+02
   2.9594403e+01   1.3832500e-01   2.2835620e+04   2.2000000e+02
   2.9401307e+01   1.3848160e-01   2.3085548e+04   2.2200000e+02
   2.9305440e+01   1.3817722e-01   2.3633423e+04   2.2300000e+02
   2.6457269e+01   1.4065190e-01   2.3558383e+04   2.3100000e+02
   2.6359918e+01   1.4977387e-01   2.3333262e+04   2.3300000e+02
   2.6336809e+01   1.4863426e-01   2.3243256e+04   2.3600000e+02
   2.6213767e+01   1.4897979e-01   2.3127850e+04   2.3700000e+02
   2.6185498e+01   1.5318003e-01   2.2737143e+04   2.4000000e+02
   2.5719326e+01   1.5413318e-01   2.2630441e+04   2.4100000e+02
   2.5667384e+01   1.5199131e-01   2.2598171e+04   2.4600000e+02
   2.5536059e+01   1.4460216e-01   2.2554572e+04   2.4700000e+02
   2.5481790e+01   1.4264415e-01   2.2443305e+04   2.4800000e+02
   2.5415918e+01   1.3779912e-01   2.2562992e+04   2.5000000e+02
   2.5336611e+01   1.4219667e-01   2.2628383e+04   2.5300000e+02
   2.5335168e+01   1.4198089e-01   2.2563227e+04   2.5400000e+02
   1.2744256e+01   0.0000000e+00   2.2924152e+04   2.5700000e+02
   1.2532197e+01   0.0000000e+00   2.3458630e+04   2.5800000e+02
   1.2306692e+01   0.0000000e+00   2.4002905e+04   2.5900000e+02
   1.2289269e+01   0.0000000e+00   2.4455085e+04   2.6000000e+02
   1.1699681e+01   0.0000000e+00   2.4418730e+04   2.7000000e+02
   1.1608138e+01   0.0000000e+00   2.4033074e+04   2.7500000e+02
   1.1555973e+01   0.0000000e+00   2.3775405e+04   2.7800000e+02
   1.1535710e+01   0.0000000e+00   2.3835493e+04   2.8000000e+02
   1.1432174e+01   0.0000000e+00   2.3770150e+04   2.8100000e+02
   1.1430359e+01   0.0000000e+00   2.3574025e+04   2.8500000e+02
   5.1913316e+00   0.0000000e+00   2.3451700e+04   2.8600000e+02
   5.0504376e+00   0.0000000e+00   2.3568583e+04   2.8700000e+02
   4.9479418e+00   0.0000000e+00   2.3448947e+04   2.8900000e+02
   4.8827437e+00   0.0000000e+00   2.3434233e+04   2.9000000e+02
   4.8046452e+00   0.0000000e+00   2.3615224e+04   2.9300000e+02
   4.7698230e+00   0.0000000e+00   2.3807346e+04   2.9400000e+02
   4.5541404e+00   0.0000000e+00   2.4085818e+04   2.9600000e+02
   4.5478558e+00   0.0000000e+00   2.3994039e+04   3.0700000e+02
   4.5349334e+00   0.0000000e+00   2.3941354e+04   3.0900000e+02
   3.0746936e+00   0.0000000e+00   2.3614778e+04   3.1000000e+02
   3.0221929e+00   0.0000000e+00   2.3510892e+04   3.1300000e+02
   2.9635816e+00   0.0000000e+00   2.3490572e+04   3.1500000e+02
   2.9369071e+00   0.0000000e+00   2.3263900e+04   3.1600000e+02
   2.8921051e+00   0.0000000e+00   2.3211641e+04   3.2000000e+02
   2.8637528e+00   0.0000000e+00   2.3142176e+04   3.2200000e+02
   2.8028923e+00   0.0000000e+00   2.3116072e+04   3.2300000e+02
   2.7727854e+00   0.0000000e+00   2.3344146e+04   3.2700000e+02
   2.7069709e+00   0.0000000e+00   2.3559791e+04   3.2900000e+02
   2.6580608e+00   0.0000000e+00   2.3846473e+04   3.3100000e+02
   2.6507876e+00   0.0000000e+00   2.4188942e+04   3.3200000e+02
   2.6391335e+00   0.0000000e+00   2.4689901e+04   3.3300000e+02
   2.5346523e+00   0.0000000e+00   2.4496100e+04   3.4400000e+02
   2.5106827e+00   0.0000000e+00   2.4293476e+04   3.4600000e+02
   2.5072034e+00   0.0000000e+00   2.4298585e+04   3.4900000e+02
   2.9934416e-01   0.0000000e+00   2.4336445e+04   3.5300000e+02
   2.9692826e-01   0.0000000e+00   2.4790746e+04   3.7000000e+02
   4.9902903e-02   0.0000000e+00   2.5306645e+04   3.7100000e+02
   4.9088197e-02   0.0000000e+00   2.5029655e+04   3.8500000e+02
   4.9066679e-02   0.0000000e+00   2.4937256e+04   3.8900000e+02
   4.7547417e-02   0.0000000e+00   2.4596037e+04   3.9000000e+02
   4.7498754e-02   0.0000000e+00   2.4615433e+04   3.9100000e+02
   4.6260243e-02   0.0000000e+00   2.4609132e+04   3.9200000e+02
   4.2587370e-02   0.0000000e+00   2.4642428e+04   3.9300000e+02
   4.2205110e-02   0.0000000e+00   2.4595723e+04   3.9400000e+02
   4.2120242e-02   0.0000000e+00   2.4528729e+04   3.9600000e+02
   2.3012699e-02   0.0000000e+00   2.4724840e+04   3.9800000e+02
   2.2478015e-02   0.0000000e+00   2.4846441e+04   3.9900000e+02
   2.1761345e-02   0.0000000e+00   2.5085705e+04   4.0300000e+02
   2.0723845e-02   0.0000000e+00   2.5222656e+04   4.0400000e+02
   0.0000000e+00   0.0000000e+00   2.5444259e+04   4.0500000e+02
   0.0000000e+00   0.0000000e+00   2.5296115e+04   4.1600000e+02
   0.0000000e+00   0.0000000e+00   2.5137975e+04   4.1800000e+02
   0.0000000e+00   0.0000000e+00   2.5053749e+04   4.1900000e+02
   0.0000000e+00   0.0000000e+00   2.4770076e+04   4.2100000e+02
   0.0000000e+00   0.0000000e+00   2.4556882e+04   4.2300000e+02
   0.0000000e+00   0.0000000e+00   2.4453329e+04   4.2400000e+02
   0.0000000e+00   0.0000000e+00   2.4038465e+04   4.2500000e+02
   0.0000000e+00   0.0000000e+00   2.4014975e+04   4.2600000e+02
   0.0000000e+00   0.0000000e+00   2.3653943e+04   4.2700000e+02
   0.0000000e+00   0.0000000e+00   2.3608229e+04   4.2900000e+02
   0.0000000e+00   0.0000000e+00   2.3573716e+04   4.3100000e+02
   0.0000000e+00   0.0000000e+00   2.3448848e+04   4.3200000e+02
   0.0000000e+00   0.0000000e+00   2.3207709e+04   4.3300000e+02
   0.0000000e+00   0.0000000e+00   2.3184381e+04   4.3400000e+02
   0.0000000e+00   0.0000000e+00   2.3062803e+04   4.3700000e+02
   0.0000000e+00   0.0000000e+00   2.2785022e+04   4.5200000e+02
   0.0000000e+00   0.0000000e+00   2.2677755e+04   4.5600000e+02
   0.0000000e+00   0.0000000e+00   2.2577241e+04   4.5800000e+02
   0.0000000e+00   0.0000000e+00   2.2361476e+04   4.5900000e+02
   0.0000000e+00   0.0000000e+00   2.2086634e+04   4.6000000e+02
   0.0000000e+00   0.0000000e+00   2.2068195e+04   4.6200000e+02
   0.0000000e+00   0.0000000e+00   2.2015124e+04   4.6500000e+02
   0.0000000e+00   0.0000000e+00   2.1745722e+04   4.6800000e+02
   0.0000000e+00   0.0000000e+00   2.1672936e+04   4.6900000e+02
   0.0000000e+00   0.0000000e+00   2.1465634e+04   4.7000000e+02
   0.0000000e+00   0.0000000e+00   2.1389548e+04   4.7100000e+02
   0.0000000e+00   0.0000000e+00   2.1264451e+04   4.7300000e+02
   0.0000000e+00   0.0000000e+00   2.1255282e+04   4.7400000e+02
   0.0000000e+00   0.0000000e+00   2.1182792e+04   4.9200000e+02
   0.0000000e+00   0.0000000e+00   2.0943504e+04   4.9300000e+02
   0.0000000e+00   0.0000000e+00   2.0817657e+04   4.9400000e+02
   0.0000000e+00   0.0000000e+00   2.0810512e+04   4.9500000e+02
   0.0000000e+00   0.0000000e+00   2.0700048e+04   4.9600000e+02
   0.0000000e+00   0.0000000e+00   2.0660282e+04   4.9700000e+02
   0.0000000e+00   0.0000000e+00   2.0515547e+04   4.9800000e+02
   0.0000000e+00   0.0000000e+00   2.0199175e+04   4.9900000e+02
   0.0000000e+00   0.0000000e+00   2.0078838e+04   5.0000000e+02
   0.0000000e+00   0.0000000e+00   1.9944742e+04   5.0100000e+02
   0.0000000e+00   0.0000000e+00   1.9883455e+04   5.0400000e+02
   0.0000000e+00   0.0000000e+00   1.9804069e+04   5.0500000e+02
   0.0000000e+00   0.0000000e+00   1.9598831e+04   5.0700000e+02
   0.0000000e+00   0.0000000e+00   1.9570338e+04   5.0800000e+02
   0.0000000e+00   0.0000000e+00   1.9386361e+04   5.2700000e+02
   0.0000000e+00   0.0000000e+00   1.9280161e+04   5.2800000e+02
   0.0000000e+00   0.0000000e+00   1.9207942e+04   5.2900000e+02
   0.0000000e+00   0.0000000e+00   1.9086737e+04   5.3100000e+02
   0.0000000e+00   0.0000000e+00   1.8974387e+04   5.3200000e+02
   0.0000000e+00   0.0000000e+00   1.8876799e+04   5.4100000e+02
   0.0000000e+00   0.0000000e+00   1.8786605e+04   5.4300000e+02
   0.0000000e+00   0.0000000e+00   1.8678905e+04   5.4400000e+02
   0.0000000e+00   0.0000000e+00   1.8597771e+04   5.4500000e+02
   0.0000000e+00   0.0000000e+00   1.8533666e+04   5.4600000e+02
   0.0000000e+00   0.0000000e+00   1.8468178e+04   5.6700000e+02
   0.0000000e+00   0.0000000e+00   1.8385332e+04   5.6900000e+02
   0.0000000e+00   0.0000000e+00   1.8283803e+04   5.7000000e+02
   0.0000000e+00   0.0000000e+00   1.8256165e+04   5.7300000e+02
   0.0000000e+00   0.0000000e+00   1.8152454e+04   5.7500000e+02
   0.0000000e+00   0.0000000e+00   1.7992589e+04   5.7700000e+02
   0.0000000e+00   0.0000000e+00   1.7798919e+04   5.8200000e+02
   0.0000000e+00   0.0000000e+00   1.7695099e+04   6.0000000e+02
   0.0000000e+00   0.0000000e+00   1.7636982e+04   6.0300000e+02
   0.0000000e+00   0.0000000e+00   1.7517668e+04   6.0700000e+02
   0.0000000e+00   0.0000000e+00   1.7452932e+04   6.0900000e+02
   0.0000000e+00   0.0000000e+00   1.7270807e+04   6.1000000e+02
   0.0000000e+00   0.0000000e+00   1.7260576e+04   6.1200000e+02
   0.0000000e+00   0.0000000e+00   1.7193443e+04   6.1300000e+02
   0.0000000e+00   0.0000000e+00   1.6968128e+04   6.1600000e+02
   0.0000000e+00   0.0000000e+00   1.6835350e+04   6.3700000e+02
   0.0000000e+00   0.0000000e+00   1.6717628e+04   6.4000000e+02
   0.0000000e+00   0.0000000e+00   1.6550604e+04   6.4800000e+02
   0.0000000e+00   0.0000000e+00   1.6515913e+04   6.4900000e+02
   0.0000000e+00   0.0000000e+00   1.6505793e+04   6.5000000e+02
   0.0000000e+00   0.0000000e+00   1.6282158e+04   6.5200000e+02
   0.0000000e+00   0.0000000e+00   1.6280368e+04   6.5400000e+02
   0.0000000e+00   0.0000000e+00   1.6247252e+04   6.5500000e+02
   0.0000000e+00   0.0000000e+00   1.6074265e+04   6.7900000e+02
   0.0000000e+00   0.0000000e+00   1.6042517e+04   6.8100000e+02
   0.0000000e+00   0.0000000e+00   1.5970172e+04   6.8200000e+02
   0.0000000e+00   0.0000000e+00   1.5967009e+04   6.8600000e+02
   0.0000000e+00   0.0000000e+00   1.5951362e+04   6.8700000e+02
   0.0000000e+00   0.0000000e+00   1.5916628e+04   7.1300000e+02
   0.0000000e+00   0.0000000e+00   1.5897797e+04   7.1400000e+02
   0.0000000e+00   0.0000000e+00   1.5875998e+04   7.1700000e+02
   0.0000000e+00   0.0000000e+00   1.5740974e+04   7.2000000e+02
   0.0000000e+00   0.0000000e+00   1.5575978e+04   7.2100000e+02
   0.0000000e+00   0.0000000e+00   1.5463337e+04   7.2500000e+02
   0.0000000e+00   0.0000000e+00   1.5313468e+04   7.2600000e+02
   0.0000000e+00   0.0000000e+00   1.5255939e+04   7.3000000e+02
   0.0000000e+00   0.0000000e+00   1.5161469e+04   7.4800000e+02
   0.0000000e+00   0.0000000e+00   1.5124881e+04   7.5300000e+02
   0.0000000e+00   0.0000000e+00   1.5052996e+04   7.5600000e+02
   0.0000000e+00   0.0000000e+00   1.4990909e+04   7.5700000e+02
   0.0000000e+00   0.0000000e+00   1.4905170e+04   7.5800000e+02
   0.0000000e+00   0.0000000e+00   1.4873275e+04   7.6100000e+02
   0.0000000e+00   0.0000000e+00   1.4754470e+04   7.6400000e+02
   0.0000000e+00   0.0000000e+00   1.4592853e+04   7.8900000e+02
   0.0000000e+00   0.0000000e+00   1.4380215e+04   7.9000000e+02
   0.0000000e+00   0.0000000e+00   1.4260684e+04   7.9200000e+02
   0.0000000e+00   0.0000000e+00   1.4252457e+04   7.9300000e+02
   0.0000000e+00   0.0000000e+00   1.4202727e+04   7.9400000e+02
   0.0000000e+00   0.0000000e+00   1.4105406e+04   7.9500000e+02
   0.0000000e+00   0.0000000e+00   1.4024067e+04   7.9600000e+02
   0.0000000e+00   0.0000000e+00   1.4020563e+04   7.9800000e+02
   0.0000000e+00   0.0000000e+00   1.3941411e+04   8.2400000e+02
   0.0000000e+00   0.0000000e+00   1.3859572e+04   8.2600000e+02
   0.0000000e+00   0.0000000e+00   1.3852051e+04   8.2800000e+02
   0.0000000e+00   0.0000000e+00   1.3836887e+04   8.3300000e+02
   0.0000000e+00   0.0000000e+00   1.3820331e+04   8.4400000e+02
   0.0000000e+00   0.0000000e+00   1.3784065e+04   8.6700000e+02
   0.0000000e+00   0.0000000e+00   1.3745800e+04   8.6800000e+02
   0.0000000e+00   0.0000000e+00   1.3655874e+04   8.6900000e+02
   0.0000000e+00   0.0000000e+00   1.3626025e+04   8.7800000e+02
   0.0000000e+00   0.0000000e+00   1.3610708e+04   9.0300000e+02
   0.0000000e+00   0.0000000e+00   1.3449699e+04   9.0400000e+02
   0.0000000e+00   0.0000000e+00   1.3415130e+04   9.0500000e+02
   0.0000000e+00   0.0000000e+00   1.3397015e+04   9.0600000e+02
   0.0000000e+00   0.0000000e+00   1.3361838e+04   9.1000000e+02
   0.0000000e+00   0.0000000e+00   1.3235485e+04   9.1200000e+02
   0.0000000e+00   0.0000000e+00   1.3066607e+04   9.1300000e+02
   0.0000000e+00   0.0000000e+00   1.3056802e+04   9.1600000e+02
   0.0000000e+00   0.0000000e+00   1.3025022e+04   9.3800000e+02
   0.0000000e+00   0.0000000e+00   1.2977702e+04   9.4000000e+02
   0.0000000e+00   0.0000000e+00   1.2966810e+04   9.4200000e+02
   0.0000000e+00   0.0000000e+00   1.2958853e+04   9.4900000e+02
   0.0000000e+00   0.0000000e+00   1.2936195e+04   9.5100000e+02
   0.0000000e+00   0.0000000e+00   1.2892260e+04   9.5200000e+02
   0.0000000e+00   0.0000000e+00   1.2846114e+04   9.7400000e+02
   0.0000000e+00   0.0000000e+00   1.2746496e+04   9.7500000e+02
   0.0000000e+00   0.0000000e+00   1.2718398e+04   9.7600000e+02
   0.0000000e+00   0.0000000e+00   1.2509427e+04   9.7700000e+02
   0.0000000e+00   0.0000000e+00   1.2326528e+04   9.7800000e+02
   0.0000000e+00   0.0000000e+00   1.2126438e+04   9.8000000e+02
   0.0000000e+00   0.0000000e+00   1.2055999e+04   9.8100000e+02
   0.0000000e+00   0.0000000e+00   1.1953824e+04   9.8200000e+02
   0.0000000e+00   0.0000000e+00   1.1922094e+04   9.8600000e+02
   0.0000000e+00   0.0000000e+00   1.1873007e+04   1.0100000e+03
   0.0000000e+00   0.0000000e+00   1.1830838e+04   1.0110000e+03
   0.0000000e+00   0.0000000e+00   1.1773206e+04   1.0120000e+03
   0.0000000e+00   0.0000000e+00   1.1744193e+04   1.0130000e+03
   0.0000000e+00   0.0000000e+00   1.1725617e+04   1.0150000e+03
   0.0000000e+00   0.0000000e+00   1.1716871e+04   1.0160000e+03
   0.0000000e+00   0.0000000e+00   1.1650710e+04   1.0170000e+03
   0.0000000e+00   0.0000000e+00   1.1623413e+04   1.0180000e+03
   0.0000000e+00   0.0000000e+00   1.1570675e+04   1.0480000e+03
   0.0000000e+00   0.0000000e+00   1.1566265e+04   1.0510000e+03
   0.0000000e+00   0.0000000e+00   1.1469044e+04   1.0520000e+03
   0.0000000e+00   0.0000000e+00   1.1360272e+04   1.0530000e+03
   0.0000000e+00   0.0000000e+00   1.1189751e+04   1.0540000e+03
   0.0000000e+00   0.0000000e+00   1.1132653e+04   1.0820000e+03
   0.0000000e+00   0.0000000e+00   1.1050888e+04   1.0840000e+03
   0.0000000e+00   0.0000000e+00   1.0974695e+04   1.0860000e+03
   0.0000000e+00   0.0000000e+00   1.0849680e+04   1.0880000e+03
   0.0000000e+00   0.0000000e+00   1.0807408e+04   1.0890000e+03
   0.0000000e+00   0.0000000e+00   1.0651544e+04   1.0900000e+03
   0.0000000e+00   0.0000000e+00   1.0559344e+04   1.1210000e+03
   0.0000000e+00   0.0000000e+00   1.0505580e+04   1.1260000e+03
   0.0000000e+00   0.0000000e+00   1.0475371e+04   1.1270000e+03
   0.0000000e+00   0.0000000e+00   1.0434722e+04   1.1280000e+03
   0.0000000e+00   0.0000000e+00   1.0272576e+04   1.1290000e+03
   0.0000000e+00   0.0000000e+00   1.0263135e+04   1.1310000e+03
   0.0000000e+00   0.0000000e+00   1.0240091e+04   1.1580000e+03
   0.0000000e+00   0.0000000e+00   1.0173178e+04   1.1590000e+03
   0.0000000e+00   0.0000000e+00   1.0129153e+04   1.1600000e+03
   0.0000000e+00   0.0000000e+00   1.0012751e+04   1.1670000e+03
   0.0000000e+00   0.0000000e+00   9.9085938e+03   1.1680000e+03
   0.0000000e+00   0.0000000e+00   9.9029011e+03   1.1740000e+03
   0.0000000e+00   0.0000000e+00   9.8664616e+03   1.1950000e+03
   0.0000000e+00   0.0000000e+00   9.8213353e+03   1.1970000e+03
   0.0000000e+00   0.0000000e+00   9.7996079e+03   1.1980000e+03
   0.0000000e+00   0.0000000e+00   9.7934368e+03   1.1990000e+03
   0.0000000e+00   0.0000000e+00   9.7704790e+03   1.2050000e+03
   0.0000000e+00   0.0000000e+00   9.7653853e+03   1.2070000e+03
   0.0000000e+00   0.0000000e+00   9.7354585e+03   1.2340000e+03
   0.0000000e+00   0.0000000e+00   9.6258859e+03   1.2350000e+03
   0.0000000e+00   0.0000000e+00   9.6120367e+03   1.2360000e+03
   0.0000000e+00   0.0000000e+00   9.6058657e+03   1.2390000e+03
   0.0000000e+00   0.0000000e+00   9.5776878e+03   1.2680000e+03
   0.0000000e+00   0.0000000e+00   9.5294736e+03   1.2690000e+03
   0.0000000e+00   0.0000000e+00   9.4939305e+03   1.2700000e+03
   0.0000000e+00   0.0000000e+00   9.4335908e+03   1.2730000e+03
   0.0000000e+00   0.0000000e+00   9.4260316e+03   1.2760000e+03
   0.0000000e+00   0.0000000e+00   9.4087722e+03   1.2780000e+03
   0.0000000e+00   0.0000000e+00   9.3548720e+03   1.3070000e+03
   0.0000000e+00   0.0000000e+00   9.3341114e+03   1.3080000e+03
   0.0000000e+00   0.0000000e+00   9.3206775e+03   1.3100000e+03
   0.0000000e+00   0.0000000e+00   9.2833942e+03   1.3120000e+03
   0.0000000e+00   0.0000000e+00   9.2832322e+03   1.3130000e+03
   0.0000000e+00   0.0000000e+00   9.2539474e+03   1.3140000e+03
   0.0000000e+00   0.0000000e+00   9.1969122e+03   1.3450000e+03
   0.0000000e+00   0.0000000e+00   9.1932203e+03   1.3510000e+03
   0.0000000e+00   0.0000000e+00   9.1825016e+03   1.3540000e+03
   0.0000000e+00   0.0000000e+00   9.0905820e+03   1.3550000e+03
   0.0000000e+00   0.0000000e+00   9.0531614e+03   1.3800000e+03
   0.0000000e+00   0.0000000e+00   9.0475366e+03   1.3840000e+03
   0.0000000e+00   0.0000000e+00   9.0229953e+03   1.3860000e+03
   0.0000000e+00   0.0000000e+00   9.0077329e+03   1.3870000e+03
   0.0000000e+00   0.0000000e+00   9.0070702e+03   1.3910000e+03
   0.0000000e+00   0.0000000e+00   8.9767558e+03   1.4180000e+03
   0.0000000e+00   0.0000000e+00   8.9423790e+03   1.4190000e+03
   0.0000000e+00   0.0000000e+00   8.7999270e+03   1.4260000e+03
   0.0000000e+00   0.0000000e+00   8.7496403e+03   1.4540000e+03
   0.0000000e+00   0.0000000e+00   8.7486117e+03   1.4570000e+03
   0.0000000e+00   0.0000000e+00   8.6521648e+03   1.4580000e+03
   0.0000000e+00   0.0000000e+00   8.6236353e+03   1.4590000e+03
   0.0000000e+00   0.0000000e+00   8.5768848e+03   1.4930000e+03
   0.0000000e+00   0.0000000e+00   8.4850748e+03   1.4940000e+03
   0.0000000e+00   0.0000000e+00   8.3718180e+03   1.4950000e+03
   0.0000000e+00   0.0000000e+00   8.3680138e+03   1.4960000e+03
   0.0000000e+00   0.0000000e+00   8.3383189e+03   1.4990000e+03
   0.0000000e+00   0.0000000e+00   8.2353027e+03   1.5290000e+03
   0.0000000e+00   0.0000000e+00   8.2061711e+03   1.5320000e+03
   0.0000000e+00   0.0000000e+00   8.1900238e+03   1.5360000e+03
   0.0000000e+00   0.0000000e+00   8.1409424e+03   1.5660000e+03
   0.0000000e+00   0.0000000e+00   8.0756151e+03   1.5670000e+03
   0.0000000e+00   0.0000000e+00   8.0656130e+03   1.5720000e+03
   0.0000000e+00   0.0000000e+00   8.0209315e+03   1.5780000e+03
   0.0000000e+00   0.0000000e+00   7.9605143e+03   1.6030000e+03
   0.0000000e+00   0.0000000e+00   7.9548162e+03   1.6090000e+03
   0.0000000e+00   0.0000000e+00   7.9419800e+03   1.6430000e+03
   0.0000000e+00   0.0000000e+00   7.8566950e+03   1.6450000e+03
   0.0000000e+00   0.0000000e+00   7.8153543e+03   1.6770000e+03
   0.0000000e+00   0.0000000e+00   7.7780522e+03   1.6780000e+03
   0.0000000e+00   0.0000000e+00   7.7719705e+03   1.6800000e+03
   0.0000000e+00   0.0000000e+00   7.7529418e+03   1.7150000e+03
   0.0000000e+00   0.0000000e+00   7.7360706e+03   1.7190000e+03
   0.0000000e+00   0.0000000e+00   7.7278244e+03   1.7200000e+03
   0.0000000e+00   0.0000000e+00   7.6777121e+03   1.7860000e+03
   0.0000000e+00   0.0000000e+00   7.6745008e+03   1.7920000e+03
   0.0000000e+00   0.0000000e+00   7.6729715e+03   1.7930000e+03
   0.0000000e+00   0.0000000e+00   7.6490154e+03   1.7940000e+03
   0.0000000e+00   0.0000000e+00   7.6449620e+03   1.8250000e+03
   0.0000000e+00   0.0000000e+00   7.5877964e+03   1.8260000e+03
   0.0000000e+00   0.0000000e+00   7.5638737e+03   1.8270000e+03
   0.0000000e+00   0.0000000e+00   7.5344417e+03   1.8570000e+03
   0.0000000e+00   0.0000000e+00   7.5288028e+03   1.8630000e+03
   0.0000000e+00   0.0000000e+00   7.5190397e+03   1.8640000e+03
   0.0000000e+00   0.0000000e+00   7.4895138e+03   1.8660000e+03
   0.0000000e+00   0.0000000e+00   7.4878733e+03   1.8680000e+03
   0.0000000e+00   0.0000000e+00   7.4161940e+03   1.9000000e+03
   0.0000000e+00   0.0000000e+00   7.3953969e+03   1.9020000e+03
   0.0000000e+00   0.0000000e+00   7.3899184e+03   1.9030000e+03
   0.0000000e+00   0.0000000e+00   7.3618454e+03   1.9380000e+03
   0.0000000e+00   0.0000000e+00   7.3438734e+03   1.9720000e+03
   0.0000000e+00   0.0000000e+00   7.3326176e+03   1.9740000e+03
   0.0000000e+00   0.0000000e+00   7.3271976e+03   2.0490000e+03
   0.0000000e+00   0.0000000e+00   7.3030061e+03   2.0840000e+03
   0.0000000e+00   0.0000000e+00   7.2990098e+03   2.0870000e+03
   0.0000000e+00   0.0000000e+00   7.2559790e+03   2.0920000e+03
   0.0000000e+00   0.0000000e+00   7.2133867e+03   2.1200000e+03
   0.0000000e+00   0.0000000e+00   7.1887369e+03   2.1230000e+03
   0.0000000e+00   0.0000000e+00   7.1854505e+03   2.1590000e+03
   0.0000000e+00   0.0000000e+00   7.1824152e+03   2.1610000e+03
   0.0000000e+00   0.0000000e+00   7.1484155e+03   2.1950000e+03
   0.0000000e+00   0.0000000e+00   7.1277795e+03   2.1970000e+03
   0.0000000e+00   0.0000000e+00   7.1151268e+03   2.2010000e+03
   0.0000000e+00   0.0000000e+00   7.0177077e+03   2.2030000e+03
   0.0000000e+00   0.0000000e+00   7.0034498e+03   2.2320000e+03
   0.0000000e+00   0.0000000e+00   6.9804656e+03   2.2340000e+03
   0.0000000e+00   0.0000000e+00   6.9324877e+03   2.2700000e+03
   0.0000000e+00   0.0000000e+00   6.9300121e+03   2.2720000e+03
   0.0000000e+00   0.0000000e+00   6.9121770e+03   2.3060000e+03
   0.0000000e+00   0.0000000e+00   6.8961700e+03   2.3090000e+03
   0.0000000e+00   0.0000000e+00   6.8793945e+03   2.3120000e+03
   0.0000000e+00   0.0000000e+00   6.8664271e+03   2.3450000e+03
   0.0000000e+00   0.0000000e+00   6.8657768e+03   2.3460000e+03
   0.0000000e+00   0.0000000e+00   6.8485254e+03   2.3820000e+03
   0.0000000e+00   0.0000000e+00   6.8419823e+03   2.4560000e+03
   0.0000000e+00   0.0000000e+00   6.8047537e+03   2.4870000e+03
   0.0000000e+00   0.0000000e+00   6.7883272e+03   2.4920000e+03
   0.0000000e+00   0.0000000e+00   6.7412202e+03   2.5310000e+03
   0.0000000e+00   0.0000000e+00   6.7395316e+03   2.5320000e+03
   0.0000000e+00   0.0000000e+00   6.7058516e+03   2.6010000e+03
   0.0000000e+00   0.0000000e+00   6.6884731e+03   2.6760000e+03
   0.0000000e+00   0.0000000e+00   6.6616292e+03   2.7550000e+03
   0.0000000e+00   0.0000000e+00   6.6339004e+03   2.9000000e+03
   0.0000000e+00   0.0000000e+00   6.6188590e+03   2.9360000e+03
   0.0000000e+00   0.0000000e+00   6.6144880e+03   2.9410000e+03
   0.0000000e+00   0.0000000e+00   6.6083840e+03   3.0490000e+03
   0.0000000e+00   0.0000000e+00   6.5902388e+03   3.0500000e+03
   0.0000000e+00   0.0000000e+00   6.5864884e+03   3.1190000e+03
   0.0000000e+00   0.0000000e+00   6.5699972e+03   3.1590000e+03
   0.0000000e+00   0.0000000e+00   6.5657454e+03   3.1600000e+03
   0.0000000e+00   0.0000000e+00   6.5537220e+03   3.1610000e+03
   0.0000000e+00   0.0000000e+00   6.5503749e+03   3.1990000e+03
   0.0000000e+00   0.0000000e+00   6.5417552e+03   3.2700000e+03
   0.0000000e+00   0.0000000e+00   6.5350210e+03   3.2710000e+03
   0.0000000e+00   0.0000000e+00   6.5315997e+03   3.3090000e+03
   0.0000000e+00   0.0000000e+00   6.5030997e+03   3.3100000e+03
   0.0000000e+00   0.0000000e+00   6.4641820e+03   3.3410000e+03
   0.0000000e+00   0.0000000e+00   6.4472856e+03   3.3430000e+03
   0.0000000e+00   0.0000000e+00   6.4248855e+03   3.4120000e+03
   0.0000000e+00   0.0000000e+00   6.4086366e+03   3.4540000e+03
   0.0000000e+00   0.0000000e+00   6.3987724e+03   3.6760000e+03
   0.0000000e+00   0.0000000e+00   6.3630992e+03   3.7130000e+03
   0.0000000e+00   0.0000000e+00   6.3600878e+03   3.9000000e+03
   0.0000000e+00   0.0000000e+00   6.3520205e+03   3.9350000e+03
   0.0000000e+00   0.0000000e+00   6.3466616e+03   4.0850000e+03
   0.0000000e+00   0.0000000e+00   6.3445945e+03   4.0860000e+03
   0.0000000e+00   0.0000000e+00   6.3001869e+03   4.2690000e+03
   0.0000000e+00   0.0000000e+00   6.2903465e+03   4.3410000e+03
   0.0000000e+00   0.0000000e+00   6.2747443e+03   4.3790000e+03
   0.0000000e+00   0.0000000e+00   6.2669432e+03   4.4530000e+03
   0.0000000e+00   0.0000000e+00   6.2597830e+03   4.6070000e+03
   0.0000000e+00   0.0000000e+00   6.2391134e+03   4.6760000e+03
   0.0000000e+00   0.0000000e+00   6.1949100e+03   4.7460000e+03
   0.0000000e+00   0.0000000e+00   6.1934946e+03   4.7470000e+03
   0.0000000e+00   0.0000000e+00   6.1714210e+03   4.7860000e+03
   0.0000000e+00   0.0000000e+00   6.1711354e+03   4.8600000e+03
   0.0000000e+00   0.0000000e+00   6.1436254e+03   4.9320000e+03
   0.0000000e+00   0.0000000e+00   6.1012328e+03   5.0050000e+03
   0.0000000e+00   0.0000000e+00   6.0869673e+03   5.0080000e+03
   0.0000000e+00   0.0000000e+00   6.0778203e+03   5.0440000e+03
   0.0000000e+00   0.0000000e+00   6.0520639e+03   5.0820000e+03
   0.0000000e+00   0.0000000e+00   6.0374756e+03   5.2660000e+03
   0.0000000e+00   0.0000000e+00   6.0341947e+03   5.3780000e+03
   0.0000000e+00   0.0000000e+00   6.0181396e+03   5.3790000e+03
   0.0000000e+00   0.0000000e+00   6.0096290e+03   5.4140000e+03
   0.0000000e+00   0.0000000e+00   6.0036899e+03   5.4170000e+03
   0.0000000e+00   0.0000000e+00   5.9776370e+03   5.4880000e+03
   0.0000000e+00   0.0000000e+00   5.9669660e+03   5.5240000e+03
   0.0000000e+00   0.0000000e+00   5.9480816e+03   5.6730000e+03
   0.0000000e+00   0.0000000e+00   5.9479516e+03   5.7490000e+03
   0.0000000e+00   0.0000000e+00   5.9394065e+03   5.8600000e+03
   0.0000000e+00   0.0000000e+00   5.9380673e+03   6.0050000e+03
   0.0000000e+00   0.0000000e+00   5.9312027e+03   6.0070000e+03
   0.0000000e+00   0.0000000e+00   5.9275872e+03   6.3410000e+03
   0.0000000e+00   0.0000000e+00   5.9230876e+03   6.7130000e+03
   0.0000000e+00   0.0000000e+00   5.9114157e+03   7.7100000e+03
   0.0000000e+00   0.0000000e+00   5.8749162e+03   7.7460000e+03
   0.0000000e+00   0.0000000e+00   5.8725077e+03   7.7840000e+03
   0.0000000e+00   0.0000000e+00   5.8716395e+03   7.8950000e+03
   0.0000000e+00   0.0000000e+00   5.8696398e+03   7.9300000e+03
   0.0000000e+00   0.0000000e+00   5.8631876e+03   7.9310000e+03
   0.0000000e+00   0.0000000e+00   5.8472992e+03   7.9320000e+03
   0.0000000e+00   0.0000000e+00   5.8410334e+03   8.0020000e+03
   0.0000000e+00   0.0000000e+00   5.8164552e+03   8.0380000e+03
   0.0000000e+00   0.0000000e+00   5.8002130e+03   8.1520000e+03
   0.0000000e+00   0.0000000e+00   5.7947166e+03   8.1880000e+03
   0.0000000e+00   0.0000000e+00   5.7831171e+03   8.1910000e+03
   0.0000000e+00   0.0000000e+00   5.7743211e+03   8.2280000e+03
   0.0000000e+00   0.0000000e+00   5.7626841e+03   8.2640000e+03
   0.0000000e+00   0.0000000e+00   5.7570040e+03   8.3000000e+03
   0.0000000e+00   0.0000000e+00   5.7461796e+03   8.7070000e+03
   0.0000000e+00   0.0000000e+00   5.7411549e+03   8.8550000e+03
   0.0000000e+00   0.0000000e+00   5.7384192e+03   9.1890000e+03
   0.0000000e+00   0.0000000e+00   5.7177746e+03   9.2960000e+03
   0.0000000e+00   0.0000000e+00   5.7047151e+03   9.4830000e+03
   0.0000000e+00   0.0000000e+00   5.6941988e+03   9.8540000e+03
   0.0000000e+00   0.0000000e+00   5.6936984e+03   1.0003000e+04
   0.0000000e+00   0.0000000e+00   5.6893627e+03   1.0188000e+04
   0.0000000e+00   0.0000000e+00   5.6824523e+03   1.0410000e+04
   0.0000000e+00   0.0000000e+00   5.6819701e+03   1.0783000e+04
   0.0000000e+00   0.0000000e+00   5.6740792e+03   1.1077000e+04
   0.0000000e+00   0.0000000e+00   5.6679914e+03   1.1112000e+04
   0.0000000e+00   0.0000000e+00   5.6620259e+03   1.1555000e+04
   0.0000000e+00   0.0000000e+00   5.6534046e+03   1.2110000e+04
   0.0000000e+00   0.0000000e+00   5.6494215e+03   1.2741000e+04
   0.0000000e+00   0.0000000e+00   5.6069403e+03   1.2849000e+04
   0.0000000e+00   0.0000000e+00   5.5899041e+03   1.3185000e+04
   0.0000000e+00   0.0000000e+00   5.5854496e+03   1.3740000e+04
   0.0000000e+00   0.0000000e+00   5.5832849e+03   1.3962000e+04
   0.0000000e+00   0.0000000e+00   5.5816577e+03   1.4517000e+04
   0.0000000e+00   0.0000000e+00   5.5752193e+03   1.4625000e+04
   0.0000000e+00   0.0000000e+00   5.5695700e+03   1.5070000e+04
   0.0000000e+00   0.0000000e+00   5.5687210e+03   1.5109000e+04
   0.0000000e+00   0.0000000e+00   5.5657280e+03   1.5444000e+04
   0.0000000e+00   0.0000000e+00   5.5444826e+03   1.5513000e+04
   0.0000000e+00   0.0000000e+00   5.5302640e+03   1.5735000e+04
   0.0000000e+00   0.0000000e+00   5.5265762e+03   1.5923000e+04
   0.0000000e+00   0.0000000e+00   5.5248897e+03   1.5997000e+04
   0.0000000e+00   0.0000000e+00   5.5097538e+03   1.6326000e+04
   0.0000000e+00   0.0000000e+00   5.5082992e+03   1.7660000e+04
   0.0000000e+00   0.0000000e+00   5.5068446e+03   1.9252000e+04
   0.0000000e+00   0.0000000e+00   5.5011077e+03   2.1992000e+04
   0.0000000e+00   0.0000000e+00   5.4934457e+03   2.2361000e+04
   0.0000000e+00   0.0000000e+00   5.4910528e+03   2.2732000e+04
   0.0000000e+00   0.0000000e+00   5.4891494e+03   2.2840000e+04
   0.0000000e+00   0.0000000e+00   5.4888931e+03   2.3730000e+04
   0.0000000e+00   0.0000000e+00   5.4847145e+03   2.3878000e+04
   0.0000000e+00   0.0000000e+00   5.4812259e+03   2.4318000e+04
   0.0000000e+00   0.0000000e+00   5.4811032e+03   2.5063000e+04
   0.0000000e+00   0.0000000e+00   5.4779595e+03   2.5285000e+04
   0.0000000e+00   0.0000000e+00   5.4725110e+03   2.5468000e+04
   0.0000000e+00   0.0000000e+00   5.4670944e+03   2.5579000e+04
   0.0000000e+00   0.0000000e+00   5.4622478e+03   2.5728000e+04
   0.0000000e+00   0.0000000e+00   5.4609224e+03   2.5951000e+04
   0.0000000e+00   0.0000000e+00   5.4604712e+03   2.6468000e+04
   0.0000000e+00   0.0000000e+00   5.4515827e+03   2.6802000e+04
   0.0000000e+00   0.0000000e+00   5.4423363e+03   2.7096000e+04
   0.0000000e+00   0.0000000e+00   5.4390553e+03   2.7875000e+04
   0.0000000e+00   0.0000000e+00   5.4355769e+03   2.8020000e+04
   0.0000000e+00   0.0000000e+00   5.4288999e+03   2.8575000e+04
   0.0000000e+00   0.0000000e+00   5.4275041e+03   2.9057000e+04
   0.0000000e+00   0.0000000e+00   5.4253057e+03   2.9723000e+04
   0.0000000e+00   0.0000000e+00   5.4234249e+03   3.0240000e+04
   0.0000000e+00   0.0000000e+00   5.4144700e+03   3.0834000e+04
   0.0000000e+00   0.0000000e+00   5.4126261e+03   3.1279000e+04
   0.0000000e+00   0.0000000e+00   5.4072161e+03   3.2092000e+04
   0.0000000e+00   0.0000000e+00   5.4060863e+03   3.2278000e+04
   0.0000000e+00   0.0000000e+00   5.4023336e+03   3.3127000e+04
   0.0000000e+00   0.0000000e+00   5.3945418e+03   3.3496000e+04
   0.0000000e+00   0.0000000e+00   5.3926112e+03   3.3646000e+04
   0.0000000e+00   0.0000000e+00   5.3918308e+03   3.5755000e+04
   0.0000000e+00   0.0000000e+00   5.3903761e+03   3.6013000e+04
   0.0000000e+00   0.0000000e+00   5.3881410e+03   5.3551000e+04
   0.0000000e+00   0.0000000e+00   5.3876695e+03   5.5363000e+04
   0.0000000e+00   0.0000000e+00   5.3775276e+03   5.5549000e+04
   0.0000000e+00   0.0000000e+00   5.3769294e+03   5.6401000e+04
   0.0000000e+00   0.0000000e+00   5.3769205e+03   6.0805000e+04
   0.0000000e+00   0.0000000e+00   5.3721478e+03   6.1508000e+04
   0.0000000e+00   0.0000000e+00   5.3684712e+03   6.1580000e+04
   0.0000000e+00   0.0000000e+00   5.3679780e+03   6.2098000e+04
   0.0000000e+00   0.0000000e+00   5.3640822e+03   6.2282000e+04
   0.0000000e+00   0.0000000e+00   5.3633368e+03   7.2719000e+04
   0.0000000e+00   0.0000000e+00   5.3618822e+03   7.3272000e+04
   0.0000000e+00   0.0000000e+00   5.3551591e+03   7.4606000e+04
   0.0000000e+00   0.0000000e+00   5.3542915e+03   7.4791000e+04
   0.0000000e+00   0.0000000e+00   5.3526412e+03   7.5345000e+04
   0.0000000e+00   0.0000000e+00   5.3511866e+03   8.3151000e+04
   0.0000000e+00   0.0000000e+00   5.3497320e+03   8.6813000e+04
   0.0000000e+00   0.0000000e+00   5.3477516e+03   8.8444000e+04
   0.0000000e+00   0.0000000e+00   5.3455165e+03   8.8590000e+04
   0.0000000e+00   0.0000000e+00   5.3404455e+03   9.0884000e+04
   0.0000000e+00   0.0000000e+00   5.3383927e+03   9.1736000e+04
   0.0000000e+00   0.0000000e+00   5.3351369e+03   9.6734000e+04
   0.0000000e+00   0.0000000e+00   5.3342980e+03   9.7878000e+04
   0.0000000e+00   0.0000000e+00   5.3231374e+03   9.8317000e+04
   0.0000000e+00   0.0000000e+00   5.3141688e+03   9.9432000e+04
   0.0000000e+00   0.0000000e+00   5.3071412e+03   9.9988000e+04
   0.0000000e+00   0.0000000e+00   5.3056866e+03   1.0272400e+05
   0.0000000e+00   0.0000000e+00   5.3002896e+03   1.0413100e+05
   0.0000000e+00   0.0000000e+00   5.2914124e+03   1.0875700e+05
   0.0000000e+00   0.0000000e+00   5.2891773e+03   1.1167700e+05
   0.0000000e+00   0.0000000e+00   5.2869423e+03   1.1171400e+05
   0.0000000e+00   0.0000000e+00   5.2864242e+03   1.2400000e+05
   0.0000000e+00   0.0000000e+00   5.2858260e+03   1.4279600e+05
   0.0000000e+00   0.0000000e+00   5.2843713e+03   1.5182200e+05
   0.0000000e+00   0.0000000e+00   5.2837551e+03   1.5348700e+05
   0.0000000e+00   0.0000000e+00   5.2813756e+03   1.5471400e+05
   0.0000000e+00   0.0000000e+00   5.2808167e+03   1.5674500e+05
   0.0000000e+00   0.0000000e+00   5.2806418e+03   1.5715300e+05
   0.0000000e+00   0.0000000e+00   5.2800065e+03   1.5829700e+05
   0.0000000e+00   0.0000000e+00   5.2795306e+03   1.5855800e+05
   0.0000000e+00   0.0000000e+00   5.2780759e+03   1.5896300e+05
   0.0000000e+00   0.0000000e+00   5.2751667e+03   1.5970300e+05
   0.0000000e+00   0.0000000e+00   5.2660036e+03   1.5974300e+05
   0.0000000e+00   0.0000000e+00   5.2623270e+03   1.6166500e+05
   0.0000000e+00   0.0000000e+00   5.2616913e+03   1.6333100e+05
   0.0000000e+00   0.0000000e+00   5.2573531e+03   1.6596000e+05
   0.0000000e+00   0.0000000e+00   5.2564369e+03   1.8090700e+05
   0.0000000e+00   0.0000000e+00   5.2562064e+03   1.8290400e+05
   0.0000000e+00   0.0000000e+00   5.2546401e+03   1.8324000e+05
   0.0000000e+00   0.0000000e+00   5.2474193e+03   1.8490100e+05
   0.0000000e+00   0.0000000e+00   5.2466388e+03   1.8845400e+05
   0.0000000e+00   0.0000000e+00   5.2395470e+03   1.9322800e+05
