   4.3752424e+02   1.5722409e+01   1.7198949e+04   7.0000000e+00
   4.3606710e+02   1.5722603e+01   1.7062067e+04   1.0000000e+01
   4.3541078e+02   1.6340623e+01   1.7002039e+04   1.3000000e+01
   4.3463276e+02   1.6420865e+01   1.6871724e+04   1.4000000e+01
   4.3377945e+02   1.6453580e+01   1.6869170e+04   1.9000000e+01
   4.2651533e+02   1.5243441e+01   1.6749043e+04   2.0000000e+01
   4.2123298e+02   1.4489290e+01   1.6754775e+04   2.1000000e+01
   4.1065074e+02   1.3489819e+01   1.6820685e+04   2.3000000e+01
   4.0862110e+02   1.3224786e+01   1.6790362e+04   2.4000000e+01
   4.0445978e+02   1.3347110e+01   1.6584398e+04   2.5000000e+01
   4.0332476e+02   1.2988791e+01   1.6472731e+04   2.6000000e+01
   3.9613592e+02   1.2846312e+01   1.6467641e+04   2.8000000e+01
   3.8075567e+02   1.0973031e+01   1.6619016e+04   3.0000000e+01
   3.7454933e+02   1.0783829e+01   1.6879742e+04   3.1000000e+01
   3.7185079e+02   1.0611092e+01   1.7206037e+04   3.2000000e+01
   3.6924458e+02   1.0386850e+01   1.7355945e+04   3.3000000e+01
   3.6651853e+02   1.0345007e+01   1.7548764e+04   3.4000000e+01
   3.5286854e+02   9.2119819e+00   1.7915184e+04   3.5000000e+01
   3.4274608e+02   7.8199649e+00   1.8405254e+04   3.6000000e+01
   3.4131837e+02   6.0729843e+00   1.8909440e+04   3.7000000e+01
   3.2922088e+02   5.8347823e+00   1.9408287e+04   3.8000000e+01
   3.1391773e+02   5.7810345e+00   1.9265830e+04   4.3000000e+01
   3.0817929e+02   5.6371534e+00   1.9182911e+04   4.5000000e+01
   2.9419905e+02   5.9899279e+00   1.9098910e+04   4.8000000e+01
   2.9353765e+02   6.2314524e+00   1.8849368e+04   5.3000000e+01
   2.8395727e+02   6.0542596e+00   1.8926164e+04   5.5000000e+01
   2.7243673e+02   5.9520556e+00   1.8684574e+04   5.6000000e+01
   2.6601731e+02   5.8122151e+00   1.8608716e+04   5.8000000e+01
   2.6182579e+02   5.7261774e+00   1.8673884e+04   6.0000000e+01
   2.5677365e+02   5.2662293e+00   1.8631661e+04   6.1000000e+01
   2.4878226e+02   4.9666775e+00   1.8590787e+04   6.3000000e+01
   2.4651970e+02   4.5984977e+00   1.8686162e+04   6.5000000e+01
   2.1898636e+02   1.5823858e+00   1.8723150e+04   6.6000000e+01
   2.1254113e+02   1.4752263e+00   1.8889107e+04   6.7000000e+01
   2.1227722e+02   1.4767808e+00   1.9161672e+04   6.8000000e+01
   2.1184688e+02   1.4048267e+00   1.9333143e+04   6.9000000e+01
   2.1063422e+02   1.3613699e+00   1.9538770e+04   7.0000000e+01
   2.0764661e+02   1.2105251e+00   1.9790842e+04   7.1000000e+01
   1.6407074e+02   4.1180436e-01   2.0181654e+04   7.2000000e+01
   1.6198194e+02   4.2504367e-01   2.0419287e+04   7.3000000e+01
   1.5614694e+02   3.4015763e-01   2.0947005e+04   7.5000000e+01
   1.5493133e+02   3.9718818e-01   2.0890195e+04   8.3000000e+01
   1.5236445e+02   4.7114993e-01   2.0814202e+04   8.5000000e+01
   1.5206420e+02   4.6498616e-01   2.0803323e+04   8.9000000e+01
   1.4571590e+02   4.6645931e-01   2.0817092e+04   9.0000000e+01
   1.4438117e+02   4.8303627e-01   2.0771307e+04   9.1000000e+01
   1.2289147e+02   2.8423804e-01   2.0757281e+04   9.6000000e+01
   1.1416280e+02   2.6381655e-01   2.0812066e+04   9.8000000e+01
   1.1379786e+02   2.6077854e-01   2.0775757e+04   1.0100000e+02
   9.3379028e+01   2.4090756e-01   2.0909923e+04   1.0300000e+02
   9.1949745e+01   2.3727527e-01   2.1067056e+04   1.0400000e+02
   9.0486807e+01   2.3522011e-01   2.1213877e+04   1.0500000e+02
   9.0410669e+01   2.3420433e-01   2.1404092e+04   1.0600000e+02
   8.5702562e+01   1.9198523e-01   2.1861274e+04   1.0700000e+02
   8.3366852e+01   1.2550365e-01   2.2253934e+04   1.0800000e+02
   7.6984307e+01   9.6580905e-02   2.2619193e+04   1.0900000e+02
   7.6619999e+01   9.6915618e-02   2.2878069e+04   1.1000000e+02
   7.3498421e+01   2.4683925e-02   2.3596581e+04   1.1100000e+02
   7.2870434e+01   1.8080135e-02   2.4001927e+04   1.1200000e+02
   7.2731325e+01   2.2561500e-02   2.3554803e+04   1.2000000e+02
   5.9621698e+01   2.5258957e-02   2.3405033e+04   1.2200000e+02
   5.9263732e+01   2.4097270e-02   2.3218421e+04   1.2300000e+02
   5.9017484e+01   2.8389942e-02   2.2662362e+04   1.2500000e+02
   5.6992320e+01   3.1505040e-02   2.2457546e+04   1.3300000e+02
   5.6318309e+01   3.2184900e-02   2.2340437e+04   1.3400000e+02
   5.5776703e+01   3.3424355e-02   2.2258935e+04   1.3500000e+02
   5.5121267e+01   3.8299792e-02   2.2058542e+04   1.3700000e+02
   5.4363809e+01   4.0424494e-02   2.2175293e+04   1.4100000e+02
   4.8854415e+01   1.2923509e-02   2.2449427e+04   1.4200000e+02
   4.6913457e+01   1.3218084e-02   2.2681091e+04   1.4400000e+02
   4.6138409e+01   6.2481111e-03   2.2900793e+04   1.4500000e+02
   4.6136506e+01   5.7496028e-03   2.3083315e+04   1.4600000e+02
   4.6096978e+01   5.9212046e-03   2.3290731e+04   1.4700000e+02
   4.6020155e+01   6.6533712e-03   2.3665160e+04   1.4800000e+02
   4.2496129e+01   4.3310222e-03   2.3364469e+04   1.5600000e+02
   2.4976391e+01   0.0000000e+00   2.3168304e+04   1.6100000e+02
   2.4975336e+01   0.0000000e+00   2.3014762e+04   1.6500000e+02
   2.2286513e+01   0.0000000e+00   2.2961906e+04   1.6600000e+02
   1.8594356e+01   0.0000000e+00   2.2935605e+04   1.6700000e+02
   1.8550561e+01   0.0000000e+00   2.2792323e+04   1.7200000e+02
   1.8066357e+01   0.0000000e+00   2.2772453e+04   1.7600000e+02
   1.7791530e+01   0.0000000e+00   2.2858545e+04   1.7900000e+02
   1.7606299e+01   0.0000000e+00   2.3079109e+04   1.8100000e+02
   1.5596606e+01   0.0000000e+00   2.3448355e+04   1.8200000e+02
   1.5544773e+01   0.0000000e+00   2.3450986e+04   1.8400000e+02
   1.5307316e+01   0.0000000e+00   2.3814723e+04   1.8500000e+02
   1.5221773e+01   0.0000000e+00   2.3650485e+04   1.9200000e+02
   1.4562953e+01   0.0000000e+00   2.3491230e+04   1.9400000e+02
   1.0328389e+01   0.0000000e+00   2.3211331e+04   1.9600000e+02
   1.0268572e+01   0.0000000e+00   2.3199717e+04   1.9900000e+02
   1.0200530e+01   0.0000000e+00   2.3065190e+04   2.0700000e+02
   1.0184918e+01   0.0000000e+00   2.3001690e+04   2.0800000e+02
   9.0176173e+00   0.0000000e+00   2.2949667e+04   2.1100000e+02
   8.9917448e+00   0.0000000e+00   2.3015448e+04   2.1200000e+02
   8.8321267e+00   0.0000000e+00   2.3070517e+04   2.1300000e+02
   8.6426070e+00   0.0000000e+00   2.3008743e+04   2.1400000e+02
   6.5596755e+00   0.0000000e+00   2.3075158e+04   2.1500000e+02
   6.4936911e+00   0.0000000e+00   2.3157078e+04   2.1600000e+02
   5.3234542e+00   0.0000000e+00   2.3526393e+04   2.1700000e+02
   5.3189337e+00   0.0000000e+00   2.3649558e+04   2.1800000e+02
   5.1949879e+00   0.0000000e+00   2.4018384e+04   2.1900000e+02
   5.0165663e+00   0.0000000e+00   2.4098614e+04   2.2000000e+02
   4.9258702e+00   0.0000000e+00   2.4498310e+04   2.2100000e+02
   4.7598818e+00   0.0000000e+00   2.4873480e+04   2.2300000e+02
   4.6578161e+00   0.0000000e+00   2.4553687e+04   2.3900000e+02
   4.5602865e+00   0.0000000e+00   2.4537276e+04   2.4200000e+02
   4.5282224e+00   0.0000000e+00   2.4379558e+04   2.4400000e+02
   4.4850316e+00   0.0000000e+00   2.4266525e+04   2.4500000e+02
   4.1009390e+00   0.0000000e+00   2.4152958e+04   2.4700000e+02
   4.0783834e+00   0.0000000e+00   2.4068132e+04   2.4800000e+02
   4.0607301e+00   0.0000000e+00   2.4141922e+04   2.4900000e+02
   3.9239039e+00   0.0000000e+00   2.4278356e+04   2.5000000e+02
   3.8606321e+00   0.0000000e+00   2.4256173e+04   2.5100000e+02
   3.7747936e+00   0.0000000e+00   2.4399440e+04   2.5300000e+02
   2.3998457e+00   0.0000000e+00   2.4752403e+04   2.5500000e+02
   2.3989878e+00   0.0000000e+00   2.4849472e+04   2.5700000e+02
   2.3835666e+00   0.0000000e+00   2.4997535e+04   2.5800000e+02
   2.2742452e+00   0.0000000e+00   2.5643321e+04   2.6000000e+02
   2.2736583e+00   0.0000000e+00   2.5538918e+04   2.7600000e+02
   2.2495134e+00   0.0000000e+00   2.5380210e+04   2.8200000e+02
   2.2372193e+00   0.0000000e+00   2.5383719e+04   2.8900000e+02
   2.2338856e+00   0.0000000e+00   2.5554252e+04   2.9200000e+02
   2.1526577e+00   0.0000000e+00   2.5973514e+04   2.9300000e+02
   2.1361530e+00   0.0000000e+00   2.6353661e+04   2.9400000e+02
   2.0979007e+00   0.0000000e+00   2.6758510e+04   2.9500000e+02
   2.0938721e+00   0.0000000e+00   2.7111601e+04   2.9600000e+02
   2.0366140e+00   0.0000000e+00   2.7500237e+04   2.9700000e+02
   1.9774788e+00   0.0000000e+00   2.7194355e+04   3.0900000e+02
   1.9383903e+00   0.0000000e+00   2.6956353e+04   3.1000000e+02
   1.8559275e+00   0.0000000e+00   2.6915396e+04   3.1500000e+02
   1.8331368e+00   0.0000000e+00   2.6761609e+04   3.1900000e+02
   1.7684052e+00   0.0000000e+00   2.6501835e+04   3.2200000e+02
   1.7517344e+00   0.0000000e+00   2.6362673e+04   3.2400000e+02
   1.5435934e+00   0.0000000e+00   2.6568824e+04   3.2800000e+02
   1.5406887e+00   0.0000000e+00   2.6693366e+04   3.3000000e+02
   1.5206057e+00   0.0000000e+00   2.6860707e+04   3.3300000e+02
   1.5083844e+00   0.0000000e+00   2.6524134e+04   3.4600000e+02
   1.4717975e+00   0.0000000e+00   2.6575729e+04   3.5600000e+02
   1.4584698e+00   0.0000000e+00   2.6192215e+04   3.5700000e+02
   1.4379737e+00   0.0000000e+00   2.6197868e+04   3.6000000e+02
   1.4098812e+00   0.0000000e+00   2.6178058e+04   3.6300000e+02
   1.1427837e+00   0.0000000e+00   2.6469674e+04   3.6400000e+02
   1.1395604e+00   0.0000000e+00   2.6573234e+04   3.6500000e+02
   1.0784324e+00   0.0000000e+00   2.6755834e+04   3.6900000e+02
   1.0741657e+00   0.0000000e+00   2.6649439e+04   3.8400000e+02
   1.0729985e+00   0.0000000e+00   2.6366147e+04   3.8900000e+02
   1.0161731e+00   0.0000000e+00   2.6344149e+04   3.9900000e+02
   1.0099859e+00   0.0000000e+00   2.6490088e+04   4.0100000e+02
   9.5707026e-01   0.0000000e+00   2.6636004e+04   4.0400000e+02
   8.5958295e-01   0.0000000e+00   2.7144636e+04   4.0700000e+02
   5.6634295e-01   0.0000000e+00   2.7840602e+04   4.0800000e+02
   5.4903272e-01   0.0000000e+00   2.7537607e+04   4.1800000e+02
   5.4863220e-01   0.0000000e+00   2.7258362e+04   4.1900000e+02
   5.4760430e-01   0.0000000e+00   2.6959692e+04   4.2100000e+02
   5.4553436e-01   0.0000000e+00   2.6815625e+04   4.2500000e+02
   5.4185650e-01   0.0000000e+00   2.6597266e+04   4.2900000e+02
   5.4175332e-01   0.0000000e+00   2.6561675e+04   4.3100000e+02
   5.2093753e-01   0.0000000e+00   2.6436730e+04   4.3400000e+02
   1.1674372e-01   0.0000000e+00   2.6495918e+04   4.3600000e+02
   1.0620401e-01   0.0000000e+00   2.6271220e+04   4.3900000e+02
   1.0077203e-01   0.0000000e+00   2.6327700e+04   4.4000000e+02
   9.9132517e-02   0.0000000e+00   2.6443100e+04   4.4400000e+02
   9.7020405e-02   0.0000000e+00   2.6223393e+04   4.6300000e+02
   7.2917744e-02   0.0000000e+00   2.6069967e+04   4.6600000e+02
   6.7487627e-02   0.0000000e+00   2.6051023e+04   4.6700000e+02
   5.9777242e-02   0.0000000e+00   2.5983870e+04   4.6900000e+02
   5.4189350e-02   0.0000000e+00   2.5864567e+04   4.7100000e+02
   5.3416092e-02   0.0000000e+00   2.6003728e+04   4.7200000e+02
   5.2682151e-02   0.0000000e+00   2.6171840e+04   4.7300000e+02
   5.1175171e-02   0.0000000e+00   2.6260746e+04   4.7400000e+02
   4.4691542e-02   0.0000000e+00   2.6602657e+04   4.7700000e+02
   3.1680434e-02   0.0000000e+00   2.7091542e+04   4.7900000e+02
   3.1639712e-02   0.0000000e+00   2.6918668e+04   5.0600000e+02
   2.7652955e-02   0.0000000e+00   2.6919390e+04   5.1000000e+02
   2.7307887e-02   0.0000000e+00   2.6990777e+04   5.1200000e+02
   2.7083257e-02   0.0000000e+00   2.7256904e+04   5.1500000e+02
   1.5012120e-02   0.0000000e+00   2.7307855e+04   5.1700000e+02
   0.0000000e+00   0.0000000e+00   2.7742721e+04   5.1900000e+02
   0.0000000e+00   0.0000000e+00   2.7309732e+04   5.2900000e+02
   0.0000000e+00   0.0000000e+00   2.7048662e+04   5.3300000e+02
   0.0000000e+00   0.0000000e+00   2.6933152e+04   5.3500000e+02
   0.0000000e+00   0.0000000e+00   2.6833787e+04   5.3600000e+02
   0.0000000e+00   0.0000000e+00   2.6734629e+04   5.3700000e+02
   0.0000000e+00   0.0000000e+00   2.6536897e+04   5.3900000e+02
   0.0000000e+00   0.0000000e+00   2.6377811e+04   5.4400000e+02
   0.0000000e+00   0.0000000e+00   2.6334686e+04   5.4800000e+02
   0.0000000e+00   0.0000000e+00   2.6282959e+04   5.6700000e+02
   0.0000000e+00   0.0000000e+00   2.5846086e+04   5.6900000e+02
   0.0000000e+00   0.0000000e+00   2.5829490e+04   5.7100000e+02
   0.0000000e+00   0.0000000e+00   2.5668814e+04   5.7500000e+02
   0.0000000e+00   0.0000000e+00   2.5575054e+04   5.7700000e+02
   0.0000000e+00   0.0000000e+00   2.5271317e+04   5.8000000e+02
   0.0000000e+00   0.0000000e+00   2.5211865e+04   6.0500000e+02
   0.0000000e+00   0.0000000e+00   2.5023200e+04   6.0700000e+02
   0.0000000e+00   0.0000000e+00   2.4864773e+04   6.1100000e+02
   0.0000000e+00   0.0000000e+00   2.4770750e+04   6.4600000e+02
   0.0000000e+00   0.0000000e+00   2.4451933e+04   6.4800000e+02
   0.0000000e+00   0.0000000e+00   2.4367885e+04   7.2600000e+02
   0.0000000e+00   0.0000000e+00   2.4285987e+04   7.2800000e+02
   0.0000000e+00   0.0000000e+00   2.4158640e+04   7.5200000e+02
   0.0000000e+00   0.0000000e+00   2.4102249e+04   7.5900000e+02
   0.0000000e+00   0.0000000e+00   2.4002568e+04   7.6100000e+02
   0.0000000e+00   0.0000000e+00   2.3883480e+04   7.6300000e+02
   0.0000000e+00   0.0000000e+00   2.3817178e+04   7.6400000e+02
   0.0000000e+00   0.0000000e+00   2.3520139e+04   7.6500000e+02
   0.0000000e+00   0.0000000e+00   2.3506723e+04   7.6800000e+02
   0.0000000e+00   0.0000000e+00   2.3296335e+04   7.9000000e+02
   0.0000000e+00   0.0000000e+00   2.3020378e+04   7.9100000e+02
   0.0000000e+00   0.0000000e+00   2.2991215e+04   7.9700000e+02
   0.0000000e+00   0.0000000e+00   2.2973300e+04   8.3100000e+02
   0.0000000e+00   0.0000000e+00   2.2950930e+04   8.3900000e+02
   0.0000000e+00   0.0000000e+00   2.2822161e+04   8.4000000e+02
   0.0000000e+00   0.0000000e+00   2.2818497e+04   8.6500000e+02
   0.0000000e+00   0.0000000e+00   2.2619672e+04   8.6700000e+02
   0.0000000e+00   0.0000000e+00   2.2288130e+04   8.6800000e+02
   0.0000000e+00   0.0000000e+00   2.2065533e+04   8.6900000e+02
   0.0000000e+00   0.0000000e+00   2.2019755e+04   8.7000000e+02
   0.0000000e+00   0.0000000e+00   2.1545114e+04   8.7100000e+02
   0.0000000e+00   0.0000000e+00   2.1512206e+04   8.7800000e+02
   0.0000000e+00   0.0000000e+00   2.1440917e+04   8.9900000e+02
   0.0000000e+00   0.0000000e+00   2.1425643e+04   9.0200000e+02
   0.0000000e+00   0.0000000e+00   2.1366043e+04   9.0500000e+02
   0.0000000e+00   0.0000000e+00   2.1314980e+04   9.1000000e+02
   0.0000000e+00   0.0000000e+00   2.1080375e+04   9.1300000e+02
   0.0000000e+00   0.0000000e+00   2.0995023e+04   9.3800000e+02
   0.0000000e+00   0.0000000e+00   2.0794759e+04   9.4200000e+02
   0.0000000e+00   0.0000000e+00   2.0735163e+04   9.4300000e+02
   0.0000000e+00   0.0000000e+00   2.0687080e+04   9.4400000e+02
   0.0000000e+00   0.0000000e+00   2.0675599e+04   9.4600000e+02
   0.0000000e+00   0.0000000e+00   2.0624257e+04   9.4900000e+02
   0.0000000e+00   0.0000000e+00   2.0469091e+04   9.5100000e+02
   0.0000000e+00   0.0000000e+00   2.0439659e+04   9.5300000e+02
   0.0000000e+00   0.0000000e+00   2.0388563e+04   9.7500000e+02
   0.0000000e+00   0.0000000e+00   1.9925430e+04   9.7800000e+02
   0.0000000e+00   0.0000000e+00   1.9836430e+04   9.8100000e+02
   0.0000000e+00   0.0000000e+00   1.9763547e+04   9.8300000e+02
   0.0000000e+00   0.0000000e+00   1.9679248e+04   9.8400000e+02
   0.0000000e+00   0.0000000e+00   1.9574007e+04   9.8500000e+02
   0.0000000e+00   0.0000000e+00   1.9564268e+04   9.8700000e+02
   0.0000000e+00   0.0000000e+00   1.9531457e+04   9.9000000e+02
   0.0000000e+00   0.0000000e+00   1.9500960e+04   1.0140000e+03
   0.0000000e+00   0.0000000e+00   1.9281395e+04   1.0160000e+03
   0.0000000e+00   0.0000000e+00   1.9098847e+04   1.0170000e+03
   0.0000000e+00   0.0000000e+00   1.8761567e+04   1.0230000e+03
   0.0000000e+00   0.0000000e+00   1.8725493e+04   1.0240000e+03
   0.0000000e+00   0.0000000e+00   1.8708301e+04   1.0250000e+03
   0.0000000e+00   0.0000000e+00   1.8656300e+04   1.0510000e+03
   0.0000000e+00   0.0000000e+00   1.8613941e+04   1.0520000e+03
   0.0000000e+00   0.0000000e+00   1.8409920e+04   1.0530000e+03
   0.0000000e+00   0.0000000e+00   1.8359898e+04   1.0560000e+03
   0.0000000e+00   0.0000000e+00   1.8334966e+04   1.0840000e+03
   0.0000000e+00   0.0000000e+00   1.8305907e+04   1.0880000e+03
   0.0000000e+00   0.0000000e+00   1.8172575e+04   1.0890000e+03
   0.0000000e+00   0.0000000e+00   1.8161095e+04   1.0900000e+03
   0.0000000e+00   0.0000000e+00   1.8102096e+04   1.0950000e+03
   0.0000000e+00   0.0000000e+00   1.8093095e+04   1.0970000e+03
   0.0000000e+00   0.0000000e+00   1.7981993e+04   1.1230000e+03
   0.0000000e+00   0.0000000e+00   1.7957612e+04   1.1260000e+03
   0.0000000e+00   0.0000000e+00   1.7943040e+04   1.1270000e+03
   0.0000000e+00   0.0000000e+00   1.7939548e+04   1.1280000e+03
   0.0000000e+00   0.0000000e+00   1.7918957e+04   1.1290000e+03
   0.0000000e+00   0.0000000e+00   1.7763196e+04   1.1300000e+03
   0.0000000e+00   0.0000000e+00   1.7559489e+04   1.1340000e+03
   0.0000000e+00   0.0000000e+00   1.7482526e+04   1.1570000e+03
   0.0000000e+00   0.0000000e+00   1.7397141e+04   1.1580000e+03
   0.0000000e+00   0.0000000e+00   1.7187687e+04   1.1660000e+03
   0.0000000e+00   0.0000000e+00   1.7144814e+04   1.1680000e+03
   0.0000000e+00   0.0000000e+00   1.7066767e+04   1.1710000e+03
   0.0000000e+00   0.0000000e+00   1.6969910e+04   1.1720000e+03
   0.0000000e+00   0.0000000e+00   1.6907003e+04   1.1750000e+03
   0.0000000e+00   0.0000000e+00   1.6839984e+04   1.1930000e+03
   0.0000000e+00   0.0000000e+00   1.6835232e+04   1.1990000e+03
   0.0000000e+00   0.0000000e+00   1.6813890e+04   1.2060000e+03
   0.0000000e+00   0.0000000e+00   1.6755185e+04   1.2080000e+03
   0.0000000e+00   0.0000000e+00   1.6742219e+04   1.2090000e+03
   0.0000000e+00   0.0000000e+00   1.6545463e+04   1.2130000e+03
   0.0000000e+00   0.0000000e+00   1.6503281e+04   1.2330000e+03
   0.0000000e+00   0.0000000e+00   1.6430280e+04   1.2370000e+03
   0.0000000e+00   0.0000000e+00   1.6358927e+04   1.2480000e+03
   0.0000000e+00   0.0000000e+00   1.6277623e+04   1.2710000e+03
   0.0000000e+00   0.0000000e+00   1.6125425e+04   1.2740000e+03
   0.0000000e+00   0.0000000e+00   1.5974824e+04   1.2750000e+03
   0.0000000e+00   0.0000000e+00   1.5819553e+04   1.2770000e+03
   0.0000000e+00   0.0000000e+00   1.5813782e+04   1.2780000e+03
   0.0000000e+00   0.0000000e+00   1.5749282e+04   1.2790000e+03
   0.0000000e+00   0.0000000e+00   1.5747867e+04   1.2830000e+03
   0.0000000e+00   0.0000000e+00   1.5565881e+04   1.2840000e+03
   0.0000000e+00   0.0000000e+00   1.5389939e+04   1.3080000e+03
   0.0000000e+00   0.0000000e+00   1.5341833e+04   1.3090000e+03
   0.0000000e+00   0.0000000e+00   1.5336078e+04   1.3100000e+03
   0.0000000e+00   0.0000000e+00   1.5174814e+04   1.3110000e+03
   0.0000000e+00   0.0000000e+00   1.5124392e+04   1.3160000e+03
   0.0000000e+00   0.0000000e+00   1.5064753e+04   1.3170000e+03
   0.0000000e+00   0.0000000e+00   1.4962901e+04   1.3190000e+03
   0.0000000e+00   0.0000000e+00   1.4887561e+04   1.3430000e+03
   0.0000000e+00   0.0000000e+00   1.4709098e+04   1.3470000e+03
   0.0000000e+00   0.0000000e+00   1.4533407e+04   1.3490000e+03
   0.0000000e+00   0.0000000e+00   1.4482650e+04   1.3580000e+03
   0.0000000e+00   0.0000000e+00   1.4345003e+04   1.3820000e+03
   0.0000000e+00   0.0000000e+00   1.4316618e+04   1.3860000e+03
   0.0000000e+00   0.0000000e+00   1.4238034e+04   1.3880000e+03
   0.0000000e+00   0.0000000e+00   1.4079445e+04   1.3890000e+03
   0.0000000e+00   0.0000000e+00   1.3806607e+04   1.4190000e+03
   0.0000000e+00   0.0000000e+00   1.3570298e+04   1.4200000e+03
   0.0000000e+00   0.0000000e+00   1.3537386e+04   1.4220000e+03
   0.0000000e+00   0.0000000e+00   1.3349911e+04   1.4240000e+03
   0.0000000e+00   0.0000000e+00   1.3186407e+04   1.4260000e+03
   0.0000000e+00   0.0000000e+00   1.3137007e+04   1.4330000e+03
   0.0000000e+00   0.0000000e+00   1.3116081e+04   1.4580000e+03
   0.0000000e+00   0.0000000e+00   1.2870881e+04   1.4590000e+03
   0.0000000e+00   0.0000000e+00   1.2778283e+04   1.4600000e+03
   0.0000000e+00   0.0000000e+00   1.2719638e+04   1.4930000e+03
   0.0000000e+00   0.0000000e+00   1.2715938e+04   1.4940000e+03
   0.0000000e+00   0.0000000e+00   1.2713283e+04   1.4950000e+03
   0.0000000e+00   0.0000000e+00   1.2665537e+04   1.4970000e+03
   0.0000000e+00   0.0000000e+00   1.2646320e+04   1.4990000e+03
   0.0000000e+00   0.0000000e+00   1.2626463e+04   1.5330000e+03
   0.0000000e+00   0.0000000e+00   1.2551643e+04   1.5360000e+03
   0.0000000e+00   0.0000000e+00   1.2532962e+04   1.5380000e+03
   0.0000000e+00   0.0000000e+00   1.2344479e+04   1.5390000e+03
   0.0000000e+00   0.0000000e+00   1.2206123e+04   1.5700000e+03
   0.0000000e+00   0.0000000e+00   1.2182372e+04   1.5760000e+03
   0.0000000e+00   0.0000000e+00   1.2181816e+04   1.6080000e+03
   0.0000000e+00   0.0000000e+00   1.2160473e+04   1.6500000e+03
   0.0000000e+00   0.0000000e+00   1.2130253e+04   1.6790000e+03
   0.0000000e+00   0.0000000e+00   1.2055230e+04   1.7480000e+03
   0.0000000e+00   0.0000000e+00   1.2038597e+04   1.7500000e+03
   0.0000000e+00   0.0000000e+00   1.1921863e+04   1.7510000e+03
   0.0000000e+00   0.0000000e+00   1.1921823e+04   1.7600000e+03
   0.0000000e+00   0.0000000e+00   1.1880570e+04   1.7910000e+03
   0.0000000e+00   0.0000000e+00   1.1841052e+04   1.7920000e+03
   0.0000000e+00   0.0000000e+00   1.1814061e+04   1.7950000e+03
   0.0000000e+00   0.0000000e+00   1.1679437e+04   1.8660000e+03
   0.0000000e+00   0.0000000e+00   1.1666423e+04   1.9040000e+03
   0.0000000e+00   0.0000000e+00   1.1652191e+04   1.9070000e+03
   0.0000000e+00   0.0000000e+00   1.1634124e+04   1.9370000e+03
   0.0000000e+00   0.0000000e+00   1.1602577e+04   1.9380000e+03
   0.0000000e+00   0.0000000e+00   1.1544480e+04   1.9400000e+03
   0.0000000e+00   0.0000000e+00   1.1543913e+04   1.9410000e+03
   0.0000000e+00   0.0000000e+00   1.1523827e+04   1.9440000e+03
   0.0000000e+00   0.0000000e+00   1.1477427e+04   1.9510000e+03
   0.0000000e+00   0.0000000e+00   1.1432871e+04   1.9740000e+03
   0.0000000e+00   0.0000000e+00   1.1379920e+04   2.0120000e+03
   0.0000000e+00   0.0000000e+00   1.1341603e+04   2.0140000e+03
   0.0000000e+00   0.0000000e+00   1.1331532e+04   2.0200000e+03
   0.0000000e+00   0.0000000e+00   1.1321153e+04   2.0240000e+03
   0.0000000e+00   0.0000000e+00   1.1275496e+04   2.0440000e+03
   0.0000000e+00   0.0000000e+00   1.1268231e+04   2.0460000e+03
   0.0000000e+00   0.0000000e+00   1.1251022e+04   2.0490000e+03
   0.0000000e+00   0.0000000e+00   1.1249133e+04   2.0530000e+03
   0.0000000e+00   0.0000000e+00   1.1228993e+04   2.0550000e+03
   0.0000000e+00   0.0000000e+00   1.1158324e+04   2.0600000e+03
   0.0000000e+00   0.0000000e+00   1.1084371e+04   2.0830000e+03
   0.0000000e+00   0.0000000e+00   1.1069304e+04   2.0860000e+03
   0.0000000e+00   0.0000000e+00   1.1032825e+04   2.0870000e+03
   0.0000000e+00   0.0000000e+00   1.0994308e+04   2.0880000e+03
   0.0000000e+00   0.0000000e+00   1.0955843e+04   2.0890000e+03
   0.0000000e+00   0.0000000e+00   1.0924203e+04   2.0900000e+03
   0.0000000e+00   0.0000000e+00   1.0873625e+04   2.0960000e+03
   0.0000000e+00   0.0000000e+00   1.0855763e+04   2.0980000e+03
   0.0000000e+00   0.0000000e+00   1.0821541e+04   2.1230000e+03
   0.0000000e+00   0.0000000e+00   1.0792733e+04   2.1240000e+03
   0.0000000e+00   0.0000000e+00   1.0742578e+04   2.1250000e+03
   0.0000000e+00   0.0000000e+00   1.0720275e+04   2.1330000e+03
   0.0000000e+00   0.0000000e+00   1.0659429e+04   2.1550000e+03
   0.0000000e+00   0.0000000e+00   1.0635242e+04   2.1570000e+03
   0.0000000e+00   0.0000000e+00   1.0594662e+04   2.1590000e+03
   0.0000000e+00   0.0000000e+00   1.0489550e+04   2.1600000e+03
   0.0000000e+00   0.0000000e+00   1.0475513e+04   2.1610000e+03
   0.0000000e+00   0.0000000e+00   1.0394610e+04   2.1620000e+03
   0.0000000e+00   0.0000000e+00   1.0376350e+04   2.1630000e+03
   0.0000000e+00   0.0000000e+00   1.0374585e+04   2.1640000e+03
   0.0000000e+00   0.0000000e+00   1.0367011e+04   2.1650000e+03
   0.0000000e+00   0.0000000e+00   1.0343679e+04   2.1660000e+03
   0.0000000e+00   0.0000000e+00   1.0232528e+04   2.1700000e+03
   0.0000000e+00   0.0000000e+00   1.0174726e+04   2.1930000e+03
   0.0000000e+00   0.0000000e+00   1.0094938e+04   2.1960000e+03
   0.0000000e+00   0.0000000e+00   1.0016503e+04   2.1970000e+03
   0.0000000e+00   0.0000000e+00   9.9992639e+03   2.1980000e+03
   0.0000000e+00   0.0000000e+00   9.9930657e+03   2.2000000e+03
   0.0000000e+00   0.0000000e+00   9.9705659e+03   2.2020000e+03
   0.0000000e+00   0.0000000e+00   9.8210343e+03   2.2030000e+03
   0.0000000e+00   0.0000000e+00   9.7342683e+03   2.2040000e+03
   0.0000000e+00   0.0000000e+00   9.7261881e+03   2.2050000e+03
   0.0000000e+00   0.0000000e+00   9.5941363e+03   2.2070000e+03
   0.0000000e+00   0.0000000e+00   9.5533749e+03   2.2310000e+03
   0.0000000e+00   0.0000000e+00   9.5216067e+03   2.2320000e+03
   0.0000000e+00   0.0000000e+00   9.4619580e+03   2.2330000e+03
   0.0000000e+00   0.0000000e+00   9.4456959e+03   2.2340000e+03
   0.0000000e+00   0.0000000e+00   9.3936011e+03   2.2370000e+03
   0.0000000e+00   0.0000000e+00   9.2804971e+03   2.2700000e+03
   0.0000000e+00   0.0000000e+00   9.2665225e+03   2.2740000e+03
   0.0000000e+00   0.0000000e+00   9.2665071e+03   2.2790000e+03
   0.0000000e+00   0.0000000e+00   9.2326816e+03   2.3100000e+03
   0.0000000e+00   0.0000000e+00   9.1914543e+03   2.3170000e+03
   0.0000000e+00   0.0000000e+00   9.1452095e+03   2.3430000e+03
   0.0000000e+00   0.0000000e+00   9.1284900e+03   2.3450000e+03
   0.0000000e+00   0.0000000e+00   9.1032668e+03   2.3510000e+03
   0.0000000e+00   0.0000000e+00   9.0374294e+03   2.3790000e+03
   0.0000000e+00   0.0000000e+00   8.9441574e+03   2.3810000e+03
   0.0000000e+00   0.0000000e+00   8.9080575e+03   2.3830000e+03
   0.0000000e+00   0.0000000e+00   8.8876246e+03   2.3870000e+03
   0.0000000e+00   0.0000000e+00   8.8201209e+03   2.3890000e+03
   0.0000000e+00   0.0000000e+00   8.8008616e+03   2.4170000e+03
   0.0000000e+00   0.0000000e+00   8.7551432e+03   2.4180000e+03
   0.0000000e+00   0.0000000e+00   8.7342492e+03   2.4190000e+03
   0.0000000e+00   0.0000000e+00   8.7192789e+03   2.4560000e+03
   0.0000000e+00   0.0000000e+00   8.6888600e+03   2.4580000e+03
   0.0000000e+00   0.0000000e+00   8.6750300e+03   2.4920000e+03
   0.0000000e+00   0.0000000e+00   8.6718019e+03   2.5290000e+03
   0.0000000e+00   0.0000000e+00   8.6426518e+03   2.5310000e+03
   0.0000000e+00   0.0000000e+00   8.6001510e+03   2.5650000e+03
   0.0000000e+00   0.0000000e+00   8.5359978e+03   2.5660000e+03
   0.0000000e+00   0.0000000e+00   8.5336007e+03   2.5670000e+03
   0.0000000e+00   0.0000000e+00   8.5135493e+03   2.6040000e+03
   0.0000000e+00   0.0000000e+00   8.5034593e+03   2.6060000e+03
   0.0000000e+00   0.0000000e+00   8.4942418e+03   2.6080000e+03
   0.0000000e+00   0.0000000e+00   8.4942131e+03   2.6090000e+03
   0.0000000e+00   0.0000000e+00   8.4805843e+03   2.6800000e+03
   0.0000000e+00   0.0000000e+00   8.4455502e+03   2.6840000e+03
   0.0000000e+00   0.0000000e+00   8.3947209e+03   2.6850000e+03
   0.0000000e+00   0.0000000e+00   8.3818643e+03   2.7150000e+03
   0.0000000e+00   0.0000000e+00   8.3338779e+03   2.7510000e+03
   0.0000000e+00   0.0000000e+00   8.3178206e+03   2.7530000e+03
   0.0000000e+00   0.0000000e+00   8.3024173e+03   2.7880000e+03
   0.0000000e+00   0.0000000e+00   8.2892911e+03   2.8280000e+03
   0.0000000e+00   0.0000000e+00   8.2629485e+03   2.8300000e+03
   0.0000000e+00   0.0000000e+00   8.2309840e+03   2.8610000e+03
   0.0000000e+00   0.0000000e+00   8.2097877e+03   2.8620000e+03
   0.0000000e+00   0.0000000e+00   8.1961514e+03   2.8630000e+03
   0.0000000e+00   0.0000000e+00   8.1728618e+03   2.8670000e+03
   0.0000000e+00   0.0000000e+00   8.1264626e+03   2.8990000e+03
   0.0000000e+00   0.0000000e+00   8.1248735e+03   2.9010000e+03
   0.0000000e+00   0.0000000e+00   8.1129674e+03   2.9020000e+03
   0.0000000e+00   0.0000000e+00   8.1024751e+03   2.9390000e+03
   0.0000000e+00   0.0000000e+00   8.0488049e+03   3.0070000e+03
   0.0000000e+00   0.0000000e+00   8.0186077e+03   3.0450000e+03
   0.0000000e+00   0.0000000e+00   7.9902811e+03   3.0470000e+03
   0.0000000e+00   0.0000000e+00   7.9749557e+03   3.0880000e+03
   0.0000000e+00   0.0000000e+00   7.9693897e+03   3.1220000e+03
   0.0000000e+00   0.0000000e+00   7.9637111e+03   3.1630000e+03
   0.0000000e+00   0.0000000e+00   7.9156407e+03   3.1990000e+03
   0.0000000e+00   0.0000000e+00   7.9153865e+03   3.2000000e+03
   0.0000000e+00   0.0000000e+00   7.8776089e+03   3.2290000e+03
   0.0000000e+00   0.0000000e+00   7.8710966e+03   3.2330000e+03
   0.0000000e+00   0.0000000e+00   7.8651159e+03   3.2700000e+03
   0.0000000e+00   0.0000000e+00   7.8632481e+03   3.2710000e+03
   0.0000000e+00   0.0000000e+00   7.8435636e+03   3.2730000e+03
   0.0000000e+00   0.0000000e+00   7.8182303e+03   3.3060000e+03
   0.0000000e+00   0.0000000e+00   7.7754185e+03   3.3420000e+03
   0.0000000e+00   0.0000000e+00   7.7743629e+03   3.3490000e+03
   0.0000000e+00   0.0000000e+00   7.7371247e+03   3.3780000e+03
   0.0000000e+00   0.0000000e+00   7.7305014e+03   3.3860000e+03
   0.0000000e+00   0.0000000e+00   7.7230079e+03   3.4550000e+03
   0.0000000e+00   0.0000000e+00   7.6869005e+03   3.4910000e+03
   0.0000000e+00   0.0000000e+00   7.6529191e+03   3.4920000e+03
   0.0000000e+00   0.0000000e+00   7.6322900e+03   3.4970000e+03
   0.0000000e+00   0.0000000e+00   7.6302851e+03   3.5350000e+03
   0.0000000e+00   0.0000000e+00   7.6274939e+03   3.5650000e+03
   0.0000000e+00   0.0000000e+00   7.5925781e+03   3.6010000e+03
   0.0000000e+00   0.0000000e+00   7.5906440e+03   3.6030000e+03
   0.0000000e+00   0.0000000e+00   7.5654183e+03   3.6050000e+03
   0.0000000e+00   0.0000000e+00   7.5642904e+03   3.6090000e+03
   0.0000000e+00   0.0000000e+00   7.5400197e+03   3.6380000e+03
   0.0000000e+00   0.0000000e+00   7.5016290e+03   3.6710000e+03
   0.0000000e+00   0.0000000e+00   7.4804066e+03   3.7150000e+03
   0.0000000e+00   0.0000000e+00   7.4770992e+03   3.7550000e+03
   0.0000000e+00   0.0000000e+00   7.4726578e+03   3.8250000e+03
   0.0000000e+00   0.0000000e+00   7.4569424e+03   3.8570000e+03
   0.0000000e+00   0.0000000e+00   7.4371454e+03   3.9020000e+03
   0.0000000e+00   0.0000000e+00   7.4235714e+03   4.0490000e+03
   0.0000000e+00   0.0000000e+00   7.4141539e+03   4.0860000e+03
   0.0000000e+00   0.0000000e+00   7.4138155e+03   4.2360000e+03
   0.0000000e+00   0.0000000e+00   7.4067679e+03   4.3450000e+03
   0.0000000e+00   0.0000000e+00   7.3994447e+03   4.3790000e+03
   0.0000000e+00   0.0000000e+00   7.3914396e+03   4.4200000e+03
   0.0000000e+00   0.0000000e+00   7.3701497e+03   4.5270000e+03
   0.0000000e+00   0.0000000e+00   7.3539268e+03   4.5290000e+03
   0.0000000e+00   0.0000000e+00   7.3520016e+03   4.5680000e+03
   0.0000000e+00   0.0000000e+00   7.3286892e+03   4.8940000e+03
   0.0000000e+00   0.0000000e+00   7.3265687e+03   4.9390000e+03
   0.0000000e+00   0.0000000e+00   7.3021413e+03   5.0040000e+03
   0.0000000e+00   0.0000000e+00   7.2550608e+03   5.0100000e+03
   0.0000000e+00   0.0000000e+00   7.2029165e+03   5.0830000e+03
   0.0000000e+00   0.0000000e+00   7.1989711e+03   5.1210000e+03
   0.0000000e+00   0.0000000e+00   7.1842693e+03   5.1230000e+03
   0.0000000e+00   0.0000000e+00   7.1635001e+03   5.1680000e+03
   0.0000000e+00   0.0000000e+00   7.1373779e+03   5.1910000e+03
   0.0000000e+00   0.0000000e+00   7.1311184e+03   5.1920000e+03
   0.0000000e+00   0.0000000e+00   7.1027273e+03   5.2310000e+03
   0.0000000e+00   0.0000000e+00   7.0849072e+03   5.2340000e+03
   0.0000000e+00   0.0000000e+00   7.0615596e+03   5.2660000e+03
   0.0000000e+00   0.0000000e+00   7.0598769e+03   5.2690000e+03
   0.0000000e+00   0.0000000e+00   6.9848498e+03   5.3120000e+03
   0.0000000e+00   0.0000000e+00   6.9536940e+03   5.3420000e+03
   0.0000000e+00   0.0000000e+00   6.9061822e+03   5.3740000e+03
   0.0000000e+00   0.0000000e+00   6.9044705e+03   5.3820000e+03
   0.0000000e+00   0.0000000e+00   6.8891014e+03   5.4510000e+03
   0.0000000e+00   0.0000000e+00   6.8723049e+03   5.4530000e+03
   0.0000000e+00   0.0000000e+00   6.8465137e+03   5.4870000e+03
   0.0000000e+00   0.0000000e+00   6.8302455e+03   5.4910000e+03
   0.0000000e+00   0.0000000e+00   6.7868297e+03   5.5260000e+03
   0.0000000e+00   0.0000000e+00   6.7652151e+03   5.5620000e+03
   0.0000000e+00   0.0000000e+00   6.7603623e+03   5.5670000e+03
   0.0000000e+00   0.0000000e+00   6.7518970e+03   5.6010000e+03
   0.0000000e+00   0.0000000e+00   6.7281722e+03   5.6720000e+03
   0.0000000e+00   0.0000000e+00   6.7072981e+03   5.7460000e+03
   0.0000000e+00   0.0000000e+00   6.7064595e+03   5.7490000e+03
   0.0000000e+00   0.0000000e+00   6.7042546e+03   5.9390000e+03
   0.0000000e+00   0.0000000e+00   6.7012063e+03   6.0430000e+03
   0.0000000e+00   0.0000000e+00   6.6899548e+03   6.0440000e+03
   0.0000000e+00   0.0000000e+00   6.6633912e+03   6.0490000e+03
   0.0000000e+00   0.0000000e+00   6.6515450e+03   6.0840000e+03
   0.0000000e+00   0.0000000e+00   6.6216276e+03   6.1160000e+03
   0.0000000e+00   0.0000000e+00   6.6184651e+03   6.1230000e+03
   0.0000000e+00   0.0000000e+00   6.6153294e+03   6.1930000e+03
   0.0000000e+00   0.0000000e+00   6.5701916e+03   6.2240000e+03
   0.0000000e+00   0.0000000e+00   6.5686186e+03   6.2320000e+03
   0.0000000e+00   0.0000000e+00   6.5644754e+03   6.2660000e+03
   0.0000000e+00   0.0000000e+00   6.5442791e+03   6.2990000e+03
   0.0000000e+00   0.0000000e+00   6.5154400e+03   6.3750000e+03
   0.0000000e+00   0.0000000e+00   6.5107106e+03   6.3780000e+03
   0.0000000e+00   0.0000000e+00   6.4808991e+03   6.4490000e+03
   0.0000000e+00   0.0000000e+00   6.4714558e+03   6.4880000e+03
   0.0000000e+00   0.0000000e+00   6.4586915e+03   6.5260000e+03
   0.0000000e+00   0.0000000e+00   6.4265476e+03   6.5950000e+03
   0.0000000e+00   0.0000000e+00   6.4180147e+03   6.6000000e+03
   0.0000000e+00   0.0000000e+00   6.3818037e+03   6.6330000e+03
   0.0000000e+00   0.0000000e+00   6.3811274e+03   6.7080000e+03
   0.0000000e+00   0.0000000e+00   6.3642798e+03   6.7090000e+03
   0.0000000e+00   0.0000000e+00   6.3574396e+03   6.7450000e+03
   0.0000000e+00   0.0000000e+00   6.3420751e+03   6.7460000e+03
   0.0000000e+00   0.0000000e+00   6.3317245e+03   6.7870000e+03
   0.0000000e+00   0.0000000e+00   6.3177964e+03   6.8210000e+03
   0.0000000e+00   0.0000000e+00   6.3117493e+03   6.8560000e+03
   0.0000000e+00   0.0000000e+00   6.3002963e+03   6.8930000e+03
   0.0000000e+00   0.0000000e+00   6.2860022e+03   6.9300000e+03
   0.0000000e+00   0.0000000e+00   6.2831775e+03   7.0420000e+03
   0.0000000e+00   0.0000000e+00   6.2522441e+03   7.2250000e+03
   0.0000000e+00   0.0000000e+00   6.2500090e+03   7.4490000e+03
   0.0000000e+00   0.0000000e+00   6.2376137e+03   7.6300000e+03
   0.0000000e+00   0.0000000e+00   6.2332906e+03   7.6320000e+03
   0.0000000e+00   0.0000000e+00   6.2319996e+03   7.6350000e+03
   0.0000000e+00   0.0000000e+00   6.2191877e+03   7.6720000e+03
   0.0000000e+00   0.0000000e+00   6.2183681e+03   7.7460000e+03
   0.0000000e+00   0.0000000e+00   6.1965244e+03   8.1520000e+03
   0.0000000e+00   0.0000000e+00   6.1964437e+03   8.2250000e+03
   0.0000000e+00   0.0000000e+00   6.1948764e+03   8.3380000e+03
   0.0000000e+00   0.0000000e+00   6.1856559e+03   8.5210000e+03
   0.0000000e+00   0.0000000e+00   6.1759512e+03   8.8920000e+03
   0.0000000e+00   0.0000000e+00   6.1737246e+03   9.4120000e+03
   0.0000000e+00   0.0000000e+00   6.1710967e+03   9.7810000e+03
   0.0000000e+00   0.0000000e+00   6.1355801e+03   9.9650000e+03
   0.0000000e+00   0.0000000e+00   6.1148189e+03   1.0039000e+04
   0.0000000e+00   0.0000000e+00   6.1127654e+03   1.0075000e+04
   0.0000000e+00   0.0000000e+00   6.1091146e+03   1.1520000e+04
   0.0000000e+00   0.0000000e+00   6.1079517e+03   1.1780000e+04
   0.0000000e+00   0.0000000e+00   6.1004577e+03   1.1962000e+04
   0.0000000e+00   0.0000000e+00   6.0839838e+03   1.2075000e+04
   0.0000000e+00   0.0000000e+00   6.0606175e+03   1.2296000e+04
   0.0000000e+00   0.0000000e+00   6.0591629e+03   1.2333000e+04
   0.0000000e+00   0.0000000e+00   6.0555488e+03   1.2334000e+04
   0.0000000e+00   0.0000000e+00   6.0412019e+03   1.2406000e+04
   0.0000000e+00   0.0000000e+00   6.0350098e+03   1.2483000e+04
   0.0000000e+00   0.0000000e+00   6.0306043e+03   1.2518000e+04
   0.0000000e+00   0.0000000e+00   6.0270062e+03   1.2555000e+04
   0.0000000e+00   0.0000000e+00   6.0199495e+03   1.2704000e+04
   0.0000000e+00   0.0000000e+00   6.0197998e+03   1.2705000e+04
   0.0000000e+00   0.0000000e+00   6.0177960e+03   1.2816000e+04
   0.0000000e+00   0.0000000e+00   6.0136067e+03   1.2925000e+04
   0.0000000e+00   0.0000000e+00   6.0092867e+03   1.3001000e+04
   0.0000000e+00   0.0000000e+00   6.0074762e+03   1.3856000e+04
   0.0000000e+00   0.0000000e+00   5.9972581e+03   1.3859000e+04
   0.0000000e+00   0.0000000e+00   5.9933654e+03   1.3887000e+04
   0.0000000e+00   0.0000000e+00   5.9862832e+03   1.3925000e+04
   0.0000000e+00   0.0000000e+00   5.9531957e+03   1.4148000e+04
   0.0000000e+00   0.0000000e+00   5.9506784e+03   1.4224000e+04
   0.0000000e+00   0.0000000e+00   5.9415515e+03   1.4293000e+04
   0.0000000e+00   0.0000000e+00   5.9411187e+03   1.4369000e+04
   0.0000000e+00   0.0000000e+00   5.9382334e+03   1.4555000e+04
   0.0000000e+00   0.0000000e+00   5.9232729e+03   1.4809000e+04
   0.0000000e+00   0.0000000e+00   5.9107961e+03   1.4848000e+04
   0.0000000e+00   0.0000000e+00   5.9075770e+03   1.4849000e+04
   0.0000000e+00   0.0000000e+00   5.9032313e+03   1.4961000e+04
   0.0000000e+00   0.0000000e+00   5.8922698e+03   1.5035000e+04
   0.0000000e+00   0.0000000e+00   5.8752914e+03   1.5145000e+04
   0.0000000e+00   0.0000000e+00   5.8704752e+03   1.5146000e+04
   0.0000000e+00   0.0000000e+00   5.8402543e+03   1.5220000e+04
   0.0000000e+00   0.0000000e+00   5.8246966e+03   1.5367000e+04
   0.0000000e+00   0.0000000e+00   5.8208008e+03   1.5477000e+04
   0.0000000e+00   0.0000000e+00   5.8128561e+03   1.5662000e+04
   0.0000000e+00   0.0000000e+00   5.7928736e+03   1.5663000e+04
   0.0000000e+00   0.0000000e+00   5.7775091e+03   1.5700000e+04
   0.0000000e+00   0.0000000e+00   5.7747799e+03   1.5776000e+04
   0.0000000e+00   0.0000000e+00   5.7718960e+03   1.5923000e+04
   0.0000000e+00   0.0000000e+00   5.7716859e+03   1.6035000e+04
   0.0000000e+00   0.0000000e+00   5.7600425e+03   1.6401000e+04
   0.0000000e+00   0.0000000e+00   5.7527892e+03   1.6662000e+04
   0.0000000e+00   0.0000000e+00   5.7434345e+03   1.7365000e+04
   0.0000000e+00   0.0000000e+00   5.7419799e+03   1.7882000e+04
   0.0000000e+00   0.0000000e+00   5.7236411e+03   1.8028000e+04
   0.0000000e+00   0.0000000e+00   5.7225402e+03   1.8922000e+04
   0.0000000e+00   0.0000000e+00   5.7168909e+03   1.9658000e+04
   0.0000000e+00   0.0000000e+00   5.7124509e+03   1.9955000e+04
   0.0000000e+00   0.0000000e+00   5.7082645e+03   2.0213000e+04
   0.0000000e+00   0.0000000e+00   5.7079395e+03   2.0437000e+04
   0.0000000e+00   0.0000000e+00   5.7065885e+03   2.0697000e+04
   0.0000000e+00   0.0000000e+00   5.7028774e+03   2.1104000e+04
   0.0000000e+00   0.0000000e+00   5.6997220e+03   2.2026000e+04
   0.0000000e+00   0.0000000e+00   5.6929907e+03   2.2209000e+04
   0.0000000e+00   0.0000000e+00   5.6901709e+03   2.2249000e+04
   0.0000000e+00   0.0000000e+00   5.6848610e+03   2.2361000e+04
   0.0000000e+00   0.0000000e+00   5.6834064e+03   2.2434000e+04
   0.0000000e+00   0.0000000e+00   5.6782752e+03   2.2545000e+04
   0.0000000e+00   0.0000000e+00   5.6671159e+03   2.2989000e+04
   0.0000000e+00   0.0000000e+00   5.6656613e+03   2.3062000e+04
   0.0000000e+00   0.0000000e+00   5.6600120e+03   2.3248000e+04
   0.0000000e+00   0.0000000e+00   5.6593827e+03   2.4841000e+04
   0.0000000e+00   0.0000000e+00   5.6578297e+03   2.6174000e+04
   0.0000000e+00   0.0000000e+00   5.6555946e+03   2.6874000e+04
   0.0000000e+00   0.0000000e+00   5.6553105e+03   2.6949000e+04
   0.0000000e+00   0.0000000e+00   5.6424322e+03   2.7135000e+04
   0.0000000e+00   0.0000000e+00   5.6342110e+03   2.7429000e+04
   0.0000000e+00   0.0000000e+00   5.5993543e+03   2.7543000e+04
   0.0000000e+00   0.0000000e+00   5.5910315e+03   2.8057000e+04
   0.0000000e+00   0.0000000e+00   5.5893464e+03   2.9687000e+04
   0.0000000e+00   0.0000000e+00   5.5868194e+03   2.9722000e+04
   0.0000000e+00   0.0000000e+00   5.5817485e+03   3.0240000e+04
   0.0000000e+00   0.0000000e+00   5.5779226e+03   3.0499000e+04
   0.0000000e+00   0.0000000e+00   5.5738071e+03   3.1239000e+04
   0.0000000e+00   0.0000000e+00   5.5697472e+03   3.1497000e+04
   0.0000000e+00   0.0000000e+00   5.5619553e+03   3.2794000e+04
   0.0000000e+00   0.0000000e+00   5.5567707e+03   3.3573000e+04
   0.0000000e+00   0.0000000e+00   5.5556367e+03   3.5125000e+04
   0.0000000e+00   0.0000000e+00   5.5540530e+03   3.5975000e+04
   0.0000000e+00   0.0000000e+00   5.5529987e+03   3.8678000e+04
   0.0000000e+00   0.0000000e+00   5.5514341e+03   4.0230000e+04
   0.0000000e+00   0.0000000e+00   5.5463632e+03   4.1637000e+04
   0.0000000e+00   0.0000000e+00   5.5441281e+03   5.9582000e+04
   0.0000000e+00   0.0000000e+00   5.5414312e+03   6.9130000e+04
   0.0000000e+00   0.0000000e+00   5.5391961e+03   7.9858000e+04
   0.0000000e+00   0.0000000e+00   5.5367068e+03   8.1409000e+04
   0.0000000e+00   0.0000000e+00   5.5352522e+03   9.0921000e+04
   0.0000000e+00   0.0000000e+00   5.5282132e+03   1.1715900e+05
   0.0000000e+00   0.0000000e+00   5.5259782e+03   1.2055700e+05
   0.0000000e+00   0.0000000e+00   5.5236621e+03   1.2433000e+05
   0.0000000e+00   0.0000000e+00   5.5186916e+03   1.2570000e+05
   0.0000000e+00   0.0000000e+00   5.5183765e+03   1.3084100e+05
   0.0000000e+00   0.0000000e+00   5.5156715e+03   1.6155300e+05
   0.0000000e+00   0.0000000e+00   5.4662627e+03   1.6304700e+05
   0.0000000e+00   0.0000000e+00   5.4577064e+03   1.6329600e+05
   0.0000000e+00   0.0000000e+00   5.4544408e+03   1.6333100e+05
   0.0000000e+00   0.0000000e+00   5.4527522e+03   1.6362600e+05
   0.0000000e+00   0.0000000e+00   5.4352370e+03   1.6381700e+05
   0.0000000e+00   0.0000000e+00   5.4348206e+03   1.6455300e+05
   0.0000000e+00   0.0000000e+00   5.4331320e+03   1.6462500e+05
   0.0000000e+00   0.0000000e+00   5.4327923e+03   1.6495900e+05
   0.0000000e+00   0.0000000e+00   5.4202716e+03   1.6773300e+05
   0.0000000e+00   0.0000000e+00   5.4163097e+03   1.6869400e+05
   0.0000000e+00   0.0000000e+00   5.4142155e+03   1.6887900e+05
   0.0000000e+00   0.0000000e+00   5.4057795e+03   1.6965600e+05
   0.0000000e+00   0.0000000e+00   5.4001302e+03   1.7794400e+05
   0.0000000e+00   0.0000000e+00   5.3995443e+03   1.8408600e+05
   0.0000000e+00   0.0000000e+00   5.3959462e+03   1.8501200e+05
   0.0000000e+00   0.0000000e+00   5.3921203e+03   1.8593700e+05
   0.0000000e+00   0.0000000e+00   5.3920899e+03   1.8634600e+05
   0.0000000e+00   0.0000000e+00   5.3884133e+03   1.8656600e+05
   0.0000000e+00   0.0000000e+00   5.3835535e+03   1.8678800e+05
   0.0000000e+00   0.0000000e+00   5.3826536e+03   1.8737900e+05
   0.0000000e+00   0.0000000e+00   5.3643672e+03   1.8948700e+05
   0.0000000e+00   0.0000000e+00   5.3638268e+03   1.9193100e+05
   0.0000000e+00   0.0000000e+00   5.3571353e+03   1.9644200e+05
