   0.0000000e+00   0.0000000e+00   0.0000000e+00   0.0000000e+00
   2.3288226e+12   4.9350678e+04   2.0874770e+03   2.4134557e+02
   2.3288226e+12   4.9350678e+04   2.0874770e+03   2.4134557e+02
   2.3288226e+12   4.9350678e+04   2.0874770e+03   2.4134557e+02
   2.3288226e+12   4.9350678e+04   2.0874770e+03   2.4134557e+02
   2.1737962e+12   5.1512496e+04   1.8540348e+03   3.1976136e+02
   1.1583091e+12   4.8883767e+04   9.2031269e+02   2.3799637e+02
   1.1576099e+12   4.6292821e+04   1.0617149e+03   9.5894975e+01
   1.1576099e+12   4.6292821e+04   1.0617149e+03   9.5894975e+01
   7.6038668e+11   4.4036250e+04   5.2749686e+02   2.3288978e+02
   7.6038668e+11   4.4036250e+04   5.2749686e+02   2.3288978e+02
   5.7104557e+11   4.4636346e+04   4.9459985e+02   7.6445677e+01
   4.1577400e+11   4.6584486e+04   3.2970112e+02   8.6072836e+01
   3.5110103e+11   3.9492502e+04   2.7000766e+02   8.1093327e+01
   3.0834849e+11   4.2979845e+04   2.5085978e+02   5.7488658e+01
   3.0834849e+11   4.2979845e+04   2.5085978e+02   5.7488658e+01
   2.7318556e+11   3.8944691e+04   2.0305896e+02   7.0126561e+01
   2.4241201e+11   4.0075440e+04   1.8955285e+02   5.2859122e+01
   2.2303946e+11   3.7432617e+04   1.5806782e+02   6.4971611e+01
   2.2303946e+11   3.7432617e+04   1.5806782e+02   6.4971611e+01
   1.6997565e+11   4.0927533e+04   1.2619499e+02   4.3780615e+01
   1.6997565e+11   4.0927533e+04   1.2619499e+02   4.3780615e+01
   1.6997565e+11   4.0927533e+04   1.2619499e+02   4.3780615e+01
   1.6997565e+11   4.0927533e+04   1.2619499e+02   4.3780615e+01
   1.6505577e+11   3.8167189e+04   1.2189735e+02   4.3158377e+01
   1.6505577e+11   3.8167189e+04   1.2189735e+02   4.3158377e+01
   1.6505577e+11   3.8167189e+04   1.2189735e+02   4.3158377e+01
   1.4974330e+11   3.8399165e+04   1.0039554e+02   4.9347728e+01
   1.4854668e+11   3.8844047e+04   1.0600716e+02   4.2539474e+01
   1.3381417e+11   3.8649902e+04   9.3821010e+01   3.9993123e+01
   1.3381417e+11   3.8649902e+04   9.3821010e+01   3.9993123e+01
   1.3178484e+11   3.8381870e+04   8.9510375e+01   4.2274429e+01
   1.2998987e+11   3.7921032e+04   8.5467878e+01   4.4521950e+01
   1.2998987e+11   3.7921032e+04   8.5467878e+01   4.4521950e+01
   1.2466308e+11   3.6851392e+04   8.5033394e+01   3.9629654e+01
   1.2466308e+11   3.6851392e+04   8.5033394e+01   3.9629654e+01
   1.2466308e+11   3.6851392e+04   8.5033394e+01   3.9629654e+01
   1.2466308e+11   3.6851392e+04   8.5033394e+01   3.9629654e+01
   1.2466308e+11   3.6851392e+04   8.5033394e+01   3.9629654e+01
   1.2133887e+11   3.7559376e+04   7.6274871e+01   4.5063959e+01
   1.2133887e+11   3.7559376e+04   7.6274871e+01   4.5063959e+01
   1.2133887e+11   3.7559376e+04   7.6274871e+01   4.5063959e+01
   1.1735702e+11   3.6559332e+04   7.2698153e+01   4.4658834e+01
   2.1097483e+12   4.7437907e+04   1.9061351e+03   2.0361315e+02
   2.0884698e+12   4.8338084e+04   1.6882487e+03   4.0022104e+02
   1.0816035e+12   4.1254852e+04   8.4421978e+02   2.3738370e+02
   1.6530552e+12   4.7167508e+04   1.5110959e+03   1.4195932e+02
   1.6530552e+12   4.7167508e+04   1.5110959e+03   1.4195932e+02
   9.3841758e+11   4.6463707e+04   7.3642566e+02   2.0199187e+02
   6.1141142e+11   4.0956169e+04   5.0333816e+02   1.0807322e+02
   4.3201676e+11   4.1127588e+04   3.6706852e+02   6.4948198e+01
   2.8172560e+11   3.9647944e+04   2.0525438e+02   7.6471185e+01
   2.1874430e+11   4.0803948e+04   1.5364829e+02   6.5095965e+01
   1.9038762e+11   3.7078248e+04   1.2481999e+02   6.5567601e+01
   1.6300212e+11   3.7684013e+04   1.0530265e+02   5.7699430e+01
   1.5750137e+11   3.7606688e+04   9.5852695e+01   6.1648632e+01
   1.3901479e+11   3.8434514e+04   8.8017241e+01   5.0997506e+01
   1.2055507e+11   3.8050836e+04   7.1917866e+01   4.8637161e+01
   1.2055507e+11   3.8050836e+04   7.1917866e+01   4.8637161e+01
   1.2055507e+11   3.8050836e+04   7.1917866e+01   4.8637161e+01
   1.2055507e+11   3.8050836e+04   7.1917866e+01   4.8637161e+01
   1.2055507e+11   3.8050836e+04   7.1917866e+01   4.8637161e+01
   1.2055507e+11   3.8050836e+04   7.1917866e+01   4.8637161e+01
   1.1522834e+11   3.8108229e+04   6.8730751e+01   4.6497550e+01
   1.1522834e+11   3.8108229e+04   6.8730751e+01   4.6497550e+01
   1.1521401e+11   3.9015697e+04   6.7353887e+01   4.7860087e+01
   1.1521401e+11   3.9015697e+04   6.7353887e+01   4.7860087e+01
   1.1521401e+11   3.9015697e+04   6.7353887e+01   4.7860087e+01
   1.1521401e+11   3.9015697e+04   6.7353887e+01   4.7860087e+01
   1.0886738e+11   3.9000660e+04   6.2856747e+01   4.6010593e+01
   1.0886738e+11   3.9000660e+04   6.2856747e+01   4.6010593e+01
   1.0886738e+11   3.9000660e+04   6.2856747e+01   4.6010593e+01
   1.0417064e+11   3.8786981e+04   6.0483811e+01   4.3686789e+01
   1.0417064e+11   3.8786981e+04   6.0483811e+01   4.3686789e+01
   1.0417064e+11   3.8786981e+04   6.0483811e+01   4.3686789e+01
   1.0417064e+11   3.8786981e+04   6.0483811e+01   4.3686789e+01
   1.0302115e+11   3.8295456e+04   5.8552828e+01   4.4468282e+01
   1.0302115e+11   3.8295456e+04   5.8552828e+01   4.4468282e+01
   1.0302115e+11   3.8295456e+04   5.8552828e+01   4.4468282e+01
   1.0302115e+11   3.8295456e+04   5.8552828e+01   4.4468282e+01
   1.0302115e+11   3.8295456e+04   5.8552828e+01   4.4468282e+01
   9.8073498e+10   3.7753456e+04   5.4852079e+01   4.3221381e+01
   9.8073498e+10   3.7753456e+04   5.4852079e+01   4.3221381e+01
   9.8073498e+10   3.7753456e+04   5.4852079e+01   4.3221381e+01
   9.8073498e+10   3.7753456e+04   5.4852079e+01   4.3221381e+01
   9.0850263e+11   3.7244427e+04   7.3769835e+02   1.7080425e+02
   4.2064112e+11   3.3305507e+04   3.1762302e+02   1.0301807e+02
   3.4216438e+11   3.0387780e+04   2.5825803e+02   8.3906321e+01
   3.4216438e+11   3.0387780e+04   2.5825803e+02   8.3906321e+01
   3.4216438e+11   3.0387780e+04   2.5825803e+02   8.3906321e+01
   3.4216438e+11   3.0387780e+04   2.5825803e+02   8.3906321e+01
   3.4216438e+11   3.0387780e+04   2.5825803e+02   8.3906321e+01
   3.4216438e+11   3.0387780e+04   2.5825803e+02   8.3906321e+01
   3.4216438e+11   3.0387780e+04   2.5825803e+02   8.3906321e+01
   3.4216438e+11   3.0387780e+04   2.5825803e+02   8.3906321e+01
   3.4216438e+11   3.0387780e+04   2.5825803e+02   8.3906321e+01
   3.4216438e+11   3.0387780e+04   2.5825803e+02   8.3906321e+01
   3.4216438e+11   3.0387780e+04   2.5825803e+02   8.3906321e+01
   3.4216438e+11   3.0387780e+04   2.5825803e+02   8.3906321e+01
   3.4216438e+11   3.0387780e+04   2.5825803e+02   8.3906321e+01
   3.4216438e+11   3.0387780e+04   2.5825803e+02   8.3906321e+01
   3.4216438e+11   3.0387780e+04   2.5825803e+02   8.3906321e+01
   3.4216438e+11   3.0387780e+04   2.5825803e+02   8.3906321e+01
   3.4216438e+11   3.0387780e+04   2.5825803e+02   8.3906321e+01
   3.4216438e+11   3.0387780e+04   2.5825803e+02   8.3906321e+01
   3.4216438e+11   3.0387780e+04   2.5825803e+02   8.3906321e+01
   3.4216438e+11   3.0387780e+04   2.5825803e+02   8.3906321e+01
   3.4216438e+11   3.0387780e+04   2.5825803e+02   8.3906321e+01
   3.4216438e+11   3.0387780e+04   2.5825803e+02   8.3906321e+01
   3.4216438e+11   3.0387780e+04   2.5825803e+02   8.3906321e+01
   3.4216438e+11   3.0387780e+04   2.5825803e+02   8.3906321e+01
   3.4216438e+11   3.0387780e+04   2.5825803e+02   8.3906321e+01
   3.4216438e+11   3.0387780e+04   2.5825803e+02   8.3906321e+01
   3.4216438e+11   3.0387780e+04   2.5825803e+02   8.3906321e+01
   3.4216438e+11   3.0387780e+04   2.5825803e+02   8.3906321e+01
   3.4216438e+11   3.0387780e+04   2.5825803e+02   8.3906321e+01
   3.4216438e+11   3.0387780e+04   2.5825803e+02   8.3906321e+01
   3.4216438e+11   3.0387780e+04   2.5825803e+02   8.3906321e+01
   3.4216438e+11   3.0387780e+04   2.5825803e+02   8.3906321e+01
   3.4216438e+11   3.0387780e+04   2.5825803e+02   8.3906321e+01
   3.4216438e+11   3.0387780e+04   2.5825803e+02   8.3906321e+01
   3.4216438e+11   3.0387780e+04   2.5825803e+02   8.3906321e+01
   3.4216438e+11   3.0387780e+04   2.5825803e+02   8.3906321e+01
   3.4216438e+11   3.0387780e+04   2.5825803e+02   8.3906321e+01
   3.4216438e+11   3.0387780e+04   2.5825803e+02   8.3906321e+01
   3.4216438e+11   3.0387780e+04   2.5825803e+02   8.3906321e+01
   3.4216438e+11   3.0387780e+04   2.5825803e+02   8.3906321e+01
   3.4216438e+11   3.0387780e+04   2.5825803e+02   8.3906321e+01
   3.4216438e+11   3.0387780e+04   2.5825803e+02   8.3906321e+01
   3.4216438e+11   3.0387780e+04   2.5825803e+02   8.3906321e+01
   3.4216438e+11   3.0387780e+04   2.5825803e+02   8.3906321e+01
   3.4216438e+11   3.0387780e+04   2.5825803e+02   8.3906321e+01
   3.4216438e+11   3.0387780e+04   2.5825803e+02   8.3906321e+01
   3.4216438e+11   3.0387780e+04   2.5825803e+02   8.3906321e+01
   3.4216438e+11   3.0387780e+04   2.5825803e+02   8.3906321e+01
   3.4216438e+11   3.0387780e+04   2.5825803e+02   8.3906321e+01
   5.8335494e+11   3.4563932e+04   5.0036109e+02   8.2993809e+01
   3.6902643e+11   3.1491974e+04   2.9783130e+02   7.1195099e+01
   3.3147623e+11   2.8358419e+04   2.4257868e+02   8.8897522e+01
   3.3147623e+11   2.8358419e+04   2.4257868e+02   8.8897522e+01
   3.3147623e+11   2.8358419e+04   2.4257868e+02   8.8897522e+01
   3.3147623e+11   2.8358419e+04   2.4257868e+02   8.8897522e+01
   3.3147623e+11   2.8358419e+04   2.4257868e+02   8.8897522e+01
   3.3147623e+11   2.8358419e+04   2.4257868e+02   8.8897522e+01
   3.3147623e+11   2.8358419e+04   2.4257868e+02   8.8897522e+01
   3.3147623e+11   2.8358419e+04   2.4257868e+02   8.8897522e+01
   3.3147623e+11   2.8358419e+04   2.4257868e+02   8.8897522e+01
   3.3147623e+11   2.8358419e+04   2.4257868e+02   8.8897522e+01
   3.3147623e+11   2.8358419e+04   2.4257868e+02   8.8897522e+01
   3.3147623e+11   2.8358419e+04   2.4257868e+02   8.8897522e+01
   3.3147623e+11   2.8358419e+04   2.4257868e+02   8.8897522e+01
   3.3147623e+11   2.8358419e+04   2.4257868e+02   8.8897522e+01
   3.3147623e+11   2.8358419e+04   2.4257868e+02   8.8897522e+01
   3.3147623e+11   2.8358419e+04   2.4257868e+02   8.8897522e+01
   3.3147623e+11   2.8358419e+04   2.4257868e+02   8.8897522e+01
   3.3147623e+11   2.8358419e+04   2.4257868e+02   8.8897522e+01
   5.8335494e+11   3.4563932e+04   5.0036109e+02   8.2993809e+01
   3.6902643e+11   3.1491974e+04   2.9783130e+02   7.1195099e+01
   3.3147623e+11   2.8358419e+04   2.4257868e+02   8.8897522e+01
   3.3147623e+11   2.8358419e+04   2.4257868e+02   8.8897522e+01
   3.3147623e+11   2.8358419e+04   2.4257868e+02   8.8897522e+01
   3.3147623e+11   2.8358419e+04   2.4257868e+02   8.8897522e+01
   3.3147623e+11   2.8358419e+04   2.4257868e+02   8.8897522e+01
   3.3147623e+11   2.8358419e+04   2.4257868e+02   8.8897522e+01
   3.3147623e+11   2.8358419e+04   2.4257868e+02   8.8897522e+01
   3.3147623e+11   2.8358419e+04   2.4257868e+02   8.8897522e+01
   3.3147623e+11   2.8358419e+04   2.4257868e+02   8.8897522e+01
   3.3147623e+11   2.8358419e+04   2.4257868e+02   8.8897522e+01
   1.0657538e+12   3.3965033e+04   7.8955778e+02   2.7619598e+02
   4.0025399e+11   3.1257714e+04   3.3537869e+02   6.4875269e+01
   2.8522967e+11   2.9086122e+04   2.1610603e+02   6.9123611e+01
   2.4565110e+11   2.6553930e+04   1.7725498e+02   6.8396096e+01
   2.4565110e+11   2.6553930e+04   1.7725498e+02   6.8396096e+01
   2.4565110e+11   2.6553930e+04   1.7725498e+02   6.8396096e+01
   2.4565110e+11   2.6553930e+04   1.7725498e+02   6.8396096e+01
   2.4565110e+11   2.6553930e+04   1.7725498e+02   6.8396096e+01
   2.4565110e+11   2.6553930e+04   1.7725498e+02   6.8396096e+01
   2.4565110e+11   2.6553930e+04   1.7725498e+02   6.8396096e+01
   2.4565110e+11   2.6553930e+04   1.7725498e+02   6.8396096e+01
   2.4565110e+11   2.6553930e+04   1.7725498e+02   6.8396096e+01
   2.4565110e+11   2.6553930e+04   1.7725498e+02   6.8396096e+01
   2.4565110e+11   2.6553930e+04   1.7725498e+02   6.8396096e+01
   2.4565110e+11   2.6553930e+04   1.7725498e+02   6.8396096e+01
   2.4565110e+11   2.6553930e+04   1.7725498e+02   6.8396096e+01
   2.4565110e+11   2.6553930e+04   1.7725498e+02   6.8396096e+01
   2.4565110e+11   2.6553930e+04   1.7725498e+02   6.8396096e+01
   2.4565110e+11   2.6553930e+04   1.7725498e+02   6.8396096e+01
   2.4565110e+11   2.6553930e+04   1.7725498e+02   6.8396096e+01
   2.4565110e+11   2.6553930e+04   1.7725498e+02   6.8396096e+01
   2.4565110e+11   2.6553930e+04   1.7725498e+02   6.8396096e+01
   2.4565110e+11   2.6553930e+04   1.7725498e+02   6.8396096e+01
   2.4565110e+11   2.6553930e+04   1.7725498e+02   6.8396096e+01
   2.4565110e+11   2.6553930e+04   1.7725498e+02   6.8396096e+01
   2.4565110e+11   2.6553930e+04   1.7725498e+02   6.8396096e+01
   2.4565110e+11   2.6553930e+04   1.7725498e+02   6.8396096e+01
   2.4565110e+11   2.6553930e+04   1.7725498e+02   6.8396096e+01
   2.4565110e+11   2.6553930e+04   1.7725498e+02   6.8396096e+01
   2.4565110e+11   2.6553930e+04   1.7725498e+02   6.8396096e+01
   2.4565110e+11   2.6553930e+04   1.7725498e+02   6.8396096e+01
   2.4565110e+11   2.6553930e+04   1.7725498e+02   6.8396096e+01
   2.4565110e+11   2.6553930e+04   1.7725498e+02   6.8396096e+01
   2.4565110e+11   2.6553930e+04   1.7725498e+02   6.8396096e+01
   2.4565110e+11   2.6553930e+04   1.7725498e+02   6.8396096e+01
   2.4565110e+11   2.6553930e+04   1.7725498e+02   6.8396096e+01
   2.4565110e+11   2.6553930e+04   1.7725498e+02   6.8396096e+01
   3.6421649e+12   4.9885901e+04   3.3287388e+03   3.1342608e+02
   3.6421649e+12   4.9885901e+04   3.3287388e+03   3.1342608e+02
   3.6421649e+12   4.9885901e+04   3.3287388e+03   3.1342608e+02
   3.6421649e+12   4.9885901e+04   3.3287388e+03   3.1342608e+02
   3.6421649e+12   4.9885901e+04   3.3287388e+03   3.1342608e+02
   3.6421649e+12   4.9885901e+04   3.3287388e+03   3.1342608e+02
   3.6421649e+12   4.9885901e+04   3.3287388e+03   3.1342608e+02
   3.6421649e+12   4.9885901e+04   3.3287388e+03   3.1342608e+02
   3.6421649e+12   4.9885901e+04   3.3287388e+03   3.1342608e+02
   3.6421649e+12   4.9885901e+04   3.3287388e+03   3.1342608e+02
   3.6421649e+12   4.9885901e+04   3.3287388e+03   3.1342608e+02
   3.6421649e+12   4.9885901e+04   3.3287388e+03   3.1342608e+02
   3.6421649e+12   4.9885901e+04   3.3287388e+03   3.1342608e+02
   3.6421649e+12   4.9885901e+04   3.3287388e+03   3.1342608e+02
   3.6421649e+12   4.9885901e+04   3.3287388e+03   3.1342608e+02
   3.6421649e+12   4.9885901e+04   3.3287388e+03   3.1342608e+02
   3.6421649e+12   4.9885901e+04   3.3287388e+03   3.1342608e+02
   3.6421649e+12   4.9885901e+04   3.3287388e+03   3.1342608e+02
   3.6421649e+12   4.9885901e+04   3.3287388e+03   3.1342608e+02
   3.6421649e+12   4.9885901e+04   3.3287388e+03   3.1342608e+02
   3.6421649e+12   4.9885901e+04   3.3287388e+03   3.1342608e+02
   3.6421649e+12   4.9885901e+04   3.3287388e+03   3.1342608e+02
   3.6421649e+12   4.9885901e+04   3.3287388e+03   3.1342608e+02
   3.6421649e+12   4.9885901e+04   3.3287388e+03   3.1342608e+02
   3.6421649e+12   4.9885901e+04   3.3287388e+03   3.1342608e+02
   3.6421649e+12   4.9885901e+04   3.3287388e+03   3.1342608e+02
   3.6421649e+12   4.9885901e+04   3.3287388e+03   3.1342608e+02
   3.6421649e+12   4.9885901e+04   3.3287388e+03   3.1342608e+02
   3.6421649e+12   4.9885901e+04   3.3287388e+03   3.1342608e+02
   3.6421649e+12   4.9885901e+04   3.3287388e+03   3.1342608e+02
   3.6421649e+12   4.9885901e+04   3.3287388e+03   3.1342608e+02
   3.6421649e+12   4.9885901e+04   3.3287388e+03   3.1342608e+02
   3.6421649e+12   4.9885901e+04   3.3287388e+03   3.1342608e+02
   3.6421649e+12   4.9885901e+04   3.3287388e+03   3.1342608e+02
   3.6421649e+12   4.9885901e+04   3.3287388e+03   3.1342608e+02
   3.6421649e+12   4.9885901e+04   3.3287388e+03   3.1342608e+02
   3.6421649e+12   4.9885901e+04   3.3287388e+03   3.1342608e+02
   3.6421649e+12   4.9885901e+04   3.3287388e+03   3.1342608e+02
   3.6421649e+12   4.9885901e+04   3.3287388e+03   3.1342608e+02
   3.6421649e+12   4.9885901e+04   3.3287388e+03   3.1342608e+02
