   5.0100000e+02   3.6389277e+12   4.9975176e+04   3.3253059e+03   3.1362173e+02
   5.0400000e+02   3.6269832e+12   5.0680742e+04   3.3172789e+03   3.0970424e+02
   5.0500000e+02   3.6168724e+12   4.9763458e+04   3.3060119e+03   3.1086048e+02
   5.0800000e+02   3.1314761e+12   5.2100146e+04   2.8340079e+03   2.9746810e+02
   5.1000000e+02   3.1168624e+12   5.3027066e+04   2.8180929e+03   2.9876947e+02
   5.1100000e+02   3.1133522e+12   5.2924085e+04   2.8169204e+03   2.9643174e+02
   5.1200000e+02   3.0994366e+12   5.2714134e+04   2.8028767e+03   2.9655986e+02
   5.1300000e+02   3.0934762e+12   5.2731930e+04   2.7964934e+03   2.9698273e+02
   5.2100000e+02   2.9309665e+12   5.3843480e+04   2.6473858e+03   2.8358062e+02
   5.2200000e+02   2.8974552e+12   5.3990702e+04   2.6171014e+03   2.8035372e+02
   5.2400000e+02   2.8945274e+12   5.3199174e+04   2.6145370e+03   2.7999031e+02
   5.2600000e+02   2.8677509e+12   5.3332090e+04   2.5907185e+03   2.7703241e+02
   5.2700000e+02   2.8656952e+12   5.2723138e+04   2.5884234e+03   2.7727178e+02
   5.2800000e+02   2.8351896e+12   5.2660166e+04   2.5679412e+03   2.6724836e+02
   5.3000000e+02   2.8274374e+12   5.2655161e+04   2.5623795e+03   2.6505782e+02
   5.3100000e+02   2.8269845e+12   5.3029667e+04   2.5632648e+03   2.6371966e+02
   5.3600000e+02   2.8199525e+12   5.3669683e+04   2.5577744e+03   2.6217806e+02
   5.3900000e+02   2.7789950e+12   5.3657333e+04   2.5263273e+03   2.5266763e+02
   5.4300000e+02   2.5111376e+12   5.4106502e+04   2.2687406e+03   2.4239695e+02
   5.4500000e+02   2.3783588e+12   5.3766280e+04   2.1362163e+03   2.4214246e+02
   5.4600000e+02   2.3711678e+12   5.3816533e+04   2.1293092e+03   2.4185852e+02
   5.4900000e+02   2.3705526e+12   5.3635657e+04   2.1272894e+03   2.4326316e+02
   5.5000000e+02   2.3674298e+12   5.3924251e+04   2.1258566e+03   2.4157316e+02
   5.5300000e+02   2.3411056e+12   5.4270931e+04   2.1143598e+03   2.2674579e+02
   5.5500000e+02   2.3325859e+12   5.4411605e+04   2.1003437e+03   2.3224215e+02
   5.5700000e+02   2.2092632e+12   5.5054109e+04   1.9905960e+03   2.1866714e+02
   5.5800000e+02   2.0633221e+12   5.5377767e+04   1.8650535e+03   1.9826861e+02
   5.6300000e+02   1.9719783e+12   5.5636625e+04   1.7875475e+03   1.8443074e+02
   5.6500000e+02   1.9691904e+12   5.6081372e+04   1.7863678e+03   1.8282250e+02
   5.6600000e+02   1.9390908e+12   5.6138839e+04   1.7584797e+03   1.8061105e+02
   5.6700000e+02   1.8916768e+12   5.6679479e+04   1.7312850e+03   1.6039178e+02
   5.7000000e+02   1.5617571e+12   5.7345414e+04   1.4097259e+03   1.5203116e+02
   5.7100000e+02   1.5595177e+12   5.7230869e+04   1.4070608e+03   1.5245685e+02
   5.7400000e+02   1.5594567e+12   5.7162325e+04   1.4069620e+03   1.5249466e+02
   5.7500000e+02   1.5541207e+12   5.6894315e+04   1.4048023e+03   1.4931839e+02
   5.7700000e+02   1.5521019e+12   5.7213744e+04   1.4036624e+03   1.4843949e+02
   5.7900000e+02   1.5502372e+12   5.7669372e+04   1.4019226e+03   1.4831448e+02
   5.8300000e+02   1.5177557e+12   5.8140365e+04   1.3717361e+03   1.4601958e+02
   5.8400000e+02   1.4625591e+12   5.8593373e+04   1.3181554e+03   1.4440363e+02
   5.8500000e+02   1.4621092e+12   5.7600080e+04   1.3174453e+03   1.4466390e+02
   5.8600000e+02   1.4107432e+12   5.7383548e+04   1.2738252e+03   1.3691789e+02
   5.8800000e+02   1.3854444e+12   5.7712590e+04   1.2521634e+03   1.3328091e+02
   5.9400000e+02   1.2948374e+12   5.7955638e+04   1.1641073e+03   1.3073002e+02
   5.9500000e+02   1.2821935e+12   5.7538223e+04   1.1514993e+03   1.3069409e+02
   6.0800000e+02   1.2417426e+12   5.7291693e+04   1.1114733e+03   1.3026925e+02
   6.0900000e+02   1.1479327e+12   5.5067016e+04   1.0364415e+03   1.1149114e+02
   6.1000000e+02   1.1443479e+12   5.5632956e+04   1.0348518e+03   1.0949600e+02
   6.1100000e+02   1.1442262e+12   5.6441953e+04   1.0347804e+03   1.0944575e+02
   6.1200000e+02   1.1424342e+12   5.5957565e+04   1.0335020e+03   1.0893213e+02
   6.1500000e+02   1.1367537e+12   5.6966612e+04   1.0295829e+03   1.0717070e+02
   6.1600000e+02   1.1364663e+12   5.6843205e+04   1.0290210e+03   1.0744521e+02
   6.2200000e+02   1.1194544e+12   5.7077524e+04   1.0124376e+03   1.0701676e+02
   6.2400000e+02   1.1183909e+12   5.6867156e+04   1.0134803e+03   1.0491055e+02
   6.3300000e+02   1.1148504e+12   5.6912000e+04   1.0112276e+03   1.0362274e+02
   6.3400000e+02   1.0897403e+12   5.6708676e+04   9.8799312e+02   1.0174713e+02
   6.3500000e+02   1.0817884e+12   5.6694509e+04   9.8125186e+02   1.0053646e+02
   6.3600000e+02   1.0815983e+12   5.6674391e+04   9.8143984e+02   1.0015837e+02
   6.3900000e+02   1.0779878e+12   5.7472706e+04   9.7872496e+02   9.9262783e+01
   6.4100000e+02   1.0714519e+12   5.7637888e+04   9.7572321e+02   9.5728582e+01
   6.4200000e+02   1.0604220e+12   5.8033327e+04   9.6727467e+02   9.3147256e+01
   6.4500000e+02   1.0599945e+12   5.8234958e+04   9.6737472e+02   9.2619740e+01
   6.4600000e+02   1.0580542e+12   5.8785006e+04   9.6588083e+02   9.2173346e+01
   6.4700000e+02   1.0533427e+12   5.9086588e+04   9.5906863e+02   9.4274041e+01
   6.5200000e+02   1.0257722e+12   5.9494084e+04   9.3453623e+02   9.1235930e+01
   6.5300000e+02   1.0233903e+12   5.9236745e+04   9.3249723e+02   9.0893027e+01
   6.5600000e+02   1.0217980e+12   5.8684729e+04   9.3101952e+02   9.0778381e+01
   6.5700000e+02   1.0081575e+12   5.8387384e+04   9.1774889e+02   9.0408542e+01
   6.5900000e+02   1.0034622e+12   5.9133597e+04   9.1448736e+02   8.8974763e+01
   6.6200000e+02   1.0025509e+12   5.9847271e+04   9.1387419e+02   8.8676678e+01
   6.6800000e+02   9.9519511e+11   6.1660491e+04   9.0901588e+02   8.6179168e+01
   6.7700000e+02   9.8347559e+11   6.0837201e+04   9.0039231e+02   8.3083215e+01
   6.8100000e+02   9.8007155e+11   6.0794874e+04   8.9699327e+02   8.3078221e+01
   6.8200000e+02   9.6025036e+11   6.1435235e+04   8.7873113e+02   8.1519167e+01
   6.8500000e+02   7.5884631e+11   6.1781602e+04   6.8781714e+02   7.1029102e+01
   6.8600000e+02   7.5372824e+11   6.1792643e+04   6.8290128e+02   7.0826894e+01
   6.9000000e+02   7.3313464e+11   6.2647854e+04   6.6709777e+02   6.6036806e+01
   6.9500000e+02   7.3261796e+11   6.3009873e+04   6.6710829e+02   6.5509612e+01
   6.9900000e+02   7.2683693e+11   6.4332437e+04   6.6389995e+02   6.2936918e+01
   7.0100000e+02   7.2086541e+11   6.4498700e+04   6.5916810e+02   6.1697246e+01
   7.0700000e+02   7.2073883e+11   6.4108921e+04   6.5900334e+02   6.1735429e+01
   7.1100000e+02   7.1704458e+11   6.4176249e+04   6.5555143e+02   6.1493083e+01
   7.1600000e+02   5.4247535e+11   6.4255205e+04   4.8450945e+02   5.7965845e+01
   7.1700000e+02   5.4225510e+11   6.3677954e+04   4.8396181e+02   5.8293228e+01
   7.2900000e+02   5.3396652e+11   6.5020890e+04   4.7813222e+02   5.5834232e+01
   7.3200000e+02   4.8200322e+11   6.5727402e+04   4.2940978e+02   5.2593376e+01
   7.3500000e+02   4.8153915e+11   6.6263802e+04   4.2904118e+02   5.2497907e+01
   7.3600000e+02   4.7601757e+11   6.6053159e+04   4.2440322e+02   5.1614284e+01
   7.4300000e+02   4.7013230e+11   6.6829403e+04   4.1849893e+02   5.1633299e+01
   7.4400000e+02   4.2240259e+11   6.4250873e+04   3.8322805e+02   3.9174476e+01
   7.5200000e+02   3.7807105e+11   6.3995507e+04   3.4547872e+02   3.2592268e+01
   7.5300000e+02   3.7577301e+11   6.3905702e+04   3.4348070e+02   3.2292248e+01
   7.5400000e+02   3.7539101e+11   6.4797154e+04   3.4522641e+02   3.0164544e+01
   7.5600000e+02   3.7479225e+11   6.5077171e+04   3.4543441e+02   2.9357773e+01
   7.5700000e+02   3.4977957e+11   6.5607750e+04   3.2452069e+02   2.5258814e+01
   7.6000000e+02   3.4741093e+11   6.6124568e+04   3.2257635e+02   2.4834521e+01
   7.6400000e+02   3.4736701e+11   6.6695017e+04   3.2264592e+02   2.4721020e+01
   7.6700000e+02   3.4446072e+11   6.6894060e+04   3.2008757e+02   2.4373087e+01
   7.6800000e+02   3.1106856e+11   6.7052297e+04   2.8851363e+02   2.2554863e+01
   7.7200000e+02   3.1089015e+11   6.7181875e+04   2.8845337e+02   2.2436716e+01
   7.7600000e+02   3.0903851e+11   6.7310432e+04   2.8689630e+02   2.2142146e+01
   7.8000000e+02   3.0900228e+11   6.7828202e+04   2.8698616e+02   2.2016047e+01
   7.8300000e+02   3.0843200e+11   6.8011640e+04   2.8636613e+02   2.2065803e+01
   7.8400000e+02   3.0829027e+11   6.8193001e+04   2.8621110e+02   2.2079100e+01
   7.8700000e+02   3.0281220e+11   6.8736199e+04   2.8097180e+02   2.1840331e+01
   7.9400000e+02   2.9837576e+11   6.8403686e+04   2.7561878e+02   2.2756907e+01
   7.9800000e+02   2.9785879e+11   6.8590184e+04   2.7517809e+02   2.2680627e+01
   8.0600000e+02   2.8244364e+11   6.9002228e+04   2.6091887e+02   2.1524704e+01
   8.0900000e+02   2.8220117e+11   6.9149875e+04   2.6064519e+02   2.1555909e+01
   8.1600000e+02   2.5798526e+11   6.9360304e+04   2.3782542e+02   2.0159765e+01
   8.2100000e+02   2.5760570e+11   6.9320645e+04   2.3748285e+02   2.0122777e+01
   8.2300000e+02   2.4055415e+11   6.7953110e+04   2.2600423e+02   1.4549848e+01
   8.2700000e+02   2.3900780e+11   6.8614214e+04   2.2482624e+02   1.4181484e+01
   8.3100000e+02   2.3897390e+11   6.8471827e+04   2.2420581e+02   1.4768023e+01
   8.3300000e+02   2.3885602e+11   6.8701454e+04   2.2462045e+02   1.4235503e+01
   8.3900000e+02   2.3872838e+11   6.8633673e+04   2.2447021e+02   1.4258101e+01
   8.4200000e+02   2.3265430e+11   6.8682188e+04   2.2125464e+02   1.1399589e+01
   8.4300000e+02   2.3150017e+11   6.8789556e+04   2.2058599e+02   1.0914110e+01
   8.4500000e+02   2.2998163e+11   6.8425462e+04   2.1925046e+02   1.0731098e+01
   8.4700000e+02   2.2783498e+11   6.8980698e+04   2.1717557e+02   1.0659341e+01
   8.5500000e+02   9.7034766e+10   6.8809285e+04   8.5715828e+01   1.1318869e+01
   8.5800000e+02   9.6836216e+10   6.8800800e+04   8.5671449e+01   1.1164698e+01
   8.6400000e+02   9.6375638e+10   6.8412823e+04   8.4885357e+01   1.1490212e+01
   8.6900000e+02   8.2324816e+10   6.9493096e+04   7.6089866e+01   6.2348811e+00
   8.7300000e+02   8.1768678e+10   6.9985436e+04   7.5544059e+01   6.2245487e+00
   8.7700000e+02   8.0497586e+10   6.9833355e+04   7.4144871e+01   6.3526455e+00
   8.7800000e+02   8.0352502e+10   6.9902341e+04   7.3926743e+01   6.4256891e+00
   8.8000000e+02   7.8253255e+10   7.0120608e+04   7.1701175e+01   6.5520093e+00
   8.9500000e+02   7.7144976e+10   6.9365273e+04   6.7034587e+01   1.0110320e+01
   9.0000000e+02   7.5898083e+10   6.9282298e+04   6.5052125e+01   1.0845889e+01
   9.0400000e+02   7.5145830e+10   6.8690283e+04   6.4379195e+01   1.0766567e+01
   9.0600000e+02   6.9536074e+10   6.8536267e+04   5.8791092e+01   1.0744913e+01
   9.0700000e+02   6.8633492e+10   7.0096497e+04   5.8513938e+01   1.0119483e+01
   9.1400000e+02   6.7422335e+10   7.0368071e+04   5.7087510e+01   1.0334755e+01
   9.1900000e+02   6.7122879e+10   7.0863018e+04   5.6880609e+01   1.0242199e+01
   9.2500000e+02   6.7044994e+10   7.1025231e+04   5.6779191e+01   1.0265732e+01
   9.3400000e+02   6.5968373e+10   7.1708130e+04   5.6571108e+01   9.3971935e+00
   9.4200000e+02   6.4403280e+10   7.2524369e+04   5.5661848e+01   8.7413590e+00
   9.4700000e+02   6.4381037e+10   7.2686936e+04   5.5627190e+01   8.7537736e+00
   9.5100000e+02   6.4315021e+10   7.2560911e+04   5.5854934e+01   8.4600147e+00
   9.7800000e+02   6.4026133e+10   7.2279723e+04   5.5525066e+01   8.5009947e+00
   9.7900000e+02   6.3433497e+10   7.2585743e+04   5.4962316e+01   8.4711085e+00
   9.8100000e+02   6.3175111e+10   7.2724101e+04   5.4691734e+01   8.4833040e+00
   9.8400000e+02   6.2958043e+10   7.3393438e+04   5.4740465e+01   8.2175047e+00
   1.0000000e+03   6.2742425e+10   7.3402146e+04   5.4581306e+01   8.1610459e+00
   1.0050000e+03   6.2218534e+10   7.3991136e+04   5.4153683e+01   8.0647764e+00
   1.0070000e+03   6.2188411e+10   7.3923669e+04   5.4124311e+01   8.0640251e+00
   1.0100000e+03   6.2034129e+10   7.3676756e+04   5.3974073e+01   8.0599821e+00
   1.0170000e+03   5.7932107e+10   7.4143609e+04   5.0118473e+01   7.8135598e+00
   1.0270000e+03   5.7265802e+10   7.4008385e+04   5.0374263e+01   6.8914644e+00
   1.0280000e+03   5.6641540e+10   7.3739593e+04   4.9765187e+01   6.8762794e+00
   1.0350000e+03   5.4814398e+10   7.3961241e+04   4.8202853e+01   6.6114711e+00
   1.0400000e+03   3.2153295e+10   7.4711836e+04   2.9655518e+01   2.4977027e+00
   1.0410000e+03   3.1408501e+10   7.4611421e+04   2.8925353e+01   2.4830727e+00
   1.0420000e+03   3.1349644e+10   7.5114001e+04   2.8866555e+01   2.4830139e+00
   1.0430000e+03   3.1293889e+10   7.4364407e+04   2.8733254e+01   2.5605611e+00
   1.0440000e+03   2.2374547e+10   7.5004594e+04   2.0090936e+01   2.2835357e+00
   1.0540000e+03   2.0584615e+10   7.6305789e+04   1.8521285e+01   2.0632536e+00
   1.0570000e+03   2.0581932e+10   7.6295457e+04   1.8518101e+01   2.0637548e+00
   1.0580000e+03   2.0509706e+10   7.6401158e+04   1.8405833e+01   2.1037962e+00
   1.0750000e+03   2.0221376e+10   7.6434793e+04   1.8140105e+01   2.0811943e+00
   1.0850000e+03   2.0168221e+10   7.5991849e+04   1.8049618e+01   2.1185272e+00
   1.0930000e+03   1.8922381e+10   7.5909134e+04   1.6347146e+01   2.5751594e+00
   1.0980000e+03   1.8888260e+10   7.6090273e+04   1.6350127e+01   2.5380570e+00
   1.0990000e+03   1.7186699e+10   7.6080452e+04   1.4639690e+01   2.5469328e+00
   1.1010000e+03   1.5290151e+10   7.7777511e+04   1.4577504e+01   7.1256839e-01
   1.1090000e+03   1.4536111e+10   7.7952530e+04   1.4536033e+01   0.0000000e+00
   1.1180000e+03   1.4082132e+10   7.7225751e+04   1.4068524e+01   1.3530760e-02
   1.1240000e+03   1.4022723e+10   7.6441733e+04   1.4004990e+01   1.7656828e-02
   1.1300000e+03   1.3725924e+10   7.6874694e+04   1.3708132e+01   1.7715155e-02
   1.1370000e+03   1.2606058e+10   7.7670828e+04   1.2573566e+01   3.2414241e-02
   1.1390000e+03   1.2392654e+10   7.7504447e+04   1.2327601e+01   6.4975656e-02
   1.1450000e+03   1.2365320e+10   7.7259686e+04   1.2303390e+01   6.1852446e-02
   1.1490000e+03   1.1851502e+10   7.7254432e+04   1.1790712e+01   6.0712707e-02
   1.1530000e+03   1.1760670e+10   7.5826496e+04   1.1697281e+01   6.3313244e-02
   1.1560000e+03   1.0879463e+10   7.6476290e+04   1.0875975e+01   3.4114857e-03
   1.1800000e+03   1.0860449e+10   7.7218993e+04   1.0857121e+01   3.2504339e-03
   1.1850000e+03   1.0855405e+10   7.7346724e+04   1.0855328e+01   0.0000000e+00
   1.2170000e+03   1.0840476e+10   7.7461634e+04   1.0840398e+01   0.0000000e+00
   1.2190000e+03   1.0443174e+10   7.7497671e+04   1.0443097e+01   0.0000000e+00
   1.2220000e+03   1.0412930e+10   7.7968917e+04   1.0412852e+01   0.0000000e+00
   1.2370000e+03   1.0360895e+10   7.8234259e+04   1.0360816e+01   0.0000000e+00
   1.2380000e+03   1.0358214e+10   7.8509217e+04   1.0358136e+01   0.0000000e+00
   1.2460000e+03   1.0333827e+10   7.8362452e+04   1.0333749e+01   0.0000000e+00
   1.2470000e+03   1.0266260e+10   7.7392663e+04   1.0266183e+01   0.0000000e+00
   1.2560000e+03   1.0224536e+10   7.7581423e+04   1.0224458e+01   0.0000000e+00
   1.2740000e+03   1.0205946e+10   7.7515667e+04   1.0205868e+01   0.0000000e+00
   1.2750000e+03   1.0199064e+10   7.7570652e+04   1.0198987e+01   0.0000000e+00
   1.2770000e+03   1.0184617e+10   7.8200818e+04   1.0184538e+01   0.0000000e+00
   1.2890000e+03   1.0155515e+10   7.8293581e+04   1.0155437e+01   0.0000000e+00
   1.2920000e+03   8.8878736e+09   7.8995395e+04   8.8877946e+00   0.0000000e+00
   1.2960000e+03   8.8732598e+09   7.9444067e+04   8.8731803e+00   0.0000000e+00
   1.2980000e+03   8.5708364e+09   7.9457548e+04   8.5707569e+00   0.0000000e+00
   1.2990000e+03   8.5429619e+09   7.9380785e+04   8.5428825e+00   0.0000000e+00
   1.3070000e+03   8.5080094e+09   7.8540416e+04   8.5079308e+00   0.0000000e+00
   1.3090000e+03   8.4840154e+09   7.8707871e+04   8.4839367e+00   0.0000000e+00
   1.3130000e+03   7.6815581e+09   7.8614472e+04   7.6814795e+00   0.0000000e+00
   1.3170000e+03   7.2544453e+09   7.8993807e+04   7.2543663e+00   0.0000000e+00
   1.3180000e+03   7.2204661e+09   7.9405892e+04   7.2203867e+00   0.0000000e+00
   1.3270000e+03   6.3228342e+09   7.9767172e+04   6.3227544e+00   0.0000000e+00
   1.3310000e+03   6.3206736e+09   7.9667369e+04   6.3205939e+00   0.0000000e+00
   1.3380000e+03   6.1409074e+09   8.0897282e+04   6.1408265e+00   0.0000000e+00
   1.3390000e+03   5.8249186e+09   8.1473479e+04   5.8248371e+00   0.0000000e+00
   1.3470000e+03   5.7724333e+09   8.0996082e+04   5.7723523e+00   0.0000000e+00
   1.3500000e+03   5.7684821e+09   8.1302568e+04   5.7684008e+00   0.0000000e+00
   1.3550000e+03   4.3610949e+09   8.2132456e+04   4.3610127e+00   0.0000000e+00
   1.3610000e+03   3.9375078e+09   8.1571195e+04   3.9374262e+00   0.0000000e+00
   1.3640000e+03   3.8609549e+09   8.2187968e+04   3.8608727e+00   0.0000000e+00
   1.3660000e+03   3.7033078e+09   8.1714962e+04   3.7032261e+00   0.0000000e+00
   1.3670000e+03   3.6598598e+09   8.2275547e+04   3.6597775e+00   0.0000000e+00
   1.3770000e+03   3.5308296e+09   8.2467245e+04   3.5307471e+00   0.0000000e+00
   1.3800000e+03   3.5295430e+09   8.2554731e+04   3.5294605e+00   0.0000000e+00
   1.3830000e+03   3.5231213e+09   8.2307448e+04   3.5230390e+00   0.0000000e+00
   1.4090000e+03   3.5153279e+09   8.2996879e+04   3.5152449e+00   0.0000000e+00
   1.4120000e+03   3.5023656e+09   8.3117657e+04   3.5022824e+00   0.0000000e+00
   1.4200000e+03   3.4576930e+09   8.2235017e+04   3.4576107e+00   0.0000000e+00
   1.4310000e+03   3.4431640e+09   8.2657947e+04   3.4430813e+00   0.0000000e+00
   1.4490000e+03   3.4063834e+09   8.2488746e+04   3.4063009e+00   0.0000000e+00
   1.4540000e+03   3.4022805e+09   8.2414154e+04   3.4021981e+00   0.0000000e+00
   1.4630000e+03   3.2797043e+09   8.2223088e+04   3.2796220e+00   0.0000000e+00
   1.4680000e+03   3.2635745e+09   8.2872508e+04   3.2634916e+00   0.0000000e+00
   1.4700000e+03   2.6327922e+09   8.3527105e+04   2.6327087e+00   0.0000000e+00
   1.4950000e+03   2.6038668e+09   8.3770747e+04   2.6037830e+00   0.0000000e+00
   1.5230000e+03   2.5353772e+09   8.3619992e+04   2.5352935e+00   0.0000000e+00
   1.5360000e+03   2.5338680e+09   8.3426862e+04   2.5337846e+00   0.0000000e+00
   1.5390000e+03   1.4626011e+09   8.3556566e+04   1.4625176e+00   0.0000000e+00
   1.5480000e+03   1.1318721e+09   8.3827461e+04   1.1317882e+00   0.0000000e+00
   1.5600000e+03   6.4562298e+08   8.3883804e+04   6.4553910e-01   0.0000000e+00
   1.5710000e+03   6.4223587e+08   8.4300795e+04   6.4215157e-01   0.0000000e+00
   1.5720000e+03   6.1288603e+08   8.4754561e+04   6.1280128e-01   0.0000000e+00
   1.5740000e+03   6.1220512e+08   8.4164601e+04   6.1212095e-01   0.0000000e+00
   1.5850000e+03   6.0203823e+08   8.3694903e+04   6.0195453e-01   0.0000000e+00
   1.5880000e+03   5.9950433e+08   8.3109716e+04   5.9942122e-01   0.0000000e+00
   1.5930000e+03   5.9692735e+08   8.3056940e+04   5.9684429e-01   0.0000000e+00
   1.6030000e+03   5.9569572e+08   8.3383866e+04   5.9561234e-01   0.0000000e+00
   1.6080000e+03   5.8820167e+08   8.3783502e+04   5.8811789e-01   0.0000000e+00
   1.6170000e+03   5.8298073e+08   8.4513705e+04   5.8289622e-01   0.0000000e+00
   1.6210000e+03   5.8289771e+08   8.4289219e+04   5.8281342e-01   0.0000000e+00
   1.6370000e+03   5.7801657e+08   8.4421100e+04   5.7793215e-01   0.0000000e+00
   1.6590000e+03   2.9251340e+08   8.4098867e+04   2.9242930e-01   0.0000000e+00
   1.6630000e+03   2.5941253e+08   8.3994297e+04   2.5932854e-01   0.0000000e+00
   1.6650000e+03   2.3915900e+08   8.4119638e+04   2.3907488e-01   0.0000000e+00
   1.6790000e+03   1.0912329e+08   8.3282999e+04   1.0904001e-01   0.0000000e+00
   1.6830000e+03   1.0561952e+08   8.2248291e+04   1.0553727e-01   0.0000000e+00
   1.6910000e+03   8.2287814e+04   8.2287814e+04   0.0000000e+00   0.0000000e+00
   1.7020000e+03   8.2106821e+04   8.2106821e+04   0.0000000e+00   0.0000000e+00
   1.7080000e+03   8.1852720e+04   8.1852720e+04   0.0000000e+00   0.0000000e+00
   1.7190000e+03   8.1564175e+04   8.1564175e+04   0.0000000e+00   0.0000000e+00
   1.7210000e+03   8.0812205e+04   8.0812205e+04   0.0000000e+00   0.0000000e+00
   1.7240000e+03   8.0804033e+04   8.0804033e+04   0.0000000e+00   0.0000000e+00
   1.7260000e+03   8.0474385e+04   8.0474385e+04   0.0000000e+00   0.0000000e+00
   1.7280000e+03   8.0384134e+04   8.0384134e+04   0.0000000e+00   0.0000000e+00
   1.7290000e+03   7.9959043e+04   7.9959043e+04   0.0000000e+00   0.0000000e+00
   1.7460000e+03   7.9132060e+04   7.9132060e+04   0.0000000e+00   0.0000000e+00
   1.7480000e+03   7.9051096e+04   7.9051096e+04   0.0000000e+00   0.0000000e+00
   1.7590000e+03   7.8616402e+04   7.8616402e+04   0.0000000e+00   0.0000000e+00
   1.7630000e+03   7.7806619e+04   7.7806619e+04   0.0000000e+00   0.0000000e+00
   1.8060000e+03   7.7765150e+04   7.7765150e+04   0.0000000e+00   0.0000000e+00
   1.8160000e+03   7.6773830e+04   7.6773830e+04   0.0000000e+00   0.0000000e+00
   1.8340000e+03   7.6545314e+04   7.6545314e+04   0.0000000e+00   0.0000000e+00
   1.8390000e+03   7.6524939e+04   7.6524939e+04   0.0000000e+00   0.0000000e+00
   1.8620000e+03   7.6172121e+04   7.6172121e+04   0.0000000e+00   0.0000000e+00
   1.8630000e+03   7.5745085e+04   7.5745085e+04   0.0000000e+00   0.0000000e+00
   1.8840000e+03   7.5256800e+04   7.5256800e+04   0.0000000e+00   0.0000000e+00
   1.8940000e+03   7.5202454e+04   7.5202454e+04   0.0000000e+00   0.0000000e+00
   1.9070000e+03   7.5110442e+04   7.5110442e+04   0.0000000e+00   0.0000000e+00
   1.9290000e+03   7.4173993e+04   7.4173993e+04   0.0000000e+00   0.0000000e+00
   1.9380000e+03   7.3990432e+04   7.3990432e+04   0.0000000e+00   0.0000000e+00
   1.9690000e+03   7.3970965e+04   7.3970965e+04   0.0000000e+00   0.0000000e+00
   1.9830000e+03   7.3521637e+04   7.3521637e+04   0.0000000e+00   0.0000000e+00
   1.9840000e+03   7.3500441e+04   7.3500441e+04   0.0000000e+00   0.0000000e+00
   1.9910000e+03   7.3454644e+04   7.3454644e+04   0.0000000e+00   0.0000000e+00
   2.0180000e+03   7.3209079e+04   7.3209079e+04   0.0000000e+00   0.0000000e+00
   2.0280000e+03   7.3142457e+04   7.3142457e+04   0.0000000e+00   0.0000000e+00
   2.0370000e+03   7.2560136e+04   7.2560136e+04   0.0000000e+00   0.0000000e+00
   2.0440000e+03   7.2267550e+04   7.2267550e+04   0.0000000e+00   0.0000000e+00
   2.0480000e+03   7.1694922e+04   7.1694922e+04   0.0000000e+00   0.0000000e+00
   2.0540000e+03   7.0843519e+04   7.0843519e+04   0.0000000e+00   0.0000000e+00
   2.0850000e+03   7.0779426e+04   7.0779426e+04   0.0000000e+00   0.0000000e+00
   2.0960000e+03   7.0770270e+04   7.0770270e+04   0.0000000e+00   0.0000000e+00
   2.1020000e+03   7.0463036e+04   7.0463036e+04   0.0000000e+00   0.0000000e+00
   2.1170000e+03   7.0335757e+04   7.0335757e+04   0.0000000e+00   0.0000000e+00
   2.1570000e+03   7.0055471e+04   7.0055471e+04   0.0000000e+00   0.0000000e+00
   2.1780000e+03   6.9136233e+04   6.9136233e+04   0.0000000e+00   0.0000000e+00
   2.1840000e+03   6.8825562e+04   6.8825562e+04   0.0000000e+00   0.0000000e+00
   2.2180000e+03   6.8445792e+04   6.8445792e+04   0.0000000e+00   0.0000000e+00
   2.2230000e+03   6.8346400e+04   6.8346400e+04   0.0000000e+00   0.0000000e+00
   2.2390000e+03   6.7604139e+04   6.7604139e+04   0.0000000e+00   0.0000000e+00
   2.2650000e+03   6.7349900e+04   6.7349900e+04   0.0000000e+00   0.0000000e+00
   2.2990000e+03   6.7096929e+04   6.7096929e+04   0.0000000e+00   0.0000000e+00
   2.3120000e+03   6.6481681e+04   6.6481681e+04   0.0000000e+00   0.0000000e+00
   2.3530000e+03   6.6153943e+04   6.6153943e+04   0.0000000e+00   0.0000000e+00
   2.4010000e+03   6.6132034e+04   6.6132034e+04   0.0000000e+00   0.0000000e+00
   2.4130000e+03   6.6019602e+04   6.6019602e+04   0.0000000e+00   0.0000000e+00
   2.4140000e+03   6.5835089e+04   6.5835089e+04   0.0000000e+00   0.0000000e+00
   2.4270000e+03   6.5064971e+04   6.5064971e+04   0.0000000e+00   0.0000000e+00
   2.4530000e+03   6.4917989e+04   6.4917989e+04   0.0000000e+00   0.0000000e+00
   2.4680000e+03   6.4912999e+04   6.4912999e+04   0.0000000e+00   0.0000000e+00
   2.4800000e+03   6.4870242e+04   6.4870242e+04   0.0000000e+00   0.0000000e+00
   2.4960000e+03   6.4744103e+04   6.4744103e+04   0.0000000e+00   0.0000000e+00
   2.5420000e+03   6.4734366e+04   6.4734366e+04   0.0000000e+00   0.0000000e+00
   2.5830000e+03   6.4518034e+04   6.4518034e+04   0.0000000e+00   0.0000000e+00
   2.5880000e+03   6.4389826e+04   6.4389826e+04   0.0000000e+00   0.0000000e+00
   2.6010000e+03   6.4388675e+04   6.4388675e+04   0.0000000e+00   0.0000000e+00
   2.6980000e+03   6.4020549e+04   6.4020549e+04   0.0000000e+00   0.0000000e+00
   2.7030000e+03   6.3916779e+04   6.3916779e+04   0.0000000e+00   0.0000000e+00
   2.7160000e+03   6.3842072e+04   6.3842072e+04   0.0000000e+00   0.0000000e+00
   2.7200000e+03   6.3541695e+04   6.3541695e+04   0.0000000e+00   0.0000000e+00
   2.7270000e+03   6.3355140e+04   6.3355140e+04   0.0000000e+00   0.0000000e+00
   2.7510000e+03   6.3251003e+04   6.3251003e+04   0.0000000e+00   0.0000000e+00
   2.7640000e+03   6.3237375e+04   6.3237375e+04   0.0000000e+00   0.0000000e+00
   2.7650000e+03   6.2977091e+04   6.2977091e+04   0.0000000e+00   0.0000000e+00
   2.7700000e+03   6.2950923e+04   6.2950923e+04   0.0000000e+00   0.0000000e+00
   2.7770000e+03   6.2829985e+04   6.2829985e+04   0.0000000e+00   0.0000000e+00
   2.7780000e+03   6.2640960e+04   6.2640960e+04   0.0000000e+00   0.0000000e+00
   2.7980000e+03   6.2227398e+04   6.2227398e+04   0.0000000e+00   0.0000000e+00
   2.8080000e+03   6.1912048e+04   6.1912048e+04   0.0000000e+00   0.0000000e+00
   2.8350000e+03   6.1909609e+04   6.1909609e+04   0.0000000e+00   0.0000000e+00
   2.8440000e+03   6.1850124e+04   6.1850124e+04   0.0000000e+00   0.0000000e+00
   2.8680000e+03   6.1841714e+04   6.1841714e+04   0.0000000e+00   0.0000000e+00
   2.9320000e+03   6.1777901e+04   6.1777901e+04   0.0000000e+00   0.0000000e+00
   2.9360000e+03   6.1742156e+04   6.1742156e+04   0.0000000e+00   0.0000000e+00
   2.9550000e+03   6.1694246e+04   6.1694246e+04   0.0000000e+00   0.0000000e+00
   2.9690000e+03   6.1691532e+04   6.1691532e+04   0.0000000e+00   0.0000000e+00
   2.9800000e+03   6.1469316e+04   6.1469316e+04   0.0000000e+00   0.0000000e+00
   3.0530000e+03   6.1253837e+04   6.1253837e+04   0.0000000e+00   0.0000000e+00
   3.0550000e+03   6.1234199e+04   6.1234199e+04   0.0000000e+00   0.0000000e+00
   3.1080000e+03   6.1133558e+04   6.1133558e+04   0.0000000e+00   0.0000000e+00
   3.1260000e+03   6.1009707e+04   6.1009707e+04   0.0000000e+00   0.0000000e+00
   3.1300000e+03   6.0868962e+04   6.0868962e+04   0.0000000e+00   0.0000000e+00
   3.1620000e+03   6.0712030e+04   6.0712030e+04   0.0000000e+00   0.0000000e+00
   3.1830000e+03   6.0488817e+04   6.0488817e+04   0.0000000e+00   0.0000000e+00
   3.2130000e+03   6.0471344e+04   6.0471344e+04   0.0000000e+00   0.0000000e+00
   3.2740000e+03   6.0332991e+04   6.0332991e+04   0.0000000e+00   0.0000000e+00
   3.3010000e+03   6.0307799e+04   6.0307799e+04   0.0000000e+00   0.0000000e+00
   3.3100000e+03   6.0113504e+04   6.0113504e+04   0.0000000e+00   0.0000000e+00
   3.3180000e+03   6.0046875e+04   6.0046875e+04   0.0000000e+00   0.0000000e+00
   3.3940000e+03   5.9910157e+04   5.9910157e+04   0.0000000e+00   0.0000000e+00
   3.4560000e+03   5.9794895e+04   5.9794895e+04   0.0000000e+00   0.0000000e+00
   3.4770000e+03   5.9788946e+04   5.9788946e+04   0.0000000e+00   0.0000000e+00
   3.5490000e+03   5.9671604e+04   5.9671604e+04   0.0000000e+00   0.0000000e+00
   3.6670000e+03   5.9595103e+04   5.9595103e+04   0.0000000e+00   0.0000000e+00
   3.6960000e+03   5.9305459e+04   5.9305459e+04   0.0000000e+00   0.0000000e+00
   3.7300000e+03   5.9255857e+04   5.9255857e+04   0.0000000e+00   0.0000000e+00
   3.7930000e+03   5.9035691e+04   5.9035691e+04   0.0000000e+00   0.0000000e+00
   3.7990000e+03   5.8445263e+04   5.8445263e+04   0.0000000e+00   0.0000000e+00
   3.8160000e+03   5.8009051e+04   5.8009051e+04   0.0000000e+00   0.0000000e+00
   3.8250000e+03   5.7472946e+04   5.7472946e+04   0.0000000e+00   0.0000000e+00
   3.9030000e+03   5.7155078e+04   5.7155078e+04   0.0000000e+00   0.0000000e+00
   3.9400000e+03   5.7010172e+04   5.7010172e+04   0.0000000e+00   0.0000000e+00
   4.1160000e+03   5.6820735e+04   5.6820735e+04   0.0000000e+00   0.0000000e+00
   4.2590000e+03   5.6813374e+04   5.6813374e+04   0.0000000e+00   0.0000000e+00
   4.3230000e+03   5.6606139e+04   5.6606139e+04   0.0000000e+00   0.0000000e+00
   4.3280000e+03   5.6576243e+04   5.6576243e+04   0.0000000e+00   0.0000000e+00
   4.3920000e+03   5.6529115e+04   5.6529115e+04   0.0000000e+00   0.0000000e+00
   4.5040000e+03   5.6469583e+04   5.6469583e+04   0.0000000e+00   0.0000000e+00
   4.5490000e+03   5.6463803e+04   5.6463803e+04   0.0000000e+00   0.0000000e+00
   4.5740000e+03   5.5769639e+04   5.5769639e+04   0.0000000e+00   0.0000000e+00
   4.5840000e+03   5.5597512e+04   5.5597512e+04   0.0000000e+00   0.0000000e+00
   4.6430000e+03   5.5327134e+04   5.5327134e+04   0.0000000e+00   0.0000000e+00
   4.6940000e+03   5.5105763e+04   5.5105763e+04   0.0000000e+00   0.0000000e+00
   4.7130000e+03   5.4976690e+04   5.4976690e+04   0.0000000e+00   0.0000000e+00
   4.8150000e+03   5.4616281e+04   5.4616281e+04   0.0000000e+00   0.0000000e+00
   4.8180000e+03   5.4514466e+04   5.4514466e+04   0.0000000e+00   0.0000000e+00
   4.8420000e+03   5.4398893e+04   5.4398893e+04   0.0000000e+00   0.0000000e+00
   4.8910000e+03   5.4302457e+04   5.4302457e+04   0.0000000e+00   0.0000000e+00
   4.8960000e+03   5.4252128e+04   5.4252128e+04   0.0000000e+00   0.0000000e+00
   4.8980000e+03   5.4243084e+04   5.4243084e+04   0.0000000e+00   0.0000000e+00
   4.9130000e+03   5.4162859e+04   5.4162859e+04   0.0000000e+00   0.0000000e+00
   4.9300000e+03   5.3522957e+04   5.3522957e+04   0.0000000e+00   0.0000000e+00
   4.9370000e+03   5.3186208e+04   5.3186208e+04   0.0000000e+00   0.0000000e+00
   4.9920000e+03   5.3094893e+04   5.3094893e+04   0.0000000e+00   0.0000000e+00
   5.0430000e+03   5.2965623e+04   5.2965623e+04   0.0000000e+00   0.0000000e+00
   5.0680000e+03   5.2810825e+04   5.2810825e+04   0.0000000e+00   0.0000000e+00
   5.0960000e+03   5.2733044e+04   5.2733044e+04   0.0000000e+00   0.0000000e+00
   5.1970000e+03   5.1746792e+04   5.1746792e+04   0.0000000e+00   0.0000000e+00
   5.2530000e+03   5.1595113e+04   5.1595113e+04   0.0000000e+00   0.0000000e+00
   5.2620000e+03   5.1194877e+04   5.1194877e+04   0.0000000e+00   0.0000000e+00
   5.3000000e+03   5.0904644e+04   5.0904644e+04   0.0000000e+00   0.0000000e+00
   5.3110000e+03   5.0838879e+04   5.0838879e+04   0.0000000e+00   0.0000000e+00
   5.3620000e+03   5.0736187e+04   5.0736187e+04   0.0000000e+00   0.0000000e+00
   5.4660000e+03   5.0505318e+04   5.0505318e+04   0.0000000e+00   0.0000000e+00
   5.5130000e+03   5.0452552e+04   5.0452552e+04   0.0000000e+00   0.0000000e+00
   5.5240000e+03   5.0287343e+04   5.0287343e+04   0.0000000e+00   0.0000000e+00
   5.5570000e+03   5.0031157e+04   5.0031157e+04   0.0000000e+00   0.0000000e+00
   5.6770000e+03   4.9909622e+04   4.9909622e+04   0.0000000e+00   0.0000000e+00
   5.6900000e+03   4.9890192e+04   4.9890192e+04   0.0000000e+00   0.0000000e+00
   5.7230000e+03   4.9876049e+04   4.9876049e+04   0.0000000e+00   0.0000000e+00
   5.8300000e+03   4.9723162e+04   4.9723162e+04   0.0000000e+00   0.0000000e+00
   5.8840000e+03   4.9655551e+04   4.9655551e+04   0.0000000e+00   0.0000000e+00
   5.9600000e+03   4.9630384e+04   4.9630384e+04   0.0000000e+00   0.0000000e+00
   6.0090000e+03   4.9509416e+04   4.9509416e+04   0.0000000e+00   0.0000000e+00
   6.2180000e+03   4.9464515e+04   4.9464515e+04   0.0000000e+00   0.0000000e+00
   6.3890000e+03   4.9424992e+04   4.9424992e+04   0.0000000e+00   0.0000000e+00
   6.4190000e+03   4.9364664e+04   4.9364664e+04   0.0000000e+00   0.0000000e+00
   6.5290000e+03   4.9314919e+04   4.9314919e+04   0.0000000e+00   0.0000000e+00
   6.5390000e+03   4.8910664e+04   4.8910664e+04   0.0000000e+00   0.0000000e+00
   6.6590000e+03   4.8869811e+04   4.8869811e+04   0.0000000e+00   0.0000000e+00
   6.6650000e+03   4.8846226e+04   4.8846226e+04   0.0000000e+00   0.0000000e+00
   6.7300000e+03   4.8741489e+04   4.8741489e+04   0.0000000e+00   0.0000000e+00
   6.7320000e+03   4.8734297e+04   4.8734297e+04   0.0000000e+00   0.0000000e+00
   6.7570000e+03   4.8664079e+04   4.8664079e+04   0.0000000e+00   0.0000000e+00
   6.8190000e+03   4.8616951e+04   4.8616951e+04   0.0000000e+00   0.0000000e+00
   6.9900000e+03   4.8487925e+04   4.8487925e+04   0.0000000e+00   0.0000000e+00
   6.9930000e+03   4.8285474e+04   4.8285474e+04   0.0000000e+00   0.0000000e+00
   6.9960000e+03   4.8238717e+04   4.8238717e+04   0.0000000e+00   0.0000000e+00
   7.0170000e+03   4.8221805e+04   4.8221805e+04   0.0000000e+00   0.0000000e+00
   7.0390000e+03   4.8150584e+04   4.8150584e+04   0.0000000e+00   0.0000000e+00
   7.0460000e+03   4.8150157e+04   4.8150157e+04   0.0000000e+00   0.0000000e+00
   7.0950000e+03   4.7994170e+04   4.7994170e+04   0.0000000e+00   0.0000000e+00
   7.1210000e+03   4.7627209e+04   4.7627209e+04   0.0000000e+00   0.0000000e+00
   7.2290000e+03   4.7606270e+04   4.7606270e+04   0.0000000e+00   0.0000000e+00
   7.5580000e+03   4.7380441e+04   4.7380441e+04   0.0000000e+00   0.0000000e+00
   7.6040000e+03   4.7320554e+04   4.7320554e+04   0.0000000e+00   0.0000000e+00
   7.6330000e+03   4.7280423e+04   4.7280423e+04   0.0000000e+00   0.0000000e+00
   7.6450000e+03   4.7239650e+04   4.7239650e+04   0.0000000e+00   0.0000000e+00
   7.6770000e+03   4.7220720e+04   4.7220720e+04   0.0000000e+00   0.0000000e+00
   7.8360000e+03   4.7141508e+04   4.7141508e+04   0.0000000e+00   0.0000000e+00
   8.0110000e+03   4.6909724e+04   4.6909724e+04   0.0000000e+00   0.0000000e+00
   8.0330000e+03   4.6874097e+04   4.6874097e+04   0.0000000e+00   0.0000000e+00
   8.0470000e+03   4.6840097e+04   4.6840097e+04   0.0000000e+00   0.0000000e+00
   8.1640000e+03   4.6776460e+04   4.6776460e+04   0.0000000e+00   0.0000000e+00
   8.1740000e+03   4.6686799e+04   4.6686799e+04   0.0000000e+00   0.0000000e+00
   8.2050000e+03   4.6684567e+04   4.6684567e+04   0.0000000e+00   0.0000000e+00
   8.2520000e+03   4.6621932e+04   4.6621932e+04   0.0000000e+00   0.0000000e+00
   8.2580000e+03   4.6589824e+04   4.6589824e+04   0.0000000e+00   0.0000000e+00
   8.2860000e+03   4.6582215e+04   4.6582215e+04   0.0000000e+00   0.0000000e+00
   8.3010000e+03   4.6579909e+04   4.6579909e+04   0.0000000e+00   0.0000000e+00
   8.3150000e+03   4.6520043e+04   4.6520043e+04   0.0000000e+00   0.0000000e+00
   8.4260000e+03   4.6458411e+04   4.6458411e+04   0.0000000e+00   0.0000000e+00
   8.5020000e+03   4.6414654e+04   4.6414654e+04   0.0000000e+00   0.0000000e+00
   8.5210000e+03   4.6373819e+04   4.6373819e+04   0.0000000e+00   0.0000000e+00
   8.6420000e+03   4.6352442e+04   4.6352442e+04   0.0000000e+00   0.0000000e+00
   8.6550000e+03   4.6282089e+04   4.6282089e+04   0.0000000e+00   0.0000000e+00
   8.7330000e+03   4.6222375e+04   4.6222375e+04   0.0000000e+00   0.0000000e+00
   8.9470000e+03   4.6153325e+04   4.6153325e+04   0.0000000e+00   0.0000000e+00
   9.0600000e+03   4.6096861e+04   4.6096861e+04   0.0000000e+00   0.0000000e+00
   9.0760000e+03   4.6038923e+04   4.6038923e+04   0.0000000e+00   0.0000000e+00
   9.1190000e+03   4.5994891e+04   4.5994891e+04   0.0000000e+00   0.0000000e+00
   9.1910000e+03   4.5924298e+04   4.5924298e+04   0.0000000e+00   0.0000000e+00
   9.2980000e+03   4.5801083e+04   4.5801083e+04   0.0000000e+00   0.0000000e+00
   9.4480000e+03   4.5782156e+04   4.5782156e+04   0.0000000e+00   0.0000000e+00
   9.5870000e+03   4.5700516e+04   4.5700516e+04   0.0000000e+00   0.0000000e+00
   9.5880000e+03   4.5557530e+04   4.5557530e+04   0.0000000e+00   0.0000000e+00
   9.8170000e+03   4.5502730e+04   4.5502730e+04   0.0000000e+00   0.0000000e+00
   1.0098000e+04   4.5397992e+04   4.5397992e+04   0.0000000e+00   0.0000000e+00
   1.0250000e+04   4.5392894e+04   4.5392894e+04   0.0000000e+00   0.0000000e+00
   1.0305000e+04   4.5216522e+04   4.5216522e+04   0.0000000e+00   0.0000000e+00
   1.0389000e+04   4.5150696e+04   4.5150696e+04   0.0000000e+00   0.0000000e+00
   1.0490000e+04   4.5125243e+04   4.5125243e+04   0.0000000e+00   0.0000000e+00
   1.0538000e+04   4.5103284e+04   4.5103284e+04   0.0000000e+00   0.0000000e+00
   1.0702000e+04   4.4978087e+04   4.4978087e+04   0.0000000e+00   0.0000000e+00
   1.0709000e+04   4.4951960e+04   4.4951960e+04   0.0000000e+00   0.0000000e+00
   1.0780000e+04   4.4906258e+04   4.4906258e+04   0.0000000e+00   0.0000000e+00
   1.0824000e+04   4.4875081e+04   4.4875081e+04   0.0000000e+00   0.0000000e+00
   1.1178000e+04   4.4807597e+04   4.4807597e+04   0.0000000e+00   0.0000000e+00
   5.0100000e+02   3.6389277e+12   4.9975176e+04   3.3253059e+03   3.1362173e+02
   5.0400000e+02   3.6269832e+12   5.0680742e+04   3.3172789e+03   3.0970424e+02
   5.0500000e+02   3.6168724e+12   4.9763458e+04   3.3060119e+03   3.1086048e+02
   5.0800000e+02   3.1314761e+12   5.2100146e+04   2.8340079e+03   2.9746810e+02
   5.1000000e+02   3.1168624e+12   5.3027066e+04   2.8180929e+03   2.9876947e+02
   5.1100000e+02   3.1133522e+12   5.2924085e+04   2.8169204e+03   2.9643174e+02
   5.1200000e+02   3.0994366e+12   5.2714134e+04   2.8028767e+03   2.9655986e+02
   5.1300000e+02   3.0934762e+12   5.2731930e+04   2.7964934e+03   2.9698273e+02
   5.2100000e+02   2.9309665e+12   5.3843480e+04   2.6473858e+03   2.8358062e+02
   5.2200000e+02   2.8974552e+12   5.3990702e+04   2.6171014e+03   2.8035372e+02
   5.2400000e+02   2.8945274e+12   5.3199174e+04   2.6145370e+03   2.7999031e+02
   5.2600000e+02   2.8677509e+12   5.3332090e+04   2.5907185e+03   2.7703241e+02
   5.2700000e+02   2.8656952e+12   5.2723138e+04   2.5884234e+03   2.7727178e+02
   5.2800000e+02   2.8351896e+12   5.2660166e+04   2.5679412e+03   2.6724836e+02
   5.3000000e+02   2.8274374e+12   5.2655161e+04   2.5623795e+03   2.6505782e+02
   5.3100000e+02   2.8269845e+12   5.3029667e+04   2.5632648e+03   2.6371966e+02
   5.3600000e+02   2.8199525e+12   5.3669683e+04   2.5577744e+03   2.6217806e+02
   5.3900000e+02   2.7789950e+12   5.3657333e+04   2.5263273e+03   2.5266763e+02
   5.4300000e+02   2.5111376e+12   5.4106502e+04   2.2687406e+03   2.4239695e+02
   5.4500000e+02   2.3783588e+12   5.3766280e+04   2.1362163e+03   2.4214246e+02
   5.4600000e+02   2.3711678e+12   5.3816533e+04   2.1293092e+03   2.4185852e+02
   5.4900000e+02   2.3705526e+12   5.3635657e+04   2.1272894e+03   2.4326316e+02
   5.5000000e+02   2.3674298e+12   5.3924251e+04   2.1258566e+03   2.4157316e+02
   5.5300000e+02   2.3411056e+12   5.4270931e+04   2.1143598e+03   2.2674579e+02
   5.5500000e+02   2.3325859e+12   5.4411605e+04   2.1003437e+03   2.3224215e+02
   5.5700000e+02   2.2092632e+12   5.5054109e+04   1.9905960e+03   2.1866714e+02
   5.5800000e+02   2.0633221e+12   5.5377767e+04   1.8650535e+03   1.9826861e+02
   5.6300000e+02   1.9719783e+12   5.5636625e+04   1.7875475e+03   1.8443074e+02
   5.6500000e+02   1.9691904e+12   5.6081372e+04   1.7863678e+03   1.8282250e+02
   5.6600000e+02   1.9390908e+12   5.6138839e+04   1.7584797e+03   1.8061105e+02
   5.6700000e+02   1.8916768e+12   5.6679479e+04   1.7312850e+03   1.6039178e+02
   5.7000000e+02   1.5617571e+12   5.7345414e+04   1.4097259e+03   1.5203116e+02
   5.7100000e+02   1.5595177e+12   5.7230869e+04   1.4070608e+03   1.5245685e+02
   5.7400000e+02   1.5594567e+12   5.7162325e+04   1.4069620e+03   1.5249466e+02
   5.7500000e+02   1.5541207e+12   5.6894315e+04   1.4048023e+03   1.4931839e+02
   5.7700000e+02   1.5521019e+12   5.7213744e+04   1.4036624e+03   1.4843949e+02
   5.7900000e+02   1.5502372e+12   5.7669372e+04   1.4019226e+03   1.4831448e+02
   5.8300000e+02   1.5177557e+12   5.8140365e+04   1.3717361e+03   1.4601958e+02
   5.8400000e+02   1.4625591e+12   5.8593373e+04   1.3181554e+03   1.4440363e+02
   5.8500000e+02   1.4621092e+12   5.7600080e+04   1.3174453e+03   1.4466390e+02
   5.8600000e+02   1.4107432e+12   5.7383548e+04   1.2738252e+03   1.3691789e+02
   5.8800000e+02   1.3854444e+12   5.7712590e+04   1.2521634e+03   1.3328091e+02
   5.9400000e+02   1.2948374e+12   5.7955638e+04   1.1641073e+03   1.3073002e+02
   5.9500000e+02   1.2821935e+12   5.7538223e+04   1.1514993e+03   1.3069409e+02
   6.0800000e+02   1.2417426e+12   5.7291693e+04   1.1114733e+03   1.3026925e+02
   6.0900000e+02   1.1479327e+12   5.5067016e+04   1.0364415e+03   1.1149114e+02
   6.1000000e+02   1.1443479e+12   5.5632956e+04   1.0348518e+03   1.0949600e+02
   6.1100000e+02   1.1442262e+12   5.6441953e+04   1.0347804e+03   1.0944575e+02
   6.1200000e+02   1.1424342e+12   5.5957565e+04   1.0335020e+03   1.0893213e+02
   6.1500000e+02   1.1367537e+12   5.6966612e+04   1.0295829e+03   1.0717070e+02
   6.1600000e+02   1.1364663e+12   5.6843205e+04   1.0290210e+03   1.0744521e+02
   6.2200000e+02   1.1194544e+12   5.7077524e+04   1.0124376e+03   1.0701676e+02
   6.2400000e+02   1.1183909e+12   5.6867156e+04   1.0134803e+03   1.0491055e+02
   6.3300000e+02   1.1148504e+12   5.6912000e+04   1.0112276e+03   1.0362274e+02
   6.3400000e+02   1.0897403e+12   5.6708676e+04   9.8799312e+02   1.0174713e+02
   6.3500000e+02   1.0817884e+12   5.6694509e+04   9.8125186e+02   1.0053646e+02
   6.3600000e+02   1.0815983e+12   5.6674391e+04   9.8143984e+02   1.0015837e+02
   6.3900000e+02   1.0779878e+12   5.7472706e+04   9.7872496e+02   9.9262783e+01
   6.4100000e+02   1.0714519e+12   5.7637888e+04   9.7572321e+02   9.5728582e+01
   6.4200000e+02   1.0604220e+12   5.8033327e+04   9.6727467e+02   9.3147256e+01
   6.4500000e+02   1.0599945e+12   5.8234958e+04   9.6737472e+02   9.2619740e+01
   6.4600000e+02   1.0580542e+12   5.8785006e+04   9.6588083e+02   9.2173346e+01
   6.4700000e+02   1.0533427e+12   5.9086588e+04   9.5906863e+02   9.4274041e+01
   6.5200000e+02   1.0257722e+12   5.9494084e+04   9.3453623e+02   9.1235930e+01
   6.5300000e+02   1.0233903e+12   5.9236745e+04   9.3249723e+02   9.0893027e+01
   6.5600000e+02   1.0217980e+12   5.8684729e+04   9.3101952e+02   9.0778381e+01
   6.5700000e+02   1.0081575e+12   5.8387384e+04   9.1774889e+02   9.0408542e+01
   6.5900000e+02   1.0034622e+12   5.9133597e+04   9.1448736e+02   8.8974763e+01
   6.6200000e+02   1.0025509e+12   5.9847271e+04   9.1387419e+02   8.8676678e+01
   6.6800000e+02   9.9519511e+11   6.1660491e+04   9.0901588e+02   8.6179168e+01
   6.7700000e+02   9.8347559e+11   6.0837201e+04   9.0039231e+02   8.3083215e+01
   6.8100000e+02   9.8007155e+11   6.0794874e+04   8.9699327e+02   8.3078221e+01
   6.8200000e+02   9.6025036e+11   6.1435235e+04   8.7873113e+02   8.1519167e+01
   6.8500000e+02   7.5884631e+11   6.1781602e+04   6.8781714e+02   7.1029102e+01
   6.8600000e+02   7.5372824e+11   6.1792643e+04   6.8290128e+02   7.0826894e+01
   6.9000000e+02   7.3313464e+11   6.2647854e+04   6.6709777e+02   6.6036806e+01
   6.9500000e+02   7.3261796e+11   6.3009873e+04   6.6710829e+02   6.5509612e+01
   6.9900000e+02   7.2683693e+11   6.4332437e+04   6.6389995e+02   6.2936918e+01
   7.0100000e+02   7.2086541e+11   6.4498700e+04   6.5916810e+02   6.1697246e+01
   7.0700000e+02   7.2073883e+11   6.4108921e+04   6.5900334e+02   6.1735429e+01
   7.1100000e+02   7.1704458e+11   6.4176249e+04   6.5555143e+02   6.1493083e+01
   7.1600000e+02   5.4247535e+11   6.4255205e+04   4.8450945e+02   5.7965845e+01
   7.1700000e+02   5.4225510e+11   6.3677954e+04   4.8396181e+02   5.8293228e+01
   7.2900000e+02   5.3396652e+11   6.5020890e+04   4.7813222e+02   5.5834232e+01
   7.3200000e+02   4.8200322e+11   6.5727402e+04   4.2940978e+02   5.2593376e+01
   7.3500000e+02   4.8153915e+11   6.6263802e+04   4.2904118e+02   5.2497907e+01
   7.3600000e+02   4.7601757e+11   6.6053159e+04   4.2440322e+02   5.1614284e+01
   7.4300000e+02   4.7013230e+11   6.6829403e+04   4.1849893e+02   5.1633299e+01
   7.4400000e+02   4.2240259e+11   6.4250873e+04   3.8322805e+02   3.9174476e+01
   7.5200000e+02   3.7807105e+11   6.3995507e+04   3.4547872e+02   3.2592268e+01
   7.5300000e+02   3.7577301e+11   6.3905702e+04   3.4348070e+02   3.2292248e+01
   7.5400000e+02   3.7539101e+11   6.4797154e+04   3.4522641e+02   3.0164544e+01
   7.5600000e+02   3.7479225e+11   6.5077171e+04   3.4543441e+02   2.9357773e+01
   7.5700000e+02   3.4977957e+11   6.5607750e+04   3.2452069e+02   2.5258814e+01
   7.6000000e+02   3.4741093e+11   6.6124568e+04   3.2257635e+02   2.4834521e+01
   7.6400000e+02   3.4736701e+11   6.6695017e+04   3.2264592e+02   2.4721020e+01
   7.6700000e+02   3.4446072e+11   6.6894060e+04   3.2008757e+02   2.4373087e+01
   7.6800000e+02   3.1106856e+11   6.7052297e+04   2.8851363e+02   2.2554863e+01
   7.7200000e+02   3.1089015e+11   6.7181875e+04   2.8845337e+02   2.2436716e+01
   7.7600000e+02   3.0903851e+11   6.7310432e+04   2.8689630e+02   2.2142146e+01
   7.8000000e+02   3.0900228e+11   6.7828202e+04   2.8698616e+02   2.2016047e+01
   7.8300000e+02   3.0843200e+11   6.8011640e+04   2.8636613e+02   2.2065803e+01
   7.8400000e+02   3.0829027e+11   6.8193001e+04   2.8621110e+02   2.2079100e+01
   7.8700000e+02   3.0281220e+11   6.8736199e+04   2.8097180e+02   2.1840331e+01
   7.9400000e+02   2.9837576e+11   6.8403686e+04   2.7561878e+02   2.2756907e+01
   7.9800000e+02   2.9785879e+11   6.8590184e+04   2.7517809e+02   2.2680627e+01
   8.0600000e+02   2.8244364e+11   6.9002228e+04   2.6091887e+02   2.1524704e+01
   8.0900000e+02   2.8220117e+11   6.9149875e+04   2.6064519e+02   2.1555909e+01
   8.1600000e+02   2.5798526e+11   6.9360304e+04   2.3782542e+02   2.0159765e+01
   8.2100000e+02   2.5760570e+11   6.9320645e+04   2.3748285e+02   2.0122777e+01
   8.2300000e+02   2.4055415e+11   6.7953110e+04   2.2600423e+02   1.4549848e+01
   8.2700000e+02   2.3900780e+11   6.8614214e+04   2.2482624e+02   1.4181484e+01
   8.3100000e+02   2.3897390e+11   6.8471827e+04   2.2420581e+02   1.4768023e+01
   8.3300000e+02   2.3885602e+11   6.8701454e+04   2.2462045e+02   1.4235503e+01
   8.3900000e+02   2.3872838e+11   6.8633673e+04   2.2447021e+02   1.4258101e+01
   8.4200000e+02   2.3265430e+11   6.8682188e+04   2.2125464e+02   1.1399589e+01
   8.4300000e+02   2.3150017e+11   6.8789556e+04   2.2058599e+02   1.0914110e+01
   8.4500000e+02   2.2998163e+11   6.8425462e+04   2.1925046e+02   1.0731098e+01
   8.4700000e+02   2.2783498e+11   6.8980698e+04   2.1717557e+02   1.0659341e+01
   8.5500000e+02   9.7034766e+10   6.8809285e+04   8.5715828e+01   1.1318869e+01
   8.5800000e+02   9.6836216e+10   6.8800800e+04   8.5671449e+01   1.1164698e+01
   8.6400000e+02   9.6375638e+10   6.8412823e+04   8.4885357e+01   1.1490212e+01
   8.6900000e+02   8.2324816e+10   6.9493096e+04   7.6089866e+01   6.2348811e+00
   8.7300000e+02   8.1768678e+10   6.9985436e+04   7.5544059e+01   6.2245487e+00
   8.7700000e+02   8.0497586e+10   6.9833355e+04   7.4144871e+01   6.3526455e+00
   8.7800000e+02   8.0352502e+10   6.9902341e+04   7.3926743e+01   6.4256891e+00
   8.8000000e+02   7.8253255e+10   7.0120608e+04   7.1701175e+01   6.5520093e+00
   8.9500000e+02   7.7144976e+10   6.9365273e+04   6.7034587e+01   1.0110320e+01
   9.0000000e+02   7.5898083e+10   6.9282298e+04   6.5052125e+01   1.0845889e+01
   9.0400000e+02   7.5145830e+10   6.8690283e+04   6.4379195e+01   1.0766567e+01
   9.0600000e+02   6.9536074e+10   6.8536267e+04   5.8791092e+01   1.0744913e+01
   9.0700000e+02   6.8633492e+10   7.0096497e+04   5.8513938e+01   1.0119483e+01
   9.1400000e+02   6.7422335e+10   7.0368071e+04   5.7087510e+01   1.0334755e+01
   9.1900000e+02   6.7122879e+10   7.0863018e+04   5.6880609e+01   1.0242199e+01
   9.2500000e+02   6.7044994e+10   7.1025231e+04   5.6779191e+01   1.0265732e+01
   9.3400000e+02   6.5968373e+10   7.1708130e+04   5.6571108e+01   9.3971935e+00
   9.4200000e+02   6.4403280e+10   7.2524369e+04   5.5661848e+01   8.7413590e+00
   9.4700000e+02   6.4381037e+10   7.2686936e+04   5.5627190e+01   8.7537736e+00
   9.5100000e+02   6.4315021e+10   7.2560911e+04   5.5854934e+01   8.4600147e+00
   9.7800000e+02   6.4026133e+10   7.2279723e+04   5.5525066e+01   8.5009947e+00
   9.7900000e+02   6.3433497e+10   7.2585743e+04   5.4962316e+01   8.4711085e+00
   9.8100000e+02   6.3175111e+10   7.2724101e+04   5.4691734e+01   8.4833040e+00
   9.8400000e+02   6.2958043e+10   7.3393438e+04   5.4740465e+01   8.2175047e+00
   1.0000000e+03   6.2742425e+10   7.3402146e+04   5.4581306e+01   8.1610459e+00
   1.0050000e+03   6.2218534e+10   7.3991136e+04   5.4153683e+01   8.0647764e+00
   1.0070000e+03   6.2188411e+10   7.3923669e+04   5.4124311e+01   8.0640251e+00
   1.0100000e+03   6.2034129e+10   7.3676756e+04   5.3974073e+01   8.0599821e+00
   1.0170000e+03   5.7932107e+10   7.4143609e+04   5.0118473e+01   7.8135598e+00
   1.0270000e+03   5.7265802e+10   7.4008385e+04   5.0374263e+01   6.8914644e+00
   1.0280000e+03   5.6641540e+10   7.3739593e+04   4.9765187e+01   6.8762794e+00
   1.0350000e+03   5.4814398e+10   7.3961241e+04   4.8202853e+01   6.6114711e+00
   1.0400000e+03   3.2153295e+10   7.4711836e+04   2.9655518e+01   2.4977027e+00
   1.0410000e+03   3.1408501e+10   7.4611421e+04   2.8925353e+01   2.4830727e+00
   1.0420000e+03   3.1349644e+10   7.5114001e+04   2.8866555e+01   2.4830139e+00
   1.0430000e+03   3.1293889e+10   7.4364407e+04   2.8733254e+01   2.5605611e+00
   1.0440000e+03   2.2374547e+10   7.5004594e+04   2.0090936e+01   2.2835357e+00
   1.0540000e+03   2.0584615e+10   7.6305789e+04   1.8521285e+01   2.0632536e+00
   1.0570000e+03   2.0581932e+10   7.6295457e+04   1.8518101e+01   2.0637548e+00
   1.0580000e+03   2.0509706e+10   7.6401158e+04   1.8405833e+01   2.1037962e+00
   1.0750000e+03   2.0221376e+10   7.6434793e+04   1.8140105e+01   2.0811943e+00
   1.0850000e+03   2.0168221e+10   7.5991849e+04   1.8049618e+01   2.1185272e+00
   1.0930000e+03   1.8922381e+10   7.5909134e+04   1.6347146e+01   2.5751594e+00
   1.0980000e+03   1.8888260e+10   7.6090273e+04   1.6350127e+01   2.5380570e+00
   1.0990000e+03   1.7186699e+10   7.6080452e+04   1.4639690e+01   2.5469328e+00
   1.1010000e+03   1.5290151e+10   7.7777511e+04   1.4577504e+01   7.1256839e-01
   1.1090000e+03   1.4536111e+10   7.7952530e+04   1.4536033e+01   0.0000000e+00
   1.1180000e+03   1.4082132e+10   7.7225751e+04   1.4068524e+01   1.3530760e-02
   1.1240000e+03   1.4022723e+10   7.6441733e+04   1.4004990e+01   1.7656828e-02
   1.1300000e+03   1.3725924e+10   7.6874694e+04   1.3708132e+01   1.7715155e-02
   1.1370000e+03   1.2606058e+10   7.7670828e+04   1.2573566e+01   3.2414241e-02
   1.1390000e+03   1.2392654e+10   7.7504447e+04   1.2327601e+01   6.4975656e-02
   1.1450000e+03   1.2365320e+10   7.7259686e+04   1.2303390e+01   6.1852446e-02
   1.1490000e+03   1.1851502e+10   7.7254432e+04   1.1790712e+01   6.0712707e-02
   1.1530000e+03   1.1760670e+10   7.5826496e+04   1.1697281e+01   6.3313244e-02
   1.1560000e+03   1.0879463e+10   7.6476290e+04   1.0875975e+01   3.4114857e-03
   1.1800000e+03   1.0860449e+10   7.7218993e+04   1.0857121e+01   3.2504339e-03
   1.1850000e+03   1.0855405e+10   7.7346724e+04   1.0855328e+01   0.0000000e+00
   1.2170000e+03   1.0840476e+10   7.7461634e+04   1.0840398e+01   0.0000000e+00
   1.2190000e+03   1.0443174e+10   7.7497671e+04   1.0443097e+01   0.0000000e+00
   1.2220000e+03   1.0412930e+10   7.7968917e+04   1.0412852e+01   0.0000000e+00
   1.2370000e+03   1.0360895e+10   7.8234259e+04   1.0360816e+01   0.0000000e+00
   1.2380000e+03   1.0358214e+10   7.8509217e+04   1.0358136e+01   0.0000000e+00
   1.2460000e+03   1.0333827e+10   7.8362452e+04   1.0333749e+01   0.0000000e+00
   1.2470000e+03   1.0266260e+10   7.7392663e+04   1.0266183e+01   0.0000000e+00
   1.2560000e+03   1.0224536e+10   7.7581423e+04   1.0224458e+01   0.0000000e+00
   1.2740000e+03   1.0205946e+10   7.7515667e+04   1.0205868e+01   0.0000000e+00
   1.2750000e+03   1.0199064e+10   7.7570652e+04   1.0198987e+01   0.0000000e+00
   1.2770000e+03   1.0184617e+10   7.8200818e+04   1.0184538e+01   0.0000000e+00
   1.2890000e+03   1.0155515e+10   7.8293581e+04   1.0155437e+01   0.0000000e+00
   1.2920000e+03   8.8878736e+09   7.8995395e+04   8.8877946e+00   0.0000000e+00
   1.2960000e+03   8.8732598e+09   7.9444067e+04   8.8731803e+00   0.0000000e+00
   1.2980000e+03   8.5708364e+09   7.9457548e+04   8.5707569e+00   0.0000000e+00
   1.2990000e+03   8.5429619e+09   7.9380785e+04   8.5428825e+00   0.0000000e+00
   1.3070000e+03   8.5080094e+09   7.8540416e+04   8.5079308e+00   0.0000000e+00
   1.3090000e+03   8.4840154e+09   7.8707871e+04   8.4839367e+00   0.0000000e+00
   1.3130000e+03   7.6815581e+09   7.8614472e+04   7.6814795e+00   0.0000000e+00
   1.3170000e+03   7.2544453e+09   7.8993807e+04   7.2543663e+00   0.0000000e+00
   1.3180000e+03   7.2204661e+09   7.9405892e+04   7.2203867e+00   0.0000000e+00
   1.3270000e+03   6.3228342e+09   7.9767172e+04   6.3227544e+00   0.0000000e+00
   1.3310000e+03   6.3206736e+09   7.9667369e+04   6.3205939e+00   0.0000000e+00
   1.3380000e+03   6.1409074e+09   8.0897282e+04   6.1408265e+00   0.0000000e+00
   1.3390000e+03   5.8249186e+09   8.1473479e+04   5.8248371e+00   0.0000000e+00
   1.3470000e+03   5.7724333e+09   8.0996082e+04   5.7723523e+00   0.0000000e+00
   1.3500000e+03   5.7684821e+09   8.1302568e+04   5.7684008e+00   0.0000000e+00
   1.3550000e+03   4.3610949e+09   8.2132456e+04   4.3610127e+00   0.0000000e+00
   1.3610000e+03   3.9375078e+09   8.1571195e+04   3.9374262e+00   0.0000000e+00
   1.3640000e+03   3.8609549e+09   8.2187968e+04   3.8608727e+00   0.0000000e+00
   1.3660000e+03   3.7033078e+09   8.1714962e+04   3.7032261e+00   0.0000000e+00
   1.3670000e+03   3.6598598e+09   8.2275547e+04   3.6597775e+00   0.0000000e+00
   1.3770000e+03   3.5308296e+09   8.2467245e+04   3.5307471e+00   0.0000000e+00
   1.3800000e+03   3.5295430e+09   8.2554731e+04   3.5294605e+00   0.0000000e+00
   1.3830000e+03   3.5231213e+09   8.2307448e+04   3.5230390e+00   0.0000000e+00
   1.4090000e+03   3.5153279e+09   8.2996879e+04   3.5152449e+00   0.0000000e+00
   1.4120000e+03   3.5023656e+09   8.3117657e+04   3.5022824e+00   0.0000000e+00
   1.4200000e+03   3.4576930e+09   8.2235017e+04   3.4576107e+00   0.0000000e+00
   1.4310000e+03   3.4431640e+09   8.2657947e+04   3.4430813e+00   0.0000000e+00
   1.4490000e+03   3.4063834e+09   8.2488746e+04   3.4063009e+00   0.0000000e+00
   1.4540000e+03   3.4022805e+09   8.2414154e+04   3.4021981e+00   0.0000000e+00
   1.4630000e+03   3.2797043e+09   8.2223088e+04   3.2796220e+00   0.0000000e+00
   1.4680000e+03   3.2635745e+09   8.2872508e+04   3.2634916e+00   0.0000000e+00
   1.4700000e+03   2.6327922e+09   8.3527105e+04   2.6327087e+00   0.0000000e+00
   1.4950000e+03   2.6038668e+09   8.3770747e+04   2.6037830e+00   0.0000000e+00
   1.5230000e+03   2.5353772e+09   8.3619992e+04   2.5352935e+00   0.0000000e+00
   1.5360000e+03   2.5338680e+09   8.3426862e+04   2.5337846e+00   0.0000000e+00
   1.5390000e+03   1.4626011e+09   8.3556566e+04   1.4625176e+00   0.0000000e+00
   1.5480000e+03   1.1318721e+09   8.3827461e+04   1.1317882e+00   0.0000000e+00
   1.5600000e+03   6.4562298e+08   8.3883804e+04   6.4553910e-01   0.0000000e+00
   1.5710000e+03   6.4223587e+08   8.4300795e+04   6.4215157e-01   0.0000000e+00
   1.5720000e+03   6.1288603e+08   8.4754561e+04   6.1280128e-01   0.0000000e+00
   1.5740000e+03   6.1220512e+08   8.4164601e+04   6.1212095e-01   0.0000000e+00
   1.5850000e+03   6.0203823e+08   8.3694903e+04   6.0195453e-01   0.0000000e+00
   1.5880000e+03   5.9950433e+08   8.3109716e+04   5.9942122e-01   0.0000000e+00
   1.5930000e+03   5.9692735e+08   8.3056940e+04   5.9684429e-01   0.0000000e+00
   1.6030000e+03   5.9569572e+08   8.3383866e+04   5.9561234e-01   0.0000000e+00
   1.6080000e+03   5.8820167e+08   8.3783502e+04   5.8811789e-01   0.0000000e+00
   1.6170000e+03   5.8298073e+08   8.4513705e+04   5.8289622e-01   0.0000000e+00
   1.6210000e+03   5.8289771e+08   8.4289219e+04   5.8281342e-01   0.0000000e+00
   1.6370000e+03   5.7801657e+08   8.4421100e+04   5.7793215e-01   0.0000000e+00
   1.6590000e+03   2.9251340e+08   8.4098867e+04   2.9242930e-01   0.0000000e+00
   1.6630000e+03   2.5941253e+08   8.3994297e+04   2.5932854e-01   0.0000000e+00
   1.6650000e+03   2.3915900e+08   8.4119638e+04   2.3907488e-01   0.0000000e+00
   1.6790000e+03   1.0912329e+08   8.3282999e+04   1.0904001e-01   0.0000000e+00
   1.6830000e+03   1.0561952e+08   8.2248291e+04   1.0553727e-01   0.0000000e+00
   1.6910000e+03   8.2287814e+04   8.2287814e+04   0.0000000e+00   0.0000000e+00
   1.7020000e+03   8.2106821e+04   8.2106821e+04   0.0000000e+00   0.0000000e+00
   1.7080000e+03   8.1852720e+04   8.1852720e+04   0.0000000e+00   0.0000000e+00
   1.7190000e+03   8.1564175e+04   8.1564175e+04   0.0000000e+00   0.0000000e+00
   1.7210000e+03   8.0812205e+04   8.0812205e+04   0.0000000e+00   0.0000000e+00
   1.7240000e+03   8.0804033e+04   8.0804033e+04   0.0000000e+00   0.0000000e+00
   1.7260000e+03   8.0474385e+04   8.0474385e+04   0.0000000e+00   0.0000000e+00
   1.7280000e+03   8.0384134e+04   8.0384134e+04   0.0000000e+00   0.0000000e+00
   1.7290000e+03   7.9959043e+04   7.9959043e+04   0.0000000e+00   0.0000000e+00
   1.7460000e+03   7.9132060e+04   7.9132060e+04   0.0000000e+00   0.0000000e+00
   1.7480000e+03   7.9051096e+04   7.9051096e+04   0.0000000e+00   0.0000000e+00
   1.7590000e+03   7.8616402e+04   7.8616402e+04   0.0000000e+00   0.0000000e+00
   1.7630000e+03   7.7806619e+04   7.7806619e+04   0.0000000e+00   0.0000000e+00
   1.8060000e+03   7.7765150e+04   7.7765150e+04   0.0000000e+00   0.0000000e+00
   1.8160000e+03   7.6773830e+04   7.6773830e+04   0.0000000e+00   0.0000000e+00
   1.8340000e+03   7.6545314e+04   7.6545314e+04   0.0000000e+00   0.0000000e+00
   1.8390000e+03   7.6524939e+04   7.6524939e+04   0.0000000e+00   0.0000000e+00
   1.8620000e+03   7.6172121e+04   7.6172121e+04   0.0000000e+00   0.0000000e+00
   1.8630000e+03   7.5745085e+04   7.5745085e+04   0.0000000e+00   0.0000000e+00
   1.8840000e+03   7.5256800e+04   7.5256800e+04   0.0000000e+00   0.0000000e+00
   1.8940000e+03   7.5202454e+04   7.5202454e+04   0.0000000e+00   0.0000000e+00
   1.9070000e+03   7.5110442e+04   7.5110442e+04   0.0000000e+00   0.0000000e+00
   1.9290000e+03   7.4173993e+04   7.4173993e+04   0.0000000e+00   0.0000000e+00
   1.9380000e+03   7.3990432e+04   7.3990432e+04   0.0000000e+00   0.0000000e+00
   1.9690000e+03   7.3970965e+04   7.3970965e+04   0.0000000e+00   0.0000000e+00
   1.9830000e+03   7.3521637e+04   7.3521637e+04   0.0000000e+00   0.0000000e+00
   1.9840000e+03   7.3500441e+04   7.3500441e+04   0.0000000e+00   0.0000000e+00
   1.9910000e+03   7.3454644e+04   7.3454644e+04   0.0000000e+00   0.0000000e+00
   2.0180000e+03   7.3209079e+04   7.3209079e+04   0.0000000e+00   0.0000000e+00
   2.0280000e+03   7.3142457e+04   7.3142457e+04   0.0000000e+00   0.0000000e+00
   2.0370000e+03   7.2560136e+04   7.2560136e+04   0.0000000e+00   0.0000000e+00
   2.0440000e+03   7.2267550e+04   7.2267550e+04   0.0000000e+00   0.0000000e+00
   2.0480000e+03   7.1694922e+04   7.1694922e+04   0.0000000e+00   0.0000000e+00
   2.0540000e+03   7.0843519e+04   7.0843519e+04   0.0000000e+00   0.0000000e+00
   2.0850000e+03   7.0779426e+04   7.0779426e+04   0.0000000e+00   0.0000000e+00
   2.0960000e+03   7.0770270e+04   7.0770270e+04   0.0000000e+00   0.0000000e+00
   2.1020000e+03   7.0463036e+04   7.0463036e+04   0.0000000e+00   0.0000000e+00
   2.1170000e+03   7.0335757e+04   7.0335757e+04   0.0000000e+00   0.0000000e+00
   2.1570000e+03   7.0055471e+04   7.0055471e+04   0.0000000e+00   0.0000000e+00
   2.1780000e+03   6.9136233e+04   6.9136233e+04   0.0000000e+00   0.0000000e+00
   2.1840000e+03   6.8825562e+04   6.8825562e+04   0.0000000e+00   0.0000000e+00
   2.2180000e+03   6.8445792e+04   6.8445792e+04   0.0000000e+00   0.0000000e+00
   2.2230000e+03   6.8346400e+04   6.8346400e+04   0.0000000e+00   0.0000000e+00
   2.2390000e+03   6.7604139e+04   6.7604139e+04   0.0000000e+00   0.0000000e+00
   2.2650000e+03   6.7349900e+04   6.7349900e+04   0.0000000e+00   0.0000000e+00
   2.2990000e+03   6.7096929e+04   6.7096929e+04   0.0000000e+00   0.0000000e+00
   2.3120000e+03   6.6481681e+04   6.6481681e+04   0.0000000e+00   0.0000000e+00
   2.3530000e+03   6.6153943e+04   6.6153943e+04   0.0000000e+00   0.0000000e+00
   2.4010000e+03   6.6132034e+04   6.6132034e+04   0.0000000e+00   0.0000000e+00
   2.4130000e+03   6.6019602e+04   6.6019602e+04   0.0000000e+00   0.0000000e+00
   2.4140000e+03   6.5835089e+04   6.5835089e+04   0.0000000e+00   0.0000000e+00
   2.4270000e+03   6.5064971e+04   6.5064971e+04   0.0000000e+00   0.0000000e+00
   2.4530000e+03   6.4917989e+04   6.4917989e+04   0.0000000e+00   0.0000000e+00
   2.4680000e+03   6.4912999e+04   6.4912999e+04   0.0000000e+00   0.0000000e+00
   2.4800000e+03   6.4870242e+04   6.4870242e+04   0.0000000e+00   0.0000000e+00
   2.4960000e+03   6.4744103e+04   6.4744103e+04   0.0000000e+00   0.0000000e+00
   2.5420000e+03   6.4734366e+04   6.4734366e+04   0.0000000e+00   0.0000000e+00
   2.5830000e+03   6.4518034e+04   6.4518034e+04   0.0000000e+00   0.0000000e+00
   2.5880000e+03   6.4389826e+04   6.4389826e+04   0.0000000e+00   0.0000000e+00
   2.6010000e+03   6.4388675e+04   6.4388675e+04   0.0000000e+00   0.0000000e+00
   2.6980000e+03   6.4020549e+04   6.4020549e+04   0.0000000e+00   0.0000000e+00
   2.7030000e+03   6.3916779e+04   6.3916779e+04   0.0000000e+00   0.0000000e+00
   2.7160000e+03   6.3842072e+04   6.3842072e+04   0.0000000e+00   0.0000000e+00
   2.7200000e+03   6.3541695e+04   6.3541695e+04   0.0000000e+00   0.0000000e+00
   2.7270000e+03   6.3355140e+04   6.3355140e+04   0.0000000e+00   0.0000000e+00
   2.7510000e+03   6.3251003e+04   6.3251003e+04   0.0000000e+00   0.0000000e+00
   2.7640000e+03   6.3237375e+04   6.3237375e+04   0.0000000e+00   0.0000000e+00
   2.7650000e+03   6.2977091e+04   6.2977091e+04   0.0000000e+00   0.0000000e+00
   2.7700000e+03   6.2950923e+04   6.2950923e+04   0.0000000e+00   0.0000000e+00
   2.7770000e+03   6.2829985e+04   6.2829985e+04   0.0000000e+00   0.0000000e+00
   2.7780000e+03   6.2640960e+04   6.2640960e+04   0.0000000e+00   0.0000000e+00
   2.7980000e+03   6.2227398e+04   6.2227398e+04   0.0000000e+00   0.0000000e+00
   2.8080000e+03   6.1912048e+04   6.1912048e+04   0.0000000e+00   0.0000000e+00
   2.8350000e+03   6.1909609e+04   6.1909609e+04   0.0000000e+00   0.0000000e+00
   2.8440000e+03   6.1850124e+04   6.1850124e+04   0.0000000e+00   0.0000000e+00
   2.8680000e+03   6.1841714e+04   6.1841714e+04   0.0000000e+00   0.0000000e+00
   2.9320000e+03   6.1777901e+04   6.1777901e+04   0.0000000e+00   0.0000000e+00
   2.9360000e+03   6.1742156e+04   6.1742156e+04   0.0000000e+00   0.0000000e+00
   2.9550000e+03   6.1694246e+04   6.1694246e+04   0.0000000e+00   0.0000000e+00
   2.9690000e+03   6.1691532e+04   6.1691532e+04   0.0000000e+00   0.0000000e+00
   2.9800000e+03   6.1469316e+04   6.1469316e+04   0.0000000e+00   0.0000000e+00
   3.0530000e+03   6.1253837e+04   6.1253837e+04   0.0000000e+00   0.0000000e+00
   3.0550000e+03   6.1234199e+04   6.1234199e+04   0.0000000e+00   0.0000000e+00
   3.1080000e+03   6.1133558e+04   6.1133558e+04   0.0000000e+00   0.0000000e+00
   3.1260000e+03   6.1009707e+04   6.1009707e+04   0.0000000e+00   0.0000000e+00
   3.1300000e+03   6.0868962e+04   6.0868962e+04   0.0000000e+00   0.0000000e+00
   3.1620000e+03   6.0712030e+04   6.0712030e+04   0.0000000e+00   0.0000000e+00
   3.1830000e+03   6.0488817e+04   6.0488817e+04   0.0000000e+00   0.0000000e+00
   3.2130000e+03   6.0471344e+04   6.0471344e+04   0.0000000e+00   0.0000000e+00
   3.2740000e+03   6.0332991e+04   6.0332991e+04   0.0000000e+00   0.0000000e+00
   3.3010000e+03   6.0307799e+04   6.0307799e+04   0.0000000e+00   0.0000000e+00
   3.3100000e+03   6.0113504e+04   6.0113504e+04   0.0000000e+00   0.0000000e+00
   3.3180000e+03   6.0046875e+04   6.0046875e+04   0.0000000e+00   0.0000000e+00
   3.3940000e+03   5.9910157e+04   5.9910157e+04   0.0000000e+00   0.0000000e+00
   3.4560000e+03   5.9794895e+04   5.9794895e+04   0.0000000e+00   0.0000000e+00
   3.4770000e+03   5.9788946e+04   5.9788946e+04   0.0000000e+00   0.0000000e+00
   3.5490000e+03   5.9671604e+04   5.9671604e+04   0.0000000e+00   0.0000000e+00
   3.6670000e+03   5.9595103e+04   5.9595103e+04   0.0000000e+00   0.0000000e+00
   3.6960000e+03   5.9305459e+04   5.9305459e+04   0.0000000e+00   0.0000000e+00
   3.7300000e+03   5.9255857e+04   5.9255857e+04   0.0000000e+00   0.0000000e+00
   3.7930000e+03   5.9035691e+04   5.9035691e+04   0.0000000e+00   0.0000000e+00
   3.7990000e+03   5.8445263e+04   5.8445263e+04   0.0000000e+00   0.0000000e+00
   3.8160000e+03   5.8009051e+04   5.8009051e+04   0.0000000e+00   0.0000000e+00
   3.8250000e+03   5.7472946e+04   5.7472946e+04   0.0000000e+00   0.0000000e+00
   3.9030000e+03   5.7155078e+04   5.7155078e+04   0.0000000e+00   0.0000000e+00
   3.9400000e+03   5.7010172e+04   5.7010172e+04   0.0000000e+00   0.0000000e+00
   4.1160000e+03   5.6820735e+04   5.6820735e+04   0.0000000e+00   0.0000000e+00
   4.2590000e+03   5.6813374e+04   5.6813374e+04   0.0000000e+00   0.0000000e+00
   4.3230000e+03   5.6606139e+04   5.6606139e+04   0.0000000e+00   0.0000000e+00
   4.3280000e+03   5.6576243e+04   5.6576243e+04   0.0000000e+00   0.0000000e+00
   4.3920000e+03   5.6529115e+04   5.6529115e+04   0.0000000e+00   0.0000000e+00
   4.5040000e+03   5.6469583e+04   5.6469583e+04   0.0000000e+00   0.0000000e+00
   4.5490000e+03   5.6463803e+04   5.6463803e+04   0.0000000e+00   0.0000000e+00
   4.5740000e+03   5.5769639e+04   5.5769639e+04   0.0000000e+00   0.0000000e+00
   4.5840000e+03   5.5597512e+04   5.5597512e+04   0.0000000e+00   0.0000000e+00
   4.6430000e+03   5.5327134e+04   5.5327134e+04   0.0000000e+00   0.0000000e+00
   4.6940000e+03   5.5105763e+04   5.5105763e+04   0.0000000e+00   0.0000000e+00
   4.7130000e+03   5.4976690e+04   5.4976690e+04   0.0000000e+00   0.0000000e+00
   4.8150000e+03   5.4616281e+04   5.4616281e+04   0.0000000e+00   0.0000000e+00
   4.8180000e+03   5.4514466e+04   5.4514466e+04   0.0000000e+00   0.0000000e+00
   4.8420000e+03   5.4398893e+04   5.4398893e+04   0.0000000e+00   0.0000000e+00
   4.8910000e+03   5.4302457e+04   5.4302457e+04   0.0000000e+00   0.0000000e+00
   4.8960000e+03   5.4252128e+04   5.4252128e+04   0.0000000e+00   0.0000000e+00
   4.8980000e+03   5.4243084e+04   5.4243084e+04   0.0000000e+00   0.0000000e+00
   4.9130000e+03   5.4162859e+04   5.4162859e+04   0.0000000e+00   0.0000000e+00
   4.9300000e+03   5.3522957e+04   5.3522957e+04   0.0000000e+00   0.0000000e+00
   4.9370000e+03   5.3186208e+04   5.3186208e+04   0.0000000e+00   0.0000000e+00
   4.9920000e+03   5.3094893e+04   5.3094893e+04   0.0000000e+00   0.0000000e+00
   5.0430000e+03   5.2965623e+04   5.2965623e+04   0.0000000e+00   0.0000000e+00
   5.0680000e+03   5.2810825e+04   5.2810825e+04   0.0000000e+00   0.0000000e+00
   5.0960000e+03   5.2733044e+04   5.2733044e+04   0.0000000e+00   0.0000000e+00
   5.1970000e+03   5.1746792e+04   5.1746792e+04   0.0000000e+00   0.0000000e+00
   5.2530000e+03   5.1595113e+04   5.1595113e+04   0.0000000e+00   0.0000000e+00
   5.2620000e+03   5.1194877e+04   5.1194877e+04   0.0000000e+00   0.0000000e+00
   5.3000000e+03   5.0904644e+04   5.0904644e+04   0.0000000e+00   0.0000000e+00
   5.3110000e+03   5.0838879e+04   5.0838879e+04   0.0000000e+00   0.0000000e+00
   5.3620000e+03   5.0736187e+04   5.0736187e+04   0.0000000e+00   0.0000000e+00
   5.4660000e+03   5.0505318e+04   5.0505318e+04   0.0000000e+00   0.0000000e+00
   5.5130000e+03   5.0452552e+04   5.0452552e+04   0.0000000e+00   0.0000000e+00
   5.5240000e+03   5.0287343e+04   5.0287343e+04   0.0000000e+00   0.0000000e+00
   5.5570000e+03   5.0031157e+04   5.0031157e+04   0.0000000e+00   0.0000000e+00
   5.6770000e+03   4.9909622e+04   4.9909622e+04   0.0000000e+00   0.0000000e+00
   5.6900000e+03   4.9890192e+04   4.9890192e+04   0.0000000e+00   0.0000000e+00
   5.7230000e+03   4.9876049e+04   4.9876049e+04   0.0000000e+00   0.0000000e+00
   5.8300000e+03   4.9723162e+04   4.9723162e+04   0.0000000e+00   0.0000000e+00
   5.8840000e+03   4.9655551e+04   4.9655551e+04   0.0000000e+00   0.0000000e+00
   5.9600000e+03   4.9630384e+04   4.9630384e+04   0.0000000e+00   0.0000000e+00
   6.0090000e+03   4.9509416e+04   4.9509416e+04   0.0000000e+00   0.0000000e+00
   6.2180000e+03   4.9464515e+04   4.9464515e+04   0.0000000e+00   0.0000000e+00
   6.3890000e+03   4.9424992e+04   4.9424992e+04   0.0000000e+00   0.0000000e+00
   6.4190000e+03   4.9364664e+04   4.9364664e+04   0.0000000e+00   0.0000000e+00
   6.5290000e+03   4.9314919e+04   4.9314919e+04   0.0000000e+00   0.0000000e+00
   6.5390000e+03   4.8910664e+04   4.8910664e+04   0.0000000e+00   0.0000000e+00
   6.6590000e+03   4.8869811e+04   4.8869811e+04   0.0000000e+00   0.0000000e+00
   6.6650000e+03   4.8846226e+04   4.8846226e+04   0.0000000e+00   0.0000000e+00
   6.7300000e+03   4.8741489e+04   4.8741489e+04   0.0000000e+00   0.0000000e+00
   6.7320000e+03   4.8734297e+04   4.8734297e+04   0.0000000e+00   0.0000000e+00
   6.7570000e+03   4.8664079e+04   4.8664079e+04   0.0000000e+00   0.0000000e+00
   6.8190000e+03   4.8616951e+04   4.8616951e+04   0.0000000e+00   0.0000000e+00
   6.9900000e+03   4.8487925e+04   4.8487925e+04   0.0000000e+00   0.0000000e+00
   6.9930000e+03   4.8285474e+04   4.8285474e+04   0.0000000e+00   0.0000000e+00
   6.9960000e+03   4.8238717e+04   4.8238717e+04   0.0000000e+00   0.0000000e+00
   7.0170000e+03   4.8221805e+04   4.8221805e+04   0.0000000e+00   0.0000000e+00
   7.0390000e+03   4.8150584e+04   4.8150584e+04   0.0000000e+00   0.0000000e+00
   7.0460000e+03   4.8150157e+04   4.8150157e+04   0.0000000e+00   0.0000000e+00
   7.0950000e+03   4.7994170e+04   4.7994170e+04   0.0000000e+00   0.0000000e+00
   7.1210000e+03   4.7627209e+04   4.7627209e+04   0.0000000e+00   0.0000000e+00
   7.2290000e+03   4.7606270e+04   4.7606270e+04   0.0000000e+00   0.0000000e+00
   7.5580000e+03   4.7380441e+04   4.7380441e+04   0.0000000e+00   0.0000000e+00
   7.6040000e+03   4.7320554e+04   4.7320554e+04   0.0000000e+00   0.0000000e+00
   7.6330000e+03   4.7280423e+04   4.7280423e+04   0.0000000e+00   0.0000000e+00
   7.6450000e+03   4.7239650e+04   4.7239650e+04   0.0000000e+00   0.0000000e+00
   7.6770000e+03   4.7220720e+04   4.7220720e+04   0.0000000e+00   0.0000000e+00
   7.8360000e+03   4.7141508e+04   4.7141508e+04   0.0000000e+00   0.0000000e+00
   8.0110000e+03   4.6909724e+04   4.6909724e+04   0.0000000e+00   0.0000000e+00
   8.0330000e+03   4.6874097e+04   4.6874097e+04   0.0000000e+00   0.0000000e+00
   8.0470000e+03   4.6840097e+04   4.6840097e+04   0.0000000e+00   0.0000000e+00
   8.1640000e+03   4.6776460e+04   4.6776460e+04   0.0000000e+00   0.0000000e+00
   8.1740000e+03   4.6686799e+04   4.6686799e+04   0.0000000e+00   0.0000000e+00
   8.2050000e+03   4.6684567e+04   4.6684567e+04   0.0000000e+00   0.0000000e+00
   8.2520000e+03   4.6621932e+04   4.6621932e+04   0.0000000e+00   0.0000000e+00
   8.2580000e+03   4.6589824e+04   4.6589824e+04   0.0000000e+00   0.0000000e+00
   8.2860000e+03   4.6582215e+04   4.6582215e+04   0.0000000e+00   0.0000000e+00
   8.3010000e+03   4.6579909e+04   4.6579909e+04   0.0000000e+00   0.0000000e+00
   8.3150000e+03   4.6520043e+04   4.6520043e+04   0.0000000e+00   0.0000000e+00
   8.4260000e+03   4.6458411e+04   4.6458411e+04   0.0000000e+00   0.0000000e+00
   8.5020000e+03   4.6414654e+04   4.6414654e+04   0.0000000e+00   0.0000000e+00
   8.5210000e+03   4.6373819e+04   4.6373819e+04   0.0000000e+00   0.0000000e+00
   8.6420000e+03   4.6352442e+04   4.6352442e+04   0.0000000e+00   0.0000000e+00
   8.6550000e+03   4.6282089e+04   4.6282089e+04   0.0000000e+00   0.0000000e+00
   8.7330000e+03   4.6222375e+04   4.6222375e+04   0.0000000e+00   0.0000000e+00
   8.9470000e+03   4.6153325e+04   4.6153325e+04   0.0000000e+00   0.0000000e+00
   9.0600000e+03   4.6096861e+04   4.6096861e+04   0.0000000e+00   0.0000000e+00
   9.0760000e+03   4.6038923e+04   4.6038923e+04   0.0000000e+00   0.0000000e+00
   9.1190000e+03   4.5994891e+04   4.5994891e+04   0.0000000e+00   0.0000000e+00
   9.1910000e+03   4.5924298e+04   4.5924298e+04   0.0000000e+00   0.0000000e+00
   9.2980000e+03   4.5801083e+04   4.5801083e+04   0.0000000e+00   0.0000000e+00
   9.4480000e+03   4.5782156e+04   4.5782156e+04   0.0000000e+00   0.0000000e+00
   9.5870000e+03   4.5700516e+04   4.5700516e+04   0.0000000e+00   0.0000000e+00
   9.5880000e+03   4.5557530e+04   4.5557530e+04   0.0000000e+00   0.0000000e+00
   9.8170000e+03   4.5502730e+04   4.5502730e+04   0.0000000e+00   0.0000000e+00
   1.0098000e+04   4.5397992e+04   4.5397992e+04   0.0000000e+00   0.0000000e+00
   1.0250000e+04   4.5392894e+04   4.5392894e+04   0.0000000e+00   0.0000000e+00
   1.0305000e+04   4.5216522e+04   4.5216522e+04   0.0000000e+00   0.0000000e+00
   1.0389000e+04   4.5150696e+04   4.5150696e+04   0.0000000e+00   0.0000000e+00
   1.0490000e+04   4.5125243e+04   4.5125243e+04   0.0000000e+00   0.0000000e+00
   1.0538000e+04   4.5103284e+04   4.5103284e+04   0.0000000e+00   0.0000000e+00
   1.0702000e+04   4.4978087e+04   4.4978087e+04   0.0000000e+00   0.0000000e+00
   1.0709000e+04   4.4951960e+04   4.4951960e+04   0.0000000e+00   0.0000000e+00
   1.0780000e+04   4.4906258e+04   4.4906258e+04   0.0000000e+00   0.0000000e+00
   1.0824000e+04   4.4875081e+04   4.4875081e+04   0.0000000e+00   0.0000000e+00
   1.1178000e+04   4.4807597e+04   4.4807597e+04   0.0000000e+00   0.0000000e+00
   2.1125000e+04   4.0225358e+04   4.0225358e+04   0.0000000e+00   0.0000000e+00
   2.1165000e+04   3.9822543e+04   3.9822543e+04   0.0000000e+00   0.0000000e+00
   2.1556000e+04   3.9798308e+04   3.9798308e+04   0.0000000e+00   0.0000000e+00
   2.1683000e+04   3.9774809e+04   3.9774809e+04   0.0000000e+00   0.0000000e+00
   2.1935000e+04   3.9669960e+04   3.9669960e+04   0.0000000e+00   0.0000000e+00
   2.2069000e+04   3.9659612e+04   3.9659612e+04   0.0000000e+00   0.0000000e+00
   2.2275000e+04   3.9409624e+04   3.9409624e+04   0.0000000e+00   0.0000000e+00
   2.2296000e+04   3.9405028e+04   3.9405028e+04   0.0000000e+00   0.0000000e+00
   2.2300000e+04   3.9330259e+04   3.9330259e+04   0.0000000e+00   0.0000000e+00
   2.2305000e+04   3.9284284e+04   3.9284284e+04   0.0000000e+00   0.0000000e+00
   2.2346000e+04   3.9216413e+04   3.9216413e+04   0.0000000e+00   0.0000000e+00
   2.2583000e+04   3.9154839e+04   3.9154839e+04   0.0000000e+00   0.0000000e+00
   2.2616000e+04   3.9090599e+04   3.9090599e+04   0.0000000e+00   0.0000000e+00
   2.2687000e+04   3.9071763e+04   3.9071763e+04   0.0000000e+00   0.0000000e+00
   2.3232000e+04   3.9054568e+04   3.9054568e+04   0.0000000e+00   0.0000000e+00
   2.3426000e+04   3.9049379e+04   3.9049379e+04   0.0000000e+00   0.0000000e+00
   2.3499000e+04   3.9024749e+04   3.9024749e+04   0.0000000e+00   0.0000000e+00
   2.4394000e+04   3.9014815e+04   3.9014815e+04   0.0000000e+00   0.0000000e+00
   2.4539000e+04   3.8895560e+04   3.8895560e+04   0.0000000e+00   0.0000000e+00
   2.4655000e+04   3.8867400e+04   3.8867400e+04   0.0000000e+00   0.0000000e+00
   2.4762000e+04   3.8848206e+04   3.8848206e+04   0.0000000e+00   0.0000000e+00
   2.5119000e+04   3.8818525e+04   3.8818525e+04   0.0000000e+00   0.0000000e+00
   2.5126000e+04   3.8708898e+04   3.8708898e+04   0.0000000e+00   0.0000000e+00
   2.5391000e+04   3.8691405e+04   3.8691405e+04   0.0000000e+00   0.0000000e+00
   2.5424000e+04   3.8667203e+04   3.8667203e+04   0.0000000e+00   0.0000000e+00
   2.5619000e+04   3.8652750e+04   3.8652750e+04   0.0000000e+00   0.0000000e+00
   2.5661000e+04   3.8598094e+04   3.8598094e+04   0.0000000e+00   0.0000000e+00
   2.5779000e+04   3.8546526e+04   3.8546526e+04   0.0000000e+00   0.0000000e+00
   2.5805000e+04   3.8535648e+04   3.8535648e+04   0.0000000e+00   0.0000000e+00
   2.6377000e+04   3.8517244e+04   3.8517244e+04   0.0000000e+00   0.0000000e+00
   2.6741000e+04   3.8503336e+04   3.8503336e+04   0.0000000e+00   0.0000000e+00
   2.7108000e+04   3.8435507e+04   3.8435507e+04   0.0000000e+00   0.0000000e+00
   2.7259000e+04   3.8388000e+04   3.8388000e+04   0.0000000e+00   0.0000000e+00
   2.7353000e+04   3.8287811e+04   3.8287811e+04   0.0000000e+00   0.0000000e+00
   2.7372000e+04   3.8243875e+04   3.8243875e+04   0.0000000e+00   0.0000000e+00
   2.7447000e+04   3.8222857e+04   3.8222857e+04   0.0000000e+00   0.0000000e+00
   2.7530000e+04   3.8105054e+04   3.8105054e+04   0.0000000e+00   0.0000000e+00
   2.7707000e+04   3.8058950e+04   3.8058950e+04   0.0000000e+00   0.0000000e+00
   2.8223000e+04   3.7979741e+04   3.7979741e+04   0.0000000e+00   0.0000000e+00
   2.8241000e+04   3.7927658e+04   3.7927658e+04   0.0000000e+00   0.0000000e+00
   2.8289000e+04   3.7897616e+04   3.7897616e+04   0.0000000e+00   0.0000000e+00
   2.8364000e+04   3.7799713e+04   3.7799713e+04   0.0000000e+00   0.0000000e+00
   2.8441000e+04   3.7726655e+04   3.7726655e+04   0.0000000e+00   0.0000000e+00
   2.8520000e+04   3.7587919e+04   3.7587919e+04   0.0000000e+00   0.0000000e+00
   2.9408000e+04   3.7576498e+04   3.7576498e+04   0.0000000e+00   0.0000000e+00
   2.9473000e+04   3.7468438e+04   3.7468438e+04   0.0000000e+00   0.0000000e+00
   3.0218000e+04   3.7416104e+04   3.7416104e+04   0.0000000e+00   0.0000000e+00
   3.0281000e+04   3.6999517e+04   3.6999517e+04   0.0000000e+00   0.0000000e+00
   3.0499000e+04   3.6548304e+04   3.6548304e+04   0.0000000e+00   0.0000000e+00
   3.0599000e+04   3.6324789e+04   3.6324789e+04   0.0000000e+00   0.0000000e+00
   3.0648000e+04   3.6140826e+04   3.6140826e+04   0.0000000e+00   0.0000000e+00
   3.0709000e+04   3.6016286e+04   3.6016286e+04   0.0000000e+00   0.0000000e+00
   3.0752000e+04   3.5913769e+04   3.5913769e+04   0.0000000e+00   0.0000000e+00
   3.0771000e+04   3.5687696e+04   3.5687696e+04   0.0000000e+00   0.0000000e+00
   3.0791000e+04   3.5646047e+04   3.5646047e+04   0.0000000e+00   0.0000000e+00
   3.0839000e+04   3.5548626e+04   3.5548626e+04   0.0000000e+00   0.0000000e+00
   3.0846000e+04   3.5532307e+04   3.5532307e+04   0.0000000e+00   0.0000000e+00
   3.0848000e+04   3.5457993e+04   3.5457993e+04   0.0000000e+00   0.0000000e+00
   3.0911000e+04   3.5350676e+04   3.5350676e+04   0.0000000e+00   0.0000000e+00
   3.0912000e+04   3.5300835e+04   3.5300835e+04   0.0000000e+00   0.0000000e+00
   3.1054000e+04   3.5231462e+04   3.5231462e+04   0.0000000e+00   0.0000000e+00
   3.1219000e+04   3.4914717e+04   3.4914717e+04   0.0000000e+00   0.0000000e+00
   3.1321000e+04   3.4869127e+04   3.4869127e+04   0.0000000e+00   0.0000000e+00
   3.1338000e+04   3.4774343e+04   3.4774343e+04   0.0000000e+00   0.0000000e+00
   3.1419000e+04   3.4517047e+04   3.4517047e+04   0.0000000e+00   0.0000000e+00
   3.1451000e+04   3.4445106e+04   3.4445106e+04   0.0000000e+00   0.0000000e+00
   3.1487000e+04   3.4400083e+04   3.4400083e+04   0.0000000e+00   0.0000000e+00
   3.1574000e+04   3.4399224e+04   3.4399224e+04   0.0000000e+00   0.0000000e+00
   3.1667000e+04   3.4237046e+04   3.4237046e+04   0.0000000e+00   0.0000000e+00
   3.1673000e+04   3.4214543e+04   3.4214543e+04   0.0000000e+00   0.0000000e+00
   3.1758000e+04   3.4028207e+04   3.4028207e+04   0.0000000e+00   0.0000000e+00
   3.2067000e+04   3.4018693e+04   3.4018693e+04   0.0000000e+00   0.0000000e+00
   3.2217000e+04   3.3944860e+04   3.3944860e+04   0.0000000e+00   0.0000000e+00
   3.2219000e+04   3.3921123e+04   3.3921123e+04   0.0000000e+00   0.0000000e+00
   3.2238000e+04   3.3912478e+04   3.3912478e+04   0.0000000e+00   0.0000000e+00
   3.2294000e+04   3.3898607e+04   3.3898607e+04   0.0000000e+00   0.0000000e+00
   3.2520000e+04   3.3772671e+04   3.3772671e+04   0.0000000e+00   0.0000000e+00
   3.2836000e+04   3.3743753e+04   3.3743753e+04   0.0000000e+00   0.0000000e+00
   3.3049000e+04   3.3706181e+04   3.3706181e+04   0.0000000e+00   0.0000000e+00
   3.3159000e+04   3.3652166e+04   3.3652166e+04   0.0000000e+00   0.0000000e+00
   3.3411000e+04   3.3652147e+04   3.3652147e+04   0.0000000e+00   0.0000000e+00
   3.3454000e+04   3.3570880e+04   3.3570880e+04   0.0000000e+00   0.0000000e+00
   3.3880000e+04   3.3481065e+04   3.3481065e+04   0.0000000e+00   0.0000000e+00
   3.4020000e+04   3.3412008e+04   3.3412008e+04   0.0000000e+00   0.0000000e+00
   3.4415000e+04   3.3400340e+04   3.3400340e+04   0.0000000e+00   0.0000000e+00
   3.4635000e+04   3.3301738e+04   3.3301738e+04   0.0000000e+00   0.0000000e+00
   3.4746000e+04   3.3290087e+04   3.3290087e+04   0.0000000e+00   0.0000000e+00
   3.5435000e+04   3.3223508e+04   3.3223508e+04   0.0000000e+00   0.0000000e+00
   3.5491000e+04   3.3193980e+04   3.3193980e+04   0.0000000e+00   0.0000000e+00
   3.5596000e+04   3.3169285e+04   3.3169285e+04   0.0000000e+00   0.0000000e+00
   3.5710000e+04   3.3102064e+04   3.3102064e+04   0.0000000e+00   0.0000000e+00
   3.5776000e+04   3.3090830e+04   3.3090830e+04   0.0000000e+00   0.0000000e+00
   3.6286000e+04   3.3054099e+04   3.3054099e+04   0.0000000e+00   0.0000000e+00
   3.6372000e+04   3.3026980e+04   3.3026980e+04   0.0000000e+00   0.0000000e+00
   3.6885000e+04   3.3015422e+04   3.3015422e+04   0.0000000e+00   0.0000000e+00
   3.6925000e+04   3.2970944e+04   3.2970944e+04   0.0000000e+00   0.0000000e+00
   3.6975000e+04   3.2936059e+04   3.2936059e+04   0.0000000e+00   0.0000000e+00
   3.7150000e+04   3.2916367e+04   3.2916367e+04   0.0000000e+00   0.0000000e+00
   3.7205000e+04   3.2909584e+04   3.2909584e+04   0.0000000e+00   0.0000000e+00
   3.7395000e+04   3.2874233e+04   3.2874233e+04   0.0000000e+00   0.0000000e+00
   3.7417000e+04   3.2833013e+04   3.2833013e+04   0.0000000e+00   0.0000000e+00
   3.7643000e+04   3.2822143e+04   3.2822143e+04   0.0000000e+00   0.0000000e+00
   3.7898000e+04   3.2779566e+04   3.2779566e+04   0.0000000e+00   0.0000000e+00
   3.8002000e+04   3.2735750e+04   3.2735750e+04   0.0000000e+00   0.0000000e+00
   3.8299000e+04   3.2686467e+04   3.2686467e+04   0.0000000e+00   0.0000000e+00
   3.8390000e+04   3.2676396e+04   3.2676396e+04   0.0000000e+00   0.0000000e+00
   3.8740000e+04   3.2648646e+04   3.2648646e+04   0.0000000e+00   0.0000000e+00
   3.8842000e+04   3.2629766e+04   3.2629766e+04   0.0000000e+00   0.0000000e+00
   3.9099000e+04   3.2608888e+04   3.2608888e+04   0.0000000e+00   0.0000000e+00
   3.9400000e+04   3.2604048e+04   3.2604048e+04   0.0000000e+00   0.0000000e+00
   3.9514000e+04   3.2589351e+04   3.2589351e+04   0.0000000e+00   0.0000000e+00
   3.9690000e+04   3.2553132e+04   3.2553132e+04   0.0000000e+00   0.0000000e+00
   3.9912000e+04   3.2548455e+04   3.2548455e+04   0.0000000e+00   0.0000000e+00
   4.0501000e+04   3.2500535e+04   3.2500535e+04   0.0000000e+00   0.0000000e+00
   4.0638000e+04   3.2487715e+04   3.2487715e+04   0.0000000e+00   0.0000000e+00
   4.0727000e+04   3.2444813e+04   3.2444813e+04   0.0000000e+00   0.0000000e+00
   4.1032000e+04   3.2434314e+04   3.2434314e+04   0.0000000e+00   0.0000000e+00
   4.1172000e+04   3.2413896e+04   3.2413896e+04   0.0000000e+00   0.0000000e+00
   4.1499000e+04   3.2279251e+04   3.2279251e+04   0.0000000e+00   0.0000000e+00
   4.1828000e+04   3.2256631e+04   3.2256631e+04   0.0000000e+00   0.0000000e+00
   4.1839000e+04   3.2211930e+04   3.2211930e+04   0.0000000e+00   0.0000000e+00
   4.2161000e+04   3.2190280e+04   3.2190280e+04   0.0000000e+00   0.0000000e+00
   4.2236000e+04   3.2161931e+04   3.2161931e+04   0.0000000e+00   0.0000000e+00
   4.2311000e+04   3.2149574e+04   3.2149574e+04   0.0000000e+00   0.0000000e+00
   4.2363000e+04   3.2125099e+04   3.2125099e+04   0.0000000e+00   0.0000000e+00
   4.2583000e+04   3.2114362e+04   3.2114362e+04   0.0000000e+00   0.0000000e+00
   4.2623000e+04   3.2060148e+04   3.2060148e+04   0.0000000e+00   0.0000000e+00
   4.3016000e+04   3.1997359e+04   3.1997359e+04   0.0000000e+00   0.0000000e+00
   4.3254000e+04   3.1980539e+04   3.1980539e+04   0.0000000e+00   0.0000000e+00
   4.4217000e+04   3.1947420e+04   3.1947420e+04   0.0000000e+00   0.0000000e+00
   4.4652000e+04   3.1937437e+04   3.1937437e+04   0.0000000e+00   0.0000000e+00
   1.2022200e+05   3.5554586e+04   3.5554586e+04   0.0000000e+00   0.0000000e+00
   7.1942000e+04   2.9317067e+04   2.9317067e+04   0.0000000e+00   0.0000000e+00
   7.2654000e+04   2.9306652e+04   2.9306652e+04   0.0000000e+00   0.0000000e+00
   1.4121400e+05   3.5417591e+04   3.5417591e+04   0.0000000e+00   0.0000000e+00
   1.1554200e+05   2.7991061e+04   2.7991061e+04   0.0000000e+00   0.0000000e+00
   1.3795500e+05   2.7850764e+04   2.7850764e+04   0.0000000e+00   0.0000000e+00
   2.1005700e+05   2.7524160e+04   2.7524160e+04   0.0000000e+00   0.0000000e+00
