   3.5542000e+04   5.8311587e+04   5.8311587e+04   0.0000000e+00   0.0000000e+00   5.8311587e+04   5.8311587e+04   0.0000000e+00   0.0000000e+00
   1.4098000e+04   3.4077830e+04   3.4077830e+04   0.0000000e+00   0.0000000e+00   3.4077830e+04   3.4077830e+04   0.0000000e+00   0.0000000e+00
   1.3432000e+04   4.4070922e+04   4.4070922e+04   0.0000000e+00   0.0000000e+00   4.4070922e+04   4.4070922e+04   0.0000000e+00   0.0000000e+00
   2.1066000e+04   4.0237553e+04   4.0237553e+04   0.0000000e+00   0.0000000e+00   4.0237553e+04   4.0237553e+04   0.0000000e+00   0.0000000e+00
   9.8593000e+04   3.5566254e+04   3.5566254e+04   0.0000000e+00   0.0000000e+00   3.5566254e+04   3.5566254e+04   0.0000000e+00   0.0000000e+00
   1.0011300e+05   3.5566254e+04   3.5566254e+04   0.0000000e+00   0.0000000e+00   3.5566254e+04   3.5566254e+04   0.0000000e+00   0.0000000e+00
   1.0163300e+05   3.5566254e+04   3.5566254e+04   0.0000000e+00   0.0000000e+00   3.5566254e+04   3.5566254e+04   0.0000000e+00   0.0000000e+00
   1.0315300e+05   3.5566254e+04   3.5566254e+04   0.0000000e+00   0.0000000e+00   3.5566254e+04   3.5566254e+04   0.0000000e+00   0.0000000e+00
   1.0467300e+05   3.5566254e+04   3.5566254e+04   0.0000000e+00   0.0000000e+00   3.5566254e+04   3.5566254e+04   0.0000000e+00   0.0000000e+00
   1.0619300e+05   3.5566254e+04   3.5566254e+04   0.0000000e+00   0.0000000e+00   3.5566254e+04   3.5566254e+04   0.0000000e+00   0.0000000e+00
   1.0771300e+05   3.5566254e+04   3.5566254e+04   0.0000000e+00   0.0000000e+00   3.5566254e+04   3.5566254e+04   0.0000000e+00   0.0000000e+00
   1.0923300e+05   3.5566254e+04   3.5566254e+04   0.0000000e+00   0.0000000e+00   3.5566254e+04   3.5566254e+04   0.0000000e+00   0.0000000e+00
   4.7239000e+04   3.0858942e+04   3.0858942e+04   0.0000000e+00   0.0000000e+00   3.0858942e+04   3.0858942e+04   0.0000000e+00   0.0000000e+00
   1.1075300e+05   3.5566254e+04   3.5566254e+04   0.0000000e+00   0.0000000e+00   3.5566254e+04   3.5566254e+04   0.0000000e+00   0.0000000e+00
   4.9077000e+04   3.0674984e+04   3.0674984e+04   0.0000000e+00   0.0000000e+00   3.0674984e+04   3.0674984e+04   0.0000000e+00   0.0000000e+00
   1.1227300e+05   3.5566254e+04   3.5566254e+04   0.0000000e+00   0.0000000e+00   3.5566254e+04   3.5566254e+04   0.0000000e+00   0.0000000e+00
   5.0646000e+04   3.0533843e+04   3.0533843e+04   0.0000000e+00   0.0000000e+00   3.0533843e+04   3.0533843e+04   0.0000000e+00   0.0000000e+00
   1.1379300e+05   3.5566254e+04   3.5566254e+04   0.0000000e+00   0.0000000e+00   3.5566254e+04   3.5566254e+04   0.0000000e+00   0.0000000e+00
   5.2275000e+04   3.0391328e+04   3.0391328e+04   0.0000000e+00   0.0000000e+00   3.0391328e+04   3.0391328e+04   0.0000000e+00   0.0000000e+00
   1.1531300e+05   3.5566254e+04   3.5566254e+04   0.0000000e+00   0.0000000e+00   3.5566254e+04   3.5566254e+04   0.0000000e+00   0.0000000e+00
   5.3993000e+04   3.0255933e+04   3.0255933e+04   0.0000000e+00   0.0000000e+00   3.0255933e+04   3.0255933e+04   0.0000000e+00   0.0000000e+00
   1.1683300e+05   3.5566254e+04   3.5566254e+04   0.0000000e+00   0.0000000e+00   3.5566254e+04   3.5566254e+04   0.0000000e+00   0.0000000e+00
   5.5607000e+04   3.0213208e+04   3.0213208e+04   0.0000000e+00   0.0000000e+00   3.0213208e+04   3.0213208e+04   0.0000000e+00   0.0000000e+00
   1.1835300e+05   3.5566254e+04   3.5566254e+04   0.0000000e+00   0.0000000e+00   3.5566254e+04   3.5566254e+04   0.0000000e+00   0.0000000e+00
   5.7248000e+04   3.0139181e+04   3.0139181e+04   0.0000000e+00   0.0000000e+00   3.0139181e+04   3.0139181e+04   0.0000000e+00   0.0000000e+00
   1.1987300e+05   3.5566254e+04   3.5566254e+04   0.0000000e+00   0.0000000e+00   3.5566254e+04   3.5566254e+04   0.0000000e+00   0.0000000e+00
   5.9161000e+04   3.0001497e+04   3.0001497e+04   0.0000000e+00   0.0000000e+00   3.0001497e+04   3.0001497e+04   0.0000000e+00   0.0000000e+00
   1.2278700e+05   3.5550467e+04   3.5550467e+04   0.0000000e+00   0.0000000e+00   3.5550467e+04   3.5550467e+04   0.0000000e+00   0.0000000e+00
   6.0774000e+04   2.9918871e+04   2.9918871e+04   0.0000000e+00   0.0000000e+00   2.9918871e+04   2.9918871e+04   0.0000000e+00   0.0000000e+00
   1.2430700e+05   3.5550467e+04   3.5550467e+04   0.0000000e+00   0.0000000e+00   3.5550467e+04   3.5550467e+04   0.0000000e+00   0.0000000e+00
   6.2348000e+04   2.9887476e+04   2.9887476e+04   0.0000000e+00   0.0000000e+00   2.9887476e+04   2.9887476e+04   0.0000000e+00   0.0000000e+00
   1.2582700e+05   3.5550467e+04   3.5550467e+04   0.0000000e+00   0.0000000e+00   3.5550467e+04   3.5550467e+04   0.0000000e+00   0.0000000e+00
   6.3901000e+04   2.9848282e+04   2.9848282e+04   0.0000000e+00   0.0000000e+00   2.9848282e+04   2.9848282e+04   0.0000000e+00   0.0000000e+00
   1.2734700e+05   3.5550467e+04   3.5550467e+04   0.0000000e+00   0.0000000e+00   3.5550467e+04   3.5550467e+04   0.0000000e+00   0.0000000e+00
   6.5476000e+04   2.9808142e+04   2.9808142e+04   0.0000000e+00   0.0000000e+00   2.9808142e+04   2.9808142e+04   0.0000000e+00   0.0000000e+00
   1.2886700e+05   3.5550467e+04   3.5550467e+04   0.0000000e+00   0.0000000e+00   3.5550467e+04   3.5550467e+04   0.0000000e+00   0.0000000e+00
   6.7063000e+04   2.9734292e+04   2.9734292e+04   0.0000000e+00   0.0000000e+00   2.9734292e+04   2.9734292e+04   0.0000000e+00   0.0000000e+00
   1.3038700e+05   3.5550467e+04   3.5550467e+04   0.0000000e+00   0.0000000e+00   3.5550467e+04   3.5550467e+04   0.0000000e+00   0.0000000e+00
   6.8644000e+04   2.9693562e+04   2.9693562e+04   0.0000000e+00   0.0000000e+00   2.9693562e+04   2.9693562e+04   0.0000000e+00   0.0000000e+00
   1.3190700e+05   3.5550467e+04   3.5550467e+04   0.0000000e+00   0.0000000e+00   3.5550467e+04   3.5550467e+04   0.0000000e+00   0.0000000e+00
   1.3342700e+05   3.5550467e+04   3.5550467e+04   0.0000000e+00   0.0000000e+00   3.5550467e+04   3.5550467e+04   0.0000000e+00   0.0000000e+00
   7.1323000e+04   2.9318282e+04   2.9318282e+04   0.0000000e+00   0.0000000e+00   2.9318282e+04   2.9318282e+04   0.0000000e+00   0.0000000e+00
   1.3494700e+05   3.5550467e+04   3.5550467e+04   0.0000000e+00   0.0000000e+00   3.5550467e+04   3.5550467e+04   0.0000000e+00   0.0000000e+00
   1.3646700e+05   3.5550467e+04   3.5550467e+04   0.0000000e+00   0.0000000e+00   3.5550467e+04   3.5550467e+04   0.0000000e+00   0.0000000e+00
   7.4285000e+04   2.9230511e+04   2.9230511e+04   0.0000000e+00   0.0000000e+00   2.9230511e+04   2.9230511e+04   0.0000000e+00   0.0000000e+00
   1.3798700e+05   3.5550467e+04   3.5550467e+04   0.0000000e+00   0.0000000e+00   3.5550467e+04   3.5550467e+04   0.0000000e+00   0.0000000e+00
   7.5911000e+04   2.9181152e+04   2.9181152e+04   0.0000000e+00   0.0000000e+00   2.9181152e+04   2.9181152e+04   0.0000000e+00   0.0000000e+00
   1.3950700e+05   3.5550467e+04   3.5550467e+04   0.0000000e+00   0.0000000e+00   3.5550467e+04   3.5550467e+04   0.0000000e+00   0.0000000e+00
   1.4102700e+05   3.5550467e+04   3.5550467e+04   0.0000000e+00   0.0000000e+00   3.5550467e+04   3.5550467e+04   0.0000000e+00   0.0000000e+00
   7.7655000e+04   2.9088079e+04   2.9088079e+04   0.0000000e+00   0.0000000e+00   2.9088079e+04   2.9088079e+04   0.0000000e+00   0.0000000e+00
   7.9212000e+04   2.9034672e+04   2.9034672e+04   0.0000000e+00   0.0000000e+00   2.9034672e+04   2.9034672e+04   0.0000000e+00   0.0000000e+00
   8.0955000e+04   2.8890624e+04   2.8890624e+04   0.0000000e+00   0.0000000e+00   2.8890624e+04   2.8890624e+04   0.0000000e+00   0.0000000e+00
   8.2692000e+04   2.8806648e+04   2.8806648e+04   0.0000000e+00   0.0000000e+00   2.8806648e+04   2.8806648e+04   0.0000000e+00   0.0000000e+00
   8.4215000e+04   2.8805194e+04   2.8805194e+04   0.0000000e+00   0.0000000e+00   2.8805194e+04   2.8805194e+04   0.0000000e+00   0.0000000e+00
   8.5764000e+04   2.8786705e+04   2.8786705e+04   0.0000000e+00   0.0000000e+00   2.8786705e+04   2.8786705e+04   0.0000000e+00   0.0000000e+00
   8.7289000e+04   2.8783095e+04   2.8783095e+04   0.0000000e+00   0.0000000e+00   2.8783095e+04   2.8783095e+04   0.0000000e+00   0.0000000e+00
   8.8902000e+04   2.8757239e+04   2.8757239e+04   0.0000000e+00   0.0000000e+00   2.8757239e+04   2.8757239e+04   0.0000000e+00   0.0000000e+00
   9.0449000e+04   2.8702995e+04   2.8702995e+04   0.0000000e+00   0.0000000e+00   2.8702995e+04   2.8702995e+04   0.0000000e+00   0.0000000e+00
   9.1993000e+04   2.8689539e+04   2.8689539e+04   0.0000000e+00   0.0000000e+00   2.8689539e+04   2.8689539e+04   0.0000000e+00   0.0000000e+00
   9.3653000e+04   2.8594316e+04   2.8594316e+04   0.0000000e+00   0.0000000e+00   2.8594316e+04   2.8594316e+04   0.0000000e+00   0.0000000e+00
   1.5918000e+05   3.4574839e+04   3.4574839e+04   0.0000000e+00   0.0000000e+00   3.4574839e+04   3.4574839e+04   0.0000000e+00   0.0000000e+00
   9.5313000e+04   2.8474925e+04   2.8474925e+04   0.0000000e+00   0.0000000e+00   2.8474925e+04   2.8474925e+04   0.0000000e+00   0.0000000e+00
   1.6070000e+05   3.4574839e+04   3.4574839e+04   0.0000000e+00   0.0000000e+00   3.4574839e+04   3.4574839e+04   0.0000000e+00   0.0000000e+00
   9.7056000e+04   2.8398487e+04   2.8398487e+04   0.0000000e+00   0.0000000e+00   2.8398487e+04   2.8398487e+04   0.0000000e+00   0.0000000e+00
   1.6222000e+05   3.4574839e+04   3.4574839e+04   0.0000000e+00   0.0000000e+00   3.4574839e+04   3.4574839e+04   0.0000000e+00   0.0000000e+00
   9.8619000e+04   2.8369357e+04   2.8369357e+04   0.0000000e+00   0.0000000e+00   2.8369357e+04   2.8369357e+04   0.0000000e+00   0.0000000e+00
   1.6374000e+05   3.4574839e+04   3.4574839e+04   0.0000000e+00   0.0000000e+00   3.4574839e+04   3.4574839e+04   0.0000000e+00   0.0000000e+00
   1.0020900e+05   2.8339909e+04   2.8339909e+04   0.0000000e+00   0.0000000e+00   2.8339909e+04   2.8339909e+04   0.0000000e+00   0.0000000e+00
   1.6526000e+05   3.4574839e+04   3.4574839e+04   0.0000000e+00   0.0000000e+00   3.4574839e+04   3.4574839e+04   0.0000000e+00   0.0000000e+00
   1.0173000e+05   2.8337802e+04   2.8337802e+04   0.0000000e+00   0.0000000e+00   2.8337802e+04   2.8337802e+04   0.0000000e+00   0.0000000e+00
   1.6678000e+05   3.4574839e+04   3.4574839e+04   0.0000000e+00   0.0000000e+00   3.4574839e+04   3.4574839e+04   0.0000000e+00   0.0000000e+00
   1.0325300e+05   2.8334342e+04   2.8334342e+04   0.0000000e+00   0.0000000e+00   2.8334342e+04   2.8334342e+04   0.0000000e+00   0.0000000e+00
   1.6830000e+05   3.4574839e+04   3.4574839e+04   0.0000000e+00   0.0000000e+00   3.4574839e+04   3.4574839e+04   0.0000000e+00   0.0000000e+00
   1.0477300e+05   2.8333070e+04   2.8333070e+04   0.0000000e+00   0.0000000e+00   2.8333070e+04   2.8333070e+04   0.0000000e+00   0.0000000e+00
   1.6982000e+05   3.4574839e+04   3.4574839e+04   0.0000000e+00   0.0000000e+00   3.4574839e+04   3.4574839e+04   0.0000000e+00   0.0000000e+00
   1.0628600e+05   2.8332166e+04   2.8332166e+04   0.0000000e+00   0.0000000e+00   2.8332166e+04   2.8332166e+04   0.0000000e+00   0.0000000e+00
   1.0807400e+05   2.8247815e+04   2.8247815e+04   0.0000000e+00   0.0000000e+00   2.8247815e+04   2.8247815e+04   0.0000000e+00   0.0000000e+00
   1.0960400e+05   2.8245261e+04   2.8245261e+04   0.0000000e+00   0.0000000e+00   2.8245261e+04   2.8245261e+04   0.0000000e+00   0.0000000e+00
   1.1114600e+05   2.8240314e+04   2.8240314e+04   0.0000000e+00   0.0000000e+00   2.8240314e+04   2.8240314e+04   0.0000000e+00   0.0000000e+00
   1.1278500e+05   2.8172382e+04   2.8172382e+04   0.0000000e+00   0.0000000e+00   2.8172382e+04   2.8172382e+04   0.0000000e+00   0.0000000e+00
   1.1465600e+05   2.7992352e+04   2.7992352e+04   0.0000000e+00   0.0000000e+00   2.7992352e+04   2.7992352e+04   0.0000000e+00   0.0000000e+00
   1.1713800e+05   2.7969052e+04   2.7969052e+04   0.0000000e+00   0.0000000e+00   2.7969052e+04   2.7969052e+04   0.0000000e+00   0.0000000e+00
   1.1874800e+05   2.7919014e+04   2.7919014e+04   0.0000000e+00   0.0000000e+00   2.7919014e+04   2.7919014e+04   0.0000000e+00   0.0000000e+00
   1.2030900e+05   2.7898399e+04   2.7898399e+04   0.0000000e+00   0.0000000e+00   2.7898399e+04   2.7898399e+04   0.0000000e+00   0.0000000e+00
   1.2187200e+05   2.7892888e+04   2.7892888e+04   0.0000000e+00   0.0000000e+00   2.7892888e+04   2.7892888e+04   0.0000000e+00   0.0000000e+00
   1.2340100e+05   2.7887150e+04   2.7887150e+04   0.0000000e+00   0.0000000e+00   2.7887150e+04   2.7887150e+04   0.0000000e+00   0.0000000e+00
   1.2491700e+05   2.7886370e+04   2.7886370e+04   0.0000000e+00   0.0000000e+00   2.7886370e+04   2.7886370e+04   0.0000000e+00   0.0000000e+00
   1.2643200e+05   2.7885202e+04   2.7885202e+04   0.0000000e+00   0.0000000e+00   2.7885202e+04   2.7885202e+04   0.0000000e+00   0.0000000e+00
   1.2795200e+05   2.7883539e+04   2.7883539e+04   0.0000000e+00   0.0000000e+00   2.7883539e+04   2.7883539e+04   0.0000000e+00   0.0000000e+00
   1.2947400e+05   2.7881726e+04   2.7881726e+04   0.0000000e+00   0.0000000e+00   2.7881726e+04   2.7881726e+04   0.0000000e+00   0.0000000e+00
   1.3100000e+05   2.7860595e+04   2.7860595e+04   0.0000000e+00   0.0000000e+00   2.7860595e+04   2.7860595e+04   0.0000000e+00   0.0000000e+00
   1.3252000e+05   2.7859520e+04   2.7859520e+04   0.0000000e+00   0.0000000e+00   2.7859520e+04   2.7859520e+04   0.0000000e+00   0.0000000e+00
   1.3404500e+05   2.7857976e+04   2.7857976e+04   0.0000000e+00   0.0000000e+00   2.7857976e+04   2.7857976e+04   0.0000000e+00   0.0000000e+00
   1.3558600e+05   2.7854129e+04   2.7854129e+04   0.0000000e+00   0.0000000e+00   2.7854129e+04   2.7854129e+04   0.0000000e+00   0.0000000e+00
   1.3710200e+05   2.7852597e+04   2.7852597e+04   0.0000000e+00   0.0000000e+00   2.7852597e+04   2.7852597e+04   0.0000000e+00   0.0000000e+00
   1.3950700e+05   2.7809037e+04   2.7809037e+04   0.0000000e+00   0.0000000e+00   2.7809037e+04   2.7809037e+04   0.0000000e+00   0.0000000e+00
   1.4110200e+05   2.7775311e+04   2.7775311e+04   0.0000000e+00   0.0000000e+00   2.7775311e+04   2.7775311e+04   0.0000000e+00   0.0000000e+00
   1.4261700e+05   2.7774829e+04   2.7774829e+04   0.0000000e+00   0.0000000e+00   2.7774829e+04   2.7774829e+04   0.0000000e+00   0.0000000e+00
   1.4414200e+05   2.7770775e+04   2.7770775e+04   0.0000000e+00   0.0000000e+00   2.7770775e+04   2.7770775e+04   0.0000000e+00   0.0000000e+00
   1.4569200e+05   2.7746009e+04   2.7746009e+04   0.0000000e+00   0.0000000e+00   2.7746009e+04   2.7746009e+04   0.0000000e+00   0.0000000e+00
   1.4720600e+05   2.7744980e+04   2.7744980e+04   0.0000000e+00   0.0000000e+00   2.7744980e+04   2.7744980e+04   0.0000000e+00   0.0000000e+00
   1.4871700e+05   2.7744422e+04   2.7744422e+04   0.0000000e+00   0.0000000e+00   2.7744422e+04   2.7744422e+04   0.0000000e+00   0.0000000e+00
   1.5024400e+05   2.7734913e+04   2.7734913e+04   0.0000000e+00   0.0000000e+00   2.7734913e+04   2.7734913e+04   0.0000000e+00   0.0000000e+00
   1.5177500e+05   2.7731854e+04   2.7731854e+04   0.0000000e+00   0.0000000e+00   2.7731854e+04   2.7731854e+04   0.0000000e+00   0.0000000e+00
   1.5328600e+05   2.7731328e+04   2.7731328e+04   0.0000000e+00   0.0000000e+00   2.7731328e+04   2.7731328e+04   0.0000000e+00   0.0000000e+00
   1.5479700e+05   2.7730801e+04   2.7730801e+04   0.0000000e+00   0.0000000e+00   2.7730801e+04   2.7730801e+04   0.0000000e+00   0.0000000e+00
   1.5632700e+05   2.7728196e+04   2.7728196e+04   0.0000000e+00   0.0000000e+00   2.7728196e+04   2.7728196e+04   0.0000000e+00   0.0000000e+00
   1.5787300e+05   2.7723385e+04   2.7723385e+04   0.0000000e+00   0.0000000e+00   2.7723385e+04   2.7723385e+04   0.0000000e+00   0.0000000e+00
   1.5940500e+05   2.7712723e+04   2.7712723e+04   0.0000000e+00   0.0000000e+00   2.7712723e+04   2.7712723e+04   0.0000000e+00   0.0000000e+00
   1.6096600e+05   2.7673329e+04   2.7673329e+04   0.0000000e+00   0.0000000e+00   2.7673329e+04   2.7673329e+04   0.0000000e+00   0.0000000e+00
   1.6250800e+05   2.7655938e+04   2.7655938e+04   0.0000000e+00   0.0000000e+00   2.7655938e+04   2.7655938e+04   0.0000000e+00   0.0000000e+00
   1.6404500e+05   2.7651456e+04   2.7651456e+04   0.0000000e+00   0.0000000e+00   2.7651456e+04   2.7651456e+04   0.0000000e+00   0.0000000e+00
   1.6557400e+05   2.7649411e+04   2.7649411e+04   0.0000000e+00   0.0000000e+00   2.7649411e+04   2.7649411e+04   0.0000000e+00   0.0000000e+00
   1.6709800e+05   2.7647218e+04   2.7647218e+04   0.0000000e+00   0.0000000e+00   2.7647218e+04   2.7647218e+04   0.0000000e+00   0.0000000e+00
   1.6861200e+05   2.7646320e+04   2.7646320e+04   0.0000000e+00   0.0000000e+00   2.7646320e+04   2.7646320e+04   0.0000000e+00   0.0000000e+00
   1.7014000e+05   2.7643370e+04   2.7643370e+04   0.0000000e+00   0.0000000e+00   2.7643370e+04   2.7643370e+04   0.0000000e+00   0.0000000e+00
   1.7165500e+05   2.7642263e+04   2.7642263e+04   0.0000000e+00   0.0000000e+00   2.7642263e+04   2.7642263e+04   0.0000000e+00   0.0000000e+00
   1.7317300e+05   2.7640398e+04   2.7640398e+04   0.0000000e+00   0.0000000e+00   2.7640398e+04   2.7640398e+04   0.0000000e+00   0.0000000e+00
   1.7468500e+05   2.7640156e+04   2.7640156e+04   0.0000000e+00   0.0000000e+00   2.7640156e+04   2.7640156e+04   0.0000000e+00   0.0000000e+00
   1.7620100e+05   2.7639398e+04   2.7639398e+04   0.0000000e+00   0.0000000e+00   2.7639398e+04   2.7639398e+04   0.0000000e+00   0.0000000e+00
   1.7772000e+05   2.7638404e+04   2.7638404e+04   0.0000000e+00   0.0000000e+00   2.7638404e+04   2.7638404e+04   0.0000000e+00   0.0000000e+00
   1.7923800e+05   2.7636468e+04   2.7636468e+04   0.0000000e+00   0.0000000e+00   2.7636468e+04   2.7636468e+04   0.0000000e+00   0.0000000e+00
   1.8076200e+05   2.7634656e+04   2.7634656e+04   0.0000000e+00   0.0000000e+00   2.7634656e+04   2.7634656e+04   0.0000000e+00   0.0000000e+00
   1.8228800e+05   2.7632270e+04   2.7632270e+04   0.0000000e+00   0.0000000e+00   2.7632270e+04   2.7632270e+04   0.0000000e+00   0.0000000e+00
   1.8380400e+05   2.7631050e+04   2.7631050e+04   0.0000000e+00   0.0000000e+00   2.7631050e+04   2.7631050e+04   0.0000000e+00   0.0000000e+00
   1.8532800e+05   2.7629263e+04   2.7629263e+04   0.0000000e+00   0.0000000e+00   2.7629263e+04   2.7629263e+04   0.0000000e+00   0.0000000e+00
   1.8684200e+05   2.7628236e+04   2.7628236e+04   0.0000000e+00   0.0000000e+00   2.7628236e+04   2.7628236e+04   0.0000000e+00   0.0000000e+00
   1.8837100e+05   2.7616840e+04   2.7616840e+04   0.0000000e+00   0.0000000e+00   2.7616840e+04   2.7616840e+04   0.0000000e+00   0.0000000e+00
   1.8989900e+05   2.7615117e+04   2.7615117e+04   0.0000000e+00   0.0000000e+00   2.7615117e+04   2.7615117e+04   0.0000000e+00   0.0000000e+00
   1.9141100e+05   2.7614379e+04   2.7614379e+04   0.0000000e+00   0.0000000e+00   2.7614379e+04   2.7614379e+04   0.0000000e+00   0.0000000e+00
   1.9292300e+05   2.7613546e+04   2.7613546e+04   0.0000000e+00   0.0000000e+00   2.7613546e+04   2.7613546e+04   0.0000000e+00   0.0000000e+00
   1.9444200e+05   2.7612454e+04   2.7612454e+04   0.0000000e+00   0.0000000e+00   2.7612454e+04   2.7612454e+04   0.0000000e+00   0.0000000e+00
   1.9598200e+05   2.7596967e+04   2.7596967e+04   0.0000000e+00   0.0000000e+00   2.7596967e+04   2.7596967e+04   0.0000000e+00   0.0000000e+00
   1.9755600e+05   2.7578831e+04   2.7578831e+04   0.0000000e+00   0.0000000e+00   2.7578831e+04   2.7578831e+04   0.0000000e+00   0.0000000e+00
   1.9908200e+05   2.7577160e+04   2.7577160e+04   0.0000000e+00   0.0000000e+00   2.7577160e+04   2.7577160e+04   0.0000000e+00   0.0000000e+00
   2.0059600e+05   2.7576503e+04   2.7576503e+04   0.0000000e+00   0.0000000e+00   2.7576503e+04   2.7576503e+04   0.0000000e+00   0.0000000e+00
   2.0212100e+05   2.7573057e+04   2.7573057e+04   0.0000000e+00   0.0000000e+00   2.7573057e+04   2.7573057e+04   0.0000000e+00   0.0000000e+00
   2.0365100e+05   2.7570722e+04   2.7570722e+04   0.0000000e+00   0.0000000e+00   2.7570722e+04   2.7570722e+04   0.0000000e+00   0.0000000e+00
   2.0518400e+05   2.7556731e+04   2.7556731e+04   0.0000000e+00   0.0000000e+00   2.7556731e+04   2.7556731e+04   0.0000000e+00   0.0000000e+00
   2.0669900e+05   2.7556081e+04   2.7556081e+04   0.0000000e+00   0.0000000e+00   2.7556081e+04   2.7556081e+04   0.0000000e+00   0.0000000e+00
   2.0822600e+05   2.7541601e+04   2.7541601e+04   0.0000000e+00   0.0000000e+00   2.7541601e+04   2.7541601e+04   0.0000000e+00   0.0000000e+00
   2.0978700e+05   2.7524345e+04   2.7524345e+04   0.0000000e+00   0.0000000e+00   2.7524345e+04   2.7524345e+04   0.0000000e+00   0.0000000e+00
   2.1163200e+05   2.7433439e+04   2.7433439e+04   0.0000000e+00   0.0000000e+00   2.7433439e+04   2.7433439e+04   0.0000000e+00   0.0000000e+00
   2.1315600e+05   2.7431958e+04   2.7431958e+04   0.0000000e+00   0.0000000e+00   2.7431958e+04   2.7431958e+04   0.0000000e+00   0.0000000e+00
   2.1473800e+05   2.7382097e+04   2.7382097e+04   0.0000000e+00   0.0000000e+00   2.7382097e+04   2.7382097e+04   0.0000000e+00   0.0000000e+00
   2.1624900e+05   2.7381374e+04   2.7381374e+04   0.0000000e+00   0.0000000e+00   2.7381374e+04   2.7381374e+04   0.0000000e+00   0.0000000e+00
   2.1776100e+05   2.7380749e+04   2.7380749e+04   0.0000000e+00   0.0000000e+00   2.7380749e+04   2.7380749e+04   0.0000000e+00   0.0000000e+00
   2.1927300e+05   2.7379998e+04   2.7379998e+04   0.0000000e+00   0.0000000e+00   2.7379998e+04   2.7379998e+04   0.0000000e+00   0.0000000e+00
   2.2079000e+05   2.7378842e+04   2.7378842e+04   0.0000000e+00   0.0000000e+00   2.7378842e+04   2.7378842e+04   0.0000000e+00   0.0000000e+00
   2.2230200e+05   2.7378059e+04   2.7378059e+04   0.0000000e+00   0.0000000e+00   2.7378059e+04   2.7378059e+04   0.0000000e+00   0.0000000e+00
   2.2382200e+05   2.7372970e+04   2.7372970e+04   0.0000000e+00   0.0000000e+00   2.7372970e+04   2.7372970e+04   0.0000000e+00   0.0000000e+00
   2.2533300e+05   2.7372387e+04   2.7372387e+04   0.0000000e+00   0.0000000e+00   2.7372387e+04   2.7372387e+04   0.0000000e+00   0.0000000e+00
   2.2684200e+05   2.7372225e+04   2.7372225e+04   0.0000000e+00   0.0000000e+00   2.7372225e+04   2.7372225e+04   0.0000000e+00   0.0000000e+00
   2.2835400e+05   2.7371302e+04   2.7371302e+04   0.0000000e+00   0.0000000e+00   2.7371302e+04   2.7371302e+04   0.0000000e+00   0.0000000e+00
   2.2987200e+05   2.7369812e+04   2.7369812e+04   0.0000000e+00   0.0000000e+00   2.7369812e+04   2.7369812e+04   0.0000000e+00   0.0000000e+00
   2.3139100e+05   2.7368094e+04   2.7368094e+04   0.0000000e+00   0.0000000e+00   2.7368094e+04   2.7368094e+04   0.0000000e+00   0.0000000e+00
   2.3290400e+05   2.7367324e+04   2.7367324e+04   0.0000000e+00   0.0000000e+00   2.7367324e+04   2.7367324e+04   0.0000000e+00   0.0000000e+00
   2.3442100e+05   2.7366291e+04   2.7366291e+04   0.0000000e+00   0.0000000e+00   2.7366291e+04   2.7366291e+04   0.0000000e+00   0.0000000e+00
   2.3593500e+05   2.7365586e+04   2.7365586e+04   0.0000000e+00   0.0000000e+00   2.7365586e+04   2.7365586e+04   0.0000000e+00   0.0000000e+00
   2.3744900e+05   2.7364777e+04   2.7364777e+04   0.0000000e+00   0.0000000e+00   2.7364777e+04   2.7364777e+04   0.0000000e+00   0.0000000e+00
   2.3896600e+05   2.7363472e+04   2.7363472e+04   0.0000000e+00   0.0000000e+00   2.7363472e+04   2.7363472e+04   0.0000000e+00   0.0000000e+00
   2.4048100e+05   2.7362417e+04   2.7362417e+04   0.0000000e+00   0.0000000e+00   2.7362417e+04   2.7362417e+04   0.0000000e+00   0.0000000e+00
   2.4199700e+05   2.7361229e+04   2.7361229e+04   0.0000000e+00   0.0000000e+00   2.7361229e+04   2.7361229e+04   0.0000000e+00   0.0000000e+00
   2.4352500e+05   2.7331634e+04   2.7331634e+04   0.0000000e+00   0.0000000e+00   2.7331634e+04   2.7331634e+04   0.0000000e+00   0.0000000e+00
   2.4504900e+05   2.7329953e+04   2.7329953e+04   0.0000000e+00   0.0000000e+00   2.7329953e+04   2.7329953e+04   0.0000000e+00   0.0000000e+00
   2.4656700e+05   2.7328325e+04   2.7328325e+04   0.0000000e+00   0.0000000e+00   2.7328325e+04   2.7328325e+04   0.0000000e+00   0.0000000e+00
   2.4808800e+05   2.7325602e+04   2.7325602e+04   0.0000000e+00   0.0000000e+00   2.7325602e+04   2.7325602e+04   0.0000000e+00   0.0000000e+00
   2.4961600e+05   2.7301170e+04   2.7301170e+04   0.0000000e+00   0.0000000e+00   2.7301170e+04   2.7301170e+04   0.0000000e+00   0.0000000e+00
