   2.0543456e+02   8.8953510e+00   1.4946703e+04   2.0000000e+00
   1.8016192e+02   5.5581902e+00   1.6449888e+04   4.0000000e+00
   1.4491318e+02   2.1887383e+00   2.2931680e+04   5.0000000e+00
   7.1732294e+01   1.4185393e-01   2.9087277e+04   7.0000000e+00
   6.7840591e+01   2.8506866e-01   2.6384896e+04   8.0000000e+00
   5.3827706e+01   2.5039790e-01   2.6139287e+04   9.0000000e+00
   5.2250212e+01   1.8901692e-01   2.4294489e+04   1.0000000e+01
   3.8341838e+01   8.4091092e-02   2.5436766e+04   1.1000000e+01
   2.0105379e+01   0.0000000e+00   2.5179341e+04   1.2000000e+01
   1.5847695e+01   0.0000000e+00   2.8952491e+04   1.8000000e+01
   1.2528751e+01   0.0000000e+00   2.7743329e+04   1.9000000e+01
   5.7126161e+00   0.0000000e+00   2.5113256e+04   2.1000000e+01
   3.2893619e+00   0.0000000e+00   2.3183197e+04   2.5000000e+01
   2.7611828e+00   0.0000000e+00   2.6786637e+04   2.7000000e+01
   2.1038891e+00   0.0000000e+00   2.5595180e+04   2.8000000e+01
   2.0096391e+00   0.0000000e+00   2.6085005e+04   3.2000000e+01
   1.6698897e+00   0.0000000e+00   3.0152073e+04   3.3000000e+01
   0.0000000e+00   0.0000000e+00   2.9029023e+04   3.6000000e+01
   0.0000000e+00   0.0000000e+00   2.6897719e+04   3.9000000e+01
   0.0000000e+00   0.0000000e+00   2.6047605e+04   4.1000000e+01
   0.0000000e+00   0.0000000e+00   2.3742438e+04   4.3000000e+01
   0.0000000e+00   0.0000000e+00   2.3560779e+04   5.5000000e+01
   0.0000000e+00   0.0000000e+00   2.1674072e+04   5.7000000e+01
   0.0000000e+00   0.0000000e+00   1.9322385e+04   6.0000000e+01
   0.0000000e+00   0.0000000e+00   1.8566146e+04   6.2000000e+01
   0.0000000e+00   0.0000000e+00   1.7473976e+04   7.4000000e+01
   0.0000000e+00   0.0000000e+00   1.6301073e+04   7.9000000e+01
   0.0000000e+00   0.0000000e+00   1.5147924e+04   8.1000000e+01
   0.0000000e+00   0.0000000e+00   1.4098360e+04   8.4000000e+01
   0.0000000e+00   0.0000000e+00   1.3418485e+04   8.5000000e+01
   0.0000000e+00   0.0000000e+00   1.2952411e+04   8.7000000e+01
   0.0000000e+00   0.0000000e+00   1.2929285e+04   9.2000000e+01
   0.0000000e+00   0.0000000e+00   1.2852791e+04   9.5000000e+01
   0.0000000e+00   0.0000000e+00   1.2348245e+04   9.8000000e+01
   0.0000000e+00   0.0000000e+00   1.1137955e+04   1.1300000e+02
   0.0000000e+00   0.0000000e+00   1.1042923e+04   1.2500000e+02
   0.0000000e+00   0.0000000e+00   1.0549166e+04   1.3100000e+02
   0.0000000e+00   0.0000000e+00   1.0154267e+04   1.3200000e+02
   0.0000000e+00   0.0000000e+00   9.9425397e+03   1.3900000e+02
   0.0000000e+00   0.0000000e+00   9.4317867e+03   1.5700000e+02
   0.0000000e+00   0.0000000e+00   9.2176798e+03   1.7900000e+02
   0.0000000e+00   0.0000000e+00   8.9425183e+03   1.8600000e+02
   0.0000000e+00   0.0000000e+00   8.9375677e+03   1.9400000e+02
   0.0000000e+00   0.0000000e+00   8.5535784e+03   2.0500000e+02
   0.0000000e+00   0.0000000e+00   8.1907426e+03   2.2500000e+02
   0.0000000e+00   0.0000000e+00   8.0968399e+03   2.5200000e+02
   0.0000000e+00   0.0000000e+00   7.9000407e+03   2.5300000e+02
   0.0000000e+00   0.0000000e+00   7.7975128e+03   2.5600000e+02
   0.0000000e+00   0.0000000e+00   7.6807899e+03   2.5900000e+02
   0.0000000e+00   0.0000000e+00   7.6168192e+03   2.6200000e+02
   0.0000000e+00   0.0000000e+00   7.5740369e+03   2.6500000e+02
   0.0000000e+00   0.0000000e+00   7.5510709e+03   2.8700000e+02
   0.0000000e+00   0.0000000e+00   7.4754545e+03   3.1100000e+02
   0.0000000e+00   0.0000000e+00   7.3475756e+03   3.4000000e+02
   0.0000000e+00   0.0000000e+00   7.3234099e+03   4.6700000e+02
   0.0000000e+00   0.0000000e+00   7.3096645e+03   5.8500000e+02
   0.0000000e+00   0.0000000e+00   7.2824292e+03   9.5300000e+02
   0.0000000e+00   0.0000000e+00   7.2755775e+03   9.6400000e+02
   0.0000000e+00   0.0000000e+00   7.2569051e+03   1.0910000e+03
   0.0000000e+00   0.0000000e+00   7.2169126e+03   1.4970000e+03
   0.0000000e+00   0.0000000e+00   7.2112911e+03   1.7610000e+03
   0.0000000e+00   0.0000000e+00   7.1967298e+03   2.5520000e+03
   0.0000000e+00   0.0000000e+00   7.1912957e+03   3.4500000e+03
   0.0000000e+00   0.0000000e+00   7.1799737e+03   3.6800000e+03
   0.0000000e+00   0.0000000e+00   7.1752419e+03   5.1420000e+03
   0.0000000e+00   0.0000000e+00   7.1716670e+03   2.0127000e+04
   0.0000000e+00   0.0000000e+00   7.1678266e+03   7.8502000e+04
   0.0000000e+00   0.0000000e+00   7.1650544e+03   9.3752000e+04
   0.0000000e+00   0.0000000e+00   7.1622906e+03   9.7805000e+04
