   2.3957862e+02   6.0734721e+00   1.6453975e+04   2.0000000e+00
   2.3947622e+02   5.8356678e+00   1.6220966e+04   3.0000000e+00
   2.3890315e+02   5.8049481e+00   1.6288165e+04   4.0000000e+00
   2.3654066e+02   5.2122295e+00   1.6355330e+04   6.0000000e+00
   2.3586481e+02   5.1476689e+00   1.6449383e+04   7.0000000e+00
   2.3097724e+02   5.0100435e+00   1.6444962e+04   8.0000000e+00
   2.2949258e+02   5.3139062e+00   1.6282128e+04   9.0000000e+00
   2.2719697e+02   4.8311151e+00   1.6653427e+04   1.2000000e+01
   2.2286601e+02   4.6064985e+00   1.6933426e+04   1.5000000e+01
   2.1087825e+02   3.7687492e+00   1.7021081e+04   1.6000000e+01
   2.0368243e+02   3.4538927e+00   1.7073831e+04   1.8000000e+01
   2.0339444e+02   3.3903967e+00   1.7142749e+04   1.9000000e+01
   1.9870011e+02   2.5211876e+00   1.7430429e+04   2.1000000e+01
   1.9482930e+02   2.4451014e+00   1.7379266e+04   2.5000000e+01
   1.9466972e+02   2.4181809e+00   1.7570967e+04   2.7000000e+01
   1.9146806e+02   2.5402891e+00   1.7560730e+04   2.9000000e+01
   1.8907445e+02   2.5363022e+00   1.7485386e+04   3.0000000e+01
   1.8875083e+02   2.6104256e+00   1.7341258e+04   3.2000000e+01
   1.6814899e+02   2.4348041e+00   1.7131812e+04   3.3000000e+01
   1.6675054e+02   2.4077995e+00   1.6898115e+04   3.5000000e+01
   1.6597447e+02   2.3732731e+00   1.7073249e+04   3.6000000e+01
   1.6141476e+02   2.0064682e+00   1.7074729e+04   3.7000000e+01
   1.6054827e+02   1.8848800e+00   1.7119532e+04   3.8000000e+01
   1.3263040e+02   1.5627366e+00   1.7641012e+04   3.9000000e+01
   1.2049988e+02   1.3759516e+00   1.8103768e+04   4.0000000e+01
   1.1257071e+02   1.3245994e+00   1.8354850e+04   4.1000000e+01
   8.3315343e+01   9.9683771e-01   1.8231494e+04   4.2000000e+01
   8.2221825e+01   9.5367421e-01   1.8223089e+04   4.4000000e+01
   8.1829023e+01   1.0656969e+00   1.8001788e+04   4.7000000e+01
   7.8641404e+01   9.1968841e-01   1.7971645e+04   4.8000000e+01
   7.1489462e+01   9.4305634e-01   1.7829106e+04   5.2000000e+01
   7.0744396e+01   9.0614763e-01   1.7711438e+04   5.5000000e+01
   7.0473326e+01   8.9392074e-01   1.8015799e+04   5.6000000e+01
   7.0455510e+01   8.8349957e-01   1.8025711e+04   5.9000000e+01
   6.9825156e+01   8.5494808e-01   1.8004570e+04   6.1000000e+01
   6.6990339e+01   7.1544605e-01   1.8472994e+04   6.3000000e+01
   6.6809568e+01   7.5773354e-01   1.8315853e+04   6.7000000e+01
   6.5234221e+01   7.8545039e-01   1.8187875e+04   6.8000000e+01
   6.5202071e+01   7.9092033e-01   1.8078612e+04   6.9000000e+01
   6.5016448e+01   7.8153705e-01   1.8357631e+04   7.0000000e+01
   6.4263865e+01   7.8558916e-01   1.8357320e+04   7.7000000e+01
   6.4121134e+01   7.9675199e-01   1.8224726e+04   8.0000000e+01
   6.1638297e+01   8.0156717e-01   1.8218273e+04   8.5000000e+01
   6.0880830e+01   7.7275316e-01   1.8053518e+04   8.9000000e+01
   6.0675791e+01   8.7815169e-01   1.7939753e+04   9.1000000e+01
   5.9745064e+01   8.7235208e-01   1.8227428e+04   9.3000000e+01
   5.7885447e+01   8.3485119e-01   1.8247549e+04   9.6000000e+01
   4.4237520e+01   8.4162031e-01   1.8902826e+04   1.0000000e+02
   4.3123053e+01   4.2267941e-01   1.9484648e+04   1.0100000e+02
   4.2838227e+01   4.2200858e-01   1.9303839e+04   1.0300000e+02
   4.2012425e+01   3.8287093e-01   1.9462091e+04   1.0600000e+02
   4.0636847e+01   4.8543171e-01   1.9274650e+04   1.0800000e+02
   3.9335029e+01   4.6173419e-01   1.9494725e+04   1.1000000e+02
   3.8673178e+01   4.3905417e-01   1.9860227e+04   1.1200000e+02
   3.8334404e+01   4.4084948e-01   1.9899002e+04   1.1400000e+02
   3.8094488e+01   4.3332850e-01   1.9831134e+04   1.1500000e+02
   3.8002438e+01   4.3004849e-01   2.0027665e+04   1.1800000e+02
   3.7798001e+01   4.1287640e-01   2.0164905e+04   1.2100000e+02
   3.7668024e+01   4.0920486e-01   2.0171927e+04   1.2700000e+02
   3.7603213e+01   4.0909754e-01   2.0017160e+04   1.3100000e+02
   3.5451565e+01   3.4409828e-01   1.9883319e+04   1.3200000e+02
   3.4818039e+01   3.0046771e-01   2.0032799e+04   1.3300000e+02
   3.4801106e+01   3.1253537e-01   2.0033139e+04   1.3500000e+02
   3.4542751e+01   3.8736747e-01   1.9721461e+04   1.4300000e+02
   3.4151212e+01   3.8689217e-01   1.9581257e+04   1.4400000e+02
   3.3699143e+01   3.3633912e-01   1.9664676e+04   1.5400000e+02
   3.3510412e+01   3.2639989e-01   2.0096357e+04   1.5800000e+02
   3.2360752e+01   2.7330306e-01   2.0786371e+04   1.6000000e+02
   3.2282336e+01   2.7338539e-01   2.0617398e+04   1.6200000e+02
   3.2234641e+01   2.7331353e-01   2.0619238e+04   1.6400000e+02
   3.2062558e+01   2.7469432e-01   2.0595448e+04   1.6500000e+02
   3.1999460e+01   2.7324211e-01   2.0255725e+04   1.6600000e+02
   3.1733762e+01   2.4115150e-01   2.0530240e+04   1.7100000e+02
   3.1733168e+01   3.3315366e-01   2.0449251e+04   1.7200000e+02
   3.1430142e+01   3.4885848e-01   2.0286145e+04   1.7500000e+02
   1.5175761e+01   0.0000000e+00   2.0165158e+04   1.7700000e+02
   1.4885124e+01   0.0000000e+00   2.0533269e+04   1.7800000e+02
   1.4846358e+01   0.0000000e+00   2.0492616e+04   1.8200000e+02
   1.4504728e+01   0.0000000e+00   2.0584499e+04   1.8300000e+02
   1.4411954e+01   0.0000000e+00   2.0665345e+04   1.8600000e+02
   1.3442048e+01   0.0000000e+00   2.0867234e+04   1.8700000e+02
   1.3293711e+01   0.0000000e+00   2.1232962e+04   1.8900000e+02
   1.3197557e+01   0.0000000e+00   2.1212502e+04   1.9200000e+02
   1.2647923e+01   0.0000000e+00   2.1480358e+04   2.0700000e+02
   1.2517390e+01   0.0000000e+00   2.1631485e+04   2.0800000e+02
   9.6190605e+00   0.0000000e+00   2.1554658e+04   2.0900000e+02
   9.5784597e+00   0.0000000e+00   2.1486177e+04   2.1500000e+02
   9.5091028e+00   0.0000000e+00   2.1459061e+04   2.2100000e+02
   8.7057131e+00   0.0000000e+00   2.1671063e+04   2.2800000e+02
   8.6758868e+00   0.0000000e+00   2.1927569e+04   2.2900000e+02
   8.6708742e+00   0.0000000e+00   2.1905290e+04   2.3300000e+02
   8.5721357e+00   0.0000000e+00   2.1704534e+04   2.3700000e+02
   8.4970824e+00   0.0000000e+00   2.2016099e+04   2.3800000e+02
   8.3662356e+00   0.0000000e+00   2.2037496e+04   2.4100000e+02
   5.2176415e+00   0.0000000e+00   2.1854055e+04   2.4300000e+02
   5.0132958e+00   0.0000000e+00   2.1847300e+04   2.4400000e+02
   4.9803018e+00   0.0000000e+00   2.1964605e+04   2.4500000e+02
   4.9728255e+00   0.0000000e+00   2.1900115e+04   2.5700000e+02
   4.9717565e+00   0.0000000e+00   2.1870042e+04   2.5900000e+02
   4.9569165e+00   0.0000000e+00   2.1890785e+04   2.6300000e+02
   4.9472233e+00   0.0000000e+00   2.2310171e+04   2.7200000e+02
   4.6866094e+00   0.0000000e+00   2.2598955e+04   2.7600000e+02
   4.6794492e+00   0.0000000e+00   2.2551070e+04   2.7800000e+02
   4.6674777e+00   0.0000000e+00   2.2258495e+04   2.7900000e+02
   3.2029806e+00   0.0000000e+00   2.2042070e+04   2.8200000e+02
   3.1870004e+00   0.0000000e+00   2.2006423e+04   2.8700000e+02
   3.1846358e+00   0.0000000e+00   2.2128924e+04   2.9900000e+02
   3.1819323e+00   0.0000000e+00   2.1850236e+04   3.0200000e+02
   3.1494688e+00   0.0000000e+00   2.2190239e+04   3.0700000e+02
   2.9296579e+00   0.0000000e+00   2.2559445e+04   3.1100000e+02
   2.9146911e+00   0.0000000e+00   2.2252226e+04   3.1600000e+02
   2.7895784e+00   0.0000000e+00   2.2121274e+04   3.2000000e+02
   2.7864780e+00   0.0000000e+00   2.2047449e+04   3.2300000e+02
   2.7816186e+00   0.0000000e+00   2.1976186e+04   3.2700000e+02
   2.7769725e+00   0.0000000e+00   2.2000747e+04   3.3000000e+02
   2.7613787e+00   0.0000000e+00   2.1836547e+04   3.3600000e+02
   2.7492730e+00   0.0000000e+00   2.1676901e+04   3.3800000e+02
   2.7333506e+00   0.0000000e+00   2.1403460e+04   3.4000000e+02
   2.7188487e+00   0.0000000e+00   2.1266514e+04   3.4400000e+02
   2.6690635e+00   0.0000000e+00   2.1296282e+04   3.4500000e+02
   2.6647865e+00   0.0000000e+00   2.1513987e+04   3.4600000e+02
   2.6630349e+00   0.0000000e+00   2.1729827e+04   3.5300000e+02
   2.6533214e+00   0.0000000e+00   2.1948209e+04   3.5600000e+02
   2.6496368e+00   0.0000000e+00   2.2066650e+04   3.6100000e+02
   2.6119217e+00   0.0000000e+00   2.2012718e+04   3.6200000e+02
   2.2443416e+00   0.0000000e+00   2.2429370e+04   3.6300000e+02
   2.2302136e+00   0.0000000e+00   2.2616951e+04   3.6600000e+02
   2.2272100e+00   0.0000000e+00   2.2266553e+04   3.6800000e+02
   2.2267807e+00   0.0000000e+00   2.2279637e+04   3.7300000e+02
   2.2224661e+00   0.0000000e+00   2.2028147e+04   3.7500000e+02
   2.2219677e+00   0.0000000e+00   2.2048179e+04   3.7600000e+02
   2.1427313e+00   0.0000000e+00   2.2007077e+04   3.7900000e+02
   2.1411725e+00   0.0000000e+00   2.2157055e+04   3.8300000e+02
   2.0686381e+00   0.0000000e+00   2.2476736e+04   3.8800000e+02
   2.0229124e+00   0.0000000e+00   2.2683226e+04   3.9000000e+02
   2.0192562e+00   0.0000000e+00   2.2459835e+04   3.9700000e+02
   2.0115589e+00   0.0000000e+00   2.2028568e+04   4.0300000e+02
   1.9924830e+00   0.0000000e+00   2.2538716e+04   4.0700000e+02
   1.9871722e+00   0.0000000e+00   2.2037904e+04   4.0800000e+02
   1.9855919e+00   0.0000000e+00   2.2247450e+04   4.0900000e+02
   1.9837329e+00   0.0000000e+00   2.2116748e+04   4.1000000e+02
   1.9796421e+00   0.0000000e+00   2.2068340e+04   4.1200000e+02
   1.9673601e+00   0.0000000e+00   2.2014018e+04   4.1800000e+02
   1.9664467e+00   0.0000000e+00   2.2675751e+04   4.2100000e+02
   1.8759092e+00   0.0000000e+00   2.2968926e+04   4.2200000e+02
   1.8547880e+00   0.0000000e+00   2.2962844e+04   4.2400000e+02
   1.8527266e+00   0.0000000e+00   2.2958847e+04   4.2600000e+02
   1.8438721e+00   0.0000000e+00   2.3170152e+04   4.2800000e+02
   1.8417598e+00   0.0000000e+00   2.3029646e+04   4.3200000e+02
   1.8409881e+00   0.0000000e+00   2.2872014e+04   4.3300000e+02
   1.7822178e+00   0.0000000e+00   2.3519974e+04   4.3400000e+02
   1.7791113e+00   0.0000000e+00   2.3790589e+04   4.4400000e+02
   1.7781860e+00   0.0000000e+00   2.3786501e+04   4.4500000e+02
   1.7725163e+00   0.0000000e+00   2.3679390e+04   4.4600000e+02
   1.7721474e+00   0.0000000e+00   2.3413666e+04   4.5400000e+02
   1.7424081e+00   0.0000000e+00   2.3772872e+04   4.5800000e+02
   1.7133897e+00   0.0000000e+00   2.4042014e+04   4.6300000e+02
   1.7130778e+00   0.0000000e+00   2.3831527e+04   4.7100000e+02
   1.6779215e+00   0.0000000e+00   2.4221000e+04   4.8900000e+02
   1.6630714e+00   0.0000000e+00   2.4136543e+04   4.9100000e+02
   1.6624018e+00   0.0000000e+00   2.4148199e+04   4.9300000e+02
   5.4298960e-01   0.0000000e+00   2.3951635e+04   4.9700000e+02
   5.4288149e-01   0.0000000e+00   2.3702952e+04   5.0400000e+02
   5.4276803e-01   0.0000000e+00   2.4017677e+04   5.0500000e+02
   5.4226817e-01   0.0000000e+00   2.4035627e+04   5.1000000e+02
   5.4204891e-01   0.0000000e+00   2.3999951e+04   5.1300000e+02
   5.3728423e-01   0.0000000e+00   2.3641479e+04   5.1400000e+02
   5.3685036e-01   0.0000000e+00   2.3581597e+04   5.2400000e+02
   5.1734736e-01   0.0000000e+00   2.3738910e+04   5.4400000e+02
   5.1701024e-01   0.0000000e+00   2.3758906e+04   5.4700000e+02
   5.1696796e-01   0.0000000e+00   2.3562568e+04   5.5100000e+02
   5.1677779e-01   0.0000000e+00   2.3634664e+04   5.5700000e+02
   5.1604462e-01   0.0000000e+00   2.3728439e+04   5.5900000e+02
   5.1480264e-01   0.0000000e+00   2.3668944e+04   5.6400000e+02
   4.9896337e-01   0.0000000e+00   2.3809172e+04   5.6600000e+02
   4.9818400e-01   0.0000000e+00   2.3760171e+04   5.6700000e+02
   4.9616224e-01   0.0000000e+00   2.3676382e+04   5.6900000e+02
   4.9580968e-01   0.0000000e+00   2.3869117e+04   5.7100000e+02
   4.8360004e-01   0.0000000e+00   2.4222201e+04   5.7300000e+02
   4.8250802e-01   0.0000000e+00   2.4183962e+04   5.7600000e+02
   4.8101650e-01   0.0000000e+00   2.4524281e+04   5.7700000e+02
   4.6580542e-01   0.0000000e+00   2.4207092e+04   5.7800000e+02
   4.6512371e-01   0.0000000e+00   2.3909917e+04   5.8000000e+02
   4.6503396e-01   0.0000000e+00   2.3884390e+04   5.8600000e+02
   4.6351237e-01   0.0000000e+00   2.3872147e+04   5.9000000e+02
   4.5266382e-01   0.0000000e+00   2.3870398e+04   5.9700000e+02
   4.5122748e-01   0.0000000e+00   2.3687574e+04   5.9800000e+02
   4.4900253e-01   0.0000000e+00   2.3613229e+04   6.0600000e+02
   4.4888003e-01   0.0000000e+00   2.3816466e+04   6.1600000e+02
   4.4446500e-01   0.0000000e+00   2.3673949e+04   6.2200000e+02
   4.3080004e-01   0.0000000e+00   2.3649346e+04   6.2400000e+02
   4.2187399e-01   0.0000000e+00   2.3581979e+04   6.2500000e+02
   4.1704241e-01   0.0000000e+00   2.3429169e+04   6.2600000e+02
   3.8855787e-01   0.0000000e+00   2.3259964e+04   6.3200000e+02
   3.8527159e-01   0.0000000e+00   2.3084051e+04   6.3400000e+02
   3.8517045e-01   0.0000000e+00   2.3071091e+04   6.3800000e+02
   1.0722845e-02   0.0000000e+00   2.3346634e+04   6.3900000e+02
   9.8443090e-03   0.0000000e+00   2.3170168e+04   6.4000000e+02
   8.8287111e-03   0.0000000e+00   2.2953143e+04   6.4400000e+02
   0.0000000e+00   0.0000000e+00   2.3138888e+04   6.4600000e+02
   0.0000000e+00   0.0000000e+00   2.2890590e+04   6.4700000e+02
   0.0000000e+00   0.0000000e+00   2.2835795e+04   6.5000000e+02
   0.0000000e+00   0.0000000e+00   2.2829748e+04   6.5200000e+02
   0.0000000e+00   0.0000000e+00   2.2759531e+04   6.5500000e+02
   0.0000000e+00   0.0000000e+00   2.2439472e+04   6.6000000e+02
   0.0000000e+00   0.0000000e+00   2.2247819e+04   6.6200000e+02
   0.0000000e+00   0.0000000e+00   2.2202387e+04   6.6400000e+02
   0.0000000e+00   0.0000000e+00   2.2127425e+04   6.6900000e+02
   0.0000000e+00   0.0000000e+00   2.1936191e+04   6.7500000e+02
   0.0000000e+00   0.0000000e+00   2.1867150e+04   6.7700000e+02
   0.0000000e+00   0.0000000e+00   2.1851292e+04   6.7900000e+02
   0.0000000e+00   0.0000000e+00   2.1652954e+04   6.8300000e+02
   0.0000000e+00   0.0000000e+00   2.1575103e+04   6.8500000e+02
   0.0000000e+00   0.0000000e+00   2.1482747e+04   6.8600000e+02
   0.0000000e+00   0.0000000e+00   2.1246743e+04   6.8900000e+02
   0.0000000e+00   0.0000000e+00   2.1202939e+04   6.9200000e+02
   0.0000000e+00   0.0000000e+00   2.1149525e+04   6.9400000e+02
   0.0000000e+00   0.0000000e+00   2.0994835e+04   6.9800000e+02
   0.0000000e+00   0.0000000e+00   2.0971165e+04   7.0000000e+02
   0.0000000e+00   0.0000000e+00   2.0845631e+04   7.0300000e+02
   0.0000000e+00   0.0000000e+00   2.0596442e+04   7.0400000e+02
   0.0000000e+00   0.0000000e+00   2.0314078e+04   7.0600000e+02
   0.0000000e+00   0.0000000e+00   2.0312868e+04   7.1100000e+02
   0.0000000e+00   0.0000000e+00   1.9874322e+04   7.1600000e+02
   0.0000000e+00   0.0000000e+00   1.9668222e+04   7.2100000e+02
   0.0000000e+00   0.0000000e+00   1.9452012e+04   7.2200000e+02
   0.0000000e+00   0.0000000e+00   1.9311803e+04   7.3200000e+02
   0.0000000e+00   0.0000000e+00   1.9220581e+04   7.3300000e+02
   0.0000000e+00   0.0000000e+00   1.9062856e+04   7.3600000e+02
   0.0000000e+00   0.0000000e+00   1.8994914e+04   7.4200000e+02
   0.0000000e+00   0.0000000e+00   1.8943495e+04   7.4600000e+02
   0.0000000e+00   0.0000000e+00   1.8778358e+04   7.4800000e+02
   0.0000000e+00   0.0000000e+00   1.8749217e+04   7.5100000e+02
   0.0000000e+00   0.0000000e+00   1.8416233e+04   7.5200000e+02
   0.0000000e+00   0.0000000e+00   1.8214627e+04   7.5400000e+02
   0.0000000e+00   0.0000000e+00   1.8170000e+04   7.6300000e+02
   0.0000000e+00   0.0000000e+00   1.7996334e+04   7.6600000e+02
   0.0000000e+00   0.0000000e+00   1.7970255e+04   7.7000000e+02
   0.0000000e+00   0.0000000e+00   1.7795651e+04   7.7100000e+02
   0.0000000e+00   0.0000000e+00   1.7429580e+04   7.7300000e+02
   0.0000000e+00   0.0000000e+00   1.7378057e+04   7.7500000e+02
   0.0000000e+00   0.0000000e+00   1.7242780e+04   7.7600000e+02
   0.0000000e+00   0.0000000e+00   1.7124450e+04   7.7800000e+02
   0.0000000e+00   0.0000000e+00   1.6799009e+04   7.8400000e+02
   0.0000000e+00   0.0000000e+00   1.6795298e+04   7.8600000e+02
   0.0000000e+00   0.0000000e+00   1.6619896e+04   7.9300000e+02
   0.0000000e+00   0.0000000e+00   1.6552307e+04   7.9500000e+02
   0.0000000e+00   0.0000000e+00   1.6508615e+04   7.9900000e+02
   0.0000000e+00   0.0000000e+00   1.6327164e+04   8.0500000e+02
   0.0000000e+00   0.0000000e+00   1.6157415e+04   8.1000000e+02
   0.0000000e+00   0.0000000e+00   1.6107174e+04   8.1600000e+02
   0.0000000e+00   0.0000000e+00   1.6047474e+04   8.1700000e+02
   0.0000000e+00   0.0000000e+00   1.5969908e+04   8.2400000e+02
   0.0000000e+00   0.0000000e+00   1.5921893e+04   8.3200000e+02
   0.0000000e+00   0.0000000e+00   1.5871695e+04   8.3500000e+02
   0.0000000e+00   0.0000000e+00   1.5779664e+04   8.3700000e+02
   0.0000000e+00   0.0000000e+00   1.5694094e+04   8.3800000e+02
   0.0000000e+00   0.0000000e+00   1.5668597e+04   8.3900000e+02
   0.0000000e+00   0.0000000e+00   1.5635552e+04   8.4200000e+02
   0.0000000e+00   0.0000000e+00   1.5431856e+04   8.4400000e+02
   0.0000000e+00   0.0000000e+00   1.5382217e+04   8.4700000e+02
   0.0000000e+00   0.0000000e+00   1.5196405e+04   8.5600000e+02
   0.0000000e+00   0.0000000e+00   1.5146443e+04   8.6000000e+02
   0.0000000e+00   0.0000000e+00   1.5023241e+04   8.6100000e+02
   0.0000000e+00   0.0000000e+00   1.4861300e+04   8.6300000e+02
   0.0000000e+00   0.0000000e+00   1.4782936e+04   8.6500000e+02
   0.0000000e+00   0.0000000e+00   1.4505677e+04   8.6600000e+02
   0.0000000e+00   0.0000000e+00   1.4455349e+04   8.6800000e+02
   0.0000000e+00   0.0000000e+00   1.4440687e+04   8.7200000e+02
   0.0000000e+00   0.0000000e+00   1.4368057e+04   8.9100000e+02
   0.0000000e+00   0.0000000e+00   1.4289781e+04   8.9200000e+02
   0.0000000e+00   0.0000000e+00   1.4179272e+04   9.0400000e+02
   0.0000000e+00   0.0000000e+00   1.4137979e+04   9.1100000e+02
   0.0000000e+00   0.0000000e+00   1.4095310e+04   9.1900000e+02
   0.0000000e+00   0.0000000e+00   1.3909257e+04   9.2100000e+02
   0.0000000e+00   0.0000000e+00   1.3899401e+04   9.2200000e+02
   0.0000000e+00   0.0000000e+00   1.3827487e+04   9.2600000e+02
   0.0000000e+00   0.0000000e+00   1.3820147e+04   9.3200000e+02
   0.0000000e+00   0.0000000e+00   1.3767025e+04   9.3500000e+02
   0.0000000e+00   0.0000000e+00   1.3732535e+04   9.3800000e+02
   0.0000000e+00   0.0000000e+00   1.3720348e+04   9.3900000e+02
   0.0000000e+00   0.0000000e+00   1.3613908e+04   9.4200000e+02
   0.0000000e+00   0.0000000e+00   1.3608046e+04   9.6100000e+02
   0.0000000e+00   0.0000000e+00   1.3586080e+04   9.6300000e+02
   0.0000000e+00   0.0000000e+00   1.3501412e+04   9.6500000e+02
   0.0000000e+00   0.0000000e+00   1.3450597e+04   9.6800000e+02
   0.0000000e+00   0.0000000e+00   1.3348045e+04   9.7200000e+02
   0.0000000e+00   0.0000000e+00   1.3253164e+04   9.7300000e+02
   0.0000000e+00   0.0000000e+00   1.3181820e+04   9.9500000e+02
   0.0000000e+00   0.0000000e+00   1.3145918e+04   1.0000000e+03
   0.0000000e+00   0.0000000e+00   1.3065261e+04   1.0060000e+03
   0.0000000e+00   0.0000000e+00   1.2940717e+04   1.0150000e+03
   0.0000000e+00   0.0000000e+00   1.2892204e+04   1.0190000e+03
   0.0000000e+00   0.0000000e+00   1.2767449e+04   1.0220000e+03
   0.0000000e+00   0.0000000e+00   1.2664743e+04   1.0230000e+03
   0.0000000e+00   0.0000000e+00   1.2580845e+04   1.0250000e+03
   0.0000000e+00   0.0000000e+00   1.2553874e+04   1.0290000e+03
   0.0000000e+00   0.0000000e+00   1.2550429e+04   1.0340000e+03
   0.0000000e+00   0.0000000e+00   1.2516948e+04   1.0400000e+03
   0.0000000e+00   0.0000000e+00   1.2443563e+04   1.0410000e+03
   0.0000000e+00   0.0000000e+00   1.2438999e+04   1.0460000e+03
   0.0000000e+00   0.0000000e+00   1.2378615e+04   1.0500000e+03
   0.0000000e+00   0.0000000e+00   1.2310069e+04   1.0510000e+03
   0.0000000e+00   0.0000000e+00   1.2308290e+04   1.0560000e+03
   0.0000000e+00   0.0000000e+00   1.2249972e+04   1.0590000e+03
   0.0000000e+00   0.0000000e+00   1.2202966e+04   1.0660000e+03
   0.0000000e+00   0.0000000e+00   1.2109779e+04   1.0730000e+03
   0.0000000e+00   0.0000000e+00   1.2094620e+04   1.0780000e+03
   0.0000000e+00   0.0000000e+00   1.2023734e+04   1.0790000e+03
   0.0000000e+00   0.0000000e+00   1.1998468e+04   1.0800000e+03
   0.0000000e+00   0.0000000e+00   1.1882088e+04   1.0950000e+03
   0.0000000e+00   0.0000000e+00   1.1660965e+04   1.0990000e+03
   0.0000000e+00   0.0000000e+00   1.1623995e+04   1.1020000e+03
   0.0000000e+00   0.0000000e+00   1.1509056e+04   1.1060000e+03
   0.0000000e+00   0.0000000e+00   1.1426562e+04   1.1080000e+03
   0.0000000e+00   0.0000000e+00   1.1415649e+04   1.1110000e+03
   0.0000000e+00   0.0000000e+00   1.1203801e+04   1.1140000e+03
   0.0000000e+00   0.0000000e+00   1.1197814e+04   1.1150000e+03
   0.0000000e+00   0.0000000e+00   1.1149618e+04   1.1160000e+03
   0.0000000e+00   0.0000000e+00   1.1132425e+04   1.1190000e+03
   0.0000000e+00   0.0000000e+00   1.1109127e+04   1.1240000e+03
   0.0000000e+00   0.0000000e+00   1.1080154e+04   1.1410000e+03
   0.0000000e+00   0.0000000e+00   1.1076214e+04   1.1490000e+03
   0.0000000e+00   0.0000000e+00   1.1046037e+04   1.1620000e+03
   0.0000000e+00   0.0000000e+00   1.1044011e+04   1.1700000e+03
   0.0000000e+00   0.0000000e+00   1.0988432e+04   1.1710000e+03
   0.0000000e+00   0.0000000e+00   1.0955312e+04   1.1810000e+03
   0.0000000e+00   0.0000000e+00   1.0934367e+04   1.1950000e+03
   0.0000000e+00   0.0000000e+00   1.0897847e+04   1.1960000e+03
   0.0000000e+00   0.0000000e+00   1.0896064e+04   1.2000000e+03
   0.0000000e+00   0.0000000e+00   1.0865257e+04   1.2070000e+03
   0.0000000e+00   0.0000000e+00   1.0835503e+04   1.2160000e+03
   0.0000000e+00   0.0000000e+00   1.0790649e+04   1.2280000e+03
   0.0000000e+00   0.0000000e+00   1.0743891e+04   1.2320000e+03
   0.0000000e+00   0.0000000e+00   1.0736765e+04   1.2370000e+03
   0.0000000e+00   0.0000000e+00   1.0711477e+04   1.2820000e+03
   0.0000000e+00   0.0000000e+00   1.0697136e+04   1.3170000e+03
   0.0000000e+00   0.0000000e+00   1.0694078e+04   1.3280000e+03
   0.0000000e+00   0.0000000e+00   1.0656378e+04   1.3370000e+03
   0.0000000e+00   0.0000000e+00   1.0619650e+04   1.3390000e+03
   0.0000000e+00   0.0000000e+00   1.0616249e+04   1.3420000e+03
   0.0000000e+00   0.0000000e+00   1.0603013e+04   1.3610000e+03
   0.0000000e+00   0.0000000e+00   1.0564144e+04   1.3620000e+03
   0.0000000e+00   0.0000000e+00   1.0535475e+04   1.3670000e+03
   0.0000000e+00   0.0000000e+00   1.0408599e+04   1.3730000e+03
   0.0000000e+00   0.0000000e+00   1.0372598e+04   1.3920000e+03
   0.0000000e+00   0.0000000e+00   1.0371052e+04   1.3930000e+03
   0.0000000e+00   0.0000000e+00   1.0363364e+04   1.4030000e+03
   0.0000000e+00   0.0000000e+00   1.0357692e+04   1.4270000e+03
   0.0000000e+00   0.0000000e+00   1.0349828e+04   1.4660000e+03
   0.0000000e+00   0.0000000e+00   1.0340858e+04   1.4860000e+03
   0.0000000e+00   0.0000000e+00   1.0339575e+04   1.5020000e+03
   0.0000000e+00   0.0000000e+00   1.0323320e+04   1.5160000e+03
   0.0000000e+00   0.0000000e+00   1.0312388e+04   1.5260000e+03
   0.0000000e+00   0.0000000e+00   1.0290384e+04   1.5350000e+03
   0.0000000e+00   0.0000000e+00   1.0269369e+04   1.5410000e+03
   0.0000000e+00   0.0000000e+00   1.0257234e+04   1.5440000e+03
   0.0000000e+00   0.0000000e+00   1.0240594e+04   1.5650000e+03
   0.0000000e+00   0.0000000e+00   1.0236549e+04   1.5730000e+03
   0.0000000e+00   0.0000000e+00   1.0210671e+04   1.5760000e+03
   0.0000000e+00   0.0000000e+00   1.0067179e+04   1.5790000e+03
   0.0000000e+00   0.0000000e+00   1.0026121e+04   1.5800000e+03
   0.0000000e+00   0.0000000e+00   1.0025938e+04   1.6020000e+03
   0.0000000e+00   0.0000000e+00   9.9912426e+03   1.6040000e+03
   0.0000000e+00   0.0000000e+00   9.9783153e+03   1.6130000e+03
   0.0000000e+00   0.0000000e+00   9.9709585e+03   1.6290000e+03
   0.0000000e+00   0.0000000e+00   9.9189412e+03   1.6440000e+03
   0.0000000e+00   0.0000000e+00   9.9158706e+03   1.6510000e+03
   0.0000000e+00   0.0000000e+00   9.7800141e+03   1.6560000e+03
   0.0000000e+00   0.0000000e+00   9.7758109e+03   1.6840000e+03
   0.0000000e+00   0.0000000e+00   9.7351385e+03   1.6890000e+03
   0.0000000e+00   0.0000000e+00   9.7007462e+03   1.6980000e+03
   0.0000000e+00   0.0000000e+00   9.6970217e+03   1.7000000e+03
   0.0000000e+00   0.0000000e+00   9.6704357e+03   1.7070000e+03
   0.0000000e+00   0.0000000e+00   9.6593461e+03   1.7150000e+03
   0.0000000e+00   0.0000000e+00   9.6416316e+03   1.7290000e+03
   0.0000000e+00   0.0000000e+00   9.5389471e+03   1.7430000e+03
   0.0000000e+00   0.0000000e+00   9.5277739e+03   1.7570000e+03
   0.0000000e+00   0.0000000e+00   9.4852394e+03   1.7680000e+03
   0.0000000e+00   0.0000000e+00   9.4633687e+03   1.7770000e+03
   0.0000000e+00   0.0000000e+00   9.4503619e+03   1.7780000e+03
   0.0000000e+00   0.0000000e+00   9.4302328e+03   1.7810000e+03
   0.0000000e+00   0.0000000e+00   9.4195710e+03   1.7910000e+03
   0.0000000e+00   0.0000000e+00   9.4145835e+03   1.7970000e+03
   0.0000000e+00   0.0000000e+00   9.3768349e+03   1.8040000e+03
   0.0000000e+00   0.0000000e+00   9.3272199e+03   1.8060000e+03
   0.0000000e+00   0.0000000e+00   9.2967386e+03   1.8140000e+03
   0.0000000e+00   0.0000000e+00   9.2965927e+03   1.8160000e+03
   0.0000000e+00   0.0000000e+00   9.2944607e+03   1.8250000e+03
   0.0000000e+00   0.0000000e+00   9.2747758e+03   1.8300000e+03
   0.0000000e+00   0.0000000e+00   9.0380483e+03   1.8380000e+03
   0.0000000e+00   0.0000000e+00   9.0047856e+03   1.8680000e+03
   0.0000000e+00   0.0000000e+00   8.9926051e+03   1.8950000e+03
   0.0000000e+00   0.0000000e+00   8.9608990e+03   1.9250000e+03
   0.0000000e+00   0.0000000e+00   8.8788976e+03   1.9300000e+03
   0.0000000e+00   0.0000000e+00   8.8628823e+03   1.9690000e+03
   0.0000000e+00   0.0000000e+00   8.8455442e+03   1.9700000e+03
   0.0000000e+00   0.0000000e+00   8.8272108e+03   2.0380000e+03
   0.0000000e+00   0.0000000e+00   8.8238496e+03   2.0440000e+03
   0.0000000e+00   0.0000000e+00   8.8214551e+03   2.0600000e+03
   0.0000000e+00   0.0000000e+00   8.8109176e+03   2.0790000e+03
   0.0000000e+00   0.0000000e+00   8.7932007e+03   2.0970000e+03
   0.0000000e+00   0.0000000e+00   8.7630229e+03   2.1000000e+03
   0.0000000e+00   0.0000000e+00   8.7570974e+03   2.1270000e+03
   0.0000000e+00   0.0000000e+00   8.7531593e+03   2.1280000e+03
   0.0000000e+00   0.0000000e+00   8.7502807e+03   2.1300000e+03
   0.0000000e+00   0.0000000e+00   8.7464924e+03   2.1390000e+03
   0.0000000e+00   0.0000000e+00   8.7293625e+03   2.1850000e+03
   0.0000000e+00   0.0000000e+00   8.7107694e+03   2.1880000e+03
   0.0000000e+00   0.0000000e+00   8.6937053e+03   2.1920000e+03
   0.0000000e+00   0.0000000e+00   8.6442955e+03   2.2030000e+03
   0.0000000e+00   0.0000000e+00   8.6229892e+03   2.2040000e+03
   0.0000000e+00   0.0000000e+00   8.5755815e+03   2.2110000e+03
   0.0000000e+00   0.0000000e+00   8.5379578e+03   2.2340000e+03
   0.0000000e+00   0.0000000e+00   8.5291708e+03   2.2400000e+03
   0.0000000e+00   0.0000000e+00   8.4757447e+03   2.2550000e+03
   0.0000000e+00   0.0000000e+00   8.4207738e+03   2.2640000e+03
   0.0000000e+00   0.0000000e+00   8.3942752e+03   2.2690000e+03
   0.0000000e+00   0.0000000e+00   8.2167240e+03   2.2750000e+03
   0.0000000e+00   0.0000000e+00   8.1987285e+03   2.3080000e+03
   0.0000000e+00   0.0000000e+00   8.1947991e+03   2.3110000e+03
   0.0000000e+00   0.0000000e+00   8.1875134e+03   2.3130000e+03
   0.0000000e+00   0.0000000e+00   8.0571727e+03   2.3140000e+03
   0.0000000e+00   0.0000000e+00   8.0057210e+03   2.3230000e+03
   0.0000000e+00   0.0000000e+00   7.9987154e+03   2.3290000e+03
   0.0000000e+00   0.0000000e+00   7.9777124e+03   2.3360000e+03
   0.0000000e+00   0.0000000e+00   7.9488188e+03   2.3450000e+03
   0.0000000e+00   0.0000000e+00   7.9410111e+03   2.3560000e+03
   0.0000000e+00   0.0000000e+00   7.9191128e+03   2.4060000e+03
   0.0000000e+00   0.0000000e+00   7.9109608e+03   2.4070000e+03
   0.0000000e+00   0.0000000e+00   7.7412281e+03   2.4360000e+03
   0.0000000e+00   0.0000000e+00   7.7199303e+03   2.4390000e+03
   0.0000000e+00   0.0000000e+00   7.6721187e+03   2.4420000e+03
   0.0000000e+00   0.0000000e+00   7.6218336e+03   2.4460000e+03
   0.0000000e+00   0.0000000e+00   7.5771240e+03   2.4520000e+03
   0.0000000e+00   0.0000000e+00   7.5584180e+03   2.4630000e+03
   0.0000000e+00   0.0000000e+00   7.5549022e+03   2.4670000e+03
   0.0000000e+00   0.0000000e+00   7.4988247e+03   2.4690000e+03
   0.0000000e+00   0.0000000e+00   7.4205600e+03   2.4940000e+03
   0.0000000e+00   0.0000000e+00   7.3901207e+03   2.5290000e+03
   0.0000000e+00   0.0000000e+00   7.3824495e+03   2.6340000e+03
   0.0000000e+00   0.0000000e+00   7.3797996e+03   2.7510000e+03
   0.0000000e+00   0.0000000e+00   7.3405551e+03   2.7630000e+03
   0.0000000e+00   0.0000000e+00   7.3299188e+03   2.7850000e+03
   0.0000000e+00   0.0000000e+00   7.3254369e+03   2.7950000e+03
   0.0000000e+00   0.0000000e+00   7.2996786e+03   2.8150000e+03
   0.0000000e+00   0.0000000e+00   7.2686788e+03   2.8220000e+03
   0.0000000e+00   0.0000000e+00   7.2669014e+03   2.8250000e+03
   0.0000000e+00   0.0000000e+00   7.2442760e+03   2.8400000e+03
   0.0000000e+00   0.0000000e+00   7.2327284e+03   2.8450000e+03
   0.0000000e+00   0.0000000e+00   7.1989289e+03   2.8870000e+03
   0.0000000e+00   0.0000000e+00   7.1827786e+03   2.9420000e+03
   0.0000000e+00   0.0000000e+00   7.1631754e+03   2.9640000e+03
   0.0000000e+00   0.0000000e+00   7.1347480e+03   2.9900000e+03
   0.0000000e+00   0.0000000e+00   7.1243544e+03   2.9960000e+03
   0.0000000e+00   0.0000000e+00   7.1199962e+03   3.0340000e+03
   0.0000000e+00   0.0000000e+00   7.1104917e+03   3.0810000e+03
   0.0000000e+00   0.0000000e+00   7.1090555e+03   3.0860000e+03
   0.0000000e+00   0.0000000e+00   7.0870773e+03   3.1220000e+03
   0.0000000e+00   0.0000000e+00   7.0688148e+03   3.1410000e+03
   0.0000000e+00   0.0000000e+00   7.0349682e+03   3.1470000e+03
   0.0000000e+00   0.0000000e+00   7.0154980e+03   3.1720000e+03
   0.0000000e+00   0.0000000e+00   6.9940045e+03   3.2020000e+03
   0.0000000e+00   0.0000000e+00   6.9307325e+03   3.2570000e+03
   0.0000000e+00   0.0000000e+00   6.9215158e+03   3.2770000e+03
   0.0000000e+00   0.0000000e+00   6.8964804e+03   3.4020000e+03
   0.0000000e+00   0.0000000e+00   6.8777560e+03   3.4340000e+03
   0.0000000e+00   0.0000000e+00   6.8666289e+03   3.4560000e+03
   0.0000000e+00   0.0000000e+00   6.8565720e+03   3.4650000e+03
   0.0000000e+00   0.0000000e+00   6.8241852e+03   3.5560000e+03
   0.0000000e+00   0.0000000e+00   6.8202544e+03   3.5780000e+03
   0.0000000e+00   0.0000000e+00   6.7979326e+03   3.6180000e+03
   0.0000000e+00   0.0000000e+00   6.7971168e+03   3.6230000e+03
   0.0000000e+00   0.0000000e+00   6.7953854e+03   3.6800000e+03
   0.0000000e+00   0.0000000e+00   6.7953161e+03   3.6840000e+03
   0.0000000e+00   0.0000000e+00   6.7765598e+03   3.7610000e+03
   0.0000000e+00   0.0000000e+00   6.7579341e+03   3.8190000e+03
   0.0000000e+00   0.0000000e+00   6.7089682e+03   3.8590000e+03
   0.0000000e+00   0.0000000e+00   6.7065648e+03   3.8950000e+03
   0.0000000e+00   0.0000000e+00   6.6671041e+03   4.0020000e+03
   0.0000000e+00   0.0000000e+00   6.6607434e+03   4.0720000e+03
   0.0000000e+00   0.0000000e+00   6.6506939e+03   4.1460000e+03
   0.0000000e+00   0.0000000e+00   6.6430377e+03   4.2110000e+03
   0.0000000e+00   0.0000000e+00   6.6354926e+03   4.4650000e+03
   0.0000000e+00   0.0000000e+00   6.6288560e+03   4.5160000e+03
   0.0000000e+00   0.0000000e+00   6.6133914e+03   4.6650000e+03
   0.0000000e+00   0.0000000e+00   6.6131241e+03   4.7270000e+03
   0.0000000e+00   0.0000000e+00   6.6052611e+03   4.7440000e+03
   0.0000000e+00   0.0000000e+00   6.6037303e+03   4.8270000e+03
   0.0000000e+00   0.0000000e+00   6.5737130e+03   4.8940000e+03
   0.0000000e+00   0.0000000e+00   6.5261902e+03   5.0060000e+03
   0.0000000e+00   0.0000000e+00   6.5160844e+03   5.0350000e+03
   0.0000000e+00   0.0000000e+00   6.4960014e+03   5.2120000e+03
   0.0000000e+00   0.0000000e+00   6.4926462e+03   5.8540000e+03
   0.0000000e+00   0.0000000e+00   6.4806122e+03   6.4010000e+03
   0.0000000e+00   0.0000000e+00   6.4652041e+03   6.4960000e+03
   0.0000000e+00   0.0000000e+00   6.4610740e+03   6.6400000e+03
   0.0000000e+00   0.0000000e+00   6.4574580e+03   6.6610000e+03
   0.0000000e+00   0.0000000e+00   6.4564198e+03   6.9270000e+03
   0.0000000e+00   0.0000000e+00   6.4467429e+03   7.1690000e+03
   0.0000000e+00   0.0000000e+00   6.4391895e+03   7.2740000e+03
   0.0000000e+00   0.0000000e+00   6.4243223e+03   7.4260000e+03
   0.0000000e+00   0.0000000e+00   6.4053081e+03   7.7090000e+03
   0.0000000e+00   0.0000000e+00   6.4053051e+03   7.9710000e+03
   0.0000000e+00   0.0000000e+00   6.3904193e+03   8.5290000e+03
   0.0000000e+00   0.0000000e+00   6.3811975e+03   8.6950000e+03
   0.0000000e+00   0.0000000e+00   6.3756766e+03   8.9330000e+03
   0.0000000e+00   0.0000000e+00   6.3584278e+03   9.2160000e+03
   0.0000000e+00   0.0000000e+00   6.3525286e+03   9.2380000e+03
   0.0000000e+00   0.0000000e+00   6.3469999e+03   9.4430000e+03
   0.0000000e+00   0.0000000e+00   6.3354632e+03   9.6400000e+03
   0.0000000e+00   0.0000000e+00   6.3273245e+03   9.9660000e+03
   0.0000000e+00   0.0000000e+00   6.3263626e+03   1.0007000e+04
   0.0000000e+00   0.0000000e+00   6.3072147e+03   1.0255000e+04
   0.0000000e+00   0.0000000e+00   6.3048068e+03   1.0449000e+04
   0.0000000e+00   0.0000000e+00   6.3043956e+03   1.0643000e+04
   0.0000000e+00   0.0000000e+00   6.2860373e+03   1.0882000e+04
   0.0000000e+00   0.0000000e+00   6.2703030e+03   1.0937000e+04
   0.0000000e+00   0.0000000e+00   6.2688564e+03   1.0982000e+04
   0.0000000e+00   0.0000000e+00   6.2661941e+03   1.1168000e+04
   0.0000000e+00   0.0000000e+00   6.2645951e+03   1.1222000e+04
   0.0000000e+00   0.0000000e+00   6.2420681e+03   1.1224000e+04
   0.0000000e+00   0.0000000e+00   6.2399368e+03   1.1263000e+04
   0.0000000e+00   0.0000000e+00   6.2326550e+03   1.1264000e+04
   0.0000000e+00   0.0000000e+00   6.1965515e+03   1.1279000e+04
   0.0000000e+00   0.0000000e+00   6.1907824e+03   1.1280000e+04
   0.0000000e+00   0.0000000e+00   6.1900647e+03   1.1304000e+04
   0.0000000e+00   0.0000000e+00   6.1886199e+03   1.1378000e+04
   0.0000000e+00   0.0000000e+00   6.1594389e+03   1.1389000e+04
   0.0000000e+00   0.0000000e+00   6.1553950e+03   1.1404000e+04
   0.0000000e+00   0.0000000e+00   6.1453692e+03   1.1439000e+04
   0.0000000e+00   0.0000000e+00   6.1345960e+03   1.1450000e+04
   0.0000000e+00   0.0000000e+00   6.1305438e+03   1.1620000e+04
   0.0000000e+00   0.0000000e+00   6.1077333e+03   1.1653000e+04
   0.0000000e+00   0.0000000e+00   6.0955487e+03   1.1914000e+04
   0.0000000e+00   0.0000000e+00   6.0836949e+03   1.1973000e+04
   0.0000000e+00   0.0000000e+00   6.0740776e+03   1.2068000e+04
   0.0000000e+00   0.0000000e+00   6.0711556e+03   1.2155000e+04
   0.0000000e+00   0.0000000e+00   6.0373733e+03   1.2179000e+04
   0.0000000e+00   0.0000000e+00   6.0094997e+03   1.2184000e+04
   0.0000000e+00   0.0000000e+00   6.0091486e+03   1.2583000e+04
   0.0000000e+00   0.0000000e+00   6.0081972e+03   1.2624000e+04
   0.0000000e+00   0.0000000e+00   6.0049780e+03   1.2648000e+04
   0.0000000e+00   0.0000000e+00   5.9924076e+03   1.2706000e+04
   0.0000000e+00   0.0000000e+00   5.9395911e+03   1.2715000e+04
   0.0000000e+00   0.0000000e+00   5.9383512e+03   1.2718000e+04
   0.0000000e+00   0.0000000e+00   5.9353024e+03   1.2825000e+04
   0.0000000e+00   0.0000000e+00   5.9339815e+03   1.2888000e+04
   0.0000000e+00   0.0000000e+00   5.9226470e+03   1.2921000e+04
   0.0000000e+00   0.0000000e+00   5.8896447e+03   1.3038000e+04
   0.0000000e+00   0.0000000e+00   5.8851016e+03   1.3040000e+04
   0.0000000e+00   0.0000000e+00   5.8775125e+03   1.3115000e+04
   0.0000000e+00   0.0000000e+00   5.8347943e+03   1.3156000e+04
   0.0000000e+00   0.0000000e+00   5.8273525e+03   1.3463000e+04
   0.0000000e+00   0.0000000e+00   5.8174551e+03   1.4214000e+04
   0.0000000e+00   0.0000000e+00   5.8174040e+03   1.4263000e+04
   0.0000000e+00   0.0000000e+00   5.8121407e+03   1.4448000e+04
   0.0000000e+00   0.0000000e+00   5.8059437e+03   1.4636000e+04
   0.0000000e+00   0.0000000e+00   5.7993953e+03   1.4664000e+04
   0.0000000e+00   0.0000000e+00   5.7992560e+03   1.4859000e+04
   0.0000000e+00   0.0000000e+00   5.7841106e+03   1.4915000e+04
   0.0000000e+00   0.0000000e+00   5.7580962e+03   1.4922000e+04
   0.0000000e+00   0.0000000e+00   5.7541471e+03   1.5087000e+04
   0.0000000e+00   0.0000000e+00   5.7359043e+03   1.5307000e+04
   0.0000000e+00   0.0000000e+00   5.7358644e+03   1.5315000e+04
   0.0000000e+00   0.0000000e+00   5.7288518e+03   1.5381000e+04
   0.0000000e+00   0.0000000e+00   5.7201700e+03   1.5439000e+04
   0.0000000e+00   0.0000000e+00   5.7117506e+03   1.5487000e+04
   0.0000000e+00   0.0000000e+00   5.7041021e+03   1.5558000e+04
   0.0000000e+00   0.0000000e+00   5.7004026e+03   1.5670000e+04
   0.0000000e+00   0.0000000e+00   5.6903600e+03   1.5713000e+04
   0.0000000e+00   0.0000000e+00   5.6875647e+03   1.5792000e+04
   0.0000000e+00   0.0000000e+00   5.6790112e+03   1.5819000e+04
   0.0000000e+00   0.0000000e+00   5.6787146e+03   1.5941000e+04
   0.0000000e+00   0.0000000e+00   5.6769313e+03   1.5990000e+04
   0.0000000e+00   0.0000000e+00   5.6703515e+03   1.6067000e+04
   0.0000000e+00   0.0000000e+00   5.6692515e+03   1.6719000e+04
   0.0000000e+00   0.0000000e+00   5.6602002e+03   1.6753000e+04
   0.0000000e+00   0.0000000e+00   5.6599313e+03   1.7182000e+04
   0.0000000e+00   0.0000000e+00   5.6512592e+03   1.7183000e+04
   0.0000000e+00   0.0000000e+00   5.6450296e+03   1.7329000e+04
   0.0000000e+00   0.0000000e+00   5.6324212e+03   1.7410000e+04
   0.0000000e+00   0.0000000e+00   5.6194553e+03   1.7937000e+04
   0.0000000e+00   0.0000000e+00   5.6155083e+03   1.8296000e+04
   0.0000000e+00   0.0000000e+00   5.6131491e+03   1.8416000e+04
   0.0000000e+00   0.0000000e+00   5.5976149e+03   1.8424000e+04
   0.0000000e+00   0.0000000e+00   5.5925439e+03   1.8447000e+04
   0.0000000e+00   0.0000000e+00   5.5884464e+03   1.8497000e+04
   0.0000000e+00   0.0000000e+00   5.5748359e+03   1.8553000e+04
   0.0000000e+00   0.0000000e+00   5.5432792e+03   1.8799000e+04
   0.0000000e+00   0.0000000e+00   5.5123952e+03   1.8807000e+04
   0.0000000e+00   0.0000000e+00   5.5110701e+03   1.8981000e+04
   0.0000000e+00   0.0000000e+00   5.4917655e+03   1.9019000e+04
   0.0000000e+00   0.0000000e+00   5.4875082e+03   1.9036000e+04
   0.0000000e+00   0.0000000e+00   5.4843737e+03   1.9047000e+04
   0.0000000e+00   0.0000000e+00   5.4748883e+03   1.9156000e+04
   0.0000000e+00   0.0000000e+00   5.4615672e+03   1.9177000e+04
   0.0000000e+00   0.0000000e+00   5.4518516e+03   1.9362000e+04
   0.0000000e+00   0.0000000e+00   5.4507036e+03   1.9397000e+04
   0.0000000e+00   0.0000000e+00   5.4486340e+03   1.9684000e+04
   0.0000000e+00   0.0000000e+00   5.4407627e+03   1.9906000e+04
   0.0000000e+00   0.0000000e+00   5.4365667e+03   1.9978000e+04
   0.0000000e+00   0.0000000e+00   5.4364757e+03   2.0180000e+04
   0.0000000e+00   0.0000000e+00   5.4298939e+03   2.0235000e+04
   0.0000000e+00   0.0000000e+00   5.4116885e+03   2.0323000e+04
   0.0000000e+00   0.0000000e+00   5.4113965e+03   2.0396000e+04
   0.0000000e+00   0.0000000e+00   5.4107291e+03   2.0494000e+04
   0.0000000e+00   0.0000000e+00   5.3997181e+03   2.0575000e+04
   0.0000000e+00   0.0000000e+00   5.3896595e+03   2.0706000e+04
   0.0000000e+00   0.0000000e+00   5.3868568e+03   2.2684000e+04
   0.0000000e+00   0.0000000e+00   5.3868568e+03   2.3234000e+04
   0.0000000e+00   0.0000000e+00   5.3824655e+03   2.3553000e+04
   0.0000000e+00   0.0000000e+00   5.3800890e+03   2.3577000e+04
   0.0000000e+00   0.0000000e+00   5.3782479e+03   2.3957000e+04
   0.0000000e+00   0.0000000e+00   5.3774869e+03   2.4056000e+04
   0.0000000e+00   0.0000000e+00   5.3760323e+03   2.5103000e+04
   0.0000000e+00   0.0000000e+00   5.3731235e+03   2.6001000e+04
   0.0000000e+00   0.0000000e+00   5.3698768e+03   2.7500000e+04
   0.0000000e+00   0.0000000e+00   5.3698768e+03   2.7710000e+04
   0.0000000e+00   0.0000000e+00   5.3698768e+03   2.8166000e+04
   0.0000000e+00   0.0000000e+00   5.3640733e+03   2.8974000e+04
   0.0000000e+00   0.0000000e+00   5.3612936e+03   2.9545000e+04
   0.0000000e+00   0.0000000e+00   5.3612936e+03   2.9830000e+04
   0.0000000e+00   0.0000000e+00   5.3566614e+03   2.9999000e+04
   0.0000000e+00   0.0000000e+00   5.3417945e+03   3.0227000e+04
   0.0000000e+00   0.0000000e+00   5.3295313e+03   3.0629000e+04
   0.0000000e+00   0.0000000e+00   5.3268104e+03   3.1466000e+04
   0.0000000e+00   0.0000000e+00   5.3268104e+03   3.2193000e+04
   0.0000000e+00   0.0000000e+00   5.3166980e+03   3.2738000e+04
   0.0000000e+00   0.0000000e+00   5.3166980e+03   3.3057000e+04
   0.0000000e+00   0.0000000e+00   5.3127941e+03   3.3431000e+04
   0.0000000e+00   0.0000000e+00   5.3120136e+03   3.4160000e+04
   0.0000000e+00   0.0000000e+00   5.3117000e+03   3.7375000e+04
   0.0000000e+00   0.0000000e+00   5.3117000e+03   4.0051000e+04
   0.0000000e+00   0.0000000e+00   5.3106612e+03   4.1201000e+04
   0.0000000e+00   0.0000000e+00   5.3095036e+03   4.1354000e+04
   0.0000000e+00   0.0000000e+00   5.3043724e+03   4.1534000e+04
   0.0000000e+00   0.0000000e+00   5.3025141e+03   4.1672000e+04
   0.0000000e+00   0.0000000e+00   5.3025141e+03   4.1773000e+04
   0.0000000e+00   0.0000000e+00   5.3010595e+03   4.2027000e+04
   0.0000000e+00   0.0000000e+00   5.3008663e+03   4.2742000e+04
   0.0000000e+00   0.0000000e+00   5.2999177e+03   4.5133000e+04
   0.0000000e+00   0.0000000e+00   5.2976826e+03   4.6005000e+04
   0.0000000e+00   0.0000000e+00   5.2940060e+03   4.6333000e+04
   0.0000000e+00   0.0000000e+00   5.2940060e+03   4.6407000e+04
   0.0000000e+00   0.0000000e+00   5.2927288e+03   4.8402000e+04
   0.0000000e+00   0.0000000e+00   5.2927288e+03   4.9775000e+04
   0.0000000e+00   0.0000000e+00   5.2924747e+03   5.1035000e+04
   0.0000000e+00   0.0000000e+00   5.2903489e+03   5.1673000e+04
   0.0000000e+00   0.0000000e+00   5.2852779e+03   5.2300000e+04
   0.0000000e+00   0.0000000e+00   5.2852779e+03   5.3128000e+04
   0.0000000e+00   0.0000000e+00   5.2852779e+03   5.3179000e+04
   0.0000000e+00   0.0000000e+00   5.2846016e+03   5.4193000e+04
   0.0000000e+00   0.0000000e+00   5.2846016e+03   5.4411000e+04
   0.0000000e+00   0.0000000e+00   5.2818484e+03   5.4430000e+04
   0.0000000e+00   0.0000000e+00   5.2818484e+03   5.6859000e+04
   0.0000000e+00   0.0000000e+00   5.2818484e+03   5.7072000e+04
   0.0000000e+00   0.0000000e+00   5.2808165e+03   5.8694000e+04
   0.0000000e+00   0.0000000e+00   5.2803793e+03   5.9024000e+04
   0.0000000e+00   0.0000000e+00   5.2774701e+03   6.0408000e+04
   0.0000000e+00   0.0000000e+00   5.2661737e+03   6.1315000e+04
   0.0000000e+00   0.0000000e+00   5.2661737e+03   6.2073000e+04
   0.0000000e+00   0.0000000e+00   5.2649674e+03   6.2093000e+04
   0.0000000e+00   0.0000000e+00   5.2649674e+03   6.2518000e+04
   0.0000000e+00   0.0000000e+00   5.2645280e+03   6.2638000e+04
   0.0000000e+00   0.0000000e+00   5.2641733e+03   6.3538000e+04
   0.0000000e+00   0.0000000e+00   5.2635968e+03   6.3813000e+04
   0.0000000e+00   0.0000000e+00   5.2585258e+03   6.4317000e+04
   0.0000000e+00   0.0000000e+00   5.2577797e+03   6.4797000e+04
   0.0000000e+00   0.0000000e+00   5.2577797e+03   6.4932000e+04
   0.0000000e+00   0.0000000e+00   5.2577797e+03   6.5173000e+04
   0.0000000e+00   0.0000000e+00   5.2577797e+03   6.5657000e+04
   0.0000000e+00   0.0000000e+00   5.2527088e+03   6.6130000e+04
   0.0000000e+00   0.0000000e+00   5.2512541e+03   6.6744000e+04
   0.0000000e+00   0.0000000e+00   5.2512541e+03   6.8504000e+04
   0.0000000e+00   0.0000000e+00   5.2512541e+03   7.1643000e+04
   0.0000000e+00   0.0000000e+00   5.2512541e+03   7.2136000e+04
   0.0000000e+00   0.0000000e+00   5.2512541e+03   7.3278000e+04
   0.0000000e+00   0.0000000e+00   5.2512541e+03   8.0256000e+04
   0.0000000e+00   0.0000000e+00   5.2512541e+03   8.0736000e+04
   0.0000000e+00   0.0000000e+00   5.2446640e+03   8.1418000e+04
   0.0000000e+00   0.0000000e+00   5.2353748e+03   8.3328000e+04
   0.0000000e+00   0.0000000e+00   5.2306703e+03   8.3422000e+04
   0.0000000e+00   0.0000000e+00   5.2237012e+03   8.3557000e+04
   0.0000000e+00   0.0000000e+00   5.2221238e+03   8.4895000e+04
   0.0000000e+00   0.0000000e+00   5.2187463e+03   8.5058000e+04
   0.0000000e+00   0.0000000e+00   5.2152677e+03   8.5433000e+04
   0.0000000e+00   0.0000000e+00   5.2078436e+03   8.6153000e+04
   0.0000000e+00   0.0000000e+00   5.2078436e+03   8.6228000e+04
   0.0000000e+00   0.0000000e+00   5.2047580e+03   8.7474000e+04
   0.0000000e+00   0.0000000e+00   5.1967456e+03   8.8253000e+04
   0.0000000e+00   0.0000000e+00   5.1930691e+03   8.8259000e+04
   0.0000000e+00   0.0000000e+00   5.1916145e+03   8.8262000e+04
   0.0000000e+00   0.0000000e+00   5.1916145e+03   8.8288000e+04
   0.0000000e+00   0.0000000e+00   5.1854174e+03   8.8414000e+04
   0.0000000e+00   0.0000000e+00   5.1854174e+03   8.8734000e+04
   0.0000000e+00   0.0000000e+00   5.1833646e+03   8.9588000e+04
   0.0000000e+00   0.0000000e+00   5.1779434e+03   9.0541000e+04
   0.0000000e+00   0.0000000e+00   5.1745853e+03   9.1920000e+04
   0.0000000e+00   0.0000000e+00   5.1691642e+03   9.2375000e+04
   0.0000000e+00   0.0000000e+00   5.1691642e+03   9.3558000e+04
   0.0000000e+00   0.0000000e+00   5.1691642e+03   9.4023000e+04
   0.0000000e+00   0.0000000e+00   5.1688393e+03   9.5369000e+04
   0.0000000e+00   0.0000000e+00   5.1688393e+03   9.7692000e+04
   0.0000000e+00   0.0000000e+00   5.1682036e+03   9.8135000e+04
   0.0000000e+00   0.0000000e+00   5.1680756e+03   9.8828000e+04
   0.0000000e+00   0.0000000e+00   5.1650440e+03   1.0088800e+05
   0.0000000e+00   0.0000000e+00   5.1650440e+03   1.0108600e+05
   0.0000000e+00   0.0000000e+00   5.1650440e+03   1.0169200e+05
   0.0000000e+00   0.0000000e+00   5.1650440e+03   1.0188100e+05
   0.0000000e+00   0.0000000e+00   5.1566349e+03   1.0217100e+05
   0.0000000e+00   0.0000000e+00   5.1489963e+03   1.0232000e+05
   0.0000000e+00   0.0000000e+00   5.1460871e+03   1.0460400e+05
   0.0000000e+00   0.0000000e+00   5.1460871e+03   1.0611700e+05
   0.0000000e+00   0.0000000e+00   5.1460871e+03   1.0819800e+05
   0.0000000e+00   0.0000000e+00   5.1460871e+03   1.0831200e+05
   0.0000000e+00   0.0000000e+00   5.1441837e+03   1.0923000e+05
   0.0000000e+00   0.0000000e+00   5.1441837e+03   1.0987800e+05
   0.0000000e+00   0.0000000e+00   5.1441837e+03   1.1008400e+05
   0.0000000e+00   0.0000000e+00   5.1438898e+03   1.1125500e+05
   0.0000000e+00   0.0000000e+00   5.1438898e+03   1.1138100e+05
   0.0000000e+00   0.0000000e+00   5.1433309e+03   1.1213900e+05
   0.0000000e+00   0.0000000e+00   5.1418763e+03   1.1214100e+05
   0.0000000e+00   0.0000000e+00   5.1410958e+03   1.1230300e+05
   0.0000000e+00   0.0000000e+00   5.1410958e+03   1.1298900e+05
   0.0000000e+00   0.0000000e+00   5.1396412e+03   1.1349200e+05
   0.0000000e+00   0.0000000e+00   5.1387356e+03   1.1413900e+05
   0.0000000e+00   0.0000000e+00   5.1387356e+03   1.1485600e+05
   0.0000000e+00   0.0000000e+00   5.1387356e+03   1.1561200e+05
   0.0000000e+00   0.0000000e+00   5.1387356e+03   1.1860200e+05
   0.0000000e+00   0.0000000e+00   5.1387356e+03   1.2117300e+05
   0.0000000e+00   0.0000000e+00   5.1387356e+03   1.2122900e+05
   0.0000000e+00   0.0000000e+00   5.1387356e+03   1.2197100e+05
   0.0000000e+00   0.0000000e+00   5.1387356e+03   1.2294800e+05
   0.0000000e+00   0.0000000e+00   5.1387356e+03   1.2349700e+05
   0.0000000e+00   0.0000000e+00   5.1387356e+03   1.2443000e+05
   0.0000000e+00   0.0000000e+00   5.1387356e+03   1.2636400e+05
   0.0000000e+00   0.0000000e+00   5.1372810e+03   1.2721200e+05
   0.0000000e+00   0.0000000e+00   5.1364969e+03   1.2775500e+05
   0.0000000e+00   0.0000000e+00   5.1350422e+03   1.2911600e+05
   0.0000000e+00   0.0000000e+00   5.1350422e+03   1.3053600e+05
   0.0000000e+00   0.0000000e+00   5.1350422e+03   1.3085800e+05
   0.0000000e+00   0.0000000e+00   5.1350422e+03   1.3279700e+05
   0.0000000e+00   0.0000000e+00   5.1350422e+03   1.3683400e+05
   0.0000000e+00   0.0000000e+00   5.1350422e+03   1.3854300e+05
   0.0000000e+00   0.0000000e+00   5.1350422e+03   1.4182800e+05
   0.0000000e+00   0.0000000e+00   5.1350422e+03   1.4227400e+05
   0.0000000e+00   0.0000000e+00   5.1350422e+03   1.4275000e+05
   0.0000000e+00   0.0000000e+00   5.1350422e+03   1.4496800e+05
   0.0000000e+00   0.0000000e+00   5.1350422e+03   1.4501200e+05
   0.0000000e+00   0.0000000e+00   5.1350422e+03   1.4595300e+05
   0.0000000e+00   0.0000000e+00   5.1350422e+03   1.4617800e+05
   0.0000000e+00   0.0000000e+00   5.1350422e+03   1.4738800e+05
   0.0000000e+00   0.0000000e+00   5.1350422e+03   1.5114500e+05
   0.0000000e+00   0.0000000e+00   5.1350422e+03   1.5319700e+05
   0.0000000e+00   0.0000000e+00   5.1350422e+03   1.5458300e+05
   0.0000000e+00   0.0000000e+00   5.1350422e+03   1.5652300e+05
   0.0000000e+00   0.0000000e+00   5.1350422e+03   1.5875800e+05
   0.0000000e+00   0.0000000e+00   5.1350422e+03   1.5985000e+05
   0.0000000e+00   0.0000000e+00   5.1350422e+03   1.6078900e+05
   0.0000000e+00   0.0000000e+00   5.1350422e+03   1.6158000e+05
   0.0000000e+00   0.0000000e+00   5.1350422e+03   1.6185300e+05
   0.0000000e+00   0.0000000e+00   5.1344366e+03   1.6367400e+05
   0.0000000e+00   0.0000000e+00   5.1344366e+03   1.6474000e+05
   0.0000000e+00   0.0000000e+00   5.1344366e+03   1.6486600e+05
   0.0000000e+00   0.0000000e+00   5.1344366e+03   1.6531700e+05
   0.0000000e+00   0.0000000e+00   5.1344366e+03   1.6721700e+05
   0.0000000e+00   0.0000000e+00   5.1344366e+03   1.6775000e+05
   0.0000000e+00   0.0000000e+00   5.1344366e+03   1.6822600e+05
   0.0000000e+00   0.0000000e+00   5.1344366e+03   1.6896000e+05
   0.0000000e+00   0.0000000e+00   5.1344366e+03   1.6909100e+05
   0.0000000e+00   0.0000000e+00   5.1344366e+03   1.7072200e+05
   0.0000000e+00   0.0000000e+00   5.1329820e+03   1.7132300e+05
   0.0000000e+00   0.0000000e+00   5.1329820e+03   1.7950700e+05
   0.0000000e+00   0.0000000e+00   5.1329820e+03   1.8231700e+05
   0.0000000e+00   0.0000000e+00   5.1329820e+03   1.8493100e+05
   0.0000000e+00   0.0000000e+00   5.1329820e+03   1.8561000e+05
   0.0000000e+00   0.0000000e+00   5.1320238e+03   1.8872800e+05
   0.0000000e+00   0.0000000e+00   5.1320238e+03   1.8879000e+05
   0.0000000e+00   0.0000000e+00   5.1320238e+03   1.9135300e+05
   0.0000000e+00   0.0000000e+00   5.1320238e+03   1.9181500e+05
   0.0000000e+00   0.0000000e+00   5.1320238e+03   1.9182700e+05
   0.0000000e+00   0.0000000e+00   5.1320238e+03   1.9291300e+05
   0.0000000e+00   0.0000000e+00   5.1320238e+03   1.9306000e+05
   0.0000000e+00   0.0000000e+00   5.1320238e+03   1.9421400e+05
   0.0000000e+00   0.0000000e+00   5.1320238e+03   1.9435400e+05
   0.0000000e+00   0.0000000e+00   5.1300268e+03   1.9464400e+05
   0.0000000e+00   0.0000000e+00   5.1300268e+03   1.9500900e+05
   0.0000000e+00   0.0000000e+00   5.1253508e+03   1.9527000e+05
   0.0000000e+00   0.0000000e+00   5.1219817e+03   1.9549200e+05
   0.0000000e+00   0.0000000e+00   5.1186869e+03   1.9584200e+05
   0.0000000e+00   0.0000000e+00   5.1170527e+03   1.9655200e+05
   0.0000000e+00   0.0000000e+00   5.1150392e+03   1.9700800e+05
   0.0000000e+00   0.0000000e+00   5.1135846e+03   1.9702400e+05
   0.0000000e+00   0.0000000e+00   5.1121299e+03   1.9759600e+05
   0.0000000e+00   0.0000000e+00   5.1059993e+03   1.9837500e+05
   0.0000000e+00   0.0000000e+00   5.1059993e+03   1.9867500e+05
   0.0000000e+00   0.0000000e+00   5.1059993e+03   1.9971700e+05
   0.0000000e+00   0.0000000e+00   5.1059993e+03   1.9985500e+05
