   3.6969674e+02   1.2148697e+01   1.4051781e+04   2.0000000e+00
   3.6381295e+02   1.0913878e+01   1.4077631e+04   6.0000000e+00
   3.6357626e+02   1.0704442e+01   1.4175104e+04   9.0000000e+00
   3.6242990e+02   1.0257721e+01   1.4358131e+04   1.0000000e+01
   3.5527582e+02   9.5320344e+00   1.4416175e+04   1.4000000e+01
   3.4109776e+02   9.0783990e+00   1.4472978e+04   1.6000000e+01
   3.3931753e+02   8.5737612e+00   1.4959614e+04   1.7000000e+01
   3.3723359e+02   8.3435349e+00   1.5000104e+04   1.8000000e+01
   3.1456360e+02   7.9819626e+00   1.5177246e+04   1.9000000e+01
   3.0386080e+02   7.7120110e+00   1.5317413e+04   2.0000000e+01
   2.9983766e+02   7.4845920e+00   1.5388962e+04   2.1000000e+01
   2.9309649e+02   7.1412673e+00   1.5751450e+04   2.2000000e+01
   2.9158872e+02   7.0570379e+00   1.5701935e+04   2.3000000e+01
   2.0745142e+02   2.6810674e+00   1.5705881e+04   2.4000000e+01
   2.0109667e+02   2.3835319e+00   1.5851315e+04   2.7000000e+01
   2.0049621e+02   2.3895908e+00   1.5895335e+04   2.9000000e+01
   2.0006410e+02   2.4217864e+00   1.5819673e+04   3.2000000e+01
   1.9988662e+02   2.4272508e+00   1.5734943e+04   3.3000000e+01
   1.9700669e+02   2.4259536e+00   1.5616447e+04   3.4000000e+01
   1.9263010e+02   2.3888491e+00   1.5542421e+04   3.7000000e+01
   1.9229202e+02   2.4598893e+00   1.5424445e+04   3.9000000e+01
   1.9199682e+02   2.4202859e+00   1.5447377e+04   4.7000000e+01
   1.9106683e+02   2.4282301e+00   1.5439448e+04   5.0000000e+01
   1.8928011e+02   2.0648318e+00   1.6262190e+04   5.1000000e+01
   1.8839361e+02   2.0332053e+00   1.6422761e+04   5.3000000e+01
   1.8059746e+02   1.2189160e+00   1.6404281e+04   5.5000000e+01
   1.7981336e+02   1.2330551e+00   1.6243584e+04   5.9000000e+01
   1.7454767e+02   1.1029675e+00   1.6733718e+04   6.1000000e+01
   1.5520890e+02   5.6522216e-01   1.6974029e+04   6.2000000e+01
   1.5142960e+02   5.5691425e-01   1.7317543e+04   6.4000000e+01
   1.5069477e+02   5.4619985e-01   1.7357256e+04   6.6000000e+01
   1.4918714e+02   4.6586886e-01   1.7166037e+04   6.7000000e+01
   1.3834570e+02   3.6260693e-01   1.7283370e+04   6.8000000e+01
   1.3748688e+02   3.5289960e-01   1.7316436e+04   6.9000000e+01
   1.3701441e+02   3.5022522e-01   1.7341156e+04   7.0000000e+01
   1.3022171e+02   3.5418634e-01   1.7288627e+04   7.1000000e+01
   1.2958755e+02   3.5018095e-01   1.7290454e+04   7.2000000e+01
   1.2898920e+02   3.4969320e-01   1.7129177e+04   7.5000000e+01
   1.2397180e+02   3.1361692e-01   1.7205627e+04   7.7000000e+01
   1.2315430e+02   3.3083205e-01   1.7183359e+04   8.8000000e+01
   1.2095051e+02   3.7104016e-01   1.7067325e+04   9.1000000e+01
   1.2091231e+02   3.7730959e-01   1.6968167e+04   9.2000000e+01
   1.2045189e+02   4.0943892e-01   1.6682883e+04   9.3000000e+01
   1.1500158e+02   3.0602024e-01   1.6729960e+04   9.4000000e+01
   1.1328374e+02   2.9277569e-01   1.7001271e+04   9.5000000e+01
   1.1314457e+02   2.9015273e-01   1.6909949e+04   9.6000000e+01
   1.1028586e+02   2.8846344e-01   1.6821664e+04   9.8000000e+01
   1.1027685e+02   2.8709104e-01   1.6891588e+04   1.0000000e+02
   1.0891828e+02   2.6972212e-01   1.6840400e+04   1.0600000e+02
   1.0794892e+02   2.2859574e-01   1.7218729e+04   1.0700000e+02
   1.0611995e+02   2.3164848e-01   1.7621040e+04   1.0900000e+02
   1.0399374e+02   2.2387655e-01   1.7528766e+04   1.1000000e+02
   1.0050804e+02   2.1765823e-01   1.7380028e+04   1.1600000e+02
   9.6607183e+01   2.1171836e-01   1.7444073e+04   1.1700000e+02
   9.1796663e+01   2.0534968e-01   1.7390341e+04   1.1900000e+02
   8.1685124e+01   1.3798675e-01   1.7382404e+04   1.2300000e+02
   7.9871486e+01   1.2676891e-01   1.7364358e+04   1.2400000e+02
   7.9450396e+01   1.2403582e-01   1.7833522e+04   1.2500000e+02
   7.9397649e+01   1.3097681e-01   1.7778318e+04   1.2900000e+02
   7.8617617e+01   1.3136283e-01   1.7910837e+04   1.3000000e+02
   7.7311247e+01   1.1830884e-01   1.7877660e+04   1.3100000e+02
   7.7183135e+01   1.1689115e-01   1.8012957e+04   1.3200000e+02
   7.6130404e+01   9.8216076e-02   1.8006071e+04   1.3300000e+02
   7.5511660e+01   9.9723964e-02   1.7958115e+04   1.3700000e+02
   7.4826012e+01   1.0159443e-01   1.7693937e+04   1.3800000e+02
   7.4182259e+01   1.0177071e-01   1.7613524e+04   1.3900000e+02
   7.1448852e+01   1.0066199e-01   1.8035811e+04   1.4300000e+02
   7.0641030e+01   9.1986976e-02   1.8150438e+04   1.5000000e+02
   7.0466150e+01   9.2389166e-02   1.8123033e+04   1.5100000e+02
   7.0019368e+01   8.9205592e-02   1.8489514e+04   1.5400000e+02
   6.9408504e+01   8.5948065e-02   1.8637906e+04   1.5500000e+02
   6.8904241e+01   0.0000000e+00   1.8840641e+04   1.5600000e+02
   6.7088518e+01   0.0000000e+00   1.8964918e+04   1.5900000e+02
   6.5973447e+01   0.0000000e+00   1.9333617e+04   1.6000000e+02
   6.5839047e+01   0.0000000e+00   1.9268887e+04   1.6500000e+02
   6.1955369e+01   0.0000000e+00   1.9520229e+04   1.6700000e+02
   6.1487250e+01   2.1700944e-02   1.9151765e+04   1.6800000e+02
   6.1345256e+01   1.7710269e-02   1.9157312e+04   1.6900000e+02
   6.1070719e+01   1.7592326e-02   1.9067997e+04   1.7500000e+02
   6.0662526e+01   1.6418602e-02   1.9497683e+04   1.7900000e+02
   5.7609371e+01   0.0000000e+00   1.9716595e+04   1.8000000e+02
   5.7597939e+01   0.0000000e+00   1.9795995e+04   1.8500000e+02
   5.4157096e+01   0.0000000e+00   1.9859095e+04   1.8900000e+02
   5.4064712e+01   0.0000000e+00   1.9862406e+04   1.9200000e+02
   5.3747795e+01   0.0000000e+00   1.9685496e+04   1.9400000e+02
   5.3697895e+01   0.0000000e+00   1.9814833e+04   1.9600000e+02
   5.1927271e+01   0.0000000e+00   2.0238969e+04   1.9700000e+02
   4.0122195e+01   0.0000000e+00   2.0518901e+04   1.9900000e+02
   4.0006520e+01   0.0000000e+00   2.0444314e+04   2.0000000e+02
   3.8606007e+01   0.0000000e+00   2.0526443e+04   2.0200000e+02
   3.8299645e+01   0.0000000e+00   2.0950752e+04   2.0500000e+02
   3.6202441e+01   0.0000000e+00   2.0747943e+04   2.0700000e+02
   3.6078558e+01   0.0000000e+00   2.0605238e+04   2.0800000e+02
   3.6027906e+01   0.0000000e+00   2.1024168e+04   2.1100000e+02
   3.5783826e+01   0.0000000e+00   2.0737824e+04   2.1700000e+02
   3.5682579e+01   0.0000000e+00   2.0736143e+04   2.1900000e+02
   3.1557842e+01   0.0000000e+00   2.1048092e+04   2.2200000e+02
   3.0310269e+01   0.0000000e+00   2.1185617e+04   2.2400000e+02
   3.0284335e+01   0.0000000e+00   2.1165385e+04   2.2800000e+02
   2.9446260e+01   0.0000000e+00   2.1416549e+04   2.3600000e+02
   2.8928139e+01   0.0000000e+00   2.1357758e+04   2.4000000e+02
   2.8705230e+01   0.0000000e+00   2.0814693e+04   2.4100000e+02
   2.8433602e+01   0.0000000e+00   2.0547724e+04   2.4200000e+02
   2.8171773e+01   0.0000000e+00   2.0317747e+04   2.4300000e+02
   2.7604543e+01   0.0000000e+00   2.0840314e+04   2.4400000e+02
   2.6796648e+01   0.0000000e+00   2.1073915e+04   2.5100000e+02
   2.6720763e+01   0.0000000e+00   2.1035115e+04   2.5200000e+02
   2.6162369e+01   0.0000000e+00   2.1013523e+04   2.5400000e+02
   2.4886367e+01   0.0000000e+00   2.1260443e+04   2.5500000e+02
   2.4809103e+01   0.0000000e+00   2.1084994e+04   2.5600000e+02
   2.4506677e+01   0.0000000e+00   2.1387172e+04   2.5700000e+02
   2.4376770e+01   0.0000000e+00   2.1453371e+04   2.5800000e+02
   2.4296925e+01   0.0000000e+00   2.1505728e+04   2.5900000e+02
   2.3899259e+01   0.0000000e+00   2.1200029e+04   2.6200000e+02
   2.3612123e+01   0.0000000e+00   2.0986238e+04   2.6300000e+02
   2.3029195e+01   0.0000000e+00   2.0832032e+04   2.6700000e+02
   2.0565921e+01   0.0000000e+00   2.1222005e+04   2.7500000e+02
   2.0396607e+01   0.0000000e+00   2.1475033e+04   2.7800000e+02
   2.0161999e+01   0.0000000e+00   2.1312130e+04   2.8000000e+02
   2.0086859e+01   0.0000000e+00   2.1425413e+04   2.8100000e+02
   1.9862001e+01   0.0000000e+00   2.1236607e+04   2.8300000e+02
   1.8816664e+01   0.0000000e+00   2.1072682e+04   2.8700000e+02
   1.8578702e+01   0.0000000e+00   2.0985279e+04   2.9000000e+02
   1.6009961e+01   0.0000000e+00   2.1120982e+04   2.9100000e+02
   1.5494796e+01   0.0000000e+00   2.1550476e+04   2.9200000e+02
   1.5257414e+01   0.0000000e+00   2.1428434e+04   2.9400000e+02
   1.5181701e+01   0.0000000e+00   2.1330303e+04   2.9600000e+02
   1.5163066e+01   0.0000000e+00   2.1555688e+04   2.9900000e+02
   1.4850600e+01   0.0000000e+00   2.1452372e+04   3.0000000e+02
   9.1948056e+00   0.0000000e+00   2.1498833e+04   3.0300000e+02
   9.1053021e+00   0.0000000e+00   2.1756926e+04   3.0700000e+02
   8.7140515e+00   0.0000000e+00   2.1631544e+04   3.0900000e+02
   8.7101145e+00   0.0000000e+00   2.1675177e+04   3.1000000e+02
   8.6581418e+00   0.0000000e+00   2.1662017e+04   3.1200000e+02
   8.4083805e+00   0.0000000e+00   2.1745945e+04   3.1300000e+02
   8.2547327e+00   0.0000000e+00   2.1746896e+04   3.1400000e+02
   8.1879677e+00   0.0000000e+00   2.1810652e+04   3.1900000e+02
   8.1812755e+00   0.0000000e+00   2.1704485e+04   3.2300000e+02
   7.7493691e+00   0.0000000e+00   2.1771084e+04   3.2400000e+02
   6.3354969e+00   0.0000000e+00   2.1701806e+04   3.2800000e+02
   6.3197166e+00   0.0000000e+00   2.1420834e+04   3.2900000e+02
   6.3068950e+00   0.0000000e+00   2.1629178e+04   3.3200000e+02
   6.3067866e+00   0.0000000e+00   2.1584427e+04   3.3400000e+02
   6.2323723e+00   0.0000000e+00   2.1830802e+04   3.3900000e+02
   6.1545102e+00   0.0000000e+00   2.1966521e+04   3.4000000e+02
   5.8997152e+00   0.0000000e+00   2.2319045e+04   3.4100000e+02
   5.7891755e+00   0.0000000e+00   2.2471854e+04   3.4300000e+02
   5.7398517e+00   0.0000000e+00   2.2564500e+04   3.4900000e+02
   5.5825512e+00   0.0000000e+00   2.2983648e+04   3.5000000e+02
   5.5814450e+00   0.0000000e+00   2.2669319e+04   3.5200000e+02
   2.9601104e+00   0.0000000e+00   2.3243119e+04   3.5400000e+02
   2.8509654e+00   0.0000000e+00   2.3522323e+04   3.5500000e+02
   2.7804042e+00   0.0000000e+00   2.3634934e+04   3.5800000e+02
   2.6684180e+00   0.0000000e+00   2.3790582e+04   3.6000000e+02
   1.6797634e+00   0.0000000e+00   2.3946613e+04   3.6800000e+02
   1.6596751e+00   0.0000000e+00   2.3879985e+04   3.7000000e+02
   1.6263402e+00   0.0000000e+00   2.4020150e+04   3.7700000e+02
   1.6206448e+00   0.0000000e+00   2.3756329e+04   3.7800000e+02
   1.2341991e+00   0.0000000e+00   2.3494812e+04   3.8900000e+02
   1.1398509e+00   0.0000000e+00   2.3861165e+04   3.9100000e+02
   1.1261134e+00   0.0000000e+00   2.3765227e+04   4.0400000e+02
   1.1250448e+00   0.0000000e+00   2.3568300e+04   4.0500000e+02
   1.1068774e+00   0.0000000e+00   2.3406592e+04   4.0800000e+02
   1.0993937e+00   0.0000000e+00   2.3443164e+04   4.1100000e+02
   1.0386275e+00   0.0000000e+00   2.3535611e+04   4.1700000e+02
   8.8879889e-01   0.0000000e+00   2.3995948e+04   4.2000000e+02
   6.7900862e-01   0.0000000e+00   2.4227938e+04   4.2200000e+02
   6.0512022e-01   0.0000000e+00   2.3952124e+04   4.2300000e+02
   5.9755155e-01   0.0000000e+00   2.4113535e+04   4.2600000e+02
   4.1599527e-01   0.0000000e+00   2.3793275e+04   4.2800000e+02
   3.5623179e-01   0.0000000e+00   2.3551657e+04   4.3000000e+02
   2.0951421e-01   0.0000000e+00   2.3722479e+04   4.3200000e+02
   1.9838418e-01   0.0000000e+00   2.3656985e+04   4.3300000e+02
   8.2946912e-02   0.0000000e+00   2.3596645e+04   4.3400000e+02
   4.9264333e-02   0.0000000e+00   2.3610812e+04   4.3500000e+02
   3.3400366e-02   0.0000000e+00   2.3394334e+04   4.3600000e+02
   0.0000000e+00   0.0000000e+00   2.3317295e+04   4.4300000e+02
   0.0000000e+00   0.0000000e+00   2.3111436e+04   4.4600000e+02
   0.0000000e+00   0.0000000e+00   2.3016329e+04   4.4700000e+02
   0.0000000e+00   0.0000000e+00   2.2801457e+04   4.5200000e+02
   0.0000000e+00   0.0000000e+00   2.2743038e+04   4.5400000e+02
   0.0000000e+00   0.0000000e+00   2.2681594e+04   4.7100000e+02
   0.0000000e+00   0.0000000e+00   2.2476739e+04   4.7200000e+02
   0.0000000e+00   0.0000000e+00   2.2309938e+04   4.7700000e+02
   0.0000000e+00   0.0000000e+00   2.2053575e+04   4.8200000e+02
   0.0000000e+00   0.0000000e+00   2.1823703e+04   4.8700000e+02
   0.0000000e+00   0.0000000e+00   2.1690769e+04   4.8900000e+02
   0.0000000e+00   0.0000000e+00   2.1679570e+04   4.9400000e+02
   0.0000000e+00   0.0000000e+00   2.1583733e+04   4.9900000e+02
   0.0000000e+00   0.0000000e+00   2.1551230e+04   5.0500000e+02
   0.0000000e+00   0.0000000e+00   2.1374305e+04   5.0700000e+02
   0.0000000e+00   0.0000000e+00   2.1164512e+04   5.0800000e+02
   0.0000000e+00   0.0000000e+00   2.0883899e+04   5.1100000e+02
   0.0000000e+00   0.0000000e+00   2.0615270e+04   5.1200000e+02
   0.0000000e+00   0.0000000e+00   2.0485943e+04   5.1500000e+02
   0.0000000e+00   0.0000000e+00   2.0280448e+04   5.1700000e+02
   0.0000000e+00   0.0000000e+00   1.9950444e+04   5.2000000e+02
   0.0000000e+00   0.0000000e+00   1.9824704e+04   5.2400000e+02
   0.0000000e+00   0.0000000e+00   1.9816673e+04   5.2800000e+02
   0.0000000e+00   0.0000000e+00   1.9796758e+04   5.2900000e+02
   0.0000000e+00   0.0000000e+00   1.9702127e+04   5.3100000e+02
   0.0000000e+00   0.0000000e+00   1.9574949e+04   5.3200000e+02
   0.0000000e+00   0.0000000e+00   1.9494142e+04   5.3700000e+02
   0.0000000e+00   0.0000000e+00   1.9421294e+04   5.4200000e+02
   0.0000000e+00   0.0000000e+00   1.9349500e+04   5.5800000e+02
   0.0000000e+00   0.0000000e+00   1.9041040e+04   5.7500000e+02
   0.0000000e+00   0.0000000e+00   1.8976541e+04   5.7800000e+02
   0.0000000e+00   0.0000000e+00   1.8894968e+04   5.7900000e+02
   0.0000000e+00   0.0000000e+00   1.8878173e+04   5.9300000e+02
   0.0000000e+00   0.0000000e+00   1.8728613e+04   5.9400000e+02
   0.0000000e+00   0.0000000e+00   1.8416877e+04   6.0000000e+02
   0.0000000e+00   0.0000000e+00   1.8235321e+04   6.1000000e+02
   0.0000000e+00   0.0000000e+00   1.8165826e+04   6.1100000e+02
   0.0000000e+00   0.0000000e+00   1.8129892e+04   6.1500000e+02
   0.0000000e+00   0.0000000e+00   1.7994494e+04   6.1700000e+02
   0.0000000e+00   0.0000000e+00   1.7813869e+04   6.2200000e+02
   0.0000000e+00   0.0000000e+00   1.7770768e+04   6.2600000e+02
   0.0000000e+00   0.0000000e+00   1.7685177e+04   6.2700000e+02
   0.0000000e+00   0.0000000e+00   1.7490467e+04   6.2900000e+02
   0.0000000e+00   0.0000000e+00   1.7400176e+04   6.3800000e+02
   0.0000000e+00   0.0000000e+00   1.7299342e+04   6.3900000e+02
   0.0000000e+00   0.0000000e+00   1.7274530e+04   6.4200000e+02
   0.0000000e+00   0.0000000e+00   1.7248086e+04   6.5300000e+02
   0.0000000e+00   0.0000000e+00   1.7064090e+04   6.5600000e+02
   0.0000000e+00   0.0000000e+00   1.6784238e+04   6.6000000e+02
   0.0000000e+00   0.0000000e+00   1.6613299e+04   6.6300000e+02
   0.0000000e+00   0.0000000e+00   1.6455009e+04   6.6500000e+02
   0.0000000e+00   0.0000000e+00   1.6362585e+04   6.7000000e+02
   0.0000000e+00   0.0000000e+00   1.6147603e+04   6.7800000e+02
   0.0000000e+00   0.0000000e+00   1.6084296e+04   6.8200000e+02
   0.0000000e+00   0.0000000e+00   1.6061119e+04   6.8700000e+02
   0.0000000e+00   0.0000000e+00   1.5965041e+04   6.8800000e+02
   0.0000000e+00   0.0000000e+00   1.5936460e+04   6.9000000e+02
   0.0000000e+00   0.0000000e+00   1.5908089e+04   6.9500000e+02
   0.0000000e+00   0.0000000e+00   1.5884739e+04   7.0200000e+02
   0.0000000e+00   0.0000000e+00   1.5872129e+04   7.0600000e+02
   0.0000000e+00   0.0000000e+00   1.5843357e+04   7.0900000e+02
   0.0000000e+00   0.0000000e+00   1.5668915e+04   7.1000000e+02
   0.0000000e+00   0.0000000e+00   1.5591268e+04   7.1300000e+02
   0.0000000e+00   0.0000000e+00   1.5420143e+04   7.1600000e+02
   0.0000000e+00   0.0000000e+00   1.5113179e+04   7.2300000e+02
   0.0000000e+00   0.0000000e+00   1.4875285e+04   7.2400000e+02
   0.0000000e+00   0.0000000e+00   1.4765991e+04   7.3200000e+02
   0.0000000e+00   0.0000000e+00   1.4651702e+04   7.4900000e+02
   0.0000000e+00   0.0000000e+00   1.4645860e+04   7.5500000e+02
   0.0000000e+00   0.0000000e+00   1.4427728e+04   7.6100000e+02
   0.0000000e+00   0.0000000e+00   1.4140128e+04   7.6300000e+02
   0.0000000e+00   0.0000000e+00   1.4077105e+04   7.6500000e+02
   0.0000000e+00   0.0000000e+00   1.4008059e+04   7.6700000e+02
   0.0000000e+00   0.0000000e+00   1.3942401e+04   7.7000000e+02
   0.0000000e+00   0.0000000e+00   1.3917558e+04   7.8000000e+02
   0.0000000e+00   0.0000000e+00   1.3840694e+04   7.8200000e+02
   0.0000000e+00   0.0000000e+00   1.3795276e+04   7.8600000e+02
   0.0000000e+00   0.0000000e+00   1.3711643e+04   7.8900000e+02
   0.0000000e+00   0.0000000e+00   1.3644067e+04   7.9300000e+02
   0.0000000e+00   0.0000000e+00   1.3507121e+04   7.9400000e+02
   0.0000000e+00   0.0000000e+00   1.3488330e+04   8.0700000e+02
   0.0000000e+00   0.0000000e+00   1.3330749e+04   8.1800000e+02
   0.0000000e+00   0.0000000e+00   1.3294730e+04   8.2800000e+02
   0.0000000e+00   0.0000000e+00   1.3229033e+04   8.3000000e+02
   0.0000000e+00   0.0000000e+00   1.3015858e+04   8.4200000e+02
   0.0000000e+00   0.0000000e+00   1.2862070e+04   8.5100000e+02
   0.0000000e+00   0.0000000e+00   1.2788809e+04   8.5900000e+02
   0.0000000e+00   0.0000000e+00   1.2765818e+04   8.6700000e+02
   0.0000000e+00   0.0000000e+00   1.2745612e+04   8.6800000e+02
   0.0000000e+00   0.0000000e+00   1.2690055e+04   8.7700000e+02
   0.0000000e+00   0.0000000e+00   1.2597070e+04   8.7800000e+02
   0.0000000e+00   0.0000000e+00   1.2329470e+04   8.7900000e+02
   0.0000000e+00   0.0000000e+00   1.2172531e+04   8.8200000e+02
   0.0000000e+00   0.0000000e+00   1.2155626e+04   8.8300000e+02
   0.0000000e+00   0.0000000e+00   1.2004892e+04   8.8900000e+02
   0.0000000e+00   0.0000000e+00   1.1954615e+04   8.9700000e+02
   0.0000000e+00   0.0000000e+00   1.1873658e+04   9.1300000e+02
   0.0000000e+00   0.0000000e+00   1.1867894e+04   9.2700000e+02
   0.0000000e+00   0.0000000e+00   1.1775143e+04   9.2900000e+02
   0.0000000e+00   0.0000000e+00   1.1731066e+04   9.3200000e+02
   0.0000000e+00   0.0000000e+00   1.1715428e+04   9.4300000e+02
   0.0000000e+00   0.0000000e+00   1.1689565e+04   9.5400000e+02
   0.0000000e+00   0.0000000e+00   1.1678612e+04   9.6200000e+02
   0.0000000e+00   0.0000000e+00   1.1667937e+04   9.6400000e+02
   0.0000000e+00   0.0000000e+00   1.1574795e+04   9.7200000e+02
   0.0000000e+00   0.0000000e+00   1.1483301e+04   9.7500000e+02
   0.0000000e+00   0.0000000e+00   1.1443121e+04   9.8700000e+02
   0.0000000e+00   0.0000000e+00   1.1388002e+04   9.8800000e+02
   0.0000000e+00   0.0000000e+00   1.1336262e+04   9.9100000e+02
   0.0000000e+00   0.0000000e+00   1.1248420e+04   9.9600000e+02
   0.0000000e+00   0.0000000e+00   1.1247916e+04   1.0070000e+03
   0.0000000e+00   0.0000000e+00   1.1211260e+04   1.0140000e+03
   0.0000000e+00   0.0000000e+00   1.0993409e+04   1.0250000e+03
   0.0000000e+00   0.0000000e+00   1.0955003e+04   1.0400000e+03
   0.0000000e+00   0.0000000e+00   1.0929967e+04   1.0630000e+03
   0.0000000e+00   0.0000000e+00   1.0867067e+04   1.0690000e+03
   0.0000000e+00   0.0000000e+00   1.0823785e+04   1.0710000e+03
   0.0000000e+00   0.0000000e+00   1.0808158e+04   1.0790000e+03
   0.0000000e+00   0.0000000e+00   1.0762763e+04   1.0880000e+03
   0.0000000e+00   0.0000000e+00   1.0748478e+04   1.0910000e+03
   0.0000000e+00   0.0000000e+00   1.0683532e+04   1.0920000e+03
   0.0000000e+00   0.0000000e+00   1.0604393e+04   1.0980000e+03
   0.0000000e+00   0.0000000e+00   1.0593047e+04   1.1060000e+03
   0.0000000e+00   0.0000000e+00   1.0453682e+04   1.1070000e+03
   0.0000000e+00   0.0000000e+00   1.0449279e+04   1.1080000e+03
   0.0000000e+00   0.0000000e+00   1.0418599e+04   1.1260000e+03
   0.0000000e+00   0.0000000e+00   1.0309224e+04   1.1420000e+03
   0.0000000e+00   0.0000000e+00   1.0301932e+04   1.1510000e+03
   0.0000000e+00   0.0000000e+00   1.0286903e+04   1.1720000e+03
   0.0000000e+00   0.0000000e+00   1.0112556e+04   1.1900000e+03
   0.0000000e+00   0.0000000e+00   1.0110340e+04   1.1960000e+03
   0.0000000e+00   0.0000000e+00   9.9526166e+03   1.1990000e+03
   0.0000000e+00   0.0000000e+00   9.9118031e+03   1.2010000e+03
   0.0000000e+00   0.0000000e+00   9.8859754e+03   1.2310000e+03
   0.0000000e+00   0.0000000e+00   9.8823479e+03   1.2340000e+03
   0.0000000e+00   0.0000000e+00   9.8814492e+03   1.2430000e+03
   0.0000000e+00   0.0000000e+00   9.8596854e+03   1.2540000e+03
   0.0000000e+00   0.0000000e+00   9.7866870e+03   1.2630000e+03
   0.0000000e+00   0.0000000e+00   9.7792936e+03   1.2710000e+03
   0.0000000e+00   0.0000000e+00   9.7682805e+03   1.2730000e+03
   0.0000000e+00   0.0000000e+00   9.5894430e+03   1.2750000e+03
   0.0000000e+00   0.0000000e+00   9.5552894e+03   1.2840000e+03
   0.0000000e+00   0.0000000e+00   9.5204745e+03   1.2900000e+03
   0.0000000e+00   0.0000000e+00   9.4968315e+03   1.2910000e+03
   0.0000000e+00   0.0000000e+00   9.4586096e+03   1.2920000e+03
   0.0000000e+00   0.0000000e+00   9.4371894e+03   1.2970000e+03
   0.0000000e+00   0.0000000e+00   9.4223201e+03   1.3020000e+03
   0.0000000e+00   0.0000000e+00   9.3565092e+03   1.3070000e+03
   0.0000000e+00   0.0000000e+00   9.3283396e+03   1.3170000e+03
   0.0000000e+00   0.0000000e+00   9.2298929e+03   1.3200000e+03
   0.0000000e+00   0.0000000e+00   9.1786895e+03   1.3360000e+03
   0.0000000e+00   0.0000000e+00   9.1346953e+03   1.3380000e+03
   0.0000000e+00   0.0000000e+00   9.1056648e+03   1.3460000e+03
   0.0000000e+00   0.0000000e+00   9.0945344e+03   1.3490000e+03
   0.0000000e+00   0.0000000e+00   9.0740231e+03   1.3630000e+03
   0.0000000e+00   0.0000000e+00   9.0045141e+03   1.3650000e+03
   0.0000000e+00   0.0000000e+00   8.9972391e+03   1.3720000e+03
   0.0000000e+00   0.0000000e+00   8.9908379e+03   1.3930000e+03
   0.0000000e+00   0.0000000e+00   8.9538414e+03   1.3960000e+03
   0.0000000e+00   0.0000000e+00   8.9078096e+03   1.4190000e+03
   0.0000000e+00   0.0000000e+00   8.9043913e+03   1.4230000e+03
   0.0000000e+00   0.0000000e+00   8.8218338e+03   1.4270000e+03
   0.0000000e+00   0.0000000e+00   8.7731809e+03   1.4460000e+03
   0.0000000e+00   0.0000000e+00   8.7425473e+03   1.4590000e+03
   0.0000000e+00   0.0000000e+00   8.7325124e+03   1.4760000e+03
   0.0000000e+00   0.0000000e+00   8.6999936e+03   1.4800000e+03
   0.0000000e+00   0.0000000e+00   8.6772345e+03   1.5130000e+03
   0.0000000e+00   0.0000000e+00   8.4427978e+03   1.5540000e+03
   0.0000000e+00   0.0000000e+00   8.3989464e+03   1.5580000e+03
   0.0000000e+00   0.0000000e+00   8.3980501e+03   1.5790000e+03
   0.0000000e+00   0.0000000e+00   8.3863535e+03   1.5910000e+03
   0.0000000e+00   0.0000000e+00   8.3604728e+03   1.6350000e+03
   0.0000000e+00   0.0000000e+00   8.3527970e+03   1.6360000e+03
   0.0000000e+00   0.0000000e+00   8.3220899e+03   1.6370000e+03
   0.0000000e+00   0.0000000e+00   8.2822465e+03   1.6420000e+03
   0.0000000e+00   0.0000000e+00   8.2375735e+03   1.6430000e+03
   0.0000000e+00   0.0000000e+00   8.2286545e+03   1.6490000e+03
   0.0000000e+00   0.0000000e+00   8.2047707e+03   1.6530000e+03
   0.0000000e+00   0.0000000e+00   8.1754116e+03   1.6580000e+03
   0.0000000e+00   0.0000000e+00   8.1708241e+03   1.6850000e+03
   0.0000000e+00   0.0000000e+00   8.0989413e+03   1.7010000e+03
   0.0000000e+00   0.0000000e+00   8.0495643e+03   1.7250000e+03
   0.0000000e+00   0.0000000e+00   8.0468939e+03   1.7410000e+03
   0.0000000e+00   0.0000000e+00   8.0228788e+03   1.7470000e+03
   0.0000000e+00   0.0000000e+00   7.9986197e+03   1.7610000e+03
   0.0000000e+00   0.0000000e+00   7.9602554e+03   1.7640000e+03
   0.0000000e+00   0.0000000e+00   7.9592967e+03   1.7870000e+03
   0.0000000e+00   0.0000000e+00   7.9444843e+03   1.7950000e+03
   0.0000000e+00   0.0000000e+00   7.9346574e+03   1.8190000e+03
   0.0000000e+00   0.0000000e+00   7.9267379e+03   1.8220000e+03
   0.0000000e+00   0.0000000e+00   7.9249271e+03   1.8650000e+03
   0.0000000e+00   0.0000000e+00   7.9123480e+03   1.8830000e+03
   0.0000000e+00   0.0000000e+00   7.8662567e+03   1.9280000e+03
   0.0000000e+00   0.0000000e+00   7.8303869e+03   1.9390000e+03
   0.0000000e+00   0.0000000e+00   7.8199740e+03   1.9820000e+03
   0.0000000e+00   0.0000000e+00   7.7754245e+03   2.0140000e+03
   0.0000000e+00   0.0000000e+00   7.7391381e+03   2.0210000e+03
   0.0000000e+00   0.0000000e+00   7.6802152e+03   2.0250000e+03
   0.0000000e+00   0.0000000e+00   7.6653406e+03   2.0280000e+03
   0.0000000e+00   0.0000000e+00   7.6420060e+03   2.0300000e+03
   0.0000000e+00   0.0000000e+00   7.6162523e+03   2.0310000e+03
   0.0000000e+00   0.0000000e+00   7.5931197e+03   2.0920000e+03
   0.0000000e+00   0.0000000e+00   7.5692019e+03   2.0990000e+03
   0.0000000e+00   0.0000000e+00   7.5449342e+03   2.1170000e+03
   0.0000000e+00   0.0000000e+00   7.5236769e+03   2.1290000e+03
   0.0000000e+00   0.0000000e+00   7.5137204e+03   2.1310000e+03
   0.0000000e+00   0.0000000e+00   7.4983158e+03   2.1420000e+03
   0.0000000e+00   0.0000000e+00   7.4968612e+03   2.1630000e+03
   0.0000000e+00   0.0000000e+00   7.4884812e+03   2.1650000e+03
   0.0000000e+00   0.0000000e+00   7.4706635e+03   2.1670000e+03
   0.0000000e+00   0.0000000e+00   7.4432643e+03   2.1900000e+03
   0.0000000e+00   0.0000000e+00   7.3938072e+03   2.1980000e+03
   0.0000000e+00   0.0000000e+00   7.3810376e+03   2.2150000e+03
   0.0000000e+00   0.0000000e+00   7.3769733e+03   2.3190000e+03
   0.0000000e+00   0.0000000e+00   7.3206267e+03   2.3320000e+03
   0.0000000e+00   0.0000000e+00   7.3155667e+03   2.3680000e+03
   0.0000000e+00   0.0000000e+00   7.2652852e+03   2.3780000e+03
   0.0000000e+00   0.0000000e+00   7.2402696e+03   2.3940000e+03
   0.0000000e+00   0.0000000e+00   7.2306017e+03   2.4090000e+03
   0.0000000e+00   0.0000000e+00   7.2219359e+03   2.4130000e+03
   0.0000000e+00   0.0000000e+00   7.2068059e+03   2.4350000e+03
   0.0000000e+00   0.0000000e+00   7.1066619e+03   2.4430000e+03
   0.0000000e+00   0.0000000e+00   7.1023146e+03   2.4450000e+03
   0.0000000e+00   0.0000000e+00   7.0840444e+03   2.4460000e+03
   0.0000000e+00   0.0000000e+00   7.0710835e+03   2.4690000e+03
   0.0000000e+00   0.0000000e+00   7.0577019e+03   2.4700000e+03
   0.0000000e+00   0.0000000e+00   7.0309566e+03   2.4720000e+03
   0.0000000e+00   0.0000000e+00   7.0067076e+03   2.4760000e+03
   0.0000000e+00   0.0000000e+00   6.9914602e+03   2.5080000e+03
   0.0000000e+00   0.0000000e+00   6.9377315e+03   2.5140000e+03
   0.0000000e+00   0.0000000e+00   6.9093737e+03   2.5260000e+03
   0.0000000e+00   0.0000000e+00   6.8712605e+03   2.5510000e+03
   0.0000000e+00   0.0000000e+00   6.8643826e+03   2.5690000e+03
   0.0000000e+00   0.0000000e+00   6.8519942e+03   2.5860000e+03
   0.0000000e+00   0.0000000e+00   6.8480441e+03   2.6410000e+03
   0.0000000e+00   0.0000000e+00   6.8450609e+03   2.6830000e+03
   0.0000000e+00   0.0000000e+00   6.8318811e+03   2.6870000e+03
   0.0000000e+00   0.0000000e+00   6.8245666e+03   2.7220000e+03
   0.0000000e+00   0.0000000e+00   6.7980643e+03   2.7550000e+03
   0.0000000e+00   0.0000000e+00   6.7921966e+03   3.1890000e+03
   0.0000000e+00   0.0000000e+00   6.7857751e+03   3.2010000e+03
   0.0000000e+00   0.0000000e+00   6.7664917e+03   3.2800000e+03
   0.0000000e+00   0.0000000e+00   6.7663883e+03   3.3070000e+03
   0.0000000e+00   0.0000000e+00   6.7623319e+03   3.3890000e+03
   0.0000000e+00   0.0000000e+00   6.7486772e+03   3.6220000e+03
   0.0000000e+00   0.0000000e+00   6.7470782e+03   3.7560000e+03
   0.0000000e+00   0.0000000e+00   6.7320430e+03   3.8120000e+03
   0.0000000e+00   0.0000000e+00   6.7312947e+03   3.9520000e+03
   0.0000000e+00   0.0000000e+00   6.6869332e+03   4.0230000e+03
   0.0000000e+00   0.0000000e+00   6.6717567e+03   4.0720000e+03
   0.0000000e+00   0.0000000e+00   6.6648565e+03   4.1050000e+03
   0.0000000e+00   0.0000000e+00   6.6487370e+03   4.1110000e+03
   0.0000000e+00   0.0000000e+00   6.6476203e+03   4.1290000e+03
   0.0000000e+00   0.0000000e+00   6.6476203e+03   4.2630000e+03
   0.0000000e+00   0.0000000e+00   6.6350182e+03   4.3180000e+03
   0.0000000e+00   0.0000000e+00   6.6246832e+03   4.3340000e+03
   0.0000000e+00   0.0000000e+00   6.6022221e+03   4.3780000e+03
   0.0000000e+00   0.0000000e+00   6.6005942e+03   4.4650000e+03
   0.0000000e+00   0.0000000e+00   6.5948966e+03   4.5010000e+03
   0.0000000e+00   0.0000000e+00   6.5579963e+03   4.5650000e+03
   0.0000000e+00   0.0000000e+00   6.5474035e+03   4.5900000e+03
   0.0000000e+00   0.0000000e+00   6.5324446e+03   4.7640000e+03
   0.0000000e+00   0.0000000e+00   6.5291915e+03   4.8170000e+03
   0.0000000e+00   0.0000000e+00   6.5184767e+03   4.8270000e+03
   0.0000000e+00   0.0000000e+00   6.5167613e+03   4.8320000e+03
   0.0000000e+00   0.0000000e+00   6.4516417e+03   4.8590000e+03
   0.0000000e+00   0.0000000e+00   6.4507996e+03   4.8600000e+03
   0.0000000e+00   0.0000000e+00   6.4376039e+03   4.8900000e+03
   0.0000000e+00   0.0000000e+00   6.4286116e+03   4.9520000e+03
   0.0000000e+00   0.0000000e+00   6.4248851e+03   4.9630000e+03
   0.0000000e+00   0.0000000e+00   6.4064577e+03   5.0030000e+03
   0.0000000e+00   0.0000000e+00   6.3869929e+03   5.0050000e+03
   0.0000000e+00   0.0000000e+00   6.3649474e+03   5.0150000e+03
   0.0000000e+00   0.0000000e+00   6.3476926e+03   5.0370000e+03
   0.0000000e+00   0.0000000e+00   6.3391674e+03   5.2030000e+03
   0.0000000e+00   0.0000000e+00   6.3295068e+03   5.2430000e+03
   0.0000000e+00   0.0000000e+00   6.3178646e+03   5.2550000e+03
   0.0000000e+00   0.0000000e+00   6.3086072e+03   5.2840000e+03
   0.0000000e+00   0.0000000e+00   6.2942370e+03   5.3310000e+03
   0.0000000e+00   0.0000000e+00   6.2931145e+03   5.3590000e+03
   0.0000000e+00   0.0000000e+00   6.2691522e+03   5.4860000e+03
   0.0000000e+00   0.0000000e+00   6.2625830e+03   5.6550000e+03
   0.0000000e+00   0.0000000e+00   6.2548790e+03   5.6910000e+03
   0.0000000e+00   0.0000000e+00   6.2430203e+03   5.7060000e+03
   0.0000000e+00   0.0000000e+00   6.2369326e+03   5.7230000e+03
   0.0000000e+00   0.0000000e+00   6.2281195e+03   5.8080000e+03
   0.0000000e+00   0.0000000e+00   6.2174492e+03   5.8440000e+03
   0.0000000e+00   0.0000000e+00   6.2029326e+03   5.9820000e+03
   0.0000000e+00   0.0000000e+00   6.1971730e+03   6.2060000e+03
   0.0000000e+00   0.0000000e+00   6.1922815e+03   6.4270000e+03
   0.0000000e+00   0.0000000e+00   6.1853927e+03   6.5010000e+03
   0.0000000e+00   0.0000000e+00   6.1682833e+03   6.6600000e+03
   0.0000000e+00   0.0000000e+00   6.1651226e+03   6.7410000e+03
   0.0000000e+00   0.0000000e+00   6.1373152e+03   7.4500000e+03
   0.0000000e+00   0.0000000e+00   6.1357043e+03   7.4580000e+03
   0.0000000e+00   0.0000000e+00   6.1340261e+03   7.6630000e+03
   0.0000000e+00   0.0000000e+00   6.1186367e+03   7.6860000e+03
   0.0000000e+00   0.0000000e+00   6.1104695e+03   7.6900000e+03
   0.0000000e+00   0.0000000e+00   6.0964637e+03   7.7360000e+03
   0.0000000e+00   0.0000000e+00   6.0907534e+03   7.8810000e+03
   0.0000000e+00   0.0000000e+00   6.0679967e+03   7.8920000e+03
   0.0000000e+00   0.0000000e+00   6.0551393e+03   7.9130000e+03
   0.0000000e+00   0.0000000e+00   6.0485738e+03   7.9380000e+03
   0.0000000e+00   0.0000000e+00   6.0384258e+03   8.1330000e+03
   0.0000000e+00   0.0000000e+00   6.0214903e+03   8.1370000e+03
   0.0000000e+00   0.0000000e+00   6.0173680e+03   8.1710000e+03
   0.0000000e+00   0.0000000e+00   5.9819073e+03   8.1840000e+03
   0.0000000e+00   0.0000000e+00   5.9694968e+03   8.1990000e+03
   0.0000000e+00   0.0000000e+00   5.9694648e+03   8.2220000e+03
   0.0000000e+00   0.0000000e+00   5.9606836e+03   8.2500000e+03
   0.0000000e+00   0.0000000e+00   5.9352010e+03   8.2510000e+03
   0.0000000e+00   0.0000000e+00   5.9162304e+03   8.3370000e+03
   0.0000000e+00   0.0000000e+00   5.9092319e+03   8.3450000e+03
   0.0000000e+00   0.0000000e+00   5.8952658e+03   8.4150000e+03
   0.0000000e+00   0.0000000e+00   5.8820995e+03   8.4320000e+03
   0.0000000e+00   0.0000000e+00   5.8782037e+03   8.5390000e+03
   0.0000000e+00   0.0000000e+00   5.8733241e+03   8.7680000e+03
   0.0000000e+00   0.0000000e+00   5.8638248e+03   8.8020000e+03
   0.0000000e+00   0.0000000e+00   5.8401969e+03   8.8270000e+03
   0.0000000e+00   0.0000000e+00   5.8339565e+03   8.8740000e+03
   0.0000000e+00   0.0000000e+00   5.8322529e+03   8.8970000e+03
   0.0000000e+00   0.0000000e+00   5.8226660e+03   9.1220000e+03
   0.0000000e+00   0.0000000e+00   5.7982936e+03   9.1880000e+03
   0.0000000e+00   0.0000000e+00   5.7972739e+03   9.1890000e+03
   0.0000000e+00   0.0000000e+00   5.7963066e+03   9.1900000e+03
   0.0000000e+00   0.0000000e+00   5.7699319e+03   9.2360000e+03
   0.0000000e+00   0.0000000e+00   5.7608178e+03   9.2990000e+03
   0.0000000e+00   0.0000000e+00   5.7599580e+03   9.3610000e+03
   0.0000000e+00   0.0000000e+00   5.7205278e+03   9.3900000e+03
   0.0000000e+00   0.0000000e+00   5.7189071e+03   9.4270000e+03
   0.0000000e+00   0.0000000e+00   5.7173421e+03   9.4480000e+03
   0.0000000e+00   0.0000000e+00   5.7070026e+03   9.5950000e+03
   0.0000000e+00   0.0000000e+00   5.6945370e+03   9.5960000e+03
   0.0000000e+00   0.0000000e+00   5.6858746e+03   9.6800000e+03
   0.0000000e+00   0.0000000e+00   5.6759172e+03   9.6810000e+03
   0.0000000e+00   0.0000000e+00   5.6692708e+03   9.7010000e+03
   0.0000000e+00   0.0000000e+00   5.6582003e+03   9.9310000e+03
   0.0000000e+00   0.0000000e+00   5.6353576e+03   9.9380000e+03
   0.0000000e+00   0.0000000e+00   5.6286762e+03   1.0063000e+04
   0.0000000e+00   0.0000000e+00   5.6262555e+03   1.0222000e+04
   0.0000000e+00   0.0000000e+00   5.6055693e+03   1.0340000e+04
   0.0000000e+00   0.0000000e+00   5.5989684e+03   1.0745000e+04
   0.0000000e+00   0.0000000e+00   5.5916247e+03   1.1254000e+04
   0.0000000e+00   0.0000000e+00   5.5905111e+03   1.1339000e+04
   0.0000000e+00   0.0000000e+00   5.5834421e+03   1.1364000e+04
   0.0000000e+00   0.0000000e+00   5.5817452e+03   1.1621000e+04
   0.0000000e+00   0.0000000e+00   5.5745603e+03   1.1916000e+04
   0.0000000e+00   0.0000000e+00   5.5708183e+03   1.1919000e+04
   0.0000000e+00   0.0000000e+00   5.5694672e+03   1.1966000e+04
   0.0000000e+00   0.0000000e+00   5.5694672e+03   1.2483000e+04
   0.0000000e+00   0.0000000e+00   5.5648907e+03   1.2518000e+04
   0.0000000e+00   0.0000000e+00   5.5641102e+03   1.3603000e+04
   0.0000000e+00   0.0000000e+00   5.5513737e+03   1.3666000e+04
   0.0000000e+00   0.0000000e+00   5.5275721e+03   1.4021000e+04
   0.0000000e+00   0.0000000e+00   5.5246934e+03   1.4208000e+04
   0.0000000e+00   0.0000000e+00   5.5246934e+03   1.4307000e+04
   0.0000000e+00   0.0000000e+00   5.5215005e+03   1.4460000e+04
   0.0000000e+00   0.0000000e+00   5.5084354e+03   1.4476000e+04
   0.0000000e+00   0.0000000e+00   5.5029757e+03   1.4539000e+04
   0.0000000e+00   0.0000000e+00   5.4918288e+03   1.4643000e+04
   0.0000000e+00   0.0000000e+00   5.4838189e+03   1.5124000e+04
   0.0000000e+00   0.0000000e+00   5.4803067e+03   1.5257000e+04
   0.0000000e+00   0.0000000e+00   5.4769501e+03   1.5356000e+04
   0.0000000e+00   0.0000000e+00   5.4745962e+03   1.5574000e+04
   0.0000000e+00   0.0000000e+00   5.4657527e+03   1.5979000e+04
   0.0000000e+00   0.0000000e+00   5.4557258e+03   1.6784000e+04
   0.0000000e+00   0.0000000e+00   5.4557258e+03   1.6858000e+04
   0.0000000e+00   0.0000000e+00   5.4336741e+03   1.7088000e+04
   0.0000000e+00   0.0000000e+00   5.4336741e+03   1.7374000e+04
   0.0000000e+00   0.0000000e+00   5.4262568e+03   1.7603000e+04
   0.0000000e+00   0.0000000e+00   5.4033053e+03   1.7796000e+04
   0.0000000e+00   0.0000000e+00   5.3924879e+03   1.7962000e+04
   0.0000000e+00   0.0000000e+00   5.3813115e+03   1.8014000e+04
   0.0000000e+00   0.0000000e+00   5.3582438e+03   1.8148000e+04
   0.0000000e+00   0.0000000e+00   5.3527151e+03   1.8469000e+04
   0.0000000e+00   0.0000000e+00   5.3527151e+03   1.8593000e+04
   0.0000000e+00   0.0000000e+00   5.3503350e+03   1.8848000e+04
   0.0000000e+00   0.0000000e+00   5.3395440e+03   1.8918000e+04
   0.0000000e+00   0.0000000e+00   5.3395440e+03   2.1190000e+04
   0.0000000e+00   0.0000000e+00   5.3395440e+03   2.1205000e+04
   0.0000000e+00   0.0000000e+00   5.3395440e+03   2.1840000e+04
   0.0000000e+00   0.0000000e+00   5.3317522e+03   2.2107000e+04
   0.0000000e+00   0.0000000e+00   5.3317522e+03   2.2659000e+04
   0.0000000e+00   0.0000000e+00   5.3317522e+03   2.3886000e+04
   0.0000000e+00   0.0000000e+00   5.3302975e+03   2.4009000e+04
   0.0000000e+00   0.0000000e+00   5.3302975e+03   2.4920000e+04
   0.0000000e+00   0.0000000e+00   5.3302975e+03   2.5094000e+04
   0.0000000e+00   0.0000000e+00   5.3298044e+03   2.6889000e+04
   0.0000000e+00   0.0000000e+00   5.3298044e+03   2.7473000e+04
   0.0000000e+00   0.0000000e+00   5.3266490e+03   2.7995000e+04
   0.0000000e+00   0.0000000e+00   5.3264323e+03   2.9046000e+04
   0.0000000e+00   0.0000000e+00   5.3203445e+03   2.9280000e+04
   0.0000000e+00   0.0000000e+00   5.3203445e+03   3.0123000e+04
   0.0000000e+00   0.0000000e+00   5.3203445e+03   3.0201000e+04
   0.0000000e+00   0.0000000e+00   5.3152918e+03   3.0392000e+04
   0.0000000e+00   0.0000000e+00   5.3147225e+03   3.0408000e+04
   0.0000000e+00   0.0000000e+00   5.3147225e+03   3.1475000e+04
   0.0000000e+00   0.0000000e+00   5.3147225e+03   3.1557000e+04
   0.0000000e+00   0.0000000e+00   5.3078791e+03   3.2986000e+04
   0.0000000e+00   0.0000000e+00   5.3064738e+03   3.3334000e+04
   0.0000000e+00   0.0000000e+00   5.2970537e+03   3.3404000e+04
   0.0000000e+00   0.0000000e+00   5.2873943e+03   3.3545000e+04
   0.0000000e+00   0.0000000e+00   5.2690890e+03   3.3687000e+04
   0.0000000e+00   0.0000000e+00   5.2633228e+03   3.3710000e+04
   0.0000000e+00   0.0000000e+00   5.2584646e+03   3.3764000e+04
   0.0000000e+00   0.0000000e+00   5.2564955e+03   3.4226000e+04
   0.0000000e+00   0.0000000e+00   5.2503989e+03   3.4242000e+04
   0.0000000e+00   0.0000000e+00   5.2453293e+03   3.4618000e+04
   0.0000000e+00   0.0000000e+00   5.2369268e+03   3.4675000e+04
   0.0000000e+00   0.0000000e+00   5.2356215e+03   3.4762000e+04
   0.0000000e+00   0.0000000e+00   5.2234457e+03   3.4883000e+04
   0.0000000e+00   0.0000000e+00   5.2208511e+03   3.4922000e+04
   0.0000000e+00   0.0000000e+00   5.2206813e+03   3.4934000e+04
   0.0000000e+00   0.0000000e+00   5.2148025e+03   3.5015000e+04
   0.0000000e+00   0.0000000e+00   5.2119308e+03   3.5102000e+04
   0.0000000e+00   0.0000000e+00   5.2072548e+03   3.5207000e+04
   0.0000000e+00   0.0000000e+00   5.1997582e+03   3.5580000e+04
   0.0000000e+00   0.0000000e+00   5.1959323e+03   3.5608000e+04
   0.0000000e+00   0.0000000e+00   5.1942437e+03   3.7488000e+04
   0.0000000e+00   0.0000000e+00   5.1836874e+03   3.7505000e+04
   0.0000000e+00   0.0000000e+00   5.1774210e+03   3.7703000e+04
   0.0000000e+00   0.0000000e+00   5.1673238e+03   3.8976000e+04
   0.0000000e+00   0.0000000e+00   5.1673238e+03   3.9107000e+04
   0.0000000e+00   0.0000000e+00   5.1597467e+03   3.9631000e+04
   0.0000000e+00   0.0000000e+00   5.1597467e+03   4.0757000e+04
   0.0000000e+00   0.0000000e+00   5.1597467e+03   4.1404000e+04
   0.0000000e+00   0.0000000e+00   5.1597467e+03   4.2674000e+04
   0.0000000e+00   0.0000000e+00   5.1597467e+03   4.3717000e+04
   0.0000000e+00   0.0000000e+00   5.1596860e+03   4.4759000e+04
   0.0000000e+00   0.0000000e+00   5.1544514e+03   4.5058000e+04
   0.0000000e+00   0.0000000e+00   5.1544514e+03   4.5292000e+04
   0.0000000e+00   0.0000000e+00   5.1536673e+03   4.5294000e+04
   0.0000000e+00   0.0000000e+00   5.1536673e+03   4.5561000e+04
   0.0000000e+00   0.0000000e+00   5.1536673e+03   4.5576000e+04
   0.0000000e+00   0.0000000e+00   5.1536673e+03   4.5872000e+04
   0.0000000e+00   0.0000000e+00   5.1536673e+03   4.6482000e+04
   0.0000000e+00   0.0000000e+00   5.1536673e+03   4.6931000e+04
   0.0000000e+00   0.0000000e+00   5.1485963e+03   4.7663000e+04
   0.0000000e+00   0.0000000e+00   5.1463612e+03   4.8865000e+04
   0.0000000e+00   0.0000000e+00   5.1397419e+03   4.9254000e+04
   0.0000000e+00   0.0000000e+00   5.1336453e+03   4.9606000e+04
   0.0000000e+00   0.0000000e+00   5.1318073e+03   4.9663000e+04
   0.0000000e+00   0.0000000e+00   5.1315847e+03   4.9924000e+04
   0.0000000e+00   0.0000000e+00   5.1307796e+03   5.0478000e+04
   0.0000000e+00   0.0000000e+00   5.1199552e+03   5.0661000e+04
   0.0000000e+00   0.0000000e+00   5.1199552e+03   5.0867000e+04
   0.0000000e+00   0.0000000e+00   5.1199552e+03   5.1046000e+04
   0.0000000e+00   0.0000000e+00   5.1155531e+03   5.1908000e+04
   0.0000000e+00   0.0000000e+00   5.1145729e+03   5.2468000e+04
   0.0000000e+00   0.0000000e+00   5.1108963e+03   5.3292000e+04
   0.0000000e+00   0.0000000e+00   5.1108963e+03   5.4127000e+04
   0.0000000e+00   0.0000000e+00   5.1108963e+03   5.4296000e+04
   0.0000000e+00   0.0000000e+00   5.1108963e+03   5.4890000e+04
   0.0000000e+00   0.0000000e+00   5.1108963e+03   5.5057000e+04
   0.0000000e+00   0.0000000e+00   5.1108963e+03   5.5188000e+04
   0.0000000e+00   0.0000000e+00   5.1080417e+03   5.5250000e+04
   0.0000000e+00   0.0000000e+00   5.1080417e+03   5.5685000e+04
   0.0000000e+00   0.0000000e+00   5.1044441e+03   5.5894000e+04
   0.0000000e+00   0.0000000e+00   5.1044441e+03   5.6979000e+04
   0.0000000e+00   0.0000000e+00   5.1042874e+03   5.7194000e+04
   0.0000000e+00   0.0000000e+00   5.1042874e+03   5.7261000e+04
   0.0000000e+00   0.0000000e+00   5.1042874e+03   5.7764000e+04
   0.0000000e+00   0.0000000e+00   5.1042874e+03   5.8045000e+04
   0.0000000e+00   0.0000000e+00   5.1042874e+03   5.8081000e+04
   0.0000000e+00   0.0000000e+00   5.1041583e+03   5.8489000e+04
   0.0000000e+00   0.0000000e+00   5.1041583e+03   5.9396000e+04
   0.0000000e+00   0.0000000e+00   5.1041583e+03   5.9605000e+04
   0.0000000e+00   0.0000000e+00   5.1032373e+03   5.9810000e+04
   0.0000000e+00   0.0000000e+00   5.1032373e+03   6.1289000e+04
   0.0000000e+00   0.0000000e+00   5.1011311e+03   6.2031000e+04
   0.0000000e+00   0.0000000e+00   5.0996765e+03   6.2843000e+04
   0.0000000e+00   0.0000000e+00   5.0937238e+03   6.4823000e+04
   0.0000000e+00   0.0000000e+00   5.0937238e+03   6.5116000e+04
   0.0000000e+00   0.0000000e+00   5.0937238e+03   6.5560000e+04
   0.0000000e+00   0.0000000e+00   5.0937238e+03   6.5663000e+04
   0.0000000e+00   0.0000000e+00   5.0937238e+03   6.5735000e+04
   0.0000000e+00   0.0000000e+00   5.0891306e+03   6.5770000e+04
   0.0000000e+00   0.0000000e+00   5.0891306e+03   6.7277000e+04
   0.0000000e+00   0.0000000e+00   5.0813388e+03   6.7339000e+04
   0.0000000e+00   0.0000000e+00   5.0792485e+03   6.7663000e+04
   0.0000000e+00   0.0000000e+00   5.0792485e+03   7.0039000e+04
   0.0000000e+00   0.0000000e+00   5.0741775e+03   7.1580000e+04
   0.0000000e+00   0.0000000e+00   5.0733934e+03   7.1846000e+04
   0.0000000e+00   0.0000000e+00   5.0733934e+03   7.2467000e+04
   0.0000000e+00   0.0000000e+00   5.0725883e+03   7.6551000e+04
   0.0000000e+00   0.0000000e+00   5.0725883e+03   7.7364000e+04
   0.0000000e+00   0.0000000e+00   5.0725883e+03   7.8114000e+04
   0.0000000e+00   0.0000000e+00   5.0725883e+03   7.9249000e+04
   0.0000000e+00   0.0000000e+00   5.0725883e+03   7.9813000e+04
   0.0000000e+00   0.0000000e+00   5.0725883e+03   8.0853000e+04
   0.0000000e+00   0.0000000e+00   5.0725883e+03   8.0893000e+04
   0.0000000e+00   0.0000000e+00   5.0725883e+03   8.1295000e+04
   0.0000000e+00   0.0000000e+00   5.0704690e+03   8.3475000e+04
   0.0000000e+00   0.0000000e+00   5.0704690e+03   8.4202000e+04
   0.0000000e+00   0.0000000e+00   5.0704690e+03   8.7765000e+04
   0.0000000e+00   0.0000000e+00   5.0704690e+03   9.0765000e+04
   0.0000000e+00   0.0000000e+00   5.0704690e+03   9.0769000e+04
   0.0000000e+00   0.0000000e+00   5.0690144e+03   9.1050000e+04
   0.0000000e+00   0.0000000e+00   5.0690144e+03   9.2298000e+04
   0.0000000e+00   0.0000000e+00   5.0690144e+03   9.3090000e+04
   0.0000000e+00   0.0000000e+00   5.0690144e+03   9.3479000e+04
   0.0000000e+00   0.0000000e+00   5.0690144e+03   9.6437000e+04
   0.0000000e+00   0.0000000e+00   5.0690144e+03   1.0042100e+05
   0.0000000e+00   0.0000000e+00   5.0690144e+03   1.0421000e+05
   0.0000000e+00   0.0000000e+00   5.0690144e+03   1.0564200e+05
   0.0000000e+00   0.0000000e+00   5.0690144e+03   1.0674100e+05
   0.0000000e+00   0.0000000e+00   5.0690144e+03   1.0828700e+05
   0.0000000e+00   0.0000000e+00   5.0690144e+03   1.1104500e+05
   0.0000000e+00   0.0000000e+00   5.0690144e+03   1.1143200e+05
   0.0000000e+00   0.0000000e+00   5.0690144e+03   1.1271900e+05
   0.0000000e+00   0.0000000e+00   5.0690144e+03   1.1625500e+05
   0.0000000e+00   0.0000000e+00   5.0690144e+03   1.1722800e+05
   0.0000000e+00   0.0000000e+00   5.0690144e+03   1.1780400e+05
   0.0000000e+00   0.0000000e+00   5.0690144e+03   1.1782400e+05
   0.0000000e+00   0.0000000e+00   5.0690144e+03   1.1918800e+05
   0.0000000e+00   0.0000000e+00   5.0690144e+03   1.1979400e+05
   0.0000000e+00   0.0000000e+00   5.0690144e+03   1.1979600e+05
   0.0000000e+00   0.0000000e+00   5.0690144e+03   1.2303700e+05
   0.0000000e+00   0.0000000e+00   5.0639434e+03   1.2918300e+05
   0.0000000e+00   0.0000000e+00   5.0639434e+03   1.2940700e+05
   0.0000000e+00   0.0000000e+00   5.0639434e+03   1.3268800e+05
   0.0000000e+00   0.0000000e+00   5.0639434e+03   1.3272700e+05
   0.0000000e+00   0.0000000e+00   5.0639434e+03   1.3576300e+05
   0.0000000e+00   0.0000000e+00   5.0639434e+03   1.3742000e+05
   0.0000000e+00   0.0000000e+00   5.0639434e+03   1.3745400e+05
   0.0000000e+00   0.0000000e+00   5.0639434e+03   1.3789100e+05
   0.0000000e+00   0.0000000e+00   5.0639434e+03   1.3875500e+05
   0.0000000e+00   0.0000000e+00   5.0639434e+03   1.3901700e+05
   0.0000000e+00   0.0000000e+00   5.0639434e+03   1.4096400e+05
   0.0000000e+00   0.0000000e+00   5.0639434e+03   1.4267400e+05
   0.0000000e+00   0.0000000e+00   5.0625464e+03   1.4696100e+05
   0.0000000e+00   0.0000000e+00   5.0588679e+03   1.4782400e+05
   0.0000000e+00   0.0000000e+00   5.0567125e+03   1.4807500e+05
   0.0000000e+00   0.0000000e+00   5.0537168e+03   1.4861200e+05
   0.0000000e+00   0.0000000e+00   5.0490408e+03   1.4925900e+05
   0.0000000e+00   0.0000000e+00   5.0490408e+03   1.5001100e+05
   0.0000000e+00   0.0000000e+00   5.0463257e+03   1.5250100e+05
   0.0000000e+00   0.0000000e+00   5.0463257e+03   1.5676000e+05
   0.0000000e+00   0.0000000e+00   5.0430860e+03   1.5683300e+05
   0.0000000e+00   0.0000000e+00   5.0430860e+03   1.5771800e+05
   0.0000000e+00   0.0000000e+00   5.0430860e+03   1.5858600e+05
   0.0000000e+00   0.0000000e+00   5.0424995e+03   1.5897600e+05
   0.0000000e+00   0.0000000e+00   5.0418439e+03   1.5920900e+05
   0.0000000e+00   0.0000000e+00   5.0418439e+03   1.6125400e+05
   0.0000000e+00   0.0000000e+00   5.0418439e+03   1.6317200e+05
   0.0000000e+00   0.0000000e+00   5.0381654e+03   1.6510900e+05
   0.0000000e+00   0.0000000e+00   5.0381654e+03   1.6572400e+05
   0.0000000e+00   0.0000000e+00   5.0381654e+03   1.6670000e+05
   0.0000000e+00   0.0000000e+00   5.0381654e+03   1.7133800e+05
   0.0000000e+00   0.0000000e+00   5.0381654e+03   1.7298900e+05
   0.0000000e+00   0.0000000e+00   5.0361539e+03   1.7375600e+05
   0.0000000e+00   0.0000000e+00   5.0361539e+03   1.7489000e+05
   0.0000000e+00   0.0000000e+00   5.0354026e+03   1.7841500e+05
   0.0000000e+00   0.0000000e+00   5.0293060e+03   1.7963000e+05
   0.0000000e+00   0.0000000e+00   5.0293060e+03   1.8681700e+05
   0.0000000e+00   0.0000000e+00   5.0293060e+03   1.8968600e+05
   0.0000000e+00   0.0000000e+00   5.0254689e+03   1.9098200e+05
   0.0000000e+00   0.0000000e+00   5.0230245e+03   1.9308500e+05
   0.0000000e+00   0.0000000e+00   5.0230245e+03   1.9373100e+05
   0.0000000e+00   0.0000000e+00   5.0230245e+03   1.9598300e+05
