   2.0980259e+02   9.6391915e+00   1.5037641e+04   2.0000000e+00
   1.9516939e+02   8.7027344e+00   1.4741348e+04   5.0000000e+00
   1.8638558e+02   6.9235298e+00   1.5345819e+04   6.0000000e+00
   1.7813373e+02   7.4391827e+00   1.4922633e+04   7.0000000e+00
   1.5740890e+02   5.2058827e+00   1.8053841e+04   8.0000000e+00
   1.0207077e+02   1.8560753e+00   2.1351315e+04   1.2000000e+01
   8.1906433e+01   5.1156535e-01   2.1835971e+04   1.3000000e+01
   8.0501467e+01   8.1864474e-01   2.0568885e+04   1.5000000e+01
   7.8263057e+01   6.7206044e-01   2.0961840e+04   1.6000000e+01
   7.7736959e+01   6.6785724e-01   1.9810763e+04   1.8000000e+01
   7.1792663e+01   4.2466741e-01   1.9552178e+04   1.9000000e+01
   6.9021650e+01   3.1251654e-01   2.0201105e+04   2.0000000e+01
   5.5962068e+01   2.1244905e-01   1.9851205e+04   2.1000000e+01
   5.5342021e+01   2.1728309e-01   2.0061081e+04   2.2000000e+01
   4.2700444e+01   0.0000000e+00   1.8937817e+04   2.3000000e+01
   4.0810204e+01   0.0000000e+00   1.9167385e+04   2.4000000e+01
   3.7602869e+01   0.0000000e+00   1.7848274e+04   2.5000000e+01
   3.0956332e+01   0.0000000e+00   1.8965181e+04   2.7000000e+01
   3.0789126e+01   1.2209188e-02   1.8117302e+04   2.9000000e+01
   2.9872700e+01   1.7414789e-01   1.7455919e+04   3.2000000e+01
   2.7405360e+01   5.4863413e-02   1.7942449e+04   3.3000000e+01
   2.4509383e+01   0.0000000e+00   2.0338183e+04   3.4000000e+01
   2.0393084e+01   0.0000000e+00   2.1588553e+04   3.5000000e+01
   1.9258999e+01   0.0000000e+00   2.1435489e+04   3.6000000e+01
   1.6505799e+01   0.0000000e+00   2.0764198e+04   3.7000000e+01
   1.3694506e+01   0.0000000e+00   2.0927924e+04   3.9000000e+01
   6.1927289e+00   0.0000000e+00   2.0389789e+04   4.0000000e+01
   5.5346536e+00   0.0000000e+00   1.9516392e+04   4.8000000e+01
   3.8786287e+00   0.0000000e+00   2.1532673e+04   4.9000000e+01
   3.5790935e+00   0.0000000e+00   2.1375139e+04   5.1000000e+01
   2.5576310e+00   0.0000000e+00   2.3152792e+04   5.2000000e+01
   1.4194942e+00   0.0000000e+00   2.3128786e+04   5.3000000e+01
   5.9229875e-01   0.0000000e+00   2.4836394e+04   6.4000000e+01
   5.5815129e-01   0.0000000e+00   2.4213407e+04   6.8000000e+01
   3.3196976e-01   0.0000000e+00   2.6873921e+04   6.9000000e+01
   2.3808318e-01   0.0000000e+00   2.6565954e+04   7.0000000e+01
   2.3630539e-01   0.0000000e+00   2.8836337e+04   7.2000000e+01
   2.1604732e-01   0.0000000e+00   2.7554503e+04   7.7000000e+01
   4.0873078e-02   0.0000000e+00   2.7067465e+04   8.5000000e+01
   3.0253853e-02   0.0000000e+00   2.8667748e+04   8.8000000e+01
   1.8825180e-02   0.0000000e+00   2.7969350e+04   9.3000000e+01
   7.5582852e-03   0.0000000e+00   2.8776606e+04   1.0100000e+02
   0.0000000e+00   0.0000000e+00   3.0562118e+04   1.0200000e+02
   0.0000000e+00   0.0000000e+00   2.9299617e+04   1.0300000e+02
   0.0000000e+00   0.0000000e+00   2.7630506e+04   1.1200000e+02
   0.0000000e+00   0.0000000e+00   2.7589755e+04   1.1700000e+02
   0.0000000e+00   0.0000000e+00   2.6123804e+04   1.1800000e+02
   0.0000000e+00   0.0000000e+00   2.5080661e+04   1.2000000e+02
   0.0000000e+00   0.0000000e+00   2.4225659e+04   1.2200000e+02
   0.0000000e+00   0.0000000e+00   2.2972499e+04   1.2700000e+02
   0.0000000e+00   0.0000000e+00   2.2744741e+04   1.2900000e+02
   0.0000000e+00   0.0000000e+00   2.2662586e+04   1.3100000e+02
   0.0000000e+00   0.0000000e+00   2.2655296e+04   1.3500000e+02
   0.0000000e+00   0.0000000e+00   2.1349911e+04   1.3600000e+02
   0.0000000e+00   0.0000000e+00   2.0509231e+04   1.3900000e+02
   0.0000000e+00   0.0000000e+00   2.0004731e+04   1.4200000e+02
   0.0000000e+00   0.0000000e+00   1.9353329e+04   1.4300000e+02
   0.0000000e+00   0.0000000e+00   1.9290334e+04   1.4500000e+02
   0.0000000e+00   0.0000000e+00   1.8536708e+04   1.4600000e+02
   0.0000000e+00   0.0000000e+00   1.7689965e+04   1.5100000e+02
   0.0000000e+00   0.0000000e+00   1.7620572e+04   1.5300000e+02
   0.0000000e+00   0.0000000e+00   1.7108044e+04   1.5600000e+02
   0.0000000e+00   0.0000000e+00   1.6325772e+04   1.5700000e+02
   0.0000000e+00   0.0000000e+00   1.6078316e+04   1.5800000e+02
   0.0000000e+00   0.0000000e+00   1.5162355e+04   1.6000000e+02
   0.0000000e+00   0.0000000e+00   1.4578428e+04   1.6600000e+02
   0.0000000e+00   0.0000000e+00   1.4255902e+04   1.6800000e+02
   0.0000000e+00   0.0000000e+00   1.3802767e+04   1.6900000e+02
   0.0000000e+00   0.0000000e+00   1.3658873e+04   1.7100000e+02
   0.0000000e+00   0.0000000e+00   1.3391118e+04   1.7200000e+02
   0.0000000e+00   0.0000000e+00   1.3064385e+04   1.7300000e+02
   0.0000000e+00   0.0000000e+00   1.2653168e+04   1.8300000e+02
   0.0000000e+00   0.0000000e+00   1.2430491e+04   1.8600000e+02
   0.0000000e+00   0.0000000e+00   1.2290207e+04   1.8800000e+02
   0.0000000e+00   0.0000000e+00   1.1943886e+04   1.8900000e+02
   0.0000000e+00   0.0000000e+00   1.1795037e+04   1.9300000e+02
   0.0000000e+00   0.0000000e+00   1.1374380e+04   1.9400000e+02
   0.0000000e+00   0.0000000e+00   1.1192527e+04   2.0700000e+02
   0.0000000e+00   0.0000000e+00   1.1178838e+04   2.0900000e+02
   0.0000000e+00   0.0000000e+00   1.1033243e+04   2.1100000e+02
   0.0000000e+00   0.0000000e+00   1.0791138e+04   2.2400000e+02
   0.0000000e+00   0.0000000e+00   1.0418819e+04   2.4100000e+02
   0.0000000e+00   0.0000000e+00   1.0106674e+04   2.4500000e+02
   0.0000000e+00   0.0000000e+00   9.9283060e+03   2.4800000e+02
   0.0000000e+00   0.0000000e+00   9.8224631e+03   2.4900000e+02
   0.0000000e+00   0.0000000e+00   9.6525691e+03   2.6000000e+02
   0.0000000e+00   0.0000000e+00   9.3594210e+03   2.6200000e+02
   0.0000000e+00   0.0000000e+00   9.2629837e+03   2.6400000e+02
   0.0000000e+00   0.0000000e+00   9.0512155e+03   2.6600000e+02
   0.0000000e+00   0.0000000e+00   8.9952403e+03   2.7600000e+02
   0.0000000e+00   0.0000000e+00   8.7742150e+03   2.9000000e+02
   0.0000000e+00   0.0000000e+00   8.6778598e+03   3.5600000e+02
   0.0000000e+00   0.0000000e+00   8.6362291e+03   3.6400000e+02
   0.0000000e+00   0.0000000e+00   8.5765941e+03   3.7000000e+02
   0.0000000e+00   0.0000000e+00   8.5364904e+03   3.7300000e+02
   0.0000000e+00   0.0000000e+00   8.4901342e+03   4.0300000e+02
   0.0000000e+00   0.0000000e+00   8.4746939e+03   4.0400000e+02
   0.0000000e+00   0.0000000e+00   8.4731724e+03   4.4800000e+02
   0.0000000e+00   0.0000000e+00   8.4337839e+03   4.6100000e+02
   0.0000000e+00   0.0000000e+00   8.4182607e+03   4.8500000e+02
   0.0000000e+00   0.0000000e+00   8.3781627e+03   5.0200000e+02
   0.0000000e+00   0.0000000e+00   8.2879832e+03   5.0400000e+02
   0.0000000e+00   0.0000000e+00   8.2413123e+03   5.1000000e+02
   0.0000000e+00   0.0000000e+00   8.1561116e+03   5.1600000e+02
   0.0000000e+00   0.0000000e+00   8.1088328e+03   5.2300000e+02
   0.0000000e+00   0.0000000e+00   8.0741236e+03   5.2900000e+02
   0.0000000e+00   0.0000000e+00   8.0567534e+03   5.7200000e+02
   0.0000000e+00   0.0000000e+00   8.0406648e+03   6.2000000e+02
   0.0000000e+00   0.0000000e+00   8.0119795e+03   6.3200000e+02
   0.0000000e+00   0.0000000e+00   7.9386137e+03   6.7800000e+02
   0.0000000e+00   0.0000000e+00   7.8961760e+03   6.8600000e+02
   0.0000000e+00   0.0000000e+00   7.8501597e+03   7.0200000e+02
   0.0000000e+00   0.0000000e+00   7.8035523e+03   7.8800000e+02
   0.0000000e+00   0.0000000e+00   7.7757156e+03   8.5700000e+02
   0.0000000e+00   0.0000000e+00   7.6716030e+03   8.7600000e+02
   0.0000000e+00   0.0000000e+00   7.5380544e+03   9.1600000e+02
   0.0000000e+00   0.0000000e+00   7.4959292e+03   1.0370000e+03
   0.0000000e+00   0.0000000e+00   7.4226878e+03   1.0610000e+03
   0.0000000e+00   0.0000000e+00   7.4174408e+03   1.3190000e+03
   0.0000000e+00   0.0000000e+00   7.4114982e+03   1.3220000e+03
   0.0000000e+00   0.0000000e+00   7.4044062e+03   1.3530000e+03
   0.0000000e+00   0.0000000e+00   7.3908554e+03   1.3790000e+03
   0.0000000e+00   0.0000000e+00   7.3871198e+03   1.4310000e+03
   0.0000000e+00   0.0000000e+00   7.3841687e+03   1.4580000e+03
   0.0000000e+00   0.0000000e+00   7.3782424e+03   1.5350000e+03
   0.0000000e+00   0.0000000e+00   7.3606438e+03   1.6110000e+03
   0.0000000e+00   0.0000000e+00   7.2340874e+03   1.6180000e+03
   0.0000000e+00   0.0000000e+00   7.2325212e+03   1.6520000e+03
   0.0000000e+00   0.0000000e+00   7.2124759e+03   1.6840000e+03
   0.0000000e+00   0.0000000e+00   7.2093857e+03   1.6890000e+03
   0.0000000e+00   0.0000000e+00   7.2057443e+03   1.7330000e+03
   0.0000000e+00   0.0000000e+00   7.1994506e+03   1.9150000e+03
   0.0000000e+00   0.0000000e+00   7.1974623e+03   2.3560000e+03
   0.0000000e+00   0.0000000e+00   7.1875072e+03   2.4270000e+03
   0.0000000e+00   0.0000000e+00   7.1854938e+03   2.4480000e+03
   0.0000000e+00   0.0000000e+00   7.1840965e+03   2.4590000e+03
   0.0000000e+00   0.0000000e+00   7.1718136e+03   2.5310000e+03
   0.0000000e+00   0.0000000e+00   7.1684940e+03   2.7220000e+03
   0.0000000e+00   0.0000000e+00   7.1614988e+03   2.8050000e+03
   0.0000000e+00   0.0000000e+00   7.1570834e+03   2.8740000e+03
   0.0000000e+00   0.0000000e+00   7.1343110e+03   2.8750000e+03
   0.0000000e+00   0.0000000e+00   7.1327375e+03   2.9200000e+03
   0.0000000e+00   0.0000000e+00   7.1305297e+03   3.1030000e+03
   0.0000000e+00   0.0000000e+00   7.1288262e+03   3.1170000e+03
   0.0000000e+00   0.0000000e+00   7.1242705e+03   3.2100000e+03
   0.0000000e+00   0.0000000e+00   7.1187157e+03   3.3150000e+03
   0.0000000e+00   0.0000000e+00   7.1173265e+03   3.3310000e+03
   0.0000000e+00   0.0000000e+00   7.1150958e+03   3.3320000e+03
   0.0000000e+00   0.0000000e+00   7.1113728e+03   3.8950000e+03
   0.0000000e+00   0.0000000e+00   7.1093789e+03   3.9370000e+03
   0.0000000e+00   0.0000000e+00   7.1080309e+03   4.0460000e+03
   0.0000000e+00   0.0000000e+00   7.1071817e+03   4.1390000e+03
   0.0000000e+00   0.0000000e+00   7.1059786e+03   4.7430000e+03
   0.0000000e+00   0.0000000e+00   7.1042876e+03   5.0170000e+03
   0.0000000e+00   0.0000000e+00   7.1029852e+03   5.1610000e+03
   0.0000000e+00   0.0000000e+00   7.0981238e+03   5.2670000e+03
   0.0000000e+00   0.0000000e+00   7.0965472e+03   5.3410000e+03
   0.0000000e+00   0.0000000e+00   7.0955105e+03   5.8410000e+03
   0.0000000e+00   0.0000000e+00   7.0944065e+03   6.2690000e+03
   0.0000000e+00   0.0000000e+00   7.0938437e+03   6.4700000e+03
   0.0000000e+00   0.0000000e+00   7.0930722e+03   6.5090000e+03
   0.0000000e+00   0.0000000e+00   7.0920509e+03   7.1760000e+03
   0.0000000e+00   0.0000000e+00   7.0917156e+03   7.3550000e+03
   0.0000000e+00   0.0000000e+00   7.0913425e+03   7.8570000e+03
   0.0000000e+00   0.0000000e+00   7.0912715e+03   8.9460000e+03
   0.0000000e+00   0.0000000e+00   7.0910922e+03   1.1792000e+04
   0.0000000e+00   0.0000000e+00   7.0909168e+03   1.3111000e+04
   0.0000000e+00   0.0000000e+00   7.0904872e+03   1.3291000e+04
   0.0000000e+00   0.0000000e+00   7.0904872e+03   1.4898000e+04
   0.0000000e+00   0.0000000e+00   7.0896132e+03   1.5333000e+04
   0.0000000e+00   0.0000000e+00   7.0896132e+03   1.6574000e+04
   0.0000000e+00   0.0000000e+00   7.0894339e+03   1.6864000e+04
   0.0000000e+00   0.0000000e+00   7.0892546e+03   1.7409000e+04
   0.0000000e+00   0.0000000e+00   7.0890614e+03   1.9990000e+04
   0.0000000e+00   0.0000000e+00   7.0890614e+03   2.0009000e+04
   0.0000000e+00   0.0000000e+00   7.0890614e+03   2.1049000e+04
   0.0000000e+00   0.0000000e+00   7.0890614e+03   2.3582000e+04
   0.0000000e+00   0.0000000e+00   7.0888714e+03   2.3697000e+04
   0.0000000e+00   0.0000000e+00   7.0888714e+03   2.4207000e+04
   0.0000000e+00   0.0000000e+00   7.0888714e+03   2.4645000e+04
   0.0000000e+00   0.0000000e+00   7.0888714e+03   2.7981000e+04
   0.0000000e+00   0.0000000e+00   7.0886960e+03   2.8992000e+04
   0.0000000e+00   0.0000000e+00   7.0886960e+03   3.0746000e+04
   0.0000000e+00   0.0000000e+00   7.0886960e+03   3.0897000e+04
   0.0000000e+00   0.0000000e+00   7.0886960e+03   3.1523000e+04
   0.0000000e+00   0.0000000e+00   7.0886960e+03   3.8257000e+04
   0.0000000e+00   0.0000000e+00   7.0886960e+03   3.8266000e+04
   0.0000000e+00   0.0000000e+00   7.0885205e+03   3.9313000e+04
   0.0000000e+00   0.0000000e+00   7.0882732e+03   4.0060000e+04
   0.0000000e+00   0.0000000e+00   7.0882732e+03   4.4937000e+04
   0.0000000e+00   0.0000000e+00   7.0882732e+03   4.5883000e+04
   0.0000000e+00   0.0000000e+00   7.0882732e+03   5.4659000e+04
   0.0000000e+00   0.0000000e+00   7.0882732e+03   5.5202000e+04
   0.0000000e+00   0.0000000e+00   7.0882732e+03   5.6267000e+04
   0.0000000e+00   0.0000000e+00   7.0882732e+03   5.7552000e+04
   0.0000000e+00   0.0000000e+00   7.0882732e+03   5.9258000e+04
   0.0000000e+00   0.0000000e+00   7.0882732e+03   5.9358000e+04
   0.0000000e+00   0.0000000e+00   7.0882732e+03   6.0023000e+04
   0.0000000e+00   0.0000000e+00   7.0882732e+03   6.0243000e+04
   0.0000000e+00   0.0000000e+00   7.0882732e+03   6.1831000e+04
   0.0000000e+00   0.0000000e+00   7.0882732e+03   6.1925000e+04
   0.0000000e+00   0.0000000e+00   7.0882732e+03   6.3444000e+04
   0.0000000e+00   0.0000000e+00   7.0882732e+03   6.5913000e+04
   0.0000000e+00   0.0000000e+00   7.0882732e+03   6.6107000e+04
   0.0000000e+00   0.0000000e+00   7.0879261e+03   6.8588000e+04
   0.0000000e+00   0.0000000e+00   7.0879261e+03   7.2917000e+04
   0.0000000e+00   0.0000000e+00   7.0879261e+03   7.3435000e+04
   0.0000000e+00   0.0000000e+00   7.0879261e+03   7.4388000e+04
   0.0000000e+00   0.0000000e+00   7.0879261e+03   7.4472000e+04
   0.0000000e+00   0.0000000e+00   7.0879261e+03   7.5910000e+04
   0.0000000e+00   0.0000000e+00   7.0879261e+03   7.7782000e+04
   0.0000000e+00   0.0000000e+00   7.0879261e+03   7.8163000e+04
   0.0000000e+00   0.0000000e+00   7.0879261e+03   8.0097000e+04
   0.0000000e+00   0.0000000e+00   7.0879261e+03   8.6348000e+04
   0.0000000e+00   0.0000000e+00   7.0879261e+03   8.6724000e+04
   0.0000000e+00   0.0000000e+00   7.0878551e+03   8.6874000e+04
   0.0000000e+00   0.0000000e+00   7.0878551e+03   8.8712000e+04
   0.0000000e+00   0.0000000e+00   7.0876685e+03   8.9668000e+04
   0.0000000e+00   0.0000000e+00   7.0876685e+03   8.9893000e+04
   0.0000000e+00   0.0000000e+00   7.0876685e+03   9.0689000e+04
   0.0000000e+00   0.0000000e+00   7.0876685e+03   9.1538000e+04
   0.0000000e+00   0.0000000e+00   7.0876685e+03   9.1692000e+04
   0.0000000e+00   0.0000000e+00   7.0876685e+03   9.2338000e+04
   0.0000000e+00   0.0000000e+00   7.0876685e+03   9.3832000e+04
   0.0000000e+00   0.0000000e+00   7.0876685e+03   9.4983000e+04
   0.0000000e+00   0.0000000e+00   7.0876685e+03   9.7537000e+04
   0.0000000e+00   0.0000000e+00   7.0876685e+03   9.7613000e+04
   0.0000000e+00   0.0000000e+00   7.0876685e+03   1.0021000e+05
   0.0000000e+00   0.0000000e+00   7.0876685e+03   1.0068800e+05
   0.0000000e+00   0.0000000e+00   7.0876685e+03   1.0129100e+05
   0.0000000e+00   0.0000000e+00   7.0876685e+03   1.0410700e+05
   0.0000000e+00   0.0000000e+00   7.0876685e+03   1.0445200e+05
   0.0000000e+00   0.0000000e+00   7.0876685e+03   1.0466000e+05
   0.0000000e+00   0.0000000e+00   7.0876685e+03   1.0607000e+05
   0.0000000e+00   0.0000000e+00   7.0876685e+03   1.0804800e+05
   0.0000000e+00   0.0000000e+00   7.0876685e+03   1.0955000e+05
   0.0000000e+00   0.0000000e+00   7.0876685e+03   1.1429800e+05
   0.0000000e+00   0.0000000e+00   7.0876685e+03   1.1445300e+05
   0.0000000e+00   0.0000000e+00   7.0876685e+03   1.1635400e+05
   0.0000000e+00   0.0000000e+00   7.0876685e+03   1.2049100e+05
   0.0000000e+00   0.0000000e+00   7.0876685e+03   1.2112200e+05
   0.0000000e+00   0.0000000e+00   7.0876685e+03   1.2147200e+05
   0.0000000e+00   0.0000000e+00   7.0876685e+03   1.2856200e+05
   0.0000000e+00   0.0000000e+00   7.0876685e+03   1.2865200e+05
   0.0000000e+00   0.0000000e+00   7.0876685e+03   1.2891100e+05
   0.0000000e+00   0.0000000e+00   7.0876685e+03   1.2926600e+05
   0.0000000e+00   0.0000000e+00   7.0876685e+03   1.2976300e+05
   0.0000000e+00   0.0000000e+00   7.0876685e+03   1.3028000e+05
   0.0000000e+00   0.0000000e+00   7.0876685e+03   1.3043500e+05
   0.0000000e+00   0.0000000e+00   7.0876685e+03   1.3080300e+05
   0.0000000e+00   0.0000000e+00   7.0876685e+03   1.3304600e+05
   0.0000000e+00   0.0000000e+00   7.0876685e+03   1.3320200e+05
   0.0000000e+00   0.0000000e+00   7.0876685e+03   1.3333100e+05
   0.0000000e+00   0.0000000e+00   7.0876685e+03   1.3384800e+05
   0.0000000e+00   0.0000000e+00   7.0876685e+03   1.3479900e+05
   0.0000000e+00   0.0000000e+00   7.0876685e+03   1.3533600e+05
   0.0000000e+00   0.0000000e+00   7.0876685e+03   1.3740300e+05
   0.0000000e+00   0.0000000e+00   7.0849172e+03   1.3889800e+05
   0.0000000e+00   0.0000000e+00   7.0841014e+03   1.3898100e+05
   0.0000000e+00   0.0000000e+00   7.0838436e+03   1.3904400e+05
   0.0000000e+00   0.0000000e+00   7.0836504e+03   1.3926500e+05
   0.0000000e+00   0.0000000e+00   7.0834749e+03   1.3946500e+05
   0.0000000e+00   0.0000000e+00   7.0833926e+03   1.3952300e+05
   0.0000000e+00   0.0000000e+00   7.0832171e+03   1.3983900e+05
   0.0000000e+00   0.0000000e+00   7.0828025e+03   1.3985900e+05
   0.0000000e+00   0.0000000e+00   7.0826195e+03   1.4047600e+05
   0.0000000e+00   0.0000000e+00   7.0826195e+03   1.4107500e+05
   0.0000000e+00   0.0000000e+00   7.0823722e+03   1.4281800e+05
   0.0000000e+00   0.0000000e+00   7.0821032e+03   1.4304400e+05
   0.0000000e+00   0.0000000e+00   7.0821032e+03   1.4318900e+05
   0.0000000e+00   0.0000000e+00   7.0821032e+03   1.4356900e+05
   0.0000000e+00   0.0000000e+00   7.0818416e+03   1.4400600e+05
   0.0000000e+00   0.0000000e+00   7.0818416e+03   1.4750100e+05
   0.0000000e+00   0.0000000e+00   7.0812826e+03   1.4966200e+05
   0.0000000e+00   0.0000000e+00   7.0812117e+03   1.5173400e+05
   0.0000000e+00   0.0000000e+00   7.0812117e+03   1.5357400e+05
   0.0000000e+00   0.0000000e+00   7.0812117e+03   1.5369200e+05
   0.0000000e+00   0.0000000e+00   7.0812117e+03   1.5609200e+05
   0.0000000e+00   0.0000000e+00   7.0812117e+03   1.5622500e+05
   0.0000000e+00   0.0000000e+00   7.0812117e+03   1.5646500e+05
   0.0000000e+00   0.0000000e+00   7.0812117e+03   1.5855400e+05
   0.0000000e+00   0.0000000e+00   7.0812117e+03   1.6094300e+05
   0.0000000e+00   0.0000000e+00   7.0812117e+03   1.6220800e+05
   0.0000000e+00   0.0000000e+00   7.0812117e+03   1.6268400e+05
   0.0000000e+00   0.0000000e+00   7.0812117e+03   1.6331200e+05
   0.0000000e+00   0.0000000e+00   7.0812117e+03   1.6402900e+05
   0.0000000e+00   0.0000000e+00   7.0812117e+03   1.6475700e+05
   0.0000000e+00   0.0000000e+00   7.0812117e+03   1.6563500e+05
   0.0000000e+00   0.0000000e+00   7.0812117e+03   1.6691600e+05
   0.0000000e+00   0.0000000e+00   7.0812117e+03   1.6832200e+05
   0.0000000e+00   0.0000000e+00   7.0812117e+03   1.7197800e+05
   0.0000000e+00   0.0000000e+00   7.0812117e+03   1.7212600e+05
   0.0000000e+00   0.0000000e+00   7.0812117e+03   1.7543700e+05
   0.0000000e+00   0.0000000e+00   7.0812117e+03   1.7614200e+05
   0.0000000e+00   0.0000000e+00   7.0812117e+03   1.7621300e+05
   0.0000000e+00   0.0000000e+00   7.0812117e+03   1.7623400e+05
   0.0000000e+00   0.0000000e+00   7.0812117e+03   1.7686500e+05
   0.0000000e+00   0.0000000e+00   7.0810185e+03   1.7713100e+05
   0.0000000e+00   0.0000000e+00   7.0810185e+03   1.7794700e+05
   0.0000000e+00   0.0000000e+00   7.0810185e+03   1.7819900e+05
   0.0000000e+00   0.0000000e+00   7.0810185e+03   1.7829000e+05
   0.0000000e+00   0.0000000e+00   7.0810185e+03   1.7837600e+05
   0.0000000e+00   0.0000000e+00   7.0810185e+03   1.7974400e+05
   0.0000000e+00   0.0000000e+00   7.0810185e+03   1.8208000e+05
   0.0000000e+00   0.0000000e+00   7.0810185e+03   1.8228400e+05
   0.0000000e+00   0.0000000e+00   7.0810185e+03   1.8484600e+05
   0.0000000e+00   0.0000000e+00   7.0810185e+03   1.8653000e+05
   0.0000000e+00   0.0000000e+00   7.0810185e+03   1.8859800e+05
   0.0000000e+00   0.0000000e+00   7.0810185e+03   1.9028300e+05
   0.0000000e+00   0.0000000e+00   7.0810185e+03   1.9057200e+05
   0.0000000e+00   0.0000000e+00   7.0810185e+03   1.9086800e+05
   0.0000000e+00   0.0000000e+00   7.0810185e+03   1.9122700e+05
   0.0000000e+00   0.0000000e+00   7.0810185e+03   1.9127700e+05
   0.0000000e+00   0.0000000e+00   7.0810185e+03   1.9189600e+05
   0.0000000e+00   0.0000000e+00   7.0810185e+03   1.9205300e+05
   0.0000000e+00   0.0000000e+00   7.0810185e+03   1.9221700e+05
   0.0000000e+00   0.0000000e+00   7.0810185e+03   1.9283000e+05
   0.0000000e+00   0.0000000e+00   7.0810185e+03   1.9632700e+05
   0.0000000e+00   0.0000000e+00   7.0810185e+03   1.9750000e+05
   0.0000000e+00   0.0000000e+00   7.0810185e+03   1.9794300e+05
   0.0000000e+00   0.0000000e+00   7.0810185e+03   1.9798700e+05
   0.0000000e+00   0.0000000e+00   7.0810185e+03   1.9854800e+05
   0.0000000e+00   0.0000000e+00   7.0810185e+03   1.9883800e+05
   0.0000000e+00   0.0000000e+00   7.0810185e+03   1.9887300e+05
