   2.3986536e+02   9.5489143e+00   1.5731241e+04   2.0000000e+00
   2.3888909e+02   9.3594220e+00   1.6188130e+04   5.0000000e+00
   2.3508964e+02   9.2703593e+00   1.6181407e+04   6.0000000e+00
   2.2298266e+02   9.2452378e+00   1.6264968e+04   8.0000000e+00
   2.1450818e+02   7.9467462e+00   1.6213048e+04   9.0000000e+00
   2.1343407e+02   7.7909429e+00   1.6461426e+04   1.5000000e+01
   2.0589822e+02   6.9513667e+00   1.6425811e+04   1.7000000e+01
   1.9041267e+02   5.9148009e+00   1.7114852e+04   1.8000000e+01
   1.8774543e+02   5.6796645e+00   1.7161853e+04   1.9000000e+01
   1.7572255e+02   5.4276096e+00   1.7143302e+04   2.3000000e+01
   1.7455222e+02   4.6103004e+00   1.7142085e+04   2.4000000e+01
   1.7352151e+02   4.5308630e+00   1.7151719e+04   2.6000000e+01
   1.7236725e+02   4.4310311e+00   1.7586756e+04   2.7000000e+01
   1.7196131e+02   4.3331828e+00   1.7881272e+04   3.1000000e+01
   1.6898964e+02   4.0140431e+00   1.8067898e+04   3.3000000e+01
   1.6798420e+02   4.6402429e+00   1.7957461e+04   3.4000000e+01
   1.6792893e+02   4.6244001e+00   1.7987793e+04   3.5000000e+01
   1.6539246e+02   4.5453503e+00   1.8397121e+04   3.6000000e+01
   1.6400978e+02   4.4433856e+00   1.8453963e+04   3.8000000e+01
   1.6133129e+02   4.1770139e+00   1.8431572e+04   3.9000000e+01
   1.5985125e+02   3.6801379e+00   1.8452787e+04   4.1000000e+01
   1.5422905e+02   3.9446108e+00   1.8329080e+04   4.2000000e+01
   1.3954843e+02   3.4039546e+00   1.8935297e+04   4.3000000e+01
   1.3930903e+02   3.3903777e+00   1.8920512e+04   4.4000000e+01
   1.3841783e+02   3.2938541e+00   1.9006974e+04   4.6000000e+01
   1.3741039e+02   2.5841378e+00   1.8948949e+04   5.1000000e+01
   1.3241918e+02   2.4492837e+00   1.9507642e+04   5.2000000e+01
   1.1980089e+02   2.0800569e+00   1.9865086e+04   5.4000000e+01
   1.1868521e+02   2.0723233e+00   1.9980726e+04   6.0000000e+01
   1.1859348e+02   1.7579854e+00   2.0338861e+04   6.2000000e+01
   1.1669639e+02   1.7617159e+00   2.0222984e+04   6.4000000e+01
   1.1574829e+02   1.7186515e+00   2.0475735e+04   6.7000000e+01
   1.1453525e+02   1.5163041e+00   2.0728916e+04   6.9000000e+01
   1.1374264e+02   1.4895468e+00   2.0782045e+04   7.0000000e+01
   1.1156473e+02   1.3780749e+00   2.0835512e+04   7.4000000e+01
   1.0958398e+02   1.2993990e+00   2.0885171e+04   7.7000000e+01
   1.0507568e+02   1.0074254e+00   2.1214677e+04   8.0000000e+01
   1.0437647e+02   1.0312125e+00   2.1256629e+04   8.3000000e+01
   1.0398600e+02   1.0278733e+00   2.1095924e+04   8.4000000e+01
   1.0162614e+02   9.5035313e-01   2.1485962e+04   8.9000000e+01
   9.9936005e+01   1.0128676e+00   2.1136187e+04   9.1000000e+01
   9.9164174e+01   1.0628845e+00   2.0939392e+04   9.2000000e+01
   9.8855532e+01   1.0617593e+00   2.0964407e+04   9.4000000e+01
   9.8779124e+01   1.0661653e+00   2.1115328e+04   9.8000000e+01
   8.9883190e+01   8.8731883e-01   2.0884145e+04   9.9000000e+01
   8.9251710e+01   7.8345805e-01   2.0934362e+04   1.0100000e+02
   8.4026262e+01   7.0318362e-01   2.1204369e+04   1.0600000e+02
   8.3923281e+01   7.0040711e-01   2.1293221e+04   1.0700000e+02
   8.3730988e+01   6.9735053e-01   2.1525978e+04   1.0800000e+02
   8.2151608e+01   7.0178904e-01   2.1496999e+04   1.0900000e+02
   8.2121783e+01   6.9832102e-01   2.1612600e+04   1.1000000e+02
   8.1439652e+01   7.0752884e-01   2.1893254e+04   1.1300000e+02
   7.6697741e+01   6.9221100e-01   2.2097794e+04   1.1500000e+02
   7.6481184e+01   7.0087133e-01   2.2403942e+04   1.1600000e+02
   7.0362019e+01   6.0612669e-01   2.2407867e+04   1.1700000e+02
   6.5991999e+01   4.3102683e-01   2.2855106e+04   1.2200000e+02
   6.5613053e+01   4.3802225e-01   2.2698021e+04   1.2400000e+02
   6.5137417e+01   4.3831598e-01   2.2598804e+04   1.2500000e+02
   6.5038342e+01   4.3783051e-01   2.2807632e+04   1.2700000e+02
   6.2231908e+01   3.8241586e-01   2.2644202e+04   1.2800000e+02
   6.1017286e+01   3.9528747e-01   2.2459143e+04   1.3000000e+02
   6.0379357e+01   3.9754011e-01   2.2428358e+04   1.3100000e+02
   5.7368746e+01   3.2195060e-01   2.2426317e+04   1.3200000e+02
   3.4267070e+01   0.0000000e+00   2.2759882e+04   1.3300000e+02
   2.9993683e+01   0.0000000e+00   2.3278754e+04   1.3600000e+02
   2.9987181e+01   0.0000000e+00   2.3238527e+04   1.4000000e+02
   2.9672227e+01   0.0000000e+00   2.3395160e+04   1.4400000e+02
   2.9241517e+01   0.0000000e+00   2.3556473e+04   1.4500000e+02
   2.9145947e+01   0.0000000e+00   2.3391860e+04   1.4600000e+02
   2.7582768e+01   0.0000000e+00   2.3707600e+04   1.4900000e+02
   2.7050088e+01   0.0000000e+00   2.3522263e+04   1.5000000e+02
   2.7025288e+01   0.0000000e+00   2.3636593e+04   1.5100000e+02
   2.4010504e+01   0.0000000e+00   2.3461570e+04   1.5200000e+02
   2.4001435e+01   0.0000000e+00   2.3367559e+04   1.5600000e+02
   2.3964433e+01   0.0000000e+00   2.3450036e+04   1.5700000e+02
   2.3854941e+01   0.0000000e+00   2.3338201e+04   1.6100000e+02
   2.3257818e+01   0.0000000e+00   2.3251110e+04   1.6800000e+02
   2.1408283e+01   0.0000000e+00   2.2899682e+04   1.6900000e+02
   2.0564521e+01   0.0000000e+00   2.3503108e+04   1.7700000e+02
   2.0339374e+01   0.0000000e+00   2.3435366e+04   1.7800000e+02
   2.0291016e+01   0.0000000e+00   2.3396026e+04   1.7900000e+02
   2.0240435e+01   0.0000000e+00   2.3436843e+04   1.8300000e+02
   1.9032302e+01   0.0000000e+00   2.3526310e+04   1.8400000e+02
   1.8918730e+01   0.0000000e+00   2.4015884e+04   1.9600000e+02
   1.8865964e+01   0.0000000e+00   2.4339405e+04   1.9700000e+02
   1.8762255e+01   0.0000000e+00   2.4209165e+04   2.0200000e+02
   1.8748937e+01   0.0000000e+00   2.4336360e+04   2.0400000e+02
   1.8272338e+01   0.0000000e+00   2.4191522e+04   2.0500000e+02
   1.8124048e+01   0.0000000e+00   2.4443200e+04   2.0700000e+02
   1.3680774e+01   0.0000000e+00   2.4419108e+04   2.1000000e+02
   1.3430030e+01   0.0000000e+00   2.4339631e+04   2.1200000e+02
   1.3408733e+01   0.0000000e+00   2.4105781e+04   2.1600000e+02
   1.1876165e+01   0.0000000e+00   2.4124738e+04   2.1700000e+02
   1.1862264e+01   0.0000000e+00   2.4058715e+04   2.1900000e+02
   1.0181588e+01   0.0000000e+00   2.3885548e+04   2.2100000e+02
   9.9442340e+00   0.0000000e+00   2.4128729e+04   2.2600000e+02
   9.9020642e+00   0.0000000e+00   2.4112953e+04   2.2800000e+02
   9.8717695e+00   0.0000000e+00   2.4229222e+04   2.3000000e+02
   9.8134529e+00   0.0000000e+00   2.4024356e+04   2.3100000e+02
   8.6743984e+00   0.0000000e+00   2.3940211e+04   2.3400000e+02
   8.6412557e+00   0.0000000e+00   2.3814529e+04   2.3500000e+02
   8.3391163e+00   0.0000000e+00   2.4211376e+04   2.3700000e+02
   7.2976731e+00   0.0000000e+00   2.4063374e+04   2.3800000e+02
   6.7944099e+00   0.0000000e+00   2.4131348e+04   2.3900000e+02
   6.6195243e+00   0.0000000e+00   2.4494276e+04   2.4100000e+02
   6.6019823e+00   0.0000000e+00   2.4626489e+04   2.4400000e+02
   6.5508318e+00   0.0000000e+00   2.4490648e+04   2.4600000e+02
   5.4090713e+00   0.0000000e+00   2.4097848e+04   2.4700000e+02
   5.2387424e+00   0.0000000e+00   2.4428106e+04   2.4900000e+02
   5.2362677e+00   0.0000000e+00   2.4228393e+04   2.5100000e+02
   5.2115007e+00   0.0000000e+00   2.4552566e+04   2.5200000e+02
   5.0819656e+00   0.0000000e+00   2.4749336e+04   2.5700000e+02
   4.9563285e+00   0.0000000e+00   2.4719678e+04   2.5900000e+02
   4.9556603e+00   0.0000000e+00   2.5227142e+04   2.6000000e+02
   4.6239455e+00   0.0000000e+00   2.5579436e+04   2.6200000e+02
   4.5998495e+00   0.0000000e+00   2.5519504e+04   2.6600000e+02
   4.5996261e+00   0.0000000e+00   2.5759105e+04   2.6800000e+02
   4.4845147e+00   0.0000000e+00   2.5501586e+04   2.7000000e+02
   4.4811450e+00   0.0000000e+00   2.5801617e+04   2.7100000e+02
   4.4767336e+00   0.0000000e+00   2.5952777e+04   2.7300000e+02
   4.4722355e+00   0.0000000e+00   2.5877667e+04   2.7400000e+02
   4.4278217e+00   0.0000000e+00   2.5671613e+04   2.8100000e+02
   4.4261301e+00   0.0000000e+00   2.5674549e+04   2.8300000e+02
   4.4201165e+00   0.0000000e+00   2.5593163e+04   2.8600000e+02
   4.2681836e+00   0.0000000e+00   2.6068100e+04   2.8700000e+02
   4.2283284e+00   0.0000000e+00   2.6255695e+04   2.8800000e+02
   3.9538609e+00   0.0000000e+00   2.6530454e+04   2.9300000e+02
   3.9478744e+00   0.0000000e+00   2.6750933e+04   2.9800000e+02
   3.8997533e+00   0.0000000e+00   2.6820972e+04   3.0300000e+02
   3.8919545e+00   0.0000000e+00   2.6787652e+04   3.0600000e+02
   3.8279310e+00   0.0000000e+00   2.7112927e+04   3.0900000e+02
   3.6688551e+00   0.0000000e+00   2.7452246e+04   3.1000000e+02
   3.6041077e+00   0.0000000e+00   2.7148560e+04   3.1500000e+02
   3.5809157e+00   0.0000000e+00   2.7239032e+04   3.1600000e+02
   3.5780404e+00   0.0000000e+00   2.7388731e+04   3.1700000e+02
   3.5631209e+00   0.0000000e+00   2.7234819e+04   3.3100000e+02
   3.5614461e+00   0.0000000e+00   2.7093575e+04   3.3700000e+02
   3.5375567e+00   0.0000000e+00   2.7216538e+04   3.4200000e+02
   3.5363105e+00   0.0000000e+00   2.7124945e+04   3.4300000e+02
   3.5221619e+00   0.0000000e+00   2.7354417e+04   3.4500000e+02
   2.4385512e+00   0.0000000e+00   2.7029044e+04   3.5300000e+02
   2.4340945e+00   0.0000000e+00   2.7367896e+04   3.5500000e+02
   2.3779107e+00   0.0000000e+00   2.7219703e+04   3.6200000e+02
   2.3735081e+00   0.0000000e+00   2.7187301e+04   3.6400000e+02
   2.3421548e+00   0.0000000e+00   2.7424595e+04   3.6600000e+02
   2.3410531e+00   0.0000000e+00   2.7381189e+04   3.6700000e+02
   2.2959141e+00   0.0000000e+00   2.7754182e+04   3.7000000e+02
   2.2713336e+00   0.0000000e+00   2.7637290e+04   3.7100000e+02
   2.2652918e+00   0.0000000e+00   2.7738832e+04   3.7200000e+02
   2.2496650e+00   0.0000000e+00   2.8114987e+04   3.8100000e+02
   2.2067368e+00   0.0000000e+00   2.8058492e+04   3.8800000e+02
   2.2049542e+00   0.0000000e+00   2.8004349e+04   3.9000000e+02
   2.0858517e+00   0.0000000e+00   2.8321683e+04   3.9400000e+02
   2.0845504e+00   0.0000000e+00   2.8150934e+04   3.9700000e+02
   1.0211117e+00   0.0000000e+00   2.8405426e+04   4.1300000e+02
   1.0209149e+00   0.0000000e+00   2.8400714e+04   4.1800000e+02
   8.7841268e-01   0.0000000e+00   2.8096903e+04   4.2100000e+02
   8.4417000e-01   0.0000000e+00   2.7916171e+04   4.2600000e+02
   8.2983773e-01   0.0000000e+00   2.8149652e+04   4.2900000e+02
   8.1774228e-01   0.0000000e+00   2.8197645e+04   4.3600000e+02
   7.4084777e-01   0.0000000e+00   2.7808571e+04   4.3700000e+02
   5.8521941e-01   0.0000000e+00   2.7547051e+04   4.4000000e+02
   5.6243834e-01   0.0000000e+00   2.7585957e+04   4.4200000e+02
   2.7017886e-01   0.0000000e+00   2.7500017e+04   4.4300000e+02
   2.6265214e-01   0.0000000e+00   2.7383949e+04   4.5800000e+02
   2.5846632e-01   0.0000000e+00   2.7425935e+04   4.6200000e+02
   2.4940356e-01   0.0000000e+00   2.7575860e+04   4.7200000e+02
   2.4929094e-01   0.0000000e+00   2.7743002e+04   4.7600000e+02
   2.4876323e-01   0.0000000e+00   2.7286623e+04   4.8000000e+02
   2.4853429e-01   0.0000000e+00   2.7189140e+04   4.8200000e+02
   2.4512634e-01   0.0000000e+00   2.7543932e+04   4.8300000e+02
   2.4512370e-01   0.0000000e+00   2.7379952e+04   4.8900000e+02
   2.4412174e-01   0.0000000e+00   2.7166049e+04   4.9300000e+02
   2.4291237e-01   0.0000000e+00   2.7515982e+04   4.9500000e+02
   2.4278113e-01   0.0000000e+00   2.7538451e+04   4.9600000e+02
   2.3919075e-01   0.0000000e+00   2.7662146e+04   4.9700000e+02
   2.3707966e-01   0.0000000e+00   2.7469392e+04   4.9900000e+02
   2.3253832e-01   0.0000000e+00   2.7954705e+04   5.0100000e+02
   1.6330354e-01   0.0000000e+00   2.8387320e+04   5.0200000e+02
   0.0000000e+00   0.0000000e+00   2.8434585e+04   5.0300000e+02
   0.0000000e+00   0.0000000e+00   2.8260599e+04   5.0500000e+02
   0.0000000e+00   0.0000000e+00   2.8021587e+04   5.0700000e+02
   0.0000000e+00   0.0000000e+00   2.7947344e+04   5.0800000e+02
   0.0000000e+00   0.0000000e+00   2.7909651e+04   5.0900000e+02
   0.0000000e+00   0.0000000e+00   2.7862410e+04   5.1000000e+02
   0.0000000e+00   0.0000000e+00   2.7674252e+04   5.1300000e+02
   0.0000000e+00   0.0000000e+00   2.7552043e+04   5.1500000e+02
   0.0000000e+00   0.0000000e+00   2.7494142e+04   5.1600000e+02
   0.0000000e+00   0.0000000e+00   2.7381012e+04   5.1900000e+02
   0.0000000e+00   0.0000000e+00   2.7217889e+04   5.2000000e+02
   0.0000000e+00   0.0000000e+00   2.7077256e+04   5.2100000e+02
   0.0000000e+00   0.0000000e+00   2.7019421e+04   5.2300000e+02
   0.0000000e+00   0.0000000e+00   2.6799763e+04   5.2700000e+02
   0.0000000e+00   0.0000000e+00   2.6734681e+04   5.2900000e+02
   0.0000000e+00   0.0000000e+00   2.6454886e+04   5.3000000e+02
   0.0000000e+00   0.0000000e+00   2.6264388e+04   5.3700000e+02
   0.0000000e+00   0.0000000e+00   2.6090792e+04   5.4000000e+02
   0.0000000e+00   0.0000000e+00   2.5827665e+04   5.4100000e+02
   0.0000000e+00   0.0000000e+00   2.5774246e+04   5.4400000e+02
   0.0000000e+00   0.0000000e+00   2.5588633e+04   5.4500000e+02
   0.0000000e+00   0.0000000e+00   2.5386938e+04   5.4700000e+02
   0.0000000e+00   0.0000000e+00   2.5140214e+04   5.4800000e+02
   0.0000000e+00   0.0000000e+00   2.4710334e+04   5.5800000e+02
   0.0000000e+00   0.0000000e+00   2.4391857e+04   5.6100000e+02
   0.0000000e+00   0.0000000e+00   2.4264408e+04   5.6500000e+02
   0.0000000e+00   0.0000000e+00   2.4107015e+04   5.6900000e+02
   0.0000000e+00   0.0000000e+00   2.3923962e+04   5.8000000e+02
   0.0000000e+00   0.0000000e+00   2.3788983e+04   5.8100000e+02
   0.0000000e+00   0.0000000e+00   2.3758007e+04   5.8200000e+02
   0.0000000e+00   0.0000000e+00   2.3485786e+04   5.8300000e+02
   0.0000000e+00   0.0000000e+00   2.3416487e+04   5.8500000e+02
   0.0000000e+00   0.0000000e+00   2.3412774e+04   5.8800000e+02
   0.0000000e+00   0.0000000e+00   2.3373232e+04   5.9700000e+02
   0.0000000e+00   0.0000000e+00   2.3245153e+04   6.0200000e+02
   0.0000000e+00   0.0000000e+00   2.3203503e+04   6.0500000e+02
   0.0000000e+00   0.0000000e+00   2.2841774e+04   6.0800000e+02
   0.0000000e+00   0.0000000e+00   2.2805677e+04   6.1100000e+02
   0.0000000e+00   0.0000000e+00   2.2802559e+04   6.1500000e+02
   0.0000000e+00   0.0000000e+00   2.2800335e+04   6.1800000e+02
   0.0000000e+00   0.0000000e+00   2.2409992e+04   6.2100000e+02
   0.0000000e+00   0.0000000e+00   2.2357284e+04   6.3400000e+02
   0.0000000e+00   0.0000000e+00   2.2210862e+04   6.3800000e+02
   0.0000000e+00   0.0000000e+00   2.2098891e+04   6.5000000e+02
   0.0000000e+00   0.0000000e+00   2.1929099e+04   6.5100000e+02
   0.0000000e+00   0.0000000e+00   2.1690588e+04   6.5300000e+02
   0.0000000e+00   0.0000000e+00   2.1656667e+04   6.5900000e+02
   0.0000000e+00   0.0000000e+00   2.1610354e+04   6.6200000e+02
   0.0000000e+00   0.0000000e+00   2.1478835e+04   6.7400000e+02
   0.0000000e+00   0.0000000e+00   2.1413186e+04   6.7500000e+02
   0.0000000e+00   0.0000000e+00   2.1298809e+04   6.8500000e+02
   0.0000000e+00   0.0000000e+00   2.0990940e+04   6.8600000e+02
   0.0000000e+00   0.0000000e+00   2.0800702e+04   6.9100000e+02
   0.0000000e+00   0.0000000e+00   2.0706305e+04   6.9800000e+02
   0.0000000e+00   0.0000000e+00   2.0683580e+04   7.0000000e+02
   0.0000000e+00   0.0000000e+00   2.0638232e+04   7.0100000e+02
   0.0000000e+00   0.0000000e+00   2.0624910e+04   7.0400000e+02
   0.0000000e+00   0.0000000e+00   2.0382070e+04   7.1000000e+02
   0.0000000e+00   0.0000000e+00   2.0090971e+04   7.1200000e+02
   0.0000000e+00   0.0000000e+00   1.9948898e+04   7.1600000e+02
   0.0000000e+00   0.0000000e+00   1.9883520e+04   7.2000000e+02
   0.0000000e+00   0.0000000e+00   1.9741152e+04   7.2100000e+02
   0.0000000e+00   0.0000000e+00   1.9650906e+04   7.3100000e+02
   0.0000000e+00   0.0000000e+00   1.9560383e+04   7.3500000e+02
   0.0000000e+00   0.0000000e+00   1.9398159e+04   7.3600000e+02
   0.0000000e+00   0.0000000e+00   1.9208423e+04   7.3800000e+02
   0.0000000e+00   0.0000000e+00   1.9168303e+04   7.3900000e+02
   0.0000000e+00   0.0000000e+00   1.9044138e+04   7.4800000e+02
   0.0000000e+00   0.0000000e+00   1.8927893e+04   7.5400000e+02
   0.0000000e+00   0.0000000e+00   1.8707354e+04   7.5500000e+02
   0.0000000e+00   0.0000000e+00   1.8686975e+04   7.6700000e+02
   0.0000000e+00   0.0000000e+00   1.8606269e+04   7.7000000e+02
   0.0000000e+00   0.0000000e+00   1.8443915e+04   7.8800000e+02
   0.0000000e+00   0.0000000e+00   1.8401271e+04   7.9700000e+02
   0.0000000e+00   0.0000000e+00   1.8202361e+04   8.0000000e+02
   0.0000000e+00   0.0000000e+00   1.8087253e+04   8.0900000e+02
   0.0000000e+00   0.0000000e+00   1.7927664e+04   8.1300000e+02
   0.0000000e+00   0.0000000e+00   1.7897710e+04   8.1600000e+02
   0.0000000e+00   0.0000000e+00   1.7870171e+04   8.1700000e+02
   0.0000000e+00   0.0000000e+00   1.7814481e+04   8.2000000e+02
   0.0000000e+00   0.0000000e+00   1.7639493e+04   8.2300000e+02
   0.0000000e+00   0.0000000e+00   1.7528060e+04   8.2500000e+02
   0.0000000e+00   0.0000000e+00   1.7334096e+04   8.2900000e+02
   0.0000000e+00   0.0000000e+00   1.7141758e+04   8.3000000e+02
   0.0000000e+00   0.0000000e+00   1.7104156e+04   8.3100000e+02
   0.0000000e+00   0.0000000e+00   1.7092812e+04   8.3600000e+02
   0.0000000e+00   0.0000000e+00   1.6997172e+04   8.4000000e+02
   0.0000000e+00   0.0000000e+00   1.6966102e+04   8.4100000e+02
   0.0000000e+00   0.0000000e+00   1.6939604e+04   8.4600000e+02
   0.0000000e+00   0.0000000e+00   1.6931784e+04   8.5200000e+02
   0.0000000e+00   0.0000000e+00   1.6916810e+04   8.5500000e+02
   0.0000000e+00   0.0000000e+00   1.6884472e+04   8.6000000e+02
   0.0000000e+00   0.0000000e+00   1.6643794e+04   8.7800000e+02
   0.0000000e+00   0.0000000e+00   1.6592546e+04   8.8300000e+02
   0.0000000e+00   0.0000000e+00   1.6453767e+04   8.9100000e+02
   0.0000000e+00   0.0000000e+00   1.6389646e+04   8.9700000e+02
   0.0000000e+00   0.0000000e+00   1.6292280e+04   9.0100000e+02
   0.0000000e+00   0.0000000e+00   1.6158581e+04   9.0200000e+02
   0.0000000e+00   0.0000000e+00   1.6137698e+04   9.0300000e+02
   0.0000000e+00   0.0000000e+00   1.6134924e+04   9.0500000e+02
   0.0000000e+00   0.0000000e+00   1.6095280e+04   9.5700000e+02
   0.0000000e+00   0.0000000e+00   1.6061785e+04   9.7000000e+02
   0.0000000e+00   0.0000000e+00   1.6019195e+04   9.7500000e+02
   0.0000000e+00   0.0000000e+00   1.5912189e+04   1.0050000e+03
   0.0000000e+00   0.0000000e+00   1.5513399e+04   1.0210000e+03
   0.0000000e+00   0.0000000e+00   1.5454075e+04   1.0240000e+03
   0.0000000e+00   0.0000000e+00   1.5445554e+04   1.0560000e+03
   0.0000000e+00   0.0000000e+00   1.5441970e+04   1.0780000e+03
   0.0000000e+00   0.0000000e+00   1.5390375e+04   1.0860000e+03
   0.0000000e+00   0.0000000e+00   1.5342742e+04   1.1030000e+03
   0.0000000e+00   0.0000000e+00   1.5318757e+04   1.1050000e+03
   0.0000000e+00   0.0000000e+00   1.5318287e+04   1.1150000e+03
   0.0000000e+00   0.0000000e+00   1.5242208e+04   1.1180000e+03
   0.0000000e+00   0.0000000e+00   1.5227192e+04   1.1300000e+03
   0.0000000e+00   0.0000000e+00   1.5126208e+04   1.1430000e+03
   0.0000000e+00   0.0000000e+00   1.5107419e+04   1.1470000e+03
   0.0000000e+00   0.0000000e+00   1.4998182e+04   1.1590000e+03
   0.0000000e+00   0.0000000e+00   1.4997703e+04   1.1600000e+03
   0.0000000e+00   0.0000000e+00   1.4967796e+04   1.1630000e+03
   0.0000000e+00   0.0000000e+00   1.4957498e+04   1.1740000e+03
   0.0000000e+00   0.0000000e+00   1.4912889e+04   1.1810000e+03
   0.0000000e+00   0.0000000e+00   1.4787691e+04   1.1880000e+03
   0.0000000e+00   0.0000000e+00   1.4618468e+04   1.2020000e+03
   0.0000000e+00   0.0000000e+00   1.4574415e+04   1.2250000e+03
   0.0000000e+00   0.0000000e+00   1.4555048e+04   1.2340000e+03
   0.0000000e+00   0.0000000e+00   1.4440797e+04   1.2370000e+03
   0.0000000e+00   0.0000000e+00   1.4427191e+04   1.2430000e+03
   0.0000000e+00   0.0000000e+00   1.4377782e+04   1.2470000e+03
   0.0000000e+00   0.0000000e+00   1.4344224e+04   1.2830000e+03
   0.0000000e+00   0.0000000e+00   1.4317806e+04   1.2840000e+03
   0.0000000e+00   0.0000000e+00   1.4274623e+04   1.3280000e+03
   0.0000000e+00   0.0000000e+00   1.4113641e+04   1.3320000e+03
   0.0000000e+00   0.0000000e+00   1.4099575e+04   1.3730000e+03
   0.0000000e+00   0.0000000e+00   1.4003959e+04   1.4140000e+03
   0.0000000e+00   0.0000000e+00   1.3941827e+04   1.4170000e+03
   0.0000000e+00   0.0000000e+00   1.3916138e+04   1.4220000e+03
   0.0000000e+00   0.0000000e+00   1.3849320e+04   1.4260000e+03
   0.0000000e+00   0.0000000e+00   1.3844406e+04   1.4340000e+03
   0.0000000e+00   0.0000000e+00   1.3824641e+04   1.4430000e+03
   0.0000000e+00   0.0000000e+00   1.3735635e+04   1.4480000e+03
   0.0000000e+00   0.0000000e+00   1.3480041e+04   1.4540000e+03
   0.0000000e+00   0.0000000e+00   1.3441513e+04   1.4730000e+03
   0.0000000e+00   0.0000000e+00   1.3412384e+04   1.4790000e+03
   0.0000000e+00   0.0000000e+00   1.3349788e+04   1.4860000e+03
   0.0000000e+00   0.0000000e+00   1.3310880e+04   1.4890000e+03
   0.0000000e+00   0.0000000e+00   1.3210899e+04   1.4910000e+03
   0.0000000e+00   0.0000000e+00   1.3135321e+04   1.4920000e+03
   0.0000000e+00   0.0000000e+00   1.3107576e+04   1.4990000e+03
   0.0000000e+00   0.0000000e+00   1.3079009e+04   1.5010000e+03
   0.0000000e+00   0.0000000e+00   1.3074855e+04   1.5160000e+03
   0.0000000e+00   0.0000000e+00   1.3046794e+04   1.5580000e+03
   0.0000000e+00   0.0000000e+00   1.3007170e+04   1.5640000e+03
   0.0000000e+00   0.0000000e+00   1.2812145e+04   1.6080000e+03
   0.0000000e+00   0.0000000e+00   1.2762860e+04   1.6310000e+03
   0.0000000e+00   0.0000000e+00   1.2725290e+04   1.6610000e+03
   0.0000000e+00   0.0000000e+00   1.2632236e+04   1.6620000e+03
   0.0000000e+00   0.0000000e+00   1.2568314e+04   1.6640000e+03
   0.0000000e+00   0.0000000e+00   1.2541329e+04   1.6800000e+03
   0.0000000e+00   0.0000000e+00   1.2522228e+04   1.7020000e+03
   0.0000000e+00   0.0000000e+00   1.2468398e+04   1.7180000e+03
   0.0000000e+00   0.0000000e+00   1.2381263e+04   1.7270000e+03
   0.0000000e+00   0.0000000e+00   1.2374043e+04   1.7420000e+03
   0.0000000e+00   0.0000000e+00   1.2314186e+04   1.7460000e+03
   0.0000000e+00   0.0000000e+00   1.2246060e+04   1.7590000e+03
   0.0000000e+00   0.0000000e+00   1.2234553e+04   1.7600000e+03
   0.0000000e+00   0.0000000e+00   1.2223346e+04   1.7640000e+03
   0.0000000e+00   0.0000000e+00   1.2030376e+04   1.8050000e+03
   0.0000000e+00   0.0000000e+00   1.1998822e+04   1.8400000e+03
   0.0000000e+00   0.0000000e+00   1.1995793e+04   1.8480000e+03
   0.0000000e+00   0.0000000e+00   1.1930024e+04   1.8740000e+03
   0.0000000e+00   0.0000000e+00   1.1884200e+04   1.8760000e+03
   0.0000000e+00   0.0000000e+00   1.1833035e+04   1.8780000e+03
   0.0000000e+00   0.0000000e+00   1.1765234e+04   1.8860000e+03
   0.0000000e+00   0.0000000e+00   1.1693779e+04   1.8900000e+03
   0.0000000e+00   0.0000000e+00   1.1677954e+04   1.8950000e+03
   0.0000000e+00   0.0000000e+00   1.1598708e+04   1.9020000e+03
   0.0000000e+00   0.0000000e+00   1.1569296e+04   1.9070000e+03
   0.0000000e+00   0.0000000e+00   1.1564783e+04   1.9080000e+03
   0.0000000e+00   0.0000000e+00   1.1560479e+04   1.9280000e+03
   0.0000000e+00   0.0000000e+00   1.1549521e+04   1.9330000e+03
   0.0000000e+00   0.0000000e+00   1.1504914e+04   1.9500000e+03
   0.0000000e+00   0.0000000e+00   1.1469154e+04   1.9820000e+03
   0.0000000e+00   0.0000000e+00   1.1420016e+04   1.9960000e+03
   0.0000000e+00   0.0000000e+00   1.1412723e+04   1.9980000e+03
   0.0000000e+00   0.0000000e+00   1.1324070e+04   2.0000000e+03
   0.0000000e+00   0.0000000e+00   1.1292255e+04   2.0060000e+03
   0.0000000e+00   0.0000000e+00   1.1248155e+04   2.0090000e+03
   0.0000000e+00   0.0000000e+00   1.1120940e+04   2.0140000e+03
   0.0000000e+00   0.0000000e+00   1.1105785e+04   2.0530000e+03
   0.0000000e+00   0.0000000e+00   1.1039679e+04   2.0560000e+03
   0.0000000e+00   0.0000000e+00   1.0966004e+04   2.0840000e+03
   0.0000000e+00   0.0000000e+00   1.0955925e+04   2.0910000e+03
   0.0000000e+00   0.0000000e+00   1.0948408e+04   2.0930000e+03
   0.0000000e+00   0.0000000e+00   1.0884557e+04   2.0950000e+03
   0.0000000e+00   0.0000000e+00   1.0878703e+04   2.1020000e+03
   0.0000000e+00   0.0000000e+00   1.0859278e+04   2.1070000e+03
   0.0000000e+00   0.0000000e+00   1.0818915e+04   2.1090000e+03
   0.0000000e+00   0.0000000e+00   1.0813583e+04   2.1220000e+03
   0.0000000e+00   0.0000000e+00   1.0778384e+04   2.1420000e+03
   0.0000000e+00   0.0000000e+00   1.0769553e+04   2.1440000e+03
   0.0000000e+00   0.0000000e+00   1.0709756e+04   2.1600000e+03
   0.0000000e+00   0.0000000e+00   1.0677477e+04   2.1650000e+03
   0.0000000e+00   0.0000000e+00   1.0623328e+04   2.1680000e+03
   0.0000000e+00   0.0000000e+00   1.0574176e+04   2.1940000e+03
   0.0000000e+00   0.0000000e+00   1.0547125e+04   2.2030000e+03
   0.0000000e+00   0.0000000e+00   1.0536682e+04   2.2040000e+03
   0.0000000e+00   0.0000000e+00   1.0491300e+04   2.2080000e+03
   0.0000000e+00   0.0000000e+00   1.0489612e+04   2.2130000e+03
   0.0000000e+00   0.0000000e+00   1.0430067e+04   2.2410000e+03
   0.0000000e+00   0.0000000e+00   1.0354308e+04   2.2420000e+03
   0.0000000e+00   0.0000000e+00   1.0333827e+04   2.2600000e+03
   0.0000000e+00   0.0000000e+00   1.0290345e+04   2.2730000e+03
   0.0000000e+00   0.0000000e+00   1.0076505e+04   2.2780000e+03
   0.0000000e+00   0.0000000e+00   1.0074312e+04   2.2860000e+03
   0.0000000e+00   0.0000000e+00   1.0071275e+04   2.2950000e+03
   0.0000000e+00   0.0000000e+00   1.0037275e+04   2.3000000e+03
   0.0000000e+00   0.0000000e+00   1.0031005e+04   2.3300000e+03
   0.0000000e+00   0.0000000e+00   1.0025265e+04   2.3400000e+03
   0.0000000e+00   0.0000000e+00   1.0008854e+04   2.3580000e+03
   0.0000000e+00   0.0000000e+00   9.9924121e+03   2.3840000e+03
   0.0000000e+00   0.0000000e+00   9.9237662e+03   2.3890000e+03
   0.0000000e+00   0.0000000e+00   9.9054833e+03   2.3950000e+03
   0.0000000e+00   0.0000000e+00   9.8542766e+03   2.4120000e+03
   0.0000000e+00   0.0000000e+00   9.7722221e+03   2.4220000e+03
   0.0000000e+00   0.0000000e+00   9.7390159e+03   2.4770000e+03
   0.0000000e+00   0.0000000e+00   9.7334560e+03   2.4810000e+03
   0.0000000e+00   0.0000000e+00   9.7325841e+03   2.4900000e+03
   0.0000000e+00   0.0000000e+00   9.6888551e+03   2.4960000e+03
   0.0000000e+00   0.0000000e+00   9.6308838e+03   2.4990000e+03
   0.0000000e+00   0.0000000e+00   9.6118954e+03   2.5180000e+03
   0.0000000e+00   0.0000000e+00   9.3660441e+03   2.5480000e+03
   0.0000000e+00   0.0000000e+00   9.3287209e+03   2.5500000e+03
   0.0000000e+00   0.0000000e+00   9.2880181e+03   2.5710000e+03
   0.0000000e+00   0.0000000e+00   9.2647417e+03   2.6010000e+03
   0.0000000e+00   0.0000000e+00   9.2284683e+03   2.6140000e+03
   0.0000000e+00   0.0000000e+00   9.1721969e+03   2.6160000e+03
   0.0000000e+00   0.0000000e+00   9.1494499e+03   2.6300000e+03
   0.0000000e+00   0.0000000e+00   9.1447662e+03   2.6310000e+03
   0.0000000e+00   0.0000000e+00   9.1129748e+03   2.6510000e+03
   0.0000000e+00   0.0000000e+00   9.0695933e+03   2.6560000e+03
   0.0000000e+00   0.0000000e+00   9.0294767e+03   2.6910000e+03
   0.0000000e+00   0.0000000e+00   9.0234138e+03   2.7120000e+03
   0.0000000e+00   0.0000000e+00   9.0012794e+03   2.7190000e+03
   0.0000000e+00   0.0000000e+00   8.9642179e+03   2.7340000e+03
   0.0000000e+00   0.0000000e+00   8.9448151e+03   2.7950000e+03
   0.0000000e+00   0.0000000e+00   8.9019106e+03   2.8620000e+03
   0.0000000e+00   0.0000000e+00   8.8821968e+03   2.9240000e+03
   0.0000000e+00   0.0000000e+00   8.8195721e+03   2.9470000e+03
   0.0000000e+00   0.0000000e+00   8.8163756e+03   2.9540000e+03
   0.0000000e+00   0.0000000e+00   8.8115065e+03   2.9660000e+03
   0.0000000e+00   0.0000000e+00   8.7576343e+03   2.9720000e+03
   0.0000000e+00   0.0000000e+00   8.6746920e+03   2.9740000e+03
   0.0000000e+00   0.0000000e+00   8.6740263e+03   2.9770000e+03
   0.0000000e+00   0.0000000e+00   8.6557294e+03   2.9800000e+03
   0.0000000e+00   0.0000000e+00   8.6267532e+03   2.9860000e+03
   0.0000000e+00   0.0000000e+00   8.6239678e+03   2.9870000e+03
   0.0000000e+00   0.0000000e+00   8.6150783e+03   3.0330000e+03
   0.0000000e+00   0.0000000e+00   8.6090272e+03   3.0420000e+03
   0.0000000e+00   0.0000000e+00   8.5931225e+03   3.0570000e+03
   0.0000000e+00   0.0000000e+00   8.5844870e+03   3.0720000e+03
   0.0000000e+00   0.0000000e+00   8.5773782e+03   3.1300000e+03
   0.0000000e+00   0.0000000e+00   8.5766293e+03   3.1380000e+03
   0.0000000e+00   0.0000000e+00   8.5585424e+03   3.1770000e+03
   0.0000000e+00   0.0000000e+00   8.5267640e+03   3.3130000e+03
   0.0000000e+00   0.0000000e+00   8.5106167e+03   3.3780000e+03
   0.0000000e+00   0.0000000e+00   8.5065711e+03   3.5620000e+03
   0.0000000e+00   0.0000000e+00   8.5058653e+03   3.7220000e+03
   0.0000000e+00   0.0000000e+00   8.4783333e+03   3.8310000e+03
   0.0000000e+00   0.0000000e+00   8.4650329e+03   3.8320000e+03
   0.0000000e+00   0.0000000e+00   8.4637244e+03   3.8380000e+03
   0.0000000e+00   0.0000000e+00   8.4438998e+03   3.9030000e+03
   0.0000000e+00   0.0000000e+00   8.4281204e+03   3.9600000e+03
   0.0000000e+00   0.0000000e+00   8.4172602e+03   3.9870000e+03
   0.0000000e+00   0.0000000e+00   8.4168005e+03   4.0250000e+03
   0.0000000e+00   0.0000000e+00   8.4076927e+03   4.2200000e+03
   0.0000000e+00   0.0000000e+00   8.4055565e+03   4.6810000e+03
   0.0000000e+00   0.0000000e+00   8.3994188e+03   4.7070000e+03
   0.0000000e+00   0.0000000e+00   8.3430771e+03   4.7120000e+03
   0.0000000e+00   0.0000000e+00   8.3262537e+03   4.7220000e+03
   0.0000000e+00   0.0000000e+00   8.3175173e+03   4.7790000e+03
   0.0000000e+00   0.0000000e+00   8.2780531e+03   4.8270000e+03
   0.0000000e+00   0.0000000e+00   8.2755233e+03   4.8380000e+03
   0.0000000e+00   0.0000000e+00   8.2586729e+03   4.9380000e+03
   0.0000000e+00   0.0000000e+00   8.2534445e+03   4.9800000e+03
   0.0000000e+00   0.0000000e+00   8.2345101e+03   4.9820000e+03
   0.0000000e+00   0.0000000e+00   8.2318316e+03   5.0240000e+03
   0.0000000e+00   0.0000000e+00   8.2303212e+03   5.2190000e+03
   0.0000000e+00   0.0000000e+00   8.2111717e+03   5.3000000e+03
   0.0000000e+00   0.0000000e+00   8.2087745e+03   5.3270000e+03
   0.0000000e+00   0.0000000e+00   8.2073591e+03   5.3610000e+03
   0.0000000e+00   0.0000000e+00   8.1814812e+03   5.4560000e+03
   0.0000000e+00   0.0000000e+00   8.1741578e+03   5.4720000e+03
   0.0000000e+00   0.0000000e+00   8.1707910e+03   5.4950000e+03
   0.0000000e+00   0.0000000e+00   8.1563560e+03   5.5330000e+03
   0.0000000e+00   0.0000000e+00   8.1432030e+03   5.6210000e+03
   0.0000000e+00   0.0000000e+00   8.0922642e+03   5.6370000e+03
   0.0000000e+00   0.0000000e+00   8.0822384e+03   5.6660000e+03
   0.0000000e+00   0.0000000e+00   8.0774018e+03   5.6860000e+03
   0.0000000e+00   0.0000000e+00   8.0655873e+03   5.7040000e+03
   0.0000000e+00   0.0000000e+00   8.0550526e+03   5.8960000e+03
   0.0000000e+00   0.0000000e+00   8.0181150e+03   5.9770000e+03
   0.0000000e+00   0.0000000e+00   8.0162006e+03   5.9970000e+03
   0.0000000e+00   0.0000000e+00   8.0128906e+03   6.0360000e+03
   0.0000000e+00   0.0000000e+00   8.0041643e+03   6.1090000e+03
   0.0000000e+00   0.0000000e+00   8.0025049e+03   6.1190000e+03
   0.0000000e+00   0.0000000e+00   7.9773645e+03   6.3040000e+03
   0.0000000e+00   0.0000000e+00   7.9608588e+03   6.3300000e+03
   0.0000000e+00   0.0000000e+00   7.9472650e+03   6.5100000e+03
   0.0000000e+00   0.0000000e+00   7.9457036e+03   6.5760000e+03
   0.0000000e+00   0.0000000e+00   7.9450319e+03   6.6120000e+03
   0.0000000e+00   0.0000000e+00   7.9447815e+03   6.6930000e+03
   0.0000000e+00   0.0000000e+00   7.9406639e+03   6.6950000e+03
   0.0000000e+00   0.0000000e+00   7.9327172e+03   6.7190000e+03
   0.0000000e+00   0.0000000e+00   7.9254963e+03   6.8410000e+03
   0.0000000e+00   0.0000000e+00   7.9227767e+03   7.0040000e+03
   0.0000000e+00   0.0000000e+00   7.9064625e+03   7.1420000e+03
   0.0000000e+00   0.0000000e+00   7.8986476e+03   7.2020000e+03
   0.0000000e+00   0.0000000e+00   7.8819321e+03   7.2400000e+03
   0.0000000e+00   0.0000000e+00   7.8814378e+03   7.2950000e+03
   0.0000000e+00   0.0000000e+00   7.8758285e+03   7.8260000e+03
   0.0000000e+00   0.0000000e+00   7.8566551e+03   8.0110000e+03
   0.0000000e+00   0.0000000e+00   7.8542343e+03   8.0830000e+03
   0.0000000e+00   0.0000000e+00   7.8466347e+03   8.1150000e+03
   0.0000000e+00   0.0000000e+00   7.8354086e+03   8.1410000e+03
   0.0000000e+00   0.0000000e+00   7.8271275e+03   8.2690000e+03
   0.0000000e+00   0.0000000e+00   7.8205680e+03   8.3710000e+03
   0.0000000e+00   0.0000000e+00   7.8123241e+03   8.4160000e+03
   0.0000000e+00   0.0000000e+00   7.8090141e+03   8.4250000e+03
   0.0000000e+00   0.0000000e+00   7.7964008e+03   8.6690000e+03
   0.0000000e+00   0.0000000e+00   7.7940452e+03   8.7330000e+03
   0.0000000e+00   0.0000000e+00   7.7811702e+03   8.7650000e+03
   0.0000000e+00   0.0000000e+00   7.7714583e+03   8.8810000e+03
   0.0000000e+00   0.0000000e+00   7.7483139e+03   8.9840000e+03
   0.0000000e+00   0.0000000e+00   7.7350455e+03   9.0980000e+03
   0.0000000e+00   0.0000000e+00   7.7338141e+03   9.2290000e+03
   0.0000000e+00   0.0000000e+00   7.7291371e+03   9.3880000e+03
   0.0000000e+00   0.0000000e+00   7.7232943e+03   9.4470000e+03
   0.0000000e+00   0.0000000e+00   7.7213351e+03   9.5440000e+03
   0.0000000e+00   0.0000000e+00   7.7118800e+03   9.5610000e+03
   0.0000000e+00   0.0000000e+00   7.6927068e+03   9.7420000e+03
   0.0000000e+00   0.0000000e+00   7.6908601e+03   9.7800000e+03
   0.0000000e+00   0.0000000e+00   7.6908601e+03   1.0825000e+04
   0.0000000e+00   0.0000000e+00   7.6891272e+03   1.0972000e+04
   0.0000000e+00   0.0000000e+00   7.6541641e+03   1.1332000e+04
   0.0000000e+00   0.0000000e+00   7.6515719e+03   1.1356000e+04
   0.0000000e+00   0.0000000e+00   7.6431737e+03   1.1362000e+04
   0.0000000e+00   0.0000000e+00   7.6283587e+03   1.1500000e+04
   0.0000000e+00   0.0000000e+00   7.6210016e+03   1.1540000e+04
   0.0000000e+00   0.0000000e+00   7.5832264e+03   1.1600000e+04
   0.0000000e+00   0.0000000e+00   7.5662815e+03   1.2020000e+04
   0.0000000e+00   0.0000000e+00   7.5656337e+03   1.2089000e+04
   0.0000000e+00   0.0000000e+00   7.5651855e+03   1.2092000e+04
   0.0000000e+00   0.0000000e+00   7.5551919e+03   1.2282000e+04
   0.0000000e+00   0.0000000e+00   7.5428444e+03   1.2345000e+04
   0.0000000e+00   0.0000000e+00   7.5282209e+03   1.2487000e+04
   0.0000000e+00   0.0000000e+00   7.5163020e+03   1.2555000e+04
   0.0000000e+00   0.0000000e+00   7.4716933e+03   1.2564000e+04
   0.0000000e+00   0.0000000e+00   7.4682173e+03   1.2786000e+04
   0.0000000e+00   0.0000000e+00   7.4670561e+03   1.2922000e+04
   0.0000000e+00   0.0000000e+00   7.4660910e+03   1.2926000e+04
   0.0000000e+00   0.0000000e+00   7.4540595e+03   1.2936000e+04
   0.0000000e+00   0.0000000e+00   7.4406064e+03   1.3021000e+04
   0.0000000e+00   0.0000000e+00   7.4236751e+03   1.3043000e+04
   0.0000000e+00   0.0000000e+00   7.4207663e+03   1.3188000e+04
   0.0000000e+00   0.0000000e+00   7.4087044e+03   1.3578000e+04
   0.0000000e+00   0.0000000e+00   7.3994361e+03   1.4010000e+04
   0.0000000e+00   0.0000000e+00   7.3896812e+03   1.4020000e+04
   0.0000000e+00   0.0000000e+00   7.3893320e+03   1.4053000e+04
   0.0000000e+00   0.0000000e+00   7.3773287e+03   1.4056000e+04
   0.0000000e+00   0.0000000e+00   7.3730529e+03   1.4091000e+04
   0.0000000e+00   0.0000000e+00   7.3691591e+03   1.4265000e+04
   0.0000000e+00   0.0000000e+00   7.3622104e+03   1.4522000e+04
   0.0000000e+00   0.0000000e+00   7.3619769e+03   1.4794000e+04
   0.0000000e+00   0.0000000e+00   7.3477024e+03   1.5281000e+04
   0.0000000e+00   0.0000000e+00   7.3449985e+03   1.6967000e+04
   0.0000000e+00   0.0000000e+00   7.3426822e+03   1.6981000e+04
   0.0000000e+00   0.0000000e+00   7.3385547e+03   1.7132000e+04
   0.0000000e+00   0.0000000e+00   7.3333790e+03   1.7284000e+04
   0.0000000e+00   0.0000000e+00   7.3120870e+03   1.7689000e+04
   0.0000000e+00   0.0000000e+00   7.3112435e+03   1.8191000e+04
   0.0000000e+00   0.0000000e+00   7.3005854e+03   1.8603000e+04
   0.0000000e+00   0.0000000e+00   7.2616280e+03   1.9482000e+04
   0.0000000e+00   0.0000000e+00   7.2594127e+03   2.2313000e+04
   0.0000000e+00   0.0000000e+00   7.2495546e+03   2.2385000e+04
   0.0000000e+00   0.0000000e+00   7.2433483e+03   2.2927000e+04
   0.0000000e+00   0.0000000e+00   7.2394101e+03   2.3063000e+04
   0.0000000e+00   0.0000000e+00   7.2390303e+03   2.3196000e+04
   0.0000000e+00   0.0000000e+00   7.2343121e+03   2.3524000e+04
   0.0000000e+00   0.0000000e+00   7.2172590e+03   2.3576000e+04
   0.0000000e+00   0.0000000e+00   7.1846960e+03   2.3617000e+04
   0.0000000e+00   0.0000000e+00   7.1824951e+03   2.3804000e+04
   0.0000000e+00   0.0000000e+00   7.1771025e+03   2.3819000e+04
   0.0000000e+00   0.0000000e+00   7.1769117e+03   2.3961000e+04
   0.0000000e+00   0.0000000e+00   7.1761932e+03   2.4043000e+04
   0.0000000e+00   0.0000000e+00   7.1670749e+03   2.4172000e+04
   0.0000000e+00   0.0000000e+00   7.1554600e+03   2.4227000e+04
   0.0000000e+00   0.0000000e+00   7.1506205e+03   2.4405000e+04
   0.0000000e+00   0.0000000e+00   7.1423246e+03   2.4608000e+04
   0.0000000e+00   0.0000000e+00   7.1417496e+03   2.4928000e+04
   0.0000000e+00   0.0000000e+00   7.1397680e+03   2.5142000e+04
   0.0000000e+00   0.0000000e+00   7.1384832e+03   2.5335000e+04
   0.0000000e+00   0.0000000e+00   7.1353944e+03   2.5419000e+04
   0.0000000e+00   0.0000000e+00   7.1246016e+03   2.5539000e+04
   0.0000000e+00   0.0000000e+00   7.1016076e+03   2.5727000e+04
   0.0000000e+00   0.0000000e+00   7.0958166e+03   2.5743000e+04
   0.0000000e+00   0.0000000e+00   7.0910148e+03   2.6132000e+04
   0.0000000e+00   0.0000000e+00   7.0896923e+03   2.6366000e+04
   0.0000000e+00   0.0000000e+00   7.0871214e+03   2.6647000e+04
   0.0000000e+00   0.0000000e+00   7.0863556e+03   2.6692000e+04
   0.0000000e+00   0.0000000e+00   7.0766334e+03   2.6762000e+04
   0.0000000e+00   0.0000000e+00   7.0648932e+03   2.7195000e+04
   0.0000000e+00   0.0000000e+00   7.0607820e+03   2.7281000e+04
   0.0000000e+00   0.0000000e+00   7.0561828e+03   2.7367000e+04
   0.0000000e+00   0.0000000e+00   7.0513252e+03   2.7416000e+04
   0.0000000e+00   0.0000000e+00   7.0382656e+03   2.7463000e+04
   0.0000000e+00   0.0000000e+00   7.0261582e+03   2.7523000e+04
   0.0000000e+00   0.0000000e+00   7.0161785e+03   2.7664000e+04
   0.0000000e+00   0.0000000e+00   7.0159141e+03   2.8049000e+04
   0.0000000e+00   0.0000000e+00   6.9956282e+03   2.8599000e+04
   0.0000000e+00   0.0000000e+00   6.9880330e+03   2.8663000e+04
   0.0000000e+00   0.0000000e+00   6.9833275e+03   2.9270000e+04
   0.0000000e+00   0.0000000e+00   6.9831122e+03   2.9299000e+04
   0.0000000e+00   0.0000000e+00   6.9750558e+03   2.9487000e+04
   0.0000000e+00   0.0000000e+00   6.9650237e+03   3.0075000e+04
   0.0000000e+00   0.0000000e+00   6.9582984e+03   3.0377000e+04
   0.0000000e+00   0.0000000e+00   6.9520270e+03   3.0434000e+04
   0.0000000e+00   0.0000000e+00   6.8918699e+03   3.0507000e+04
   0.0000000e+00   0.0000000e+00   6.8704402e+03   3.1141000e+04
   0.0000000e+00   0.0000000e+00   6.8695377e+03   3.1237000e+04
   0.0000000e+00   0.0000000e+00   6.8405409e+03   3.1465000e+04
   0.0000000e+00   0.0000000e+00   6.8331966e+03   3.1960000e+04
   0.0000000e+00   0.0000000e+00   6.8255377e+03   3.3064000e+04
   0.0000000e+00   0.0000000e+00   6.8122666e+03   3.3359000e+04
   0.0000000e+00   0.0000000e+00   6.8101408e+03   3.3700000e+04
   0.0000000e+00   0.0000000e+00   6.8050531e+03   3.4037000e+04
   0.0000000e+00   0.0000000e+00   6.8022198e+03   3.4436000e+04
   0.0000000e+00   0.0000000e+00   6.7998777e+03   3.4465000e+04
   0.0000000e+00   0.0000000e+00   6.7975476e+03   3.4550000e+04
   0.0000000e+00   0.0000000e+00   6.7967672e+03   3.5601000e+04
   0.0000000e+00   0.0000000e+00   6.7913117e+03   3.8160000e+04
   0.0000000e+00   0.0000000e+00   6.7732188e+03   3.8179000e+04
   0.0000000e+00   0.0000000e+00   6.7689934e+03   3.8208000e+04
   0.0000000e+00   0.0000000e+00   6.7618097e+03   3.9092000e+04
   0.0000000e+00   0.0000000e+00   6.7588247e+03   3.9980000e+04
   0.0000000e+00   0.0000000e+00   6.7503126e+03   4.0050000e+04
   0.0000000e+00   0.0000000e+00   6.7378176e+03   4.0351000e+04
   0.0000000e+00   0.0000000e+00   6.7277907e+03   4.0512000e+04
   0.0000000e+00   0.0000000e+00   6.7243311e+03   4.0668000e+04
   0.0000000e+00   0.0000000e+00   6.7025590e+03   4.1119000e+04
   0.0000000e+00   0.0000000e+00   6.7012587e+03   4.3079000e+04
   0.0000000e+00   0.0000000e+00   6.7011764e+03   4.3116000e+04
   0.0000000e+00   0.0000000e+00   6.6933846e+03   4.3704000e+04
   0.0000000e+00   0.0000000e+00   6.6905348e+03   4.3899000e+04
   0.0000000e+00   0.0000000e+00   6.6854551e+03   4.4653000e+04
   0.0000000e+00   0.0000000e+00   6.6849699e+03   4.5743000e+04
   0.0000000e+00   0.0000000e+00   6.6793063e+03   4.5888000e+04
   0.0000000e+00   0.0000000e+00   6.6781112e+03   4.6491000e+04
   0.0000000e+00   0.0000000e+00   6.6690717e+03   4.6577000e+04
   0.0000000e+00   0.0000000e+00   6.6672081e+03   4.6639000e+04
   0.0000000e+00   0.0000000e+00   6.6602096e+03   4.6657000e+04
   0.0000000e+00   0.0000000e+00   6.6570384e+03   4.6940000e+04
   0.0000000e+00   0.0000000e+00   6.6557616e+03   4.7057000e+04
   0.0000000e+00   0.0000000e+00   6.6547167e+03   4.7313000e+04
   0.0000000e+00   0.0000000e+00   6.6518520e+03   4.8040000e+04
   0.0000000e+00   0.0000000e+00   6.6511652e+03   4.8576000e+04
   0.0000000e+00   0.0000000e+00   6.6479940e+03   4.8607000e+04
   0.0000000e+00   0.0000000e+00   6.6382208e+03   4.9083000e+04
   0.0000000e+00   0.0000000e+00   6.6379744e+03   4.9262000e+04
   0.0000000e+00   0.0000000e+00   6.6375704e+03   4.9473000e+04
   0.0000000e+00   0.0000000e+00   6.6336380e+03   4.9659000e+04
   0.0000000e+00   0.0000000e+00   6.6329617e+03   5.2025000e+04
   0.0000000e+00   0.0000000e+00   6.6269696e+03   5.2400000e+04
   0.0000000e+00   0.0000000e+00   6.6263909e+03   5.2512000e+04
   0.0000000e+00   0.0000000e+00   6.6166177e+03   5.2976000e+04
   0.0000000e+00   0.0000000e+00   6.6162831e+03   5.3183000e+04
   0.0000000e+00   0.0000000e+00   6.6121280e+03   5.5516000e+04
   0.0000000e+00   0.0000000e+00   6.6029832e+03   5.5651000e+04
   0.0000000e+00   0.0000000e+00   6.5893404e+03   5.5666000e+04
   0.0000000e+00   0.0000000e+00   6.5720916e+03   5.6023000e+04
   0.0000000e+00   0.0000000e+00   6.5706370e+03   5.6356000e+04
   0.0000000e+00   0.0000000e+00   6.5619732e+03   5.6849000e+04
   0.0000000e+00   0.0000000e+00   6.5614356e+03   5.6908000e+04
   0.0000000e+00   0.0000000e+00   6.5561917e+03   5.7166000e+04
   0.0000000e+00   0.0000000e+00   6.5561917e+03   5.7804000e+04
   0.0000000e+00   0.0000000e+00   6.5561917e+03   5.7826000e+04
   0.0000000e+00   0.0000000e+00   6.5529205e+03   5.8756000e+04
   0.0000000e+00   0.0000000e+00   6.5478678e+03   5.9390000e+04
   0.0000000e+00   0.0000000e+00   6.5422185e+03   6.0156000e+04
   0.0000000e+00   0.0000000e+00   6.5405299e+03   6.2416000e+04
   0.0000000e+00   0.0000000e+00   6.5405299e+03   6.2740000e+04
   0.0000000e+00   0.0000000e+00   6.5390753e+03   6.6647000e+04
   0.0000000e+00   0.0000000e+00   6.5324924e+03   6.7154000e+04
   0.0000000e+00   0.0000000e+00   6.5323068e+03   6.7589000e+04
   0.0000000e+00   0.0000000e+00   6.5287198e+03   6.7784000e+04
   0.0000000e+00   0.0000000e+00   6.5119212e+03   6.8427000e+04
   0.0000000e+00   0.0000000e+00   6.4982507e+03   6.9075000e+04
   0.0000000e+00   0.0000000e+00   6.4945193e+03   7.0141000e+04
   0.0000000e+00   0.0000000e+00   6.4945193e+03   7.1128000e+04
   0.0000000e+00   0.0000000e+00   6.4904038e+03   7.1161000e+04
   0.0000000e+00   0.0000000e+00   6.4904038e+03   7.1996000e+04
   0.0000000e+00   0.0000000e+00   6.4904038e+03   7.3642000e+04
   0.0000000e+00   0.0000000e+00   6.4902192e+03   7.3813000e+04
   0.0000000e+00   0.0000000e+00   6.4885306e+03   7.5101000e+04
   0.0000000e+00   0.0000000e+00   6.4870760e+03   7.5898000e+04
   0.0000000e+00   0.0000000e+00   6.4864048e+03   7.6570000e+04
   0.0000000e+00   0.0000000e+00   6.4827282e+03   7.7774000e+04
   0.0000000e+00   0.0000000e+00   6.4812736e+03   7.8362000e+04
   0.0000000e+00   0.0000000e+00   6.4804895e+03   8.1274000e+04
   0.0000000e+00   0.0000000e+00   6.4784367e+03   8.1513000e+04
   0.0000000e+00   0.0000000e+00   6.4747879e+03   8.2638000e+04
   0.0000000e+00   0.0000000e+00   6.4554833e+03   8.4429000e+04
   0.0000000e+00   0.0000000e+00   6.4504305e+03   8.4512000e+04
   0.0000000e+00   0.0000000e+00   6.4478389e+03   8.4551000e+04
   0.0000000e+00   0.0000000e+00   6.4355232e+03   8.4763000e+04
   0.0000000e+00   0.0000000e+00   6.4355232e+03   8.5236000e+04
   0.0000000e+00   0.0000000e+00   6.4355232e+03   8.5789000e+04
   0.0000000e+00   0.0000000e+00   6.4355232e+03   8.6462000e+04
   0.0000000e+00   0.0000000e+00   6.4355232e+03   8.7122000e+04
   0.0000000e+00   0.0000000e+00   6.4355232e+03   8.7155000e+04
   0.0000000e+00   0.0000000e+00   6.4355232e+03   9.0450000e+04
   0.0000000e+00   0.0000000e+00   6.4278714e+03   9.1817000e+04
   0.0000000e+00   0.0000000e+00   6.4264168e+03   9.2113000e+04
   0.0000000e+00   0.0000000e+00   6.4264168e+03   9.3088000e+04
   0.0000000e+00   0.0000000e+00   6.4221532e+03   9.3921000e+04
   0.0000000e+00   0.0000000e+00   6.4218843e+03   9.4680000e+04
   0.0000000e+00   0.0000000e+00   6.4204297e+03   9.6206000e+04
   0.0000000e+00   0.0000000e+00   6.4143330e+03   9.6518000e+04
   0.0000000e+00   0.0000000e+00   6.4143330e+03   9.7167000e+04
   0.0000000e+00   0.0000000e+00   6.4092621e+03   9.8287000e+04
   0.0000000e+00   0.0000000e+00   6.3960081e+03   9.9198000e+04
   0.0000000e+00   0.0000000e+00   6.3960081e+03   1.0260900e+05
   0.0000000e+00   0.0000000e+00   6.3948574e+03   1.0291000e+05
   0.0000000e+00   0.0000000e+00   6.3948574e+03   1.0363000e+05
   0.0000000e+00   0.0000000e+00   6.3943500e+03   1.0372900e+05
   0.0000000e+00   0.0000000e+00   6.3943500e+03   1.0432100e+05
   0.0000000e+00   0.0000000e+00   6.3943500e+03   1.0534000e+05
   0.0000000e+00   0.0000000e+00   6.3943500e+03   1.0606500e+05
   0.0000000e+00   0.0000000e+00   6.3943500e+03   1.0725100e+05
   0.0000000e+00   0.0000000e+00   6.3924309e+03   1.0878600e+05
   0.0000000e+00   0.0000000e+00   6.3924309e+03   1.0995400e+05
   0.0000000e+00   0.0000000e+00   6.3924309e+03   1.1003600e+05
   0.0000000e+00   0.0000000e+00   6.3924309e+03   1.1055100e+05
   0.0000000e+00   0.0000000e+00   6.3924309e+03   1.1064200e+05
   0.0000000e+00   0.0000000e+00   6.3885351e+03   1.1145000e+05
   0.0000000e+00   0.0000000e+00   6.3885071e+03   1.1306800e+05
   0.0000000e+00   0.0000000e+00   6.3885071e+03   1.1408900e+05
   0.0000000e+00   0.0000000e+00   6.3849090e+03   1.1483500e+05
   0.0000000e+00   0.0000000e+00   6.3849090e+03   1.1776700e+05
   0.0000000e+00   0.0000000e+00   6.3849090e+03   1.1963100e+05
   0.0000000e+00   0.0000000e+00   6.3849090e+03   1.2206300e+05
   0.0000000e+00   0.0000000e+00   6.3849090e+03   1.2334700e+05
   0.0000000e+00   0.0000000e+00   6.3849090e+03   1.2397400e+05
   0.0000000e+00   0.0000000e+00   6.3790302e+03   1.2423500e+05
   0.0000000e+00   0.0000000e+00   6.3790302e+03   1.2546200e+05
   0.0000000e+00   0.0000000e+00   6.3790302e+03   1.2607700e+05
   0.0000000e+00   0.0000000e+00   6.3729336e+03   1.2903300e+05
   0.0000000e+00   0.0000000e+00   6.3729336e+03   1.2903800e+05
   0.0000000e+00   0.0000000e+00   6.3729336e+03   1.3188400e+05
   0.0000000e+00   0.0000000e+00   6.3729336e+03   1.3199300e+05
   0.0000000e+00   0.0000000e+00   6.3706985e+03   1.3205000e+05
   0.0000000e+00   0.0000000e+00   6.3706985e+03   1.3260300e+05
   0.0000000e+00   0.0000000e+00   6.3706985e+03   1.3320900e+05
   0.0000000e+00   0.0000000e+00   6.3671004e+03   1.3321200e+05
   0.0000000e+00   0.0000000e+00   6.3632745e+03   1.3348700e+05
   0.0000000e+00   0.0000000e+00   6.3585984e+03   1.3472900e+05
   0.0000000e+00   0.0000000e+00   6.3563633e+03   1.3512900e+05
   0.0000000e+00   0.0000000e+00   6.3563633e+03   1.3630600e+05
   0.0000000e+00   0.0000000e+00   6.3563633e+03   1.3642600e+05
   0.0000000e+00   0.0000000e+00   6.3550650e+03   1.3696200e+05
   0.0000000e+00   0.0000000e+00   6.3550650e+03   1.3830600e+05
   0.0000000e+00   0.0000000e+00   6.3550650e+03   1.3846000e+05
   0.0000000e+00   0.0000000e+00   6.3550650e+03   1.3952300e+05
   0.0000000e+00   0.0000000e+00   6.3550650e+03   1.4010500e+05
   0.0000000e+00   0.0000000e+00   6.3550650e+03   1.4210200e+05
   0.0000000e+00   0.0000000e+00   6.3550650e+03   1.4381400e+05
   0.0000000e+00   0.0000000e+00   6.3550650e+03   1.4402200e+05
   0.0000000e+00   0.0000000e+00   6.3550650e+03   1.4460700e+05
   0.0000000e+00   0.0000000e+00   6.3511031e+03   1.4555600e+05
   0.0000000e+00   0.0000000e+00   6.3511031e+03   1.4634400e+05
   0.0000000e+00   0.0000000e+00   6.3494145e+03   1.5181200e+05
   0.0000000e+00   0.0000000e+00   6.3494145e+03   1.5263800e+05
   0.0000000e+00   0.0000000e+00   6.3494145e+03   1.5382500e+05
   0.0000000e+00   0.0000000e+00   6.3494145e+03   1.5441800e+05
   0.0000000e+00   0.0000000e+00   6.3494145e+03   1.5478700e+05
   0.0000000e+00   0.0000000e+00   6.3494145e+03   1.5577000e+05
   0.0000000e+00   0.0000000e+00   6.3457379e+03   1.5634500e+05
   0.0000000e+00   0.0000000e+00   6.3457379e+03   1.5714900e+05
   0.0000000e+00   0.0000000e+00   6.3457379e+03   1.5874800e+05
   0.0000000e+00   0.0000000e+00   6.3442832e+03   1.5918300e+05
   0.0000000e+00   0.0000000e+00   6.3442832e+03   1.6023800e+05
   0.0000000e+00   0.0000000e+00   6.3442832e+03   1.6043900e+05
   0.0000000e+00   0.0000000e+00   6.3442832e+03   1.6158500e+05
   0.0000000e+00   0.0000000e+00   6.3382971e+03   1.6195300e+05
   0.0000000e+00   0.0000000e+00   6.3382971e+03   1.6302000e+05
   0.0000000e+00   0.0000000e+00   6.3382971e+03   1.6353900e+05
   0.0000000e+00   0.0000000e+00   6.3382971e+03   1.6367100e+05
   0.0000000e+00   0.0000000e+00   6.3382971e+03   1.6587100e+05
   0.0000000e+00   0.0000000e+00   6.3382971e+03   1.6656700e+05
   0.0000000e+00   0.0000000e+00   6.3318022e+03   1.6734000e+05
   0.0000000e+00   0.0000000e+00   6.3318022e+03   1.6748400e+05
   0.0000000e+00   0.0000000e+00   6.3318022e+03   1.6755900e+05
   0.0000000e+00   0.0000000e+00   6.3318022e+03   1.6766400e+05
   0.0000000e+00   0.0000000e+00   6.3318022e+03   1.6809200e+05
   0.0000000e+00   0.0000000e+00   6.3318022e+03   1.6851300e+05
   0.0000000e+00   0.0000000e+00   6.3288130e+03   1.7070400e+05
   0.0000000e+00   0.0000000e+00   6.3229013e+03   1.7118100e+05
   0.0000000e+00   0.0000000e+00   6.3229013e+03   1.7133800e+05
   0.0000000e+00   0.0000000e+00   6.3168046e+03   1.7434400e+05
   0.0000000e+00   0.0000000e+00   6.3168046e+03   1.7444100e+05
   0.0000000e+00   0.0000000e+00   6.3168046e+03   1.7499100e+05
   0.0000000e+00   0.0000000e+00   6.3168046e+03   1.7518300e+05
   0.0000000e+00   0.0000000e+00   6.3168046e+03   1.7596800e+05
   0.0000000e+00   0.0000000e+00   6.3168046e+03   1.7607900e+05
   0.0000000e+00   0.0000000e+00   6.3168046e+03   1.7608000e+05
   0.0000000e+00   0.0000000e+00   6.3168046e+03   1.7648500e+05
   0.0000000e+00   0.0000000e+00   6.3168046e+03   1.7745100e+05
   0.0000000e+00   0.0000000e+00   6.3168046e+03   1.7916500e+05
   0.0000000e+00   0.0000000e+00   6.3143038e+03   1.7921600e+05
   0.0000000e+00   0.0000000e+00   6.3132046e+03   1.7992300e+05
   0.0000000e+00   0.0000000e+00   6.3132046e+03   1.7996300e+05
   0.0000000e+00   0.0000000e+00   6.3132046e+03   1.8021500e+05
   0.0000000e+00   0.0000000e+00   6.3132046e+03   1.8201300e+05
   0.0000000e+00   0.0000000e+00   6.3132046e+03   1.8280200e+05
   0.0000000e+00   0.0000000e+00   6.3078912e+03   1.8337900e+05
   0.0000000e+00   0.0000000e+00   6.3000994e+03   1.8352400e+05
   0.0000000e+00   0.0000000e+00   6.3000994e+03   1.8509600e+05
   0.0000000e+00   0.0000000e+00   6.3000994e+03   1.8566800e+05
   0.0000000e+00   0.0000000e+00   6.3000994e+03   1.8671300e+05
   0.0000000e+00   0.0000000e+00   6.2968892e+03   1.8769700e+05
   0.0000000e+00   0.0000000e+00   6.2968892e+03   1.8969900e+05
   0.0000000e+00   0.0000000e+00   6.2968892e+03   1.8982800e+05
   0.0000000e+00   0.0000000e+00   6.2932911e+03   1.8985300e+05
   0.0000000e+00   0.0000000e+00   6.2932911e+03   1.9012100e+05
   0.0000000e+00   0.0000000e+00   6.2932911e+03   1.9155600e+05
   0.0000000e+00   0.0000000e+00   6.2932911e+03   1.9221400e+05
   0.0000000e+00   0.0000000e+00   6.2932911e+03   1.9360900e+05
   0.0000000e+00   0.0000000e+00   6.2932808e+03   1.9547000e+05
   0.0000000e+00   0.0000000e+00   6.2932808e+03   1.9615500e+05
   0.0000000e+00   0.0000000e+00   6.2932808e+03   1.9764500e+05
   0.0000000e+00   0.0000000e+00   6.2932808e+03   1.9852700e+05
   0.0000000e+00   0.0000000e+00   6.2932808e+03   1.9878900e+05
   0.0000000e+00   0.0000000e+00   6.2932808e+03   1.9925200e+05
   0.0000000e+00   0.0000000e+00   6.2891859e+03   1.9997400e+05
