   1.3964931e+02   5.0412549e+00   1.4227672e+04   2.0000000e+00
   1.0189271e+02   1.4047084e+00   1.7415321e+04   3.0000000e+00
   6.2806813e+01   5.2026865e+00   1.3616804e+04   4.0000000e+00
   4.9810236e+01   3.6912849e+00   1.2087830e+04   5.0000000e+00
   2.9992462e+01   3.6660874e+00   1.0976333e+04   6.0000000e+00
   2.4573918e+01   9.4854513e-01   1.2821914e+04   7.0000000e+00
   2.1450391e+01   3.2709641e+00   1.0862327e+04   8.0000000e+00
   1.5179300e+01   3.0148163e-01   2.0951118e+04   1.0000000e+01
   8.7202119e+00   0.0000000e+00   1.9654553e+04   1.1000000e+01
   4.7387771e+00   0.0000000e+00   1.6004602e+04   1.3000000e+01
   3.8962045e+00   0.0000000e+00   1.8904437e+04   1.7000000e+01
   3.0748091e+00   0.0000000e+00   1.8303781e+04   1.9000000e+01
   2.2764234e+00   0.0000000e+00   2.2589546e+04   2.3000000e+01
   0.0000000e+00   0.0000000e+00   2.9055007e+04   2.7000000e+01
   0.0000000e+00   0.0000000e+00   2.4293511e+04   3.0000000e+01
   0.0000000e+00   0.0000000e+00   2.0938464e+04   3.2000000e+01
   0.0000000e+00   0.0000000e+00   1.7877436e+04   4.3000000e+01
   0.0000000e+00   0.0000000e+00   1.6882012e+04   4.6000000e+01
   0.0000000e+00   0.0000000e+00   1.6484245e+04   4.7000000e+01
   0.0000000e+00   0.0000000e+00   1.4456388e+04   5.0000000e+01
   0.0000000e+00   0.0000000e+00   1.2689274e+04   6.7000000e+01
   0.0000000e+00   0.0000000e+00   1.0967755e+04   6.8000000e+01
   0.0000000e+00   0.0000000e+00   1.0925813e+04   8.4000000e+01
   0.0000000e+00   0.0000000e+00   1.0498484e+04   8.8000000e+01
   0.0000000e+00   0.0000000e+00   9.5230943e+03   9.4000000e+01
   0.0000000e+00   0.0000000e+00   8.8768597e+03   9.8000000e+01
   0.0000000e+00   0.0000000e+00   8.3908853e+03   1.2700000e+02
   0.0000000e+00   0.0000000e+00   8.0903209e+03   1.7100000e+02
   0.0000000e+00   0.0000000e+00   7.9054935e+03   1.7300000e+02
   0.0000000e+00   0.0000000e+00   7.6998133e+03   1.7700000e+02
   0.0000000e+00   0.0000000e+00   7.6035670e+03   1.7900000e+02
   0.0000000e+00   0.0000000e+00   7.5637148e+03   3.6600000e+02
   0.0000000e+00   0.0000000e+00   7.5265721e+03   8.5800000e+02
   0.0000000e+00   0.0000000e+00   7.4890793e+03   3.0320000e+03
   0.0000000e+00   0.0000000e+00   7.4282165e+03   3.7320000e+03
   0.0000000e+00   0.0000000e+00   7.4068533e+03   4.1370000e+03
   0.0000000e+00   0.0000000e+00   7.3670812e+03   5.4460000e+03
   0.0000000e+00   0.0000000e+00   7.3455356e+03   5.6460000e+03
   0.0000000e+00   0.0000000e+00   7.3085019e+03   5.8910000e+03
   0.0000000e+00   0.0000000e+00   7.3051794e+03   8.3760000e+03
   0.0000000e+00   0.0000000e+00   7.2954682e+03   1.0919000e+04
   0.0000000e+00   0.0000000e+00   7.2848321e+03   1.1014000e+04
   0.0000000e+00   0.0000000e+00   7.2848321e+03   1.4383000e+04
   0.0000000e+00   0.0000000e+00   7.2832144e+03   1.6508000e+04
   0.0000000e+00   0.0000000e+00   7.2832144e+03   1.6996000e+04
   0.0000000e+00   0.0000000e+00   7.2832144e+03   1.8458000e+04
   0.0000000e+00   0.0000000e+00   7.2832144e+03   1.9039000e+04
   0.0000000e+00   0.0000000e+00   7.2832144e+03   1.9880000e+04
   0.0000000e+00   0.0000000e+00   7.2832144e+03   2.3712000e+04
   0.0000000e+00   0.0000000e+00   7.2832144e+03   2.4094000e+04
   0.0000000e+00   0.0000000e+00   7.2832144e+03   2.4247000e+04
   0.0000000e+00   0.0000000e+00   7.2832144e+03   2.9745000e+04
   0.0000000e+00   0.0000000e+00   7.2832144e+03   3.2094000e+04
   0.0000000e+00   0.0000000e+00   7.2832144e+03   3.2161000e+04
   0.0000000e+00   0.0000000e+00   7.2832144e+03   3.3039000e+04
   0.0000000e+00   0.0000000e+00   7.2832144e+03   3.4098000e+04
   0.0000000e+00   0.0000000e+00   7.2832144e+03   3.4547000e+04
   0.0000000e+00   0.0000000e+00   7.2832144e+03   3.4903000e+04
   0.0000000e+00   0.0000000e+00   7.2832144e+03   3.9958000e+04
   0.0000000e+00   0.0000000e+00   7.2832144e+03   4.1508000e+04
   0.0000000e+00   0.0000000e+00   7.2832144e+03   4.2896000e+04
   0.0000000e+00   0.0000000e+00   7.2832144e+03   4.8213000e+04
   0.0000000e+00   0.0000000e+00   7.2832144e+03   5.0865000e+04
   0.0000000e+00   0.0000000e+00   7.2832144e+03   5.5102000e+04
   0.0000000e+00   0.0000000e+00   7.2832144e+03   5.6845000e+04
   0.0000000e+00   0.0000000e+00   7.2832144e+03   6.0328000e+04
   0.0000000e+00   0.0000000e+00   7.2832144e+03   6.2131000e+04
   0.0000000e+00   0.0000000e+00   7.2832144e+03   6.3392000e+04
   0.0000000e+00   0.0000000e+00   7.2832144e+03   6.4763000e+04
   0.0000000e+00   0.0000000e+00   7.2832144e+03   6.5650000e+04
   0.0000000e+00   0.0000000e+00   7.2832144e+03   6.5735000e+04
   0.0000000e+00   0.0000000e+00   7.2832144e+03   6.8010000e+04
   0.0000000e+00   0.0000000e+00   7.2832144e+03   7.0207000e+04
   0.0000000e+00   0.0000000e+00   7.2832144e+03   7.1353000e+04
   0.0000000e+00   0.0000000e+00   7.2832144e+03   7.1436000e+04
   0.0000000e+00   0.0000000e+00   7.2832144e+03   7.2099000e+04
   0.0000000e+00   0.0000000e+00   7.2832144e+03   7.5915000e+04
   0.0000000e+00   0.0000000e+00   7.2832144e+03   7.8423000e+04
   0.0000000e+00   0.0000000e+00   7.2832144e+03   8.2803000e+04
   0.0000000e+00   0.0000000e+00   7.2832144e+03   8.4207000e+04
   0.0000000e+00   0.0000000e+00   7.2832144e+03   8.6762000e+04
   0.0000000e+00   0.0000000e+00   7.2832144e+03   8.8467000e+04
   0.0000000e+00   0.0000000e+00   7.2832144e+03   8.8727000e+04
   0.0000000e+00   0.0000000e+00   7.2832144e+03   9.1223000e+04
   0.0000000e+00   0.0000000e+00   7.2832144e+03   9.2324000e+04
   0.0000000e+00   0.0000000e+00   7.2832144e+03   9.6875000e+04
   0.0000000e+00   0.0000000e+00   7.2832144e+03   9.7783000e+04
   0.0000000e+00   0.0000000e+00   7.2832144e+03   9.8962000e+04
   0.0000000e+00   0.0000000e+00   7.2832144e+03   1.0161200e+05
   0.0000000e+00   0.0000000e+00   7.2832144e+03   1.0459000e+05
   0.0000000e+00   0.0000000e+00   7.2832144e+03   1.0628100e+05
   0.0000000e+00   0.0000000e+00   7.2832144e+03   1.0719300e+05
   0.0000000e+00   0.0000000e+00   7.2832144e+03   1.0826400e+05
   0.0000000e+00   0.0000000e+00   7.2832144e+03   1.0875000e+05
   0.0000000e+00   0.0000000e+00   7.2832144e+03   1.1017100e+05
   0.0000000e+00   0.0000000e+00   7.2832144e+03   1.1097800e+05
   0.0000000e+00   0.0000000e+00   7.2832144e+03   1.1102000e+05
   0.0000000e+00   0.0000000e+00   7.2832144e+03   1.1162900e+05
   0.0000000e+00   0.0000000e+00   7.2832144e+03   1.1742500e+05
   0.0000000e+00   0.0000000e+00   7.2832144e+03   1.2282000e+05
   0.0000000e+00   0.0000000e+00   7.2832144e+03   1.2452900e+05
   0.0000000e+00   0.0000000e+00   7.2832144e+03   1.2858900e+05
   0.0000000e+00   0.0000000e+00   7.2832144e+03   1.3005900e+05
   0.0000000e+00   0.0000000e+00   7.2832144e+03   1.3083100e+05
   0.0000000e+00   0.0000000e+00   7.2832144e+03   1.3237400e+05
   0.0000000e+00   0.0000000e+00   7.2832144e+03   1.3266300e+05
   0.0000000e+00   0.0000000e+00   7.2832144e+03   1.3398600e+05
   0.0000000e+00   0.0000000e+00   7.2832144e+03   1.3608700e+05
   0.0000000e+00   0.0000000e+00   7.2832144e+03   1.4359500e+05
   0.0000000e+00   0.0000000e+00   7.2832144e+03   1.4669900e+05
   0.0000000e+00   0.0000000e+00   7.2832144e+03   1.5002700e+05
   0.0000000e+00   0.0000000e+00   7.2832144e+03   1.5003000e+05
   0.0000000e+00   0.0000000e+00   7.2832144e+03   1.5007000e+05
   0.0000000e+00   0.0000000e+00   7.2832144e+03   1.5120900e+05
   0.0000000e+00   0.0000000e+00   7.2832144e+03   1.5170500e+05
   0.0000000e+00   0.0000000e+00   7.2832144e+03   1.5528900e+05
   0.0000000e+00   0.0000000e+00   7.2832144e+03   1.5635500e+05
   0.0000000e+00   0.0000000e+00   7.2832144e+03   1.5816100e+05
   0.0000000e+00   0.0000000e+00   7.2832144e+03   1.6174500e+05
   0.0000000e+00   0.0000000e+00   7.2832144e+03   1.6232000e+05
   0.0000000e+00   0.0000000e+00   7.2832144e+03   1.6394500e+05
   0.0000000e+00   0.0000000e+00   7.2832144e+03   1.6418100e+05
   0.0000000e+00   0.0000000e+00   7.2832144e+03   1.6784400e+05
   0.0000000e+00   0.0000000e+00   7.2832144e+03   1.6904200e+05
   0.0000000e+00   0.0000000e+00   7.2832144e+03   1.7442600e+05
   0.0000000e+00   0.0000000e+00   7.2832144e+03   1.7660900e+05
   0.0000000e+00   0.0000000e+00   7.2832144e+03   1.7850900e+05
   0.0000000e+00   0.0000000e+00   7.2832144e+03   1.7881200e+05
   0.0000000e+00   0.0000000e+00   7.2832144e+03   1.7943700e+05
   0.0000000e+00   0.0000000e+00   7.2832144e+03   1.8005700e+05
   0.0000000e+00   0.0000000e+00   7.2832144e+03   1.8038200e+05
   0.0000000e+00   0.0000000e+00   7.2832144e+03   1.8071900e+05
   0.0000000e+00   0.0000000e+00   7.2832144e+03   1.8101400e+05
   0.0000000e+00   0.0000000e+00   7.2832144e+03   1.8383700e+05
   0.0000000e+00   0.0000000e+00   7.2832144e+03   1.8732700e+05
   0.0000000e+00   0.0000000e+00   7.2832144e+03   1.8775400e+05
   0.0000000e+00   0.0000000e+00   7.2832144e+03   1.9061900e+05
   0.0000000e+00   0.0000000e+00   7.2832144e+03   1.9619500e+05
   0.0000000e+00   0.0000000e+00   7.2832144e+03   1.9827800e+05
   0.0000000e+00   0.0000000e+00   7.2832144e+03   1.9912600e+05
   0.0000000e+00   0.0000000e+00   7.2832144e+03   1.9988300e+05
