   1.4209941e+02   1.2843881e-01   1.7014078e+04   2.0000000e+00
   1.4079138e+02   1.3016677e-01   1.7039125e+04   3.0000000e+00
   1.3963524e+02   1.2367444e-01   1.7127156e+04   5.0000000e+00
   1.3808628e+02   9.9293836e-02   1.7040079e+04   6.0000000e+00
   1.3784564e+02   5.5153583e-02   1.7537395e+04   9.0000000e+00
   1.1603606e+02   1.3006923e-01   1.7454624e+04   1.1000000e+01
   1.1563933e+02   5.0888427e-02   1.7695454e+04   1.2000000e+01
   1.1267186e+02   4.9973263e-02   1.8043776e+04   1.3000000e+01
   1.0190004e+02   3.3450447e-02   1.8364083e+04   1.6000000e+01
   1.0087332e+02   3.5456589e-02   1.8349874e+04   1.9000000e+01
   9.7031088e+01   4.5991000e-02   1.8337306e+04   2.0000000e+01
   9.5214924e+01   4.2229296e-02   1.8535160e+04   2.1000000e+01
   9.4351536e+01   1.9716355e-02   1.8415792e+04   2.2000000e+01
   9.2316867e+01   2.4593396e-02   1.8163364e+04   2.4000000e+01
   9.2241600e+01   2.4147254e-02   1.8017674e+04   2.6000000e+01
   8.3886303e+01   2.4346216e-02   1.7971333e+04   2.7000000e+01
   7.6840300e+01   0.0000000e+00   1.8477494e+04   2.9000000e+01
   7.1942618e+01   0.0000000e+00   1.8990091e+04   3.0000000e+01
   7.1460629e+01   0.0000000e+00   1.8844394e+04   3.3000000e+01
   7.1010629e+01   0.0000000e+00   1.8856695e+04   3.5000000e+01
   7.0844342e+01   0.0000000e+00   1.8859567e+04   3.7000000e+01
   6.8554892e+01   0.0000000e+00   1.8811860e+04   3.8000000e+01
   6.8420135e+01   0.0000000e+00   1.8584461e+04   4.2000000e+01
   5.9617754e+01   0.0000000e+00   1.8959753e+04   4.4000000e+01
   5.9453979e+01   0.0000000e+00   1.9277156e+04   4.5000000e+01
   5.9412366e+01   0.0000000e+00   1.9065013e+04   4.7000000e+01
   5.8570708e+01   0.0000000e+00   1.9190752e+04   4.8000000e+01
   5.8239486e+01   0.0000000e+00   1.9233623e+04   4.9000000e+01
   5.0644669e+01   0.0000000e+00   1.9326948e+04   5.0000000e+01
   5.0335090e+01   0.0000000e+00   1.9690978e+04   5.2000000e+01
   5.0200489e+01   0.0000000e+00   1.9715267e+04   5.4000000e+01
   4.7529112e+01   0.0000000e+00   2.0152997e+04   5.6000000e+01
   4.7511666e+01   0.0000000e+00   2.0111997e+04   6.0000000e+01
   4.7326326e+01   0.0000000e+00   2.0085177e+04   6.1000000e+01
   4.7154765e+01   0.0000000e+00   2.0379426e+04   6.2000000e+01
   4.4239366e+01   0.0000000e+00   2.0492288e+04   6.4000000e+01
   4.3594843e+01   0.0000000e+00   2.0229935e+04   6.5000000e+01
   4.3328611e+01   0.0000000e+00   2.0239632e+04   6.6000000e+01
   4.0617787e+01   0.0000000e+00   2.0260241e+04   6.9000000e+01
   3.8806535e+01   0.0000000e+00   2.0459002e+04   7.3000000e+01
   3.8086903e+01   0.0000000e+00   2.0803651e+04   7.4000000e+01
   3.7329740e+01   0.0000000e+00   2.0914088e+04   7.5000000e+01
   3.6836311e+01   0.0000000e+00   2.0898471e+04   7.6000000e+01
   3.6629466e+01   0.0000000e+00   2.0968313e+04   7.7000000e+01
   3.6025285e+01   0.0000000e+00   2.1283543e+04   7.8000000e+01
   3.5513734e+01   0.0000000e+00   2.1434501e+04   8.0000000e+01
   3.3859428e+01   0.0000000e+00   2.1263322e+04   8.1000000e+01
   3.0686273e+01   0.0000000e+00   2.1826600e+04   8.4000000e+01
   3.0560586e+01   0.0000000e+00   2.1632634e+04   8.5000000e+01
   3.0518064e+01   0.0000000e+00   2.1534454e+04   8.9000000e+01
   2.9808579e+01   0.0000000e+00   2.1568653e+04   9.1000000e+01
   2.9749660e+01   0.0000000e+00   2.1427370e+04   9.3000000e+01
   2.2312157e+01   0.0000000e+00   2.1440366e+04   9.5000000e+01
   2.2171632e+01   0.0000000e+00   2.1449357e+04   9.8000000e+01
   2.1530936e+01   0.0000000e+00   2.2142451e+04   1.0400000e+02
   2.1496518e+01   0.0000000e+00   2.2096008e+04   1.0700000e+02
   1.8756014e+01   0.0000000e+00   2.1845088e+04   1.0900000e+02
   1.8579685e+01   0.0000000e+00   2.1327694e+04   1.1100000e+02
   1.8358751e+01   0.0000000e+00   2.1790604e+04   1.1200000e+02
   1.8232728e+01   0.0000000e+00   2.1515730e+04   1.1600000e+02
   1.8196230e+01   0.0000000e+00   2.1433602e+04   1.1700000e+02
   1.7928743e+01   0.0000000e+00   2.1524555e+04   1.2200000e+02
   1.7814974e+01   0.0000000e+00   2.1892061e+04   1.2500000e+02
   1.7626009e+01   0.0000000e+00   2.2219492e+04   1.3400000e+02
   1.7365874e+01   0.0000000e+00   2.2278624e+04   1.3500000e+02
   1.7335633e+01   0.0000000e+00   2.1998962e+04   1.3700000e+02
   1.7159815e+01   0.0000000e+00   2.2228325e+04   1.3800000e+02
   1.6657471e+01   0.0000000e+00   2.2548678e+04   1.3900000e+02
   1.6401803e+01   0.0000000e+00   2.2701035e+04   1.4100000e+02
   1.6118499e+01   0.0000000e+00   2.2447071e+04   1.4400000e+02
   1.5871651e+01   0.0000000e+00   2.2541505e+04   1.5200000e+02
   1.5823759e+01   0.0000000e+00   2.2386880e+04   1.5300000e+02
   1.5535784e+01   0.0000000e+00   2.2491661e+04   1.5400000e+02
   1.5510685e+01   0.0000000e+00   2.2902306e+04   1.5500000e+02
   1.4760542e+01   0.0000000e+00   2.3192194e+04   1.5800000e+02
   1.4162405e+01   0.0000000e+00   2.3831542e+04   1.6400000e+02
   1.4070183e+01   0.0000000e+00   2.3960827e+04   1.6500000e+02
   1.3765380e+01   0.0000000e+00   2.4215102e+04   1.7100000e+02
   1.3640386e+01   0.0000000e+00   2.4094273e+04   1.7200000e+02
   1.2832132e+01   0.0000000e+00   2.3845277e+04   1.7400000e+02
   1.0026639e+01   0.0000000e+00   2.4069539e+04   1.7500000e+02
   1.0018087e+01   0.0000000e+00   2.3932746e+04   1.7700000e+02
   9.9138268e+00   0.0000000e+00   2.4389397e+04   1.7900000e+02
   9.7603715e+00   0.0000000e+00   2.4516639e+04   1.8100000e+02
   9.7314022e+00   0.0000000e+00   2.4395876e+04   1.8400000e+02
   9.7262441e+00   0.0000000e+00   2.4173575e+04   1.9100000e+02
   9.6147352e+00   0.0000000e+00   2.4239172e+04   1.9400000e+02
   8.4844920e+00   0.0000000e+00   2.4034418e+04   1.9700000e+02
   8.4828579e+00   0.0000000e+00   2.4032165e+04   1.9800000e+02
   8.2153085e+00   0.0000000e+00   2.4413298e+04   2.0100000e+02
   8.1130806e+00   0.0000000e+00   2.4744273e+04   2.0200000e+02
   7.9956596e+00   0.0000000e+00   2.4673547e+04   2.0400000e+02
   7.8560664e+00   0.0000000e+00   2.4445892e+04   2.0500000e+02
   7.7323565e+00   0.0000000e+00   2.4437453e+04   2.0700000e+02
   7.6848345e+00   0.0000000e+00   2.4429429e+04   2.0900000e+02
   7.1829955e+00   0.0000000e+00   2.4768927e+04   2.1500000e+02
   7.0891815e+00   0.0000000e+00   2.4990554e+04   2.1600000e+02
   7.0872877e+00   0.0000000e+00   2.4860770e+04   2.1900000e+02
   6.3447459e+00   0.0000000e+00   2.5142568e+04   2.2200000e+02
   6.2156283e+00   0.0000000e+00   2.5075660e+04   2.2600000e+02
   5.9510103e+00   0.0000000e+00   2.4869921e+04   2.3200000e+02
   5.6333276e+00   0.0000000e+00   2.4516327e+04   2.3600000e+02
   5.6233901e+00   0.0000000e+00   2.4485031e+04   2.3700000e+02
   5.3404292e+00   0.0000000e+00   2.4276946e+04   2.4000000e+02
   5.2959254e+00   0.0000000e+00   2.4683203e+04   2.4100000e+02
   5.2753720e+00   0.0000000e+00   2.4389180e+04   2.4300000e+02
   5.1903816e+00   0.0000000e+00   2.4986319e+04   2.4600000e+02
   5.1873739e+00   0.0000000e+00   2.4927893e+04   2.5000000e+02
   5.1872494e+00   0.0000000e+00   2.5328103e+04   2.5200000e+02
   5.0699528e+00   0.0000000e+00   2.5952739e+04   2.5300000e+02
   4.7320870e+00   0.0000000e+00   2.6255572e+04   2.5600000e+02
   4.7155331e+00   0.0000000e+00   2.6580671e+04   2.6300000e+02
   4.6588849e+00   0.0000000e+00   2.6355161e+04   2.6400000e+02
   4.6472798e+00   0.0000000e+00   2.6215793e+04   2.6700000e+02
   4.6027073e+00   0.0000000e+00   2.6351641e+04   2.7300000e+02
   4.5767977e+00   0.0000000e+00   2.6282106e+04   2.7400000e+02
   4.5384785e+00   0.0000000e+00   2.6536917e+04   2.7500000e+02
   4.5015634e+00   0.0000000e+00   2.6513344e+04   2.7700000e+02
   4.4910496e+00   0.0000000e+00   2.6482897e+04   2.8300000e+02
   4.1216140e+00   0.0000000e+00   2.6187858e+04   2.8500000e+02
   4.0952258e+00   0.0000000e+00   2.6830185e+04   2.8600000e+02
   3.4841874e+00   0.0000000e+00   2.6573403e+04   2.8700000e+02
   3.1359659e+00   0.0000000e+00   2.6462899e+04   2.8800000e+02
   3.1199463e+00   0.0000000e+00   2.6393363e+04   2.9000000e+02
   2.7105503e+00   0.0000000e+00   2.6199660e+04   2.9200000e+02
   2.7056341e+00   0.0000000e+00   2.5947747e+04   2.9700000e+02
   2.6622729e+00   0.0000000e+00   2.6575256e+04   3.1300000e+02
   2.6468584e+00   0.0000000e+00   2.6776727e+04   3.1500000e+02
   2.5063215e+00   0.0000000e+00   2.6238785e+04   3.1600000e+02
   2.4561395e+00   0.0000000e+00   2.6352447e+04   3.1900000e+02
   2.4286937e+00   0.0000000e+00   2.5778949e+04   3.2100000e+02
   2.3531431e+00   0.0000000e+00   2.5925385e+04   3.2200000e+02
   2.3501242e+00   0.0000000e+00   2.6361631e+04   3.2600000e+02
   2.3468432e+00   0.0000000e+00   2.6350629e+04   3.2800000e+02
   1.9115263e+00   0.0000000e+00   2.6154450e+04   3.2900000e+02
   1.9094301e+00   0.0000000e+00   2.5831431e+04   3.3800000e+02
   1.9063823e+00   0.0000000e+00   2.5747973e+04   3.3900000e+02
   1.8411367e+00   0.0000000e+00   2.5963505e+04   3.4000000e+02
   1.8406912e+00   0.0000000e+00   2.5975820e+04   3.5000000e+02
   1.8261486e+00   0.0000000e+00   2.6221285e+04   3.5100000e+02
   1.7927300e+00   0.0000000e+00   2.6427968e+04   3.5800000e+02
   1.7157462e+00   0.0000000e+00   2.6901478e+04   3.5900000e+02
   1.7080371e+00   0.0000000e+00   2.6980371e+04   3.6000000e+02
   1.4409772e+00   0.0000000e+00   2.7296926e+04   3.6400000e+02
   1.4232537e+00   0.0000000e+00   2.7273370e+04   3.6500000e+02
   1.4133820e+00   0.0000000e+00   2.7146765e+04   3.6600000e+02
   1.4009413e+00   0.0000000e+00   2.7107277e+04   3.6700000e+02
   1.3812190e+00   0.0000000e+00   2.6811970e+04   3.7800000e+02
   1.3242090e+00   0.0000000e+00   2.6972103e+04   3.8300000e+02
   1.2138724e+00   0.0000000e+00   2.6557845e+04   3.8400000e+02
   1.1112439e+00   0.0000000e+00   2.6550395e+04   3.8500000e+02
   1.1041629e+00   0.0000000e+00   2.6401369e+04   3.8900000e+02
   9.6717924e-01   0.0000000e+00   2.6841217e+04   3.9200000e+02
   1.1578723e-01   0.0000000e+00   2.7345091e+04   4.0100000e+02
   8.2830923e-02   0.0000000e+00   2.7287877e+04   4.0300000e+02
   8.1461601e-02   0.0000000e+00   2.7184481e+04   4.0600000e+02
   7.6995715e-02   0.0000000e+00   2.7242683e+04   4.0700000e+02
   7.5755127e-02   0.0000000e+00   2.7257660e+04   4.1400000e+02
   7.4541448e-02   0.0000000e+00   2.7653566e+04   4.1600000e+02
   7.4137962e-02   0.0000000e+00   2.7588662e+04   4.1700000e+02
   5.4708658e-02   0.0000000e+00   2.7031733e+04   4.2000000e+02
   5.4644424e-02   0.0000000e+00   2.7235353e+04   4.2100000e+02
   5.4463359e-02   0.0000000e+00   2.7130993e+04   4.2300000e+02
   5.3965725e-02   0.0000000e+00   2.7551304e+04   4.2400000e+02
   5.2503487e-02   0.0000000e+00   2.7475808e+04   4.2600000e+02
   5.0857522e-02   0.0000000e+00   2.7314307e+04   4.2700000e+02
   4.6244772e-02   0.0000000e+00   2.7319409e+04   4.2900000e+02
   4.2154033e-02   0.0000000e+00   2.7082994e+04   4.3000000e+02
   4.2086318e-02   0.0000000e+00   2.6942009e+04   4.3100000e+02
   0.0000000e+00   0.0000000e+00   2.7167459e+04   4.3300000e+02
   0.0000000e+00   0.0000000e+00   2.6786434e+04   4.3700000e+02
   0.0000000e+00   0.0000000e+00   2.6576375e+04   4.4000000e+02
   0.0000000e+00   0.0000000e+00   2.6204301e+04   4.4100000e+02
   0.0000000e+00   0.0000000e+00   2.5937332e+04   4.4300000e+02
   0.0000000e+00   0.0000000e+00   2.5688786e+04   4.4400000e+02
   0.0000000e+00   0.0000000e+00   2.5240919e+04   4.4600000e+02
   0.0000000e+00   0.0000000e+00   2.5013755e+04   4.4700000e+02
   0.0000000e+00   0.0000000e+00   2.4938532e+04   4.5100000e+02
   0.0000000e+00   0.0000000e+00   2.4709108e+04   4.5200000e+02
   0.0000000e+00   0.0000000e+00   2.4661590e+04   4.5300000e+02
   0.0000000e+00   0.0000000e+00   2.4311047e+04   4.5400000e+02
   0.0000000e+00   0.0000000e+00   2.4006559e+04   4.5700000e+02
   0.0000000e+00   0.0000000e+00   2.3873191e+04   4.5900000e+02
   0.0000000e+00   0.0000000e+00   2.3840613e+04   4.6100000e+02
   0.0000000e+00   0.0000000e+00   2.3749814e+04   4.6600000e+02
   0.0000000e+00   0.0000000e+00   2.3667071e+04   4.6700000e+02
   0.0000000e+00   0.0000000e+00   2.3474156e+04   4.6800000e+02
   0.0000000e+00   0.0000000e+00   2.2860200e+04   4.6900000e+02
   0.0000000e+00   0.0000000e+00   2.2743163e+04   4.7300000e+02
   0.0000000e+00   0.0000000e+00   2.2702410e+04   4.7500000e+02
   0.0000000e+00   0.0000000e+00   2.2537402e+04   4.7600000e+02
   0.0000000e+00   0.0000000e+00   2.2315170e+04   4.8100000e+02
   0.0000000e+00   0.0000000e+00   2.2287676e+04   4.9200000e+02
   0.0000000e+00   0.0000000e+00   2.2062363e+04   4.9400000e+02
   0.0000000e+00   0.0000000e+00   2.1936997e+04   4.9800000e+02
   0.0000000e+00   0.0000000e+00   2.1671575e+04   5.0100000e+02
   0.0000000e+00   0.0000000e+00   2.1624280e+04   5.0300000e+02
   0.0000000e+00   0.0000000e+00   2.1547121e+04   5.0600000e+02
   0.0000000e+00   0.0000000e+00   2.1433229e+04   5.0800000e+02
   0.0000000e+00   0.0000000e+00   2.1418147e+04   5.0900000e+02
   0.0000000e+00   0.0000000e+00   2.0996309e+04   5.1700000e+02
   0.0000000e+00   0.0000000e+00   2.0819843e+04   5.1900000e+02
   0.0000000e+00   0.0000000e+00   2.0773890e+04   5.2300000e+02
   0.0000000e+00   0.0000000e+00   2.0653497e+04   5.3600000e+02
   0.0000000e+00   0.0000000e+00   2.0552234e+04   5.3900000e+02
   0.0000000e+00   0.0000000e+00   2.0457993e+04   5.4100000e+02
   0.0000000e+00   0.0000000e+00   2.0362936e+04   5.4300000e+02
   0.0000000e+00   0.0000000e+00   2.0073104e+04   5.4500000e+02
   0.0000000e+00   0.0000000e+00   2.0007946e+04   5.4800000e+02
   0.0000000e+00   0.0000000e+00   1.9845173e+04   5.5800000e+02
   0.0000000e+00   0.0000000e+00   1.9596394e+04   5.6000000e+02
   0.0000000e+00   0.0000000e+00   1.9372881e+04   5.6300000e+02
   0.0000000e+00   0.0000000e+00   1.9327924e+04   5.6500000e+02
   0.0000000e+00   0.0000000e+00   1.9151682e+04   5.6600000e+02
   0.0000000e+00   0.0000000e+00   1.8854041e+04   5.6700000e+02
   0.0000000e+00   0.0000000e+00   1.8815982e+04   5.6900000e+02
   0.0000000e+00   0.0000000e+00   1.8634122e+04   5.7000000e+02
   0.0000000e+00   0.0000000e+00   1.8407238e+04   5.7800000e+02
   0.0000000e+00   0.0000000e+00   1.8405887e+04   5.7900000e+02
   0.0000000e+00   0.0000000e+00   1.8402137e+04   5.8100000e+02
   0.0000000e+00   0.0000000e+00   1.8204993e+04   5.8300000e+02
   0.0000000e+00   0.0000000e+00   1.8120002e+04   5.9400000e+02
   0.0000000e+00   0.0000000e+00   1.7982886e+04   5.9800000e+02
   0.0000000e+00   0.0000000e+00   1.7967888e+04   6.1600000e+02
   0.0000000e+00   0.0000000e+00   1.7854385e+04   6.1700000e+02
   0.0000000e+00   0.0000000e+00   1.7754920e+04   6.2100000e+02
   0.0000000e+00   0.0000000e+00   1.7424181e+04   6.2300000e+02
   0.0000000e+00   0.0000000e+00   1.7154518e+04   6.6700000e+02
   0.0000000e+00   0.0000000e+00   1.7021178e+04   6.7300000e+02
   0.0000000e+00   0.0000000e+00   1.7020352e+04   6.7700000e+02
   0.0000000e+00   0.0000000e+00   1.6907679e+04   6.7900000e+02
   0.0000000e+00   0.0000000e+00   1.6844155e+04   7.0500000e+02
   0.0000000e+00   0.0000000e+00   1.6807871e+04   7.0900000e+02
   0.0000000e+00   0.0000000e+00   1.6763089e+04   7.1100000e+02
   0.0000000e+00   0.0000000e+00   1.6719554e+04   7.1600000e+02
   0.0000000e+00   0.0000000e+00   1.6628038e+04   7.1800000e+02
   0.0000000e+00   0.0000000e+00   1.6617564e+04   7.2000000e+02
   0.0000000e+00   0.0000000e+00   1.6593637e+04   7.2700000e+02
   0.0000000e+00   0.0000000e+00   1.6383722e+04   7.5200000e+02
   0.0000000e+00   0.0000000e+00   1.6351588e+04   7.5600000e+02
   0.0000000e+00   0.0000000e+00   1.6341406e+04   7.6700000e+02
   0.0000000e+00   0.0000000e+00   1.6324246e+04   7.7400000e+02
   0.0000000e+00   0.0000000e+00   1.6319200e+04   7.7700000e+02
   0.0000000e+00   0.0000000e+00   1.6314157e+04   7.8200000e+02
   0.0000000e+00   0.0000000e+00   1.6198265e+04   7.8400000e+02
   0.0000000e+00   0.0000000e+00   1.6152480e+04   7.9200000e+02
   0.0000000e+00   0.0000000e+00   1.6004726e+04   7.9600000e+02
   0.0000000e+00   0.0000000e+00   1.5983723e+04   8.0300000e+02
   0.0000000e+00   0.0000000e+00   1.5910461e+04   8.0700000e+02
   0.0000000e+00   0.0000000e+00   1.5877695e+04   8.0900000e+02
   0.0000000e+00   0.0000000e+00   1.5876340e+04   8.1200000e+02
   0.0000000e+00   0.0000000e+00   1.5758441e+04   8.2100000e+02
   0.0000000e+00   0.0000000e+00   1.5703041e+04   8.2300000e+02
   0.0000000e+00   0.0000000e+00   1.5626268e+04   8.2400000e+02
   0.0000000e+00   0.0000000e+00   1.5567173e+04   8.3200000e+02
   0.0000000e+00   0.0000000e+00   1.5557303e+04   8.3600000e+02
   0.0000000e+00   0.0000000e+00   1.5523710e+04   8.3700000e+02
   0.0000000e+00   0.0000000e+00   1.5228492e+04   8.4800000e+02
   0.0000000e+00   0.0000000e+00   1.5093850e+04   8.5100000e+02
   0.0000000e+00   0.0000000e+00   1.5048754e+04   8.5500000e+02
   0.0000000e+00   0.0000000e+00   1.5011233e+04   8.5700000e+02
   0.0000000e+00   0.0000000e+00   1.4865042e+04   8.5900000e+02
   0.0000000e+00   0.0000000e+00   1.4793708e+04   8.6500000e+02
   0.0000000e+00   0.0000000e+00   1.4736183e+04   8.6600000e+02
   0.0000000e+00   0.0000000e+00   1.4621934e+04   8.6700000e+02
   0.0000000e+00   0.0000000e+00   1.4611591e+04   8.6800000e+02
   0.0000000e+00   0.0000000e+00   1.4457176e+04   8.7100000e+02
   0.0000000e+00   0.0000000e+00   1.4376331e+04   8.7300000e+02
   0.0000000e+00   0.0000000e+00   1.4303779e+04   8.7900000e+02
   0.0000000e+00   0.0000000e+00   1.4112954e+04   8.8000000e+02
   0.0000000e+00   0.0000000e+00   1.4082054e+04   8.8300000e+02
   0.0000000e+00   0.0000000e+00   1.3945533e+04   8.8500000e+02
   0.0000000e+00   0.0000000e+00   1.3931956e+04   8.8600000e+02
   0.0000000e+00   0.0000000e+00   1.3931477e+04   8.9200000e+02
   0.0000000e+00   0.0000000e+00   1.3900441e+04   9.1100000e+02
   0.0000000e+00   0.0000000e+00   1.3586360e+04   9.2100000e+02
   0.0000000e+00   0.0000000e+00   1.3536068e+04   9.2400000e+02
   0.0000000e+00   0.0000000e+00   1.3421412e+04   9.2500000e+02
   0.0000000e+00   0.0000000e+00   1.3299682e+04   9.2900000e+02
   0.0000000e+00   0.0000000e+00   1.3283931e+04   9.3500000e+02
   0.0000000e+00   0.0000000e+00   1.3263061e+04   9.4400000e+02
   0.0000000e+00   0.0000000e+00   1.3231619e+04   9.5800000e+02
   0.0000000e+00   0.0000000e+00   1.3078728e+04   9.6200000e+02
   0.0000000e+00   0.0000000e+00   1.3016712e+04   9.6500000e+02
   0.0000000e+00   0.0000000e+00   1.2962823e+04   9.6700000e+02
   0.0000000e+00   0.0000000e+00   1.2927738e+04   9.6900000e+02
   0.0000000e+00   0.0000000e+00   1.2858918e+04   9.7600000e+02
   0.0000000e+00   0.0000000e+00   1.2832063e+04   9.8300000e+02
   0.0000000e+00   0.0000000e+00   1.2717110e+04   9.9000000e+02
   0.0000000e+00   0.0000000e+00   1.2594579e+04   1.0010000e+03
   0.0000000e+00   0.0000000e+00   1.2501109e+04   1.0130000e+03
   0.0000000e+00   0.0000000e+00   1.2323998e+04   1.0150000e+03
   0.0000000e+00   0.0000000e+00   1.2276142e+04   1.0170000e+03
   0.0000000e+00   0.0000000e+00   1.2263860e+04   1.0290000e+03
   0.0000000e+00   0.0000000e+00   1.2137544e+04   1.0300000e+03
   0.0000000e+00   0.0000000e+00   1.2136224e+04   1.0350000e+03
   0.0000000e+00   0.0000000e+00   1.2094176e+04   1.0380000e+03
   0.0000000e+00   0.0000000e+00   1.1918338e+04   1.0410000e+03
   0.0000000e+00   0.0000000e+00   1.1916385e+04   1.0420000e+03
   0.0000000e+00   0.0000000e+00   1.1782685e+04   1.0540000e+03
   0.0000000e+00   0.0000000e+00   1.1741024e+04   1.0570000e+03
   0.0000000e+00   0.0000000e+00   1.1710729e+04   1.0610000e+03
   0.0000000e+00   0.0000000e+00   1.1613102e+04   1.0700000e+03
   0.0000000e+00   0.0000000e+00   1.1586458e+04   1.0760000e+03
   0.0000000e+00   0.0000000e+00   1.1449704e+04   1.0930000e+03
   0.0000000e+00   0.0000000e+00   1.1389613e+04   1.1090000e+03
   0.0000000e+00   0.0000000e+00   1.1352232e+04   1.1180000e+03
   0.0000000e+00   0.0000000e+00   1.1337062e+04   1.1220000e+03
   0.0000000e+00   0.0000000e+00   1.1293248e+04   1.1240000e+03
   0.0000000e+00   0.0000000e+00   1.1257342e+04   1.1320000e+03
   0.0000000e+00   0.0000000e+00   1.1080346e+04   1.1350000e+03
   0.0000000e+00   0.0000000e+00   1.0838049e+04   1.1390000e+03
   0.0000000e+00   0.0000000e+00   1.0838013e+04   1.1470000e+03
   0.0000000e+00   0.0000000e+00   1.0786334e+04   1.1490000e+03
   0.0000000e+00   0.0000000e+00   1.0771148e+04   1.1520000e+03
   0.0000000e+00   0.0000000e+00   1.0708383e+04   1.1550000e+03
   0.0000000e+00   0.0000000e+00   1.0657559e+04   1.1670000e+03
   0.0000000e+00   0.0000000e+00   1.0649194e+04   1.1740000e+03
   0.0000000e+00   0.0000000e+00   1.0622230e+04   1.1830000e+03
   0.0000000e+00   0.0000000e+00   1.0605837e+04   1.1860000e+03
   0.0000000e+00   0.0000000e+00   1.0599059e+04   1.1930000e+03
   0.0000000e+00   0.0000000e+00   1.0398513e+04   1.1980000e+03
   0.0000000e+00   0.0000000e+00   1.0389827e+04   1.2040000e+03
   0.0000000e+00   0.0000000e+00   1.0342663e+04   1.2100000e+03
   0.0000000e+00   0.0000000e+00   1.0335132e+04   1.2110000e+03
   0.0000000e+00   0.0000000e+00   1.0195852e+04   1.2140000e+03
   0.0000000e+00   0.0000000e+00   1.0150494e+04   1.2200000e+03
   0.0000000e+00   0.0000000e+00   1.0052146e+04   1.2380000e+03
   0.0000000e+00   0.0000000e+00   1.0049806e+04   1.2490000e+03
   0.0000000e+00   0.0000000e+00   1.0031890e+04   1.2670000e+03
   0.0000000e+00   0.0000000e+00   1.0008531e+04   1.2770000e+03
   0.0000000e+00   0.0000000e+00   9.9206868e+03   1.2810000e+03
   0.0000000e+00   0.0000000e+00   9.8835680e+03   1.2960000e+03
   0.0000000e+00   0.0000000e+00   9.8568716e+03   1.3030000e+03
   0.0000000e+00   0.0000000e+00   9.8421972e+03   1.3410000e+03
   0.0000000e+00   0.0000000e+00   9.7901832e+03   1.3560000e+03
   0.0000000e+00   0.0000000e+00   9.7459433e+03   1.3620000e+03
   0.0000000e+00   0.0000000e+00   9.7120243e+03   1.3700000e+03
   0.0000000e+00   0.0000000e+00   9.6520300e+03   1.3740000e+03
   0.0000000e+00   0.0000000e+00   9.6193795e+03   1.3850000e+03
   0.0000000e+00   0.0000000e+00   9.6058147e+03   1.3900000e+03
   0.0000000e+00   0.0000000e+00   9.5583764e+03   1.4000000e+03
   0.0000000e+00   0.0000000e+00   9.5321366e+03   1.4010000e+03
   0.0000000e+00   0.0000000e+00   9.4766002e+03   1.4130000e+03
   0.0000000e+00   0.0000000e+00   9.4606175e+03   1.4190000e+03
   0.0000000e+00   0.0000000e+00   9.4242065e+03   1.4240000e+03
   0.0000000e+00   0.0000000e+00   9.3978443e+03   1.4270000e+03
   0.0000000e+00   0.0000000e+00   9.3850754e+03   1.4310000e+03
   0.0000000e+00   0.0000000e+00   9.3634306e+03   1.4380000e+03
   0.0000000e+00   0.0000000e+00   9.3300941e+03   1.4590000e+03
   0.0000000e+00   0.0000000e+00   9.2834231e+03   1.4660000e+03
   0.0000000e+00   0.0000000e+00   9.2653875e+03   1.4920000e+03
   0.0000000e+00   0.0000000e+00   9.2623625e+03   1.5040000e+03
   0.0000000e+00   0.0000000e+00   9.2429933e+03   1.5060000e+03
   0.0000000e+00   0.0000000e+00   9.2369636e+03   1.5120000e+03
   0.0000000e+00   0.0000000e+00   9.1895792e+03   1.5130000e+03
   0.0000000e+00   0.0000000e+00   9.1774666e+03   1.5230000e+03
   0.0000000e+00   0.0000000e+00   9.1695264e+03   1.5240000e+03
   0.0000000e+00   0.0000000e+00   9.1631863e+03   1.5250000e+03
   0.0000000e+00   0.0000000e+00   9.1423972e+03   1.5280000e+03
   0.0000000e+00   0.0000000e+00   9.1421309e+03   1.5320000e+03
   0.0000000e+00   0.0000000e+00   9.0872218e+03   1.5420000e+03
   0.0000000e+00   0.0000000e+00   9.0821265e+03   1.5500000e+03
   0.0000000e+00   0.0000000e+00   9.0235224e+03   1.5510000e+03
   0.0000000e+00   0.0000000e+00   8.9748008e+03   1.5780000e+03
   0.0000000e+00   0.0000000e+00   8.9656749e+03   1.5950000e+03
   0.0000000e+00   0.0000000e+00   8.9484310e+03   1.6050000e+03
   0.0000000e+00   0.0000000e+00   8.9097125e+03   1.6110000e+03
   0.0000000e+00   0.0000000e+00   8.8808576e+03   1.6190000e+03
   0.0000000e+00   0.0000000e+00   8.8531280e+03   1.6200000e+03
   0.0000000e+00   0.0000000e+00   8.8524857e+03   1.6210000e+03
   0.0000000e+00   0.0000000e+00   8.7284744e+03   1.6420000e+03
   0.0000000e+00   0.0000000e+00   8.7100057e+03   1.6430000e+03
   0.0000000e+00   0.0000000e+00   8.6780500e+03   1.6600000e+03
   0.0000000e+00   0.0000000e+00   8.6385712e+03   1.7020000e+03
   0.0000000e+00   0.0000000e+00   8.5883912e+03   1.7040000e+03
   0.0000000e+00   0.0000000e+00   8.5702972e+03   1.7060000e+03
   0.0000000e+00   0.0000000e+00   8.5583624e+03   1.7130000e+03
   0.0000000e+00   0.0000000e+00   8.5454696e+03   1.7370000e+03
   0.0000000e+00   0.0000000e+00   8.5231692e+03   1.7470000e+03
   0.0000000e+00   0.0000000e+00   8.5032564e+03   1.7510000e+03
   0.0000000e+00   0.0000000e+00   8.4323806e+03   1.7540000e+03
   0.0000000e+00   0.0000000e+00   8.4232280e+03   1.7580000e+03
   0.0000000e+00   0.0000000e+00   8.4150553e+03   1.7590000e+03
   0.0000000e+00   0.0000000e+00   8.3986334e+03   1.7750000e+03
   0.0000000e+00   0.0000000e+00   8.3588287e+03   1.7780000e+03
   0.0000000e+00   0.0000000e+00   8.3447557e+03   1.7860000e+03
   0.0000000e+00   0.0000000e+00   8.2912616e+03   1.7960000e+03
   0.0000000e+00   0.0000000e+00   8.2746983e+03   1.8180000e+03
   0.0000000e+00   0.0000000e+00   8.2410558e+03   1.8200000e+03
   0.0000000e+00   0.0000000e+00   8.1787979e+03   1.8240000e+03
   0.0000000e+00   0.0000000e+00   8.1716808e+03   1.8460000e+03
   0.0000000e+00   0.0000000e+00   8.1580128e+03   1.8600000e+03
   0.0000000e+00   0.0000000e+00   8.1470408e+03   1.8690000e+03
   0.0000000e+00   0.0000000e+00   8.1428720e+03   1.8780000e+03
   0.0000000e+00   0.0000000e+00   8.1380261e+03   1.8910000e+03
   0.0000000e+00   0.0000000e+00   8.1377000e+03   1.8920000e+03
   0.0000000e+00   0.0000000e+00   8.1007945e+03   1.9040000e+03
   0.0000000e+00   0.0000000e+00   8.0258980e+03   1.9390000e+03
   0.0000000e+00   0.0000000e+00   7.9640625e+03   1.9540000e+03
   0.0000000e+00   0.0000000e+00   7.9611614e+03   1.9560000e+03
   0.0000000e+00   0.0000000e+00   7.9476425e+03   1.9590000e+03
   0.0000000e+00   0.0000000e+00   7.8314559e+03   1.9640000e+03
   0.0000000e+00   0.0000000e+00   7.8240070e+03   1.9860000e+03
   0.0000000e+00   0.0000000e+00   7.8037316e+03   2.0000000e+03
   0.0000000e+00   0.0000000e+00   7.7965913e+03   2.0060000e+03
   0.0000000e+00   0.0000000e+00   7.7872318e+03   2.0140000e+03
   0.0000000e+00   0.0000000e+00   7.7854476e+03   2.0220000e+03
   0.0000000e+00   0.0000000e+00   7.7433468e+03   2.0260000e+03
   0.0000000e+00   0.0000000e+00   7.6994421e+03   2.0410000e+03
   0.0000000e+00   0.0000000e+00   7.6809128e+03   2.0880000e+03
   0.0000000e+00   0.0000000e+00   7.6711741e+03   2.0930000e+03
   0.0000000e+00   0.0000000e+00   7.6636769e+03   2.0970000e+03
   0.0000000e+00   0.0000000e+00   7.6365534e+03   2.1090000e+03
   0.0000000e+00   0.0000000e+00   7.6187490e+03   2.1200000e+03
   0.0000000e+00   0.0000000e+00   7.5812066e+03   2.1410000e+03
   0.0000000e+00   0.0000000e+00   7.5765049e+03   2.1740000e+03
   0.0000000e+00   0.0000000e+00   7.5641941e+03   2.1800000e+03
   0.0000000e+00   0.0000000e+00   7.5379829e+03   2.2050000e+03
   0.0000000e+00   0.0000000e+00   7.4653444e+03   2.2100000e+03
   0.0000000e+00   0.0000000e+00   7.4353858e+03   2.2230000e+03
   0.0000000e+00   0.0000000e+00   7.4277283e+03   2.3090000e+03
   0.0000000e+00   0.0000000e+00   7.4261765e+03   2.3170000e+03
   0.0000000e+00   0.0000000e+00   7.4249347e+03   2.3290000e+03
   0.0000000e+00   0.0000000e+00   7.4221978e+03   2.3320000e+03
   0.0000000e+00   0.0000000e+00   7.3867206e+03   2.3630000e+03
   0.0000000e+00   0.0000000e+00   7.3847564e+03   2.3710000e+03
   0.0000000e+00   0.0000000e+00   7.3616562e+03   2.4050000e+03
   0.0000000e+00   0.0000000e+00   7.3480231e+03   2.4150000e+03
   0.0000000e+00   0.0000000e+00   7.3253231e+03   2.4240000e+03
   0.0000000e+00   0.0000000e+00   7.2472320e+03   2.4330000e+03
   0.0000000e+00   0.0000000e+00   7.2420772e+03   2.4560000e+03
   0.0000000e+00   0.0000000e+00   7.1976639e+03   2.4620000e+03
   0.0000000e+00   0.0000000e+00   7.1530410e+03   2.4820000e+03
   0.0000000e+00   0.0000000e+00   7.1489815e+03   2.4910000e+03
   0.0000000e+00   0.0000000e+00   7.1361191e+03   2.5170000e+03
   0.0000000e+00   0.0000000e+00   7.1143360e+03   2.5320000e+03
   0.0000000e+00   0.0000000e+00   7.0944013e+03   2.5410000e+03
   0.0000000e+00   0.0000000e+00   7.0864992e+03   2.5490000e+03
   0.0000000e+00   0.0000000e+00   7.0520454e+03   2.5970000e+03
   0.0000000e+00   0.0000000e+00   7.0488136e+03   2.6040000e+03
   0.0000000e+00   0.0000000e+00   7.0260304e+03   2.6230000e+03
   0.0000000e+00   0.0000000e+00   7.0068867e+03   2.6240000e+03
   0.0000000e+00   0.0000000e+00   6.9883360e+03   2.6320000e+03
   0.0000000e+00   0.0000000e+00   6.9625105e+03   2.6440000e+03
   0.0000000e+00   0.0000000e+00   6.9473117e+03   2.6510000e+03
   0.0000000e+00   0.0000000e+00   6.9226594e+03   2.7130000e+03
   0.0000000e+00   0.0000000e+00   6.8976569e+03   2.7760000e+03
   0.0000000e+00   0.0000000e+00   6.8508834e+03   2.8320000e+03
   0.0000000e+00   0.0000000e+00   6.8370000e+03   2.8340000e+03
   0.0000000e+00   0.0000000e+00   6.8062915e+03   2.8560000e+03
   0.0000000e+00   0.0000000e+00   6.8062038e+03   2.9310000e+03
   0.0000000e+00   0.0000000e+00   6.7946277e+03   2.9800000e+03
   0.0000000e+00   0.0000000e+00   6.7825559e+03   2.9980000e+03
   0.0000000e+00   0.0000000e+00   6.7797246e+03   3.0280000e+03
   0.0000000e+00   0.0000000e+00   6.7609853e+03   3.1480000e+03
   0.0000000e+00   0.0000000e+00   6.7582358e+03   3.1590000e+03
   0.0000000e+00   0.0000000e+00   6.7295871e+03   3.1610000e+03
   0.0000000e+00   0.0000000e+00   6.7161286e+03   3.2360000e+03
   0.0000000e+00   0.0000000e+00   6.6544943e+03   3.2840000e+03
   0.0000000e+00   0.0000000e+00   6.6399648e+03   3.3140000e+03
   0.0000000e+00   0.0000000e+00   6.5989687e+03   3.3190000e+03
   0.0000000e+00   0.0000000e+00   6.5947823e+03   3.3650000e+03
   0.0000000e+00   0.0000000e+00   6.5780824e+03   3.4370000e+03
   0.0000000e+00   0.0000000e+00   6.5747119e+03   3.4600000e+03
   0.0000000e+00   0.0000000e+00   6.5682336e+03   3.4730000e+03
   0.0000000e+00   0.0000000e+00   6.5320005e+03   3.5030000e+03
   0.0000000e+00   0.0000000e+00   6.5121974e+03   3.5940000e+03
   0.0000000e+00   0.0000000e+00   6.5036534e+03   3.5960000e+03
   0.0000000e+00   0.0000000e+00   6.4956421e+03   3.6440000e+03
   0.0000000e+00   0.0000000e+00   6.4941800e+03   3.6610000e+03
   0.0000000e+00   0.0000000e+00   6.4854322e+03   3.6850000e+03
   0.0000000e+00   0.0000000e+00   6.4656023e+03   3.7300000e+03
   0.0000000e+00   0.0000000e+00   6.4648813e+03   3.7770000e+03
   0.0000000e+00   0.0000000e+00   6.4579981e+03   3.8050000e+03
   0.0000000e+00   0.0000000e+00   6.4396039e+03   3.8610000e+03
   0.0000000e+00   0.0000000e+00   6.4315217e+03   3.8730000e+03
   0.0000000e+00   0.0000000e+00   6.3815897e+03   3.9110000e+03
   0.0000000e+00   0.0000000e+00   6.3562633e+03   3.9390000e+03
   0.0000000e+00   0.0000000e+00   6.3491676e+03   3.9730000e+03
   0.0000000e+00   0.0000000e+00   6.3214966e+03   3.9760000e+03
   0.0000000e+00   0.0000000e+00   6.3029207e+03   3.9980000e+03
   0.0000000e+00   0.0000000e+00   6.2949047e+03   4.0630000e+03
   0.0000000e+00   0.0000000e+00   6.2816650e+03   4.1040000e+03
   0.0000000e+00   0.0000000e+00   6.2590532e+03   4.1190000e+03
   0.0000000e+00   0.0000000e+00   6.2339000e+03   4.1200000e+03
   0.0000000e+00   0.0000000e+00   6.2098857e+03   4.2220000e+03
   0.0000000e+00   0.0000000e+00   6.2020785e+03   4.2330000e+03
   0.0000000e+00   0.0000000e+00   6.1992873e+03   4.2430000e+03
   0.0000000e+00   0.0000000e+00   6.1673141e+03   4.2460000e+03
   0.0000000e+00   0.0000000e+00   6.1296043e+03   4.2680000e+03
   0.0000000e+00   0.0000000e+00   6.0870860e+03   4.3740000e+03
   0.0000000e+00   0.0000000e+00   6.0586577e+03   4.4190000e+03
   0.0000000e+00   0.0000000e+00   6.0580000e+03   4.4590000e+03
   0.0000000e+00   0.0000000e+00   6.0466418e+03   4.7170000e+03
   0.0000000e+00   0.0000000e+00   6.0411131e+03   4.7450000e+03
   0.0000000e+00   0.0000000e+00   6.0280119e+03   4.8980000e+03
   0.0000000e+00   0.0000000e+00   6.0189400e+03   4.9390000e+03
   0.0000000e+00   0.0000000e+00   6.0157489e+03   4.9520000e+03
   0.0000000e+00   0.0000000e+00   6.0131732e+03   4.9620000e+03
   0.0000000e+00   0.0000000e+00   6.0115940e+03   5.0820000e+03
   0.0000000e+00   0.0000000e+00   5.9980191e+03   5.0920000e+03
   0.0000000e+00   0.0000000e+00   5.9969136e+03   5.1700000e+03
   0.0000000e+00   0.0000000e+00   5.9946512e+03   5.1900000e+03
   0.0000000e+00   0.0000000e+00   5.9685870e+03   5.2150000e+03
   0.0000000e+00   0.0000000e+00   5.9528988e+03   5.2510000e+03
   0.0000000e+00   0.0000000e+00   5.9470655e+03   5.3490000e+03
   0.0000000e+00   0.0000000e+00   5.9354519e+03   5.3660000e+03
   0.0000000e+00   0.0000000e+00   5.9212676e+03   5.4750000e+03
   0.0000000e+00   0.0000000e+00   5.9039091e+03   5.4860000e+03
   0.0000000e+00   0.0000000e+00   5.8983290e+03   5.5310000e+03
   0.0000000e+00   0.0000000e+00   5.8914870e+03   5.5660000e+03
   0.0000000e+00   0.0000000e+00   5.8773582e+03   5.5770000e+03
   0.0000000e+00   0.0000000e+00   5.8653133e+03   5.5990000e+03
   0.0000000e+00   0.0000000e+00   5.8550209e+03   5.6990000e+03
   0.0000000e+00   0.0000000e+00   5.8425419e+03   5.7900000e+03
   0.0000000e+00   0.0000000e+00   5.8273719e+03   5.7970000e+03
   0.0000000e+00   0.0000000e+00   5.8237321e+03   6.1480000e+03
   0.0000000e+00   0.0000000e+00   5.8208489e+03   6.1530000e+03
   0.0000000e+00   0.0000000e+00   5.8043679e+03   6.2520000e+03
   0.0000000e+00   0.0000000e+00   5.7933454e+03   6.4220000e+03
   0.0000000e+00   0.0000000e+00   5.7763948e+03   6.4650000e+03
   0.0000000e+00   0.0000000e+00   5.7658135e+03   6.4760000e+03
   0.0000000e+00   0.0000000e+00   5.7658135e+03   6.7260000e+03
   0.0000000e+00   0.0000000e+00   5.7618515e+03   6.7420000e+03
   0.0000000e+00   0.0000000e+00   5.7578871e+03   6.7910000e+03
   0.0000000e+00   0.0000000e+00   5.7536860e+03   6.8440000e+03
   0.0000000e+00   0.0000000e+00   5.7472805e+03   6.8650000e+03
   0.0000000e+00   0.0000000e+00   5.7451019e+03   6.9360000e+03
   0.0000000e+00   0.0000000e+00   5.7389530e+03   6.9420000e+03
   0.0000000e+00   0.0000000e+00   5.7380470e+03   7.0260000e+03
   0.0000000e+00   0.0000000e+00   5.7364644e+03   7.0650000e+03
   0.0000000e+00   0.0000000e+00   5.7317708e+03   7.1330000e+03
   0.0000000e+00   0.0000000e+00   5.7222813e+03   7.2120000e+03
   0.0000000e+00   0.0000000e+00   5.7091936e+03   7.3110000e+03
   0.0000000e+00   0.0000000e+00   5.6927731e+03   7.3290000e+03
   0.0000000e+00   0.0000000e+00   5.6776198e+03   7.4060000e+03
   0.0000000e+00   0.0000000e+00   5.6700661e+03   7.5470000e+03
   0.0000000e+00   0.0000000e+00   5.6622743e+03   7.7390000e+03
   0.0000000e+00   0.0000000e+00   5.6603219e+03   7.8260000e+03
   0.0000000e+00   0.0000000e+00   5.6603219e+03   7.8550000e+03
   0.0000000e+00   0.0000000e+00   5.6493909e+03   7.9400000e+03
   0.0000000e+00   0.0000000e+00   5.6349914e+03   8.0850000e+03
   0.0000000e+00   0.0000000e+00   5.6321336e+03   8.0900000e+03
   0.0000000e+00   0.0000000e+00   5.6304450e+03   8.0950000e+03
   0.0000000e+00   0.0000000e+00   5.6197514e+03   8.2080000e+03
   0.0000000e+00   0.0000000e+00   5.6156348e+03   8.3000000e+03
   0.0000000e+00   0.0000000e+00   5.5930363e+03   8.3770000e+03
   0.0000000e+00   0.0000000e+00   5.5887235e+03   8.5520000e+03
   0.0000000e+00   0.0000000e+00   5.5875774e+03   8.5650000e+03
   0.0000000e+00   0.0000000e+00   5.5779345e+03   8.7420000e+03
   0.0000000e+00   0.0000000e+00   5.5717110e+03   8.8560000e+03
   0.0000000e+00   0.0000000e+00   5.5652975e+03   8.8640000e+03
   0.0000000e+00   0.0000000e+00   5.5506472e+03   9.3880000e+03
   0.0000000e+00   0.0000000e+00   5.5490826e+03   9.9860000e+03
   0.0000000e+00   0.0000000e+00   5.5434189e+03   1.0363000e+04
   0.0000000e+00   0.0000000e+00   5.5319011e+03   1.0515000e+04
   0.0000000e+00   0.0000000e+00   5.5278192e+03   1.0709000e+04
   0.0000000e+00   0.0000000e+00   5.5258196e+03   1.1537000e+04
   0.0000000e+00   0.0000000e+00   5.5245492e+03   1.2171000e+04
   0.0000000e+00   0.0000000e+00   5.5245492e+03   1.2621000e+04
   0.0000000e+00   0.0000000e+00   5.5233644e+03   1.3347000e+04
   0.0000000e+00   0.0000000e+00   5.5198865e+03   1.3474000e+04
   0.0000000e+00   0.0000000e+00   5.5127016e+03   1.3796000e+04
   0.0000000e+00   0.0000000e+00   5.5078418e+03   1.3829000e+04
   0.0000000e+00   0.0000000e+00   5.5076723e+03   1.3956000e+04
   0.0000000e+00   0.0000000e+00   5.4931973e+03   1.4257000e+04
   0.0000000e+00   0.0000000e+00   5.4903265e+03   1.4315000e+04
   0.0000000e+00   0.0000000e+00   5.4857833e+03   1.4543000e+04
   0.0000000e+00   0.0000000e+00   5.4808174e+03   1.4891000e+04
   0.0000000e+00   0.0000000e+00   5.4699915e+03   1.4916000e+04
   0.0000000e+00   0.0000000e+00   5.4697487e+03   1.4917000e+04
   0.0000000e+00   0.0000000e+00   5.4640981e+03   1.4919000e+04
   0.0000000e+00   0.0000000e+00   5.4595349e+03   1.5036000e+04
   0.0000000e+00   0.0000000e+00   5.4578463e+03   1.5167000e+04
   0.0000000e+00   0.0000000e+00   5.4557883e+03   1.5396000e+04
   0.0000000e+00   0.0000000e+00   5.4528191e+03   1.5923000e+04
   0.0000000e+00   0.0000000e+00   5.4387146e+03   1.5988000e+04
   0.0000000e+00   0.0000000e+00   5.4387146e+03   1.6534000e+04
   0.0000000e+00   0.0000000e+00   5.4376206e+03   1.6598000e+04
   0.0000000e+00   0.0000000e+00   5.4368232e+03   1.6748000e+04
   0.0000000e+00   0.0000000e+00   5.4248149e+03   1.6786000e+04
   0.0000000e+00   0.0000000e+00   5.4224711e+03   1.7246000e+04
   0.0000000e+00   0.0000000e+00   5.2966037e+03   1.7624000e+04
   0.0000000e+00   0.0000000e+00   5.2868305e+03   1.7660000e+04
   0.0000000e+00   0.0000000e+00   5.2842399e+03   1.8083000e+04
   0.0000000e+00   0.0000000e+00   5.2781433e+03   1.8124000e+04
   0.0000000e+00   0.0000000e+00   5.2764501e+03   1.8137000e+04
   0.0000000e+00   0.0000000e+00   5.2692652e+03   1.8591000e+04
   0.0000000e+00   0.0000000e+00   5.2634440e+03   1.8664000e+04
   0.0000000e+00   0.0000000e+00   5.2395308e+03   1.8685000e+04
   0.0000000e+00   0.0000000e+00   5.2395308e+03   1.8980000e+04
   0.0000000e+00   0.0000000e+00   5.2383899e+03   1.9378000e+04
   0.0000000e+00   0.0000000e+00   5.2376220e+03   1.9415000e+04
   0.0000000e+00   0.0000000e+00   5.2376220e+03   1.9714000e+04
   0.0000000e+00   0.0000000e+00   5.2350314e+03   1.9879000e+04
   0.0000000e+00   0.0000000e+00   5.2290655e+03   2.0185000e+04
   0.0000000e+00   0.0000000e+00   5.2243136e+03   2.0244000e+04
   0.0000000e+00   0.0000000e+00   5.2222608e+03   2.0330000e+04
   0.0000000e+00   0.0000000e+00   5.2137589e+03   2.0338000e+04
   0.0000000e+00   0.0000000e+00   5.2104837e+03   2.1389000e+04
   0.0000000e+00   0.0000000e+00   5.2030008e+03   2.1745000e+04
   0.0000000e+00   0.0000000e+00   5.1971006e+03   2.1942000e+04
   0.0000000e+00   0.0000000e+00   5.1923387e+03   2.2845000e+04
   0.0000000e+00   0.0000000e+00   5.1891732e+03   2.3549000e+04
   0.0000000e+00   0.0000000e+00   5.1851891e+03   2.3589000e+04
   0.0000000e+00   0.0000000e+00   5.1842831e+03   2.4291000e+04
   0.0000000e+00   0.0000000e+00   5.1842831e+03   2.6391000e+04
   0.0000000e+00   0.0000000e+00   5.1804572e+03   2.6403000e+04
   0.0000000e+00   0.0000000e+00   5.1755391e+03   2.7197000e+04
   0.0000000e+00   0.0000000e+00   5.1730300e+03   2.7596000e+04
   0.0000000e+00   0.0000000e+00   5.1698760e+03   2.7693000e+04
   0.0000000e+00   0.0000000e+00   5.1698760e+03   2.8334000e+04
   0.0000000e+00   0.0000000e+00   5.1698760e+03   2.8793000e+04
   0.0000000e+00   0.0000000e+00   5.1698760e+03   2.9712000e+04
   0.0000000e+00   0.0000000e+00   5.1698760e+03   2.9737000e+04
   0.0000000e+00   0.0000000e+00   5.1630870e+03   2.9860000e+04
   0.0000000e+00   0.0000000e+00   5.1613908e+03   3.0012000e+04
   0.0000000e+00   0.0000000e+00   5.1603727e+03   3.0758000e+04
   0.0000000e+00   0.0000000e+00   5.1603727e+03   3.1141000e+04
   0.0000000e+00   0.0000000e+00   5.1542761e+03   3.1516000e+04
   0.0000000e+00   0.0000000e+00   5.1492624e+03   3.1548000e+04
   0.0000000e+00   0.0000000e+00   5.1492624e+03   3.1607000e+04
   0.0000000e+00   0.0000000e+00   5.1451470e+03   3.3585000e+04
   0.0000000e+00   0.0000000e+00   5.1404709e+03   3.4177000e+04
   0.0000000e+00   0.0000000e+00   5.1404709e+03   3.6441000e+04
   0.0000000e+00   0.0000000e+00   5.1404709e+03   3.6682000e+04
   0.0000000e+00   0.0000000e+00   5.1404709e+03   3.7251000e+04
   0.0000000e+00   0.0000000e+00   5.1346125e+03   3.7523000e+04
   0.0000000e+00   0.0000000e+00   5.1346125e+03   3.8071000e+04
   0.0000000e+00   0.0000000e+00   5.1346125e+03   3.8246000e+04
   0.0000000e+00   0.0000000e+00   5.1346125e+03   3.8960000e+04
   0.0000000e+00   0.0000000e+00   5.1317543e+03   3.9311000e+04
   0.0000000e+00   0.0000000e+00   5.1317543e+03   3.9818000e+04
   0.0000000e+00   0.0000000e+00   5.1317543e+03   3.9847000e+04
   0.0000000e+00   0.0000000e+00   5.1317543e+03   4.0772000e+04
   0.0000000e+00   0.0000000e+00   5.1315123e+03   4.1520000e+04
   0.0000000e+00   0.0000000e+00   5.1315123e+03   4.1620000e+04
   0.0000000e+00   0.0000000e+00   5.1291769e+03   4.2067000e+04
   0.0000000e+00   0.0000000e+00   5.1291769e+03   4.2206000e+04
   0.0000000e+00   0.0000000e+00   5.1291769e+03   4.2211000e+04
   0.0000000e+00   0.0000000e+00   5.1291769e+03   4.2844000e+04
   0.0000000e+00   0.0000000e+00   5.1282360e+03   4.3374000e+04
   0.0000000e+00   0.0000000e+00   5.1253204e+03   4.3855000e+04
   0.0000000e+00   0.0000000e+00   5.1253204e+03   4.4484000e+04
   0.0000000e+00   0.0000000e+00   5.1253204e+03   4.4759000e+04
   0.0000000e+00   0.0000000e+00   5.1238162e+03   4.5209000e+04
   0.0000000e+00   0.0000000e+00   5.1197067e+03   4.5741000e+04
   0.0000000e+00   0.0000000e+00   5.1197067e+03   4.6390000e+04
   0.0000000e+00   0.0000000e+00   5.1182520e+03   4.6879000e+04
   0.0000000e+00   0.0000000e+00   5.1182520e+03   4.7771000e+04
   0.0000000e+00   0.0000000e+00   5.1182520e+03   4.8836000e+04
   0.0000000e+00   0.0000000e+00   5.1182520e+03   4.9285000e+04
   0.0000000e+00   0.0000000e+00   5.1167974e+03   4.9766000e+04
   0.0000000e+00   0.0000000e+00   5.1167974e+03   5.0178000e+04
   0.0000000e+00   0.0000000e+00   5.1167974e+03   5.2320000e+04
   0.0000000e+00   0.0000000e+00   5.1131208e+03   5.2399000e+04
   0.0000000e+00   0.0000000e+00   5.1131208e+03   5.2450000e+04
   0.0000000e+00   0.0000000e+00   5.1131208e+03   5.3634000e+04
   0.0000000e+00   0.0000000e+00   5.1131208e+03   5.4096000e+04
   0.0000000e+00   0.0000000e+00   5.1131208e+03   5.5064000e+04
   0.0000000e+00   0.0000000e+00   5.1131208e+03   5.5402000e+04
   0.0000000e+00   0.0000000e+00   5.1131208e+03   5.5679000e+04
   0.0000000e+00   0.0000000e+00   5.1131208e+03   5.7312000e+04
   0.0000000e+00   0.0000000e+00   5.1131208e+03   5.7398000e+04
   0.0000000e+00   0.0000000e+00   5.1131208e+03   5.7473000e+04
   0.0000000e+00   0.0000000e+00   5.1131208e+03   5.9830000e+04
   0.0000000e+00   0.0000000e+00   5.1120151e+03   6.0250000e+04
   0.0000000e+00   0.0000000e+00   5.1120151e+03   6.0355000e+04
   0.0000000e+00   0.0000000e+00   5.1084170e+03   6.0721000e+04
   0.0000000e+00   0.0000000e+00   5.1084170e+03   6.2456000e+04
   0.0000000e+00   0.0000000e+00   5.1070902e+03   6.3530000e+04
   0.0000000e+00   0.0000000e+00   5.1070902e+03   6.3784000e+04
   0.0000000e+00   0.0000000e+00   5.1070902e+03   6.3911000e+04
   0.0000000e+00   0.0000000e+00   5.1053024e+03   6.4369000e+04
   0.0000000e+00   0.0000000e+00   5.1053024e+03   6.4489000e+04
   0.0000000e+00   0.0000000e+00   5.1043080e+03   6.4971000e+04
   0.0000000e+00   0.0000000e+00   5.1026194e+03   6.4988000e+04
   0.0000000e+00   0.0000000e+00   5.0986656e+03   6.5471000e+04
   0.0000000e+00   0.0000000e+00   5.0986656e+03   6.6036000e+04
   0.0000000e+00   0.0000000e+00   5.0986656e+03   6.6204000e+04
   0.0000000e+00   0.0000000e+00   5.0986656e+03   6.7423000e+04
   0.0000000e+00   0.0000000e+00   5.0986656e+03   6.8150000e+04
   0.0000000e+00   0.0000000e+00   5.0986656e+03   6.8745000e+04
   0.0000000e+00   0.0000000e+00   5.0979816e+03   7.0165000e+04
   0.0000000e+00   0.0000000e+00   5.0979816e+03   7.0495000e+04
   0.0000000e+00   0.0000000e+00   5.0918849e+03   7.0623000e+04
   0.0000000e+00   0.0000000e+00   5.0918849e+03   7.0756000e+04
   0.0000000e+00   0.0000000e+00   5.0918849e+03   7.3715000e+04
   0.0000000e+00   0.0000000e+00   5.0918849e+03   7.3864000e+04
   0.0000000e+00   0.0000000e+00   5.0918849e+03   7.3884000e+04
   0.0000000e+00   0.0000000e+00   5.0918849e+03   7.4136000e+04
   0.0000000e+00   0.0000000e+00   5.0904303e+03   7.5763000e+04
   0.0000000e+00   0.0000000e+00   5.0904303e+03   7.6455000e+04
   0.0000000e+00   0.0000000e+00   5.0904303e+03   7.6878000e+04
   0.0000000e+00   0.0000000e+00   5.0904303e+03   7.8147000e+04
   0.0000000e+00   0.0000000e+00   5.0904303e+03   7.8418000e+04
   0.0000000e+00   0.0000000e+00   5.0904303e+03   7.9133000e+04
   0.0000000e+00   0.0000000e+00   5.0904303e+03   8.0213000e+04
   0.0000000e+00   0.0000000e+00   5.0904303e+03   8.0605000e+04
   0.0000000e+00   0.0000000e+00   5.0904303e+03   8.1041000e+04
   0.0000000e+00   0.0000000e+00   5.0883228e+03   8.1568000e+04
   0.0000000e+00   0.0000000e+00   5.0883228e+03   8.1825000e+04
   0.0000000e+00   0.0000000e+00   5.0883228e+03   8.2052000e+04
   0.0000000e+00   0.0000000e+00   5.0883228e+03   8.2539000e+04
   0.0000000e+00   0.0000000e+00   5.0883228e+03   8.3035000e+04
   0.0000000e+00   0.0000000e+00   5.0883228e+03   8.3470000e+04
   0.0000000e+00   0.0000000e+00   5.0883228e+03   8.6912000e+04
   0.0000000e+00   0.0000000e+00   5.0883228e+03   8.6953000e+04
   0.0000000e+00   0.0000000e+00   5.0883228e+03   8.6982000e+04
   0.0000000e+00   0.0000000e+00   5.0883228e+03   9.0156000e+04
   0.0000000e+00   0.0000000e+00   5.0883228e+03   9.0350000e+04
   0.0000000e+00   0.0000000e+00   5.0883228e+03   9.0919000e+04
   0.0000000e+00   0.0000000e+00   5.0862325e+03   9.3134000e+04
   0.0000000e+00   0.0000000e+00   5.0862325e+03   9.3689000e+04
   0.0000000e+00   0.0000000e+00   5.0862325e+03   9.5054000e+04
   0.0000000e+00   0.0000000e+00   5.0862325e+03   9.5348000e+04
   0.0000000e+00   0.0000000e+00   5.0862325e+03   9.5989000e+04
   0.0000000e+00   0.0000000e+00   5.0862325e+03   9.6851000e+04
   0.0000000e+00   0.0000000e+00   5.0862325e+03   9.7359000e+04
   0.0000000e+00   0.0000000e+00   5.0862325e+03   9.7875000e+04
   0.0000000e+00   0.0000000e+00   5.0862325e+03   9.8011000e+04
   0.0000000e+00   0.0000000e+00   5.0862325e+03   9.8660000e+04
   0.0000000e+00   0.0000000e+00   5.0862325e+03   9.9089000e+04
   0.0000000e+00   0.0000000e+00   5.0840196e+03   9.9324000e+04
   0.0000000e+00   0.0000000e+00   5.0772643e+03   1.0007900e+05
   0.0000000e+00   0.0000000e+00   5.0761165e+03   1.0058000e+05
   0.0000000e+00   0.0000000e+00   5.0761165e+03   1.0103700e+05
   0.0000000e+00   0.0000000e+00   5.0740469e+03   1.0104800e+05
   0.0000000e+00   0.0000000e+00   5.0740469e+03   1.0183000e+05
   0.0000000e+00   0.0000000e+00   5.0740469e+03   1.0387500e+05
   0.0000000e+00   0.0000000e+00   5.0740469e+03   1.0416600e+05
   0.0000000e+00   0.0000000e+00   5.0740469e+03   1.0421500e+05
   0.0000000e+00   0.0000000e+00   5.0740469e+03   1.0448100e+05
   0.0000000e+00   0.0000000e+00   5.0740469e+03   1.0488300e+05
   0.0000000e+00   0.0000000e+00   5.0740469e+03   1.0557100e+05
   0.0000000e+00   0.0000000e+00   5.0740469e+03   1.0604200e+05
   0.0000000e+00   0.0000000e+00   5.0710112e+03   1.0615800e+05
   0.0000000e+00   0.0000000e+00   5.0710112e+03   1.0622200e+05
   0.0000000e+00   0.0000000e+00   5.0624040e+03   1.0626400e+05
   0.0000000e+00   0.0000000e+00   5.0624040e+03   1.0694300e+05
   0.0000000e+00   0.0000000e+00   5.0624040e+03   1.0755700e+05
   0.0000000e+00   0.0000000e+00   5.0624040e+03   1.0772800e+05
   0.0000000e+00   0.0000000e+00   5.0624040e+03   1.0775200e+05
   0.0000000e+00   0.0000000e+00   5.0624040e+03   1.0834000e+05
   0.0000000e+00   0.0000000e+00   5.0624040e+03   1.0882300e+05
   0.0000000e+00   0.0000000e+00   5.0624040e+03   1.0948400e+05
   0.0000000e+00   0.0000000e+00   5.0624040e+03   1.1020900e+05
   0.0000000e+00   0.0000000e+00   5.0575683e+03   1.1096500e+05
   0.0000000e+00   0.0000000e+00   5.0575683e+03   1.1151700e+05
   0.0000000e+00   0.0000000e+00   5.0575683e+03   1.1212300e+05
   0.0000000e+00   0.0000000e+00   5.0575683e+03   1.1342800e+05
   0.0000000e+00   0.0000000e+00   5.0575683e+03   1.1344500e+05
   0.0000000e+00   0.0000000e+00   5.0575683e+03   1.1352700e+05
   0.0000000e+00   0.0000000e+00   5.0575683e+03   1.1353700e+05
   0.0000000e+00   0.0000000e+00   5.0543989e+03   1.1431400e+05
   0.0000000e+00   0.0000000e+00   5.0495596e+03   1.1450100e+05
   0.0000000e+00   0.0000000e+00   5.0495596e+03   1.1450300e+05
   0.0000000e+00   0.0000000e+00   5.0495596e+03   1.1588800e+05
   0.0000000e+00   0.0000000e+00   5.0495596e+03   1.1598200e+05
   0.0000000e+00   0.0000000e+00   5.0492686e+03   1.1847100e+05
   0.0000000e+00   0.0000000e+00   5.0492686e+03   1.1952600e+05
   0.0000000e+00   0.0000000e+00   5.0492686e+03   1.1967700e+05
   0.0000000e+00   0.0000000e+00   5.0492686e+03   1.1989800e+05
   0.0000000e+00   0.0000000e+00   5.0492686e+03   1.2040500e+05
   0.0000000e+00   0.0000000e+00   5.0492686e+03   1.2071800e+05
   0.0000000e+00   0.0000000e+00   5.0492686e+03   1.2078900e+05
   0.0000000e+00   0.0000000e+00   5.0492686e+03   1.2147600e+05
   0.0000000e+00   0.0000000e+00   5.0492686e+03   1.2151900e+05
   0.0000000e+00   0.0000000e+00   5.0492686e+03   1.2157000e+05
   0.0000000e+00   0.0000000e+00   5.0492686e+03   1.2183500e+05
   0.0000000e+00   0.0000000e+00   5.0492686e+03   1.2185800e+05
   0.0000000e+00   0.0000000e+00   5.0492686e+03   1.2203800e+05
   0.0000000e+00   0.0000000e+00   5.0492686e+03   1.2371900e+05
   0.0000000e+00   0.0000000e+00   5.0492686e+03   1.2402600e+05
   0.0000000e+00   0.0000000e+00   5.0492686e+03   1.2416400e+05
   0.0000000e+00   0.0000000e+00   5.0492686e+03   1.2432700e+05
   0.0000000e+00   0.0000000e+00   5.0492686e+03   1.2577300e+05
   0.0000000e+00   0.0000000e+00   5.0492686e+03   1.2723500e+05
   0.0000000e+00   0.0000000e+00   5.0492686e+03   1.2787400e+05
   0.0000000e+00   0.0000000e+00   5.0492686e+03   1.2806800e+05
   0.0000000e+00   0.0000000e+00   5.0492686e+03   1.3150800e+05
   0.0000000e+00   0.0000000e+00   5.0492686e+03   1.3270300e+05
   0.0000000e+00   0.0000000e+00   5.0492686e+03   1.3286900e+05
   0.0000000e+00   0.0000000e+00   5.0492686e+03   1.3310800e+05
   0.0000000e+00   0.0000000e+00   5.0492686e+03   1.3504600e+05
   0.0000000e+00   0.0000000e+00   5.0492686e+03   1.3566700e+05
   0.0000000e+00   0.0000000e+00   5.0492686e+03   1.3764700e+05
   0.0000000e+00   0.0000000e+00   5.0492686e+03   1.3786900e+05
   0.0000000e+00   0.0000000e+00   5.0492686e+03   1.3888200e+05
   0.0000000e+00   0.0000000e+00   5.0492686e+03   1.3913900e+05
   0.0000000e+00   0.0000000e+00   5.0492686e+03   1.3922200e+05
   0.0000000e+00   0.0000000e+00   5.0492686e+03   1.3950400e+05
   0.0000000e+00   0.0000000e+00   5.0492686e+03   1.3956600e+05
   0.0000000e+00   0.0000000e+00   5.0492686e+03   1.4097700e+05
   0.0000000e+00   0.0000000e+00   5.0492686e+03   1.4107900e+05
   0.0000000e+00   0.0000000e+00   5.0492686e+03   1.4209000e+05
   0.0000000e+00   0.0000000e+00   5.0492686e+03   1.4258400e+05
   0.0000000e+00   0.0000000e+00   5.0492686e+03   1.4452200e+05
   0.0000000e+00   0.0000000e+00   5.0492686e+03   1.4599100e+05
   0.0000000e+00   0.0000000e+00   5.0492686e+03   1.4660100e+05
   0.0000000e+00   0.0000000e+00   5.0492686e+03   1.4986000e+05
   0.0000000e+00   0.0000000e+00   5.0492686e+03   1.5119400e+05
   0.0000000e+00   0.0000000e+00   5.0492686e+03   1.5249200e+05
   0.0000000e+00   0.0000000e+00   5.0492686e+03   1.5262000e+05
   0.0000000e+00   0.0000000e+00   5.0492686e+03   1.5293100e+05
   0.0000000e+00   0.0000000e+00   5.0492686e+03   1.5293500e+05
   0.0000000e+00   0.0000000e+00   5.0492686e+03   1.5367000e+05
   0.0000000e+00   0.0000000e+00   5.0492686e+03   1.5376100e+05
   0.0000000e+00   0.0000000e+00   5.0492686e+03   1.5400500e+05
   0.0000000e+00   0.0000000e+00   5.0492686e+03   1.5435400e+05
   0.0000000e+00   0.0000000e+00   5.0492686e+03   1.5452000e+05
   0.0000000e+00   0.0000000e+00   5.0492686e+03   1.5489900e+05
   0.0000000e+00   0.0000000e+00   5.0492686e+03   1.5637800e+05
   0.0000000e+00   0.0000000e+00   5.0492686e+03   1.5641400e+05
   0.0000000e+00   0.0000000e+00   5.0492686e+03   1.5777800e+05
   0.0000000e+00   0.0000000e+00   5.0492686e+03   1.5856100e+05
   0.0000000e+00   0.0000000e+00   5.0492686e+03   1.5874500e+05
   0.0000000e+00   0.0000000e+00   5.0492686e+03   1.5934600e+05
   0.0000000e+00   0.0000000e+00   5.0482186e+03   1.6101300e+05
   0.0000000e+00   0.0000000e+00   5.0482186e+03   1.6121300e+05
   0.0000000e+00   0.0000000e+00   5.0482186e+03   1.6219200e+05
   0.0000000e+00   0.0000000e+00   5.0482186e+03   1.6287300e+05
   0.0000000e+00   0.0000000e+00   5.0482186e+03   1.6326800e+05
   0.0000000e+00   0.0000000e+00   5.0431746e+03   1.6365100e+05
   0.0000000e+00   0.0000000e+00   5.0431746e+03   1.6377500e+05
   0.0000000e+00   0.0000000e+00   5.0431746e+03   1.6429600e+05
   0.0000000e+00   0.0000000e+00   5.0431746e+03   1.6543500e+05
   0.0000000e+00   0.0000000e+00   5.0431746e+03   1.6685700e+05
   0.0000000e+00   0.0000000e+00   5.0431746e+03   1.6750100e+05
   0.0000000e+00   0.0000000e+00   5.0431746e+03   1.6789900e+05
   0.0000000e+00   0.0000000e+00   5.0431746e+03   1.6967900e+05
   0.0000000e+00   0.0000000e+00   5.0431746e+03   1.6993200e+05
   0.0000000e+00   0.0000000e+00   5.0431746e+03   1.7030200e+05
   0.0000000e+00   0.0000000e+00   5.0431746e+03   1.7090400e+05
   0.0000000e+00   0.0000000e+00   5.0431746e+03   1.7091100e+05
   0.0000000e+00   0.0000000e+00   5.0431746e+03   1.7214300e+05
   0.0000000e+00   0.0000000e+00   5.0431746e+03   1.7346800e+05
   0.0000000e+00   0.0000000e+00   5.0387365e+03   1.7347800e+05
   0.0000000e+00   0.0000000e+00   5.0387365e+03   1.7458700e+05
   0.0000000e+00   0.0000000e+00   5.0387365e+03   1.7479500e+05
   0.0000000e+00   0.0000000e+00   5.0387365e+03   1.7560200e+05
   0.0000000e+00   0.0000000e+00   5.0387365e+03   1.7564500e+05
   0.0000000e+00   0.0000000e+00   5.0378695e+03   1.7624000e+05
   0.0000000e+00   0.0000000e+00   5.0378695e+03   1.7657300e+05
   0.0000000e+00   0.0000000e+00   5.0378695e+03   1.7657600e+05
   0.0000000e+00   0.0000000e+00   5.0378695e+03   1.7687000e+05
   0.0000000e+00   0.0000000e+00   5.0378695e+03   1.7690300e+05
   0.0000000e+00   0.0000000e+00   5.0378695e+03   1.7758000e+05
   0.0000000e+00   0.0000000e+00   5.0378695e+03   1.7762800e+05
   0.0000000e+00   0.0000000e+00   5.0378695e+03   1.7882300e+05
   0.0000000e+00   0.0000000e+00   5.0378695e+03   1.7931800e+05
   0.0000000e+00   0.0000000e+00   5.0341043e+03   1.8352300e+05
   0.0000000e+00   0.0000000e+00   5.0341043e+03   1.8559600e+05
   0.0000000e+00   0.0000000e+00   5.0312398e+03   1.8583300e+05
   0.0000000e+00   0.0000000e+00   5.0312398e+03   1.8592200e+05
   0.0000000e+00   0.0000000e+00   5.0312398e+03   1.8856600e+05
   0.0000000e+00   0.0000000e+00   5.0312398e+03   1.8869900e+05
   0.0000000e+00   0.0000000e+00   5.0312398e+03   1.8943000e+05
   0.0000000e+00   0.0000000e+00   5.0312398e+03   1.8965900e+05
   0.0000000e+00   0.0000000e+00   5.0312398e+03   1.8993200e+05
   0.0000000e+00   0.0000000e+00   5.0312398e+03   1.9036200e+05
   0.0000000e+00   0.0000000e+00   5.0312398e+03   1.9087300e+05
   0.0000000e+00   0.0000000e+00   5.0312398e+03   1.9192500e+05
   0.0000000e+00   0.0000000e+00   5.0312398e+03   1.9193800e+05
   0.0000000e+00   0.0000000e+00   5.0312398e+03   1.9421300e+05
   0.0000000e+00   0.0000000e+00   5.0312398e+03   1.9449100e+05
   0.0000000e+00   0.0000000e+00   5.0312398e+03   1.9525100e+05
   0.0000000e+00   0.0000000e+00   5.0312398e+03   1.9755000e+05
   0.0000000e+00   0.0000000e+00   5.0312398e+03   1.9855500e+05
   0.0000000e+00   0.0000000e+00   5.0312398e+03   1.9894000e+05
