   2.6679663e+02   1.1978182e+01   1.5398811e+04   2.0000000e+00
   2.6440423e+02   1.2194419e+01   1.5242424e+04   3.0000000e+00
   2.3739726e+02   1.1312711e+01   1.5002450e+04   4.0000000e+00
   2.3264669e+02   1.1164125e+01   1.5053548e+04   5.0000000e+00
   2.3229811e+02   1.1093226e+01   1.5134004e+04   6.0000000e+00
   2.3034597e+02   1.0287620e+01   1.5215090e+04   7.0000000e+00
   2.2564387e+02   9.7038682e+00   1.5264830e+04   8.0000000e+00
   2.1959315e+02   9.6660901e+00   1.5294216e+04   1.1000000e+01
   1.8778731e+02   6.4500757e+00   1.5483513e+04   1.3000000e+01
   1.7906105e+02   6.3866376e+00   1.5487321e+04   1.4000000e+01
   1.7230488e+02   5.4611122e+00   1.5499099e+04   1.5000000e+01
   1.7107897e+02   5.3438945e+00   1.5672735e+04   1.6000000e+01
   1.5322639e+02   5.1259710e+00   1.5640878e+04   1.7000000e+01
   1.5202266e+02   5.0760127e+00   1.5722541e+04   1.9000000e+01
   1.5145372e+02   5.0683411e+00   1.5906782e+04   2.0000000e+01
   1.5094578e+02   5.0123838e+00   1.6024558e+04   2.1000000e+01
   1.4901777e+02   4.5937910e+00   1.6349660e+04   2.2000000e+01
   1.4874640e+02   4.6579260e+00   1.6060342e+04   2.3000000e+01
   1.4859034e+02   4.5491659e+00   1.6038323e+04   2.4000000e+01
   1.4467167e+02   4.5510598e+00   1.6033082e+04   2.6000000e+01
   1.4373867e+02   4.2057019e+00   1.5963390e+04   2.8000000e+01
   1.4061658e+02   3.9801819e+00   1.6302029e+04   3.1000000e+01
   1.3985587e+02   3.6683944e+00   1.6679317e+04   3.4000000e+01
   1.3965792e+02   3.3058711e+00   1.6704445e+04   3.6000000e+01
   1.3778287e+02   2.9980856e+00   1.6752527e+04   3.9000000e+01
   1.3486819e+02   2.9262235e+00   1.6697111e+04   4.0000000e+01
   1.3236216e+02   2.7938046e+00   1.6720331e+04   4.1000000e+01
   1.2387129e+02   2.2351840e+00   1.6622070e+04   4.2000000e+01
   1.0693283e+02   1.3685611e+00   1.6655287e+04   4.3000000e+01
   1.0629199e+02   1.3601262e+00   1.6677656e+04   4.4000000e+01
   1.0599709e+02   1.3560652e+00   1.6913563e+04   4.5000000e+01
   1.0497150e+02   1.4610092e+00   1.6740997e+04   4.9000000e+01
   1.0324464e+02   1.4892441e+00   1.6707413e+04   5.1000000e+01
   8.7814451e+01   1.1388380e+00   1.6846041e+04   5.3000000e+01
   8.7171552e+01   1.0651228e+00   1.6841450e+04   5.4000000e+01
   8.6247393e+01   1.1148654e+00   1.6824681e+04   5.8000000e+01
   8.5157308e+01   1.1039488e+00   1.6725230e+04   6.1000000e+01
   8.1531362e+01   9.9279304e-01   1.6616182e+04   6.2000000e+01
   7.9327237e+01   7.4742100e-01   1.6924797e+04   6.3000000e+01
   7.8466620e+01   8.0622516e-01   1.6756646e+04   6.4000000e+01
   7.5354624e+01   6.6842368e-01   1.6632809e+04   6.7000000e+01
   7.5313028e+01   6.6637604e-01   1.6901504e+04   6.8000000e+01
   6.7813117e+01   5.7229772e-01   1.7006542e+04   6.9000000e+01
   6.7316697e+01   5.1172124e-01   1.7406094e+04   7.0000000e+01
   6.3457572e+01   4.9195695e-01   1.7324691e+04   7.3000000e+01
   6.2755564e+01   4.7833007e-01   1.7271392e+04   7.6000000e+01
   5.9997502e+01   4.8790589e-01   1.7309680e+04   7.7000000e+01
   5.9985129e+01   4.6769763e-01   1.7369802e+04   7.9000000e+01
   5.9237702e+01   5.6714039e-01   1.7231269e+04   8.0000000e+01
   5.8978973e+01   5.6782182e-01   1.7301258e+04   8.4000000e+01
   5.8205832e+01   5.8961095e-01   1.7083191e+04   8.6000000e+01
   5.7169465e+01   4.5747491e-01   1.7502896e+04   8.9000000e+01
   5.5149166e+01   3.6830814e-01   1.7417358e+04   9.1000000e+01
   4.4791648e+01   3.4697823e-02   1.7406563e+04   9.2000000e+01
   4.4727488e+01   3.7373787e-02   1.7273747e+04   9.4000000e+01
   4.4113102e+01   3.7561700e-02   1.7778226e+04   9.5000000e+01
   4.3857529e+01   6.3562703e-02   1.7589657e+04   9.7000000e+01
   4.3136754e+01   6.9197951e-02   1.7835014e+04   9.9000000e+01
   3.9003682e+01   3.5721357e-02   1.8102472e+04   1.0000000e+02
   3.8945695e+01   3.6268051e-02   1.8035039e+04   1.0100000e+02
   3.8872134e+01   3.4915826e-02   1.8144439e+04   1.0500000e+02
   3.7731925e+01   1.6401480e-02   1.8222248e+04   1.0700000e+02
   3.7617889e+01   1.8509023e-02   1.8199459e+04   1.0800000e+02
   3.6378650e+01   5.3015322e-03   1.8445758e+04   1.0900000e+02
   3.5712905e+01   6.3387383e-05   1.9030502e+04   1.1000000e+02
   3.5670920e+01   4.3006728e-04   1.8888159e+04   1.1100000e+02
   3.5620944e+01   5.3732734e-03   1.8798263e+04   1.1200000e+02
   3.5287099e+01   3.6706265e-03   1.8976296e+04   1.1500000e+02
   3.5211664e+01   5.0434392e-04   1.9383868e+04   1.1600000e+02
   2.6535022e+01   0.0000000e+00   1.9476771e+04   1.2100000e+02
   2.6404805e+01   0.0000000e+00   1.9455280e+04   1.2300000e+02
   2.2936022e+01   0.0000000e+00   1.9261933e+04   1.2700000e+02
   2.1689165e+01   0.0000000e+00   1.9267295e+04   1.2900000e+02
   2.1463734e+01   0.0000000e+00   1.9331145e+04   1.3000000e+02
   2.0553272e+01   0.0000000e+00   1.9400221e+04   1.3100000e+02
   2.0474152e+01   0.0000000e+00   1.9487584e+04   1.3300000e+02
   2.0340759e+01   0.0000000e+00   1.9832258e+04   1.3400000e+02
   1.9896201e+01   0.0000000e+00   2.0312908e+04   1.3500000e+02
   1.9759080e+01   0.0000000e+00   2.0315144e+04   1.3600000e+02
   1.9372368e+01   0.0000000e+00   2.0394854e+04   1.4100000e+02
   1.9301836e+01   0.0000000e+00   2.0135581e+04   1.4300000e+02
   1.9164616e+01   0.0000000e+00   2.0407172e+04   1.4700000e+02
   1.9144440e+01   0.0000000e+00   2.0277433e+04   1.5100000e+02
   1.8985731e+01   0.0000000e+00   2.0157006e+04   1.5300000e+02
   1.6889743e+01   0.0000000e+00   2.0372256e+04   1.5500000e+02
   1.6877806e+01   0.0000000e+00   2.0263463e+04   1.6300000e+02
   1.6851368e+01   0.0000000e+00   2.0136848e+04   1.6400000e+02
   1.6836838e+01   0.0000000e+00   2.0042786e+04   1.6500000e+02
   1.6506865e+01   0.0000000e+00   2.0256432e+04   1.7100000e+02
   1.6052257e+01   0.0000000e+00   2.0205235e+04   1.7200000e+02
   1.4845245e+01   0.0000000e+00   1.9935023e+04   1.7300000e+02
   1.4585110e+01   0.0000000e+00   2.0088581e+04   1.7600000e+02
   1.2328730e+01   0.0000000e+00   2.0265374e+04   1.8100000e+02
   1.2265211e+01   0.0000000e+00   2.0250959e+04   1.8300000e+02
   1.1444270e+01   0.0000000e+00   1.9957318e+04   1.8600000e+02
   1.1420731e+01   0.0000000e+00   1.9821751e+04   1.9200000e+02
   1.0955427e+01   0.0000000e+00   1.9670942e+04   1.9300000e+02
   1.0910093e+01   0.0000000e+00   1.9830015e+04   2.0000000e+02
   1.0196477e+01   0.0000000e+00   1.9624005e+04   2.0100000e+02
   9.9892093e+00   0.0000000e+00   1.9597056e+04   2.0400000e+02
   9.9544262e+00   0.0000000e+00   1.9640570e+04   2.0800000e+02
   5.6995531e+00   0.0000000e+00   1.9797478e+04   2.1000000e+02
   5.4395301e+00   0.0000000e+00   2.0072092e+04   2.1500000e+02
   5.3931940e+00   0.0000000e+00   2.0152033e+04   2.2000000e+02
   5.2926512e+00   0.0000000e+00   2.0228747e+04   2.2200000e+02
   5.2600944e+00   0.0000000e+00   2.0510128e+04   2.2300000e+02
   3.9623744e+00   0.0000000e+00   2.0796984e+04   2.2600000e+02
   3.9013919e+00   0.0000000e+00   2.0724361e+04   2.3100000e+02
   3.1773789e+00   0.0000000e+00   2.0666643e+04   2.3300000e+02
   3.1741699e+00   0.0000000e+00   2.0598052e+04   2.3500000e+02
   2.8334610e+00   0.0000000e+00   2.0982753e+04   2.3600000e+02
   1.9500455e+00   0.0000000e+00   2.0953053e+04   2.3900000e+02
   1.8863600e+00   0.0000000e+00   2.1053624e+04   2.4500000e+02
   1.7016846e+00   0.0000000e+00   2.1192295e+04   2.4600000e+02
   1.6704111e+00   0.0000000e+00   2.1422809e+04   2.5300000e+02
   1.6434216e+00   0.0000000e+00   2.1380509e+04   2.5400000e+02
   1.6414256e+00   0.0000000e+00   2.1205038e+04   2.5600000e+02
   1.6400672e+00   0.0000000e+00   2.1336860e+04   2.5800000e+02
   1.6296598e+00   0.0000000e+00   2.1339543e+04   2.6000000e+02
   1.6208106e+00   0.0000000e+00   2.1278935e+04   2.6100000e+02
   1.5838589e+00   0.0000000e+00   2.1408795e+04   2.6400000e+02
   1.4574562e+00   0.0000000e+00   2.1419509e+04   2.6800000e+02
   1.4184303e+00   0.0000000e+00   2.1541159e+04   2.7300000e+02
   1.4078798e+00   0.0000000e+00   2.1615591e+04   2.8000000e+02
   1.3870223e+00   0.0000000e+00   2.1625260e+04   2.8100000e+02
   1.3684036e+00   0.0000000e+00   2.1444660e+04   2.8600000e+02
   1.3586254e+00   0.0000000e+00   2.1801384e+04   2.8700000e+02
   1.3525116e+00   0.0000000e+00   2.2005821e+04   2.9100000e+02
   8.6314459e-01   0.0000000e+00   2.1783154e+04   2.9300000e+02
   8.6182993e-01   0.0000000e+00   2.1780796e+04   2.9600000e+02
   8.5815768e-01   0.0000000e+00   2.1614460e+04   2.9900000e+02
   8.4962885e-01   0.0000000e+00   2.1367046e+04   3.0300000e+02
   8.3817907e-01   0.0000000e+00   2.1131600e+04   3.0400000e+02
   8.3745234e-01   0.0000000e+00   2.1035861e+04   3.0600000e+02
   8.2916462e-01   0.0000000e+00   2.1494393e+04   3.0900000e+02
   8.2743189e-01   0.0000000e+00   2.1451220e+04   3.1100000e+02
   8.2196023e-01   0.0000000e+00   2.1413658e+04   3.1400000e+02
   8.2117925e-01   0.0000000e+00   2.1272222e+04   3.1500000e+02
   8.2005361e-01   0.0000000e+00   2.1335977e+04   3.1600000e+02
   7.9292440e-01   0.0000000e+00   2.1036498e+04   3.2300000e+02
   7.9032434e-01   0.0000000e+00   2.0988463e+04   3.2500000e+02
   7.8466791e-01   0.0000000e+00   2.0875055e+04   3.2700000e+02
   7.4998831e-01   0.0000000e+00   2.0816432e+04   3.3600000e+02
   7.4998278e-01   0.0000000e+00   2.0789165e+04   3.3700000e+02
   7.4215173e-01   0.0000000e+00   2.1002672e+04   3.4400000e+02
   7.3174037e-01   0.0000000e+00   2.0980726e+04   3.4700000e+02
   7.3091119e-01   0.0000000e+00   2.1436785e+04   3.4800000e+02
   7.2060952e-01   0.0000000e+00   2.1361651e+04   3.5100000e+02
   7.2017661e-01   0.0000000e+00   2.1401972e+04   3.5600000e+02
   7.1926336e-01   0.0000000e+00   2.1191827e+04   3.6200000e+02
   7.1812903e-01   0.0000000e+00   2.1094017e+04   3.6800000e+02
   7.0581127e-01   0.0000000e+00   2.0943192e+04   3.7800000e+02
   6.9261189e-01   0.0000000e+00   2.0907477e+04   3.8000000e+02
   6.1154396e-01   0.0000000e+00   2.0964601e+04   3.8200000e+02
   6.1018922e-01   0.0000000e+00   2.0945838e+04   3.9000000e+02
   6.0539935e-01   0.0000000e+00   2.0774953e+04   3.9800000e+02
   6.0391878e-01   0.0000000e+00   2.0651425e+04   4.0500000e+02
   6.0193312e-01   0.0000000e+00   2.0934844e+04   4.1400000e+02
   5.9555453e-01   0.0000000e+00   2.1541187e+04   4.1800000e+02
   5.9176367e-01   0.0000000e+00   2.1782467e+04   4.2000000e+02
   5.9050178e-01   0.0000000e+00   2.1629729e+04   4.2100000e+02
   5.8963073e-01   0.0000000e+00   2.1464221e+04   4.2800000e+02
   5.8870457e-01   0.0000000e+00   2.1411921e+04   4.3200000e+02
   5.7389750e-01   0.0000000e+00   2.1516275e+04   4.3800000e+02
   5.6603795e-01   0.0000000e+00   2.1711976e+04   4.4200000e+02
   5.6594012e-01   0.0000000e+00   2.1863946e+04   4.4900000e+02
   5.4930567e-01   0.0000000e+00   2.1784882e+04   4.6000000e+02
   5.4891634e-01   0.0000000e+00   2.1931693e+04   4.7500000e+02
   5.4736812e-01   0.0000000e+00   2.1862109e+04   4.7600000e+02
   5.1577778e-01   0.0000000e+00   2.2048710e+04   4.8200000e+02
   5.0762325e-01   0.0000000e+00   2.1702588e+04   4.8300000e+02
   4.9950921e-01   0.0000000e+00   2.1643782e+04   4.8600000e+02
   4.9243458e-01   0.0000000e+00   2.2005323e+04   4.9500000e+02
   4.9225090e-01   0.0000000e+00   2.2059924e+04   4.9700000e+02
   4.9133768e-01   0.0000000e+00   2.2068466e+04   5.0300000e+02
   4.8905327e-01   0.0000000e+00   2.2006611e+04   5.0600000e+02
   4.7665180e-01   0.0000000e+00   2.2342967e+04   5.1100000e+02
   4.7622291e-01   0.0000000e+00   2.2089451e+04   5.1500000e+02
   4.5569830e-01   0.0000000e+00   2.1776858e+04   5.1600000e+02
   4.4621145e-01   0.0000000e+00   2.2083350e+04   5.1700000e+02
   4.4548433e-01   0.0000000e+00   2.2184985e+04   5.2100000e+02
   4.3569042e-01   0.0000000e+00   2.2092570e+04   5.4700000e+02
   4.3534840e-01   0.0000000e+00   2.2108895e+04   5.5100000e+02
   4.3534810e-01   0.0000000e+00   2.2102655e+04   5.5700000e+02
   4.2943578e-01   0.0000000e+00   2.2216287e+04   5.6100000e+02
   4.2858810e-01   0.0000000e+00   2.1958568e+04   5.6200000e+02
   4.2806102e-01   0.0000000e+00   2.2271290e+04   5.6700000e+02
   4.2316483e-01   0.0000000e+00   2.2523696e+04   5.7600000e+02
   4.0984011e-01   0.0000000e+00   2.2939398e+04   5.8200000e+02
   4.0928873e-01   0.0000000e+00   2.3296402e+04   5.8500000e+02
   4.0876694e-01   0.0000000e+00   2.3186166e+04   5.9300000e+02
   4.0838730e-01   0.0000000e+00   2.3185078e+04   6.0100000e+02
   4.0796525e-01   0.0000000e+00   2.2984840e+04   6.1600000e+02
   4.0253549e-01   0.0000000e+00   2.2479211e+04   6.2200000e+02
   0.0000000e+00   0.0000000e+00   2.2545549e+04   6.2800000e+02
   0.0000000e+00   0.0000000e+00   2.2522625e+04   6.3000000e+02
   0.0000000e+00   0.0000000e+00   2.2481574e+04   6.3300000e+02
   0.0000000e+00   0.0000000e+00   2.2237447e+04   6.3500000e+02
   0.0000000e+00   0.0000000e+00   2.2088923e+04   6.4000000e+02
   0.0000000e+00   0.0000000e+00   2.1903142e+04   6.4300000e+02
   0.0000000e+00   0.0000000e+00   2.1704050e+04   6.7400000e+02
   0.0000000e+00   0.0000000e+00   2.1542896e+04   6.7700000e+02
   0.0000000e+00   0.0000000e+00   2.1376789e+04   6.7900000e+02
   0.0000000e+00   0.0000000e+00   2.1001064e+04   6.8100000e+02
   0.0000000e+00   0.0000000e+00   2.0821444e+04   6.8600000e+02
   0.0000000e+00   0.0000000e+00   2.0796333e+04   6.8900000e+02
   0.0000000e+00   0.0000000e+00   2.0729973e+04   6.9100000e+02
   0.0000000e+00   0.0000000e+00   2.0415529e+04   6.9200000e+02
   0.0000000e+00   0.0000000e+00   2.0350566e+04   6.9700000e+02
   0.0000000e+00   0.0000000e+00   2.0301632e+04   6.9900000e+02
   0.0000000e+00   0.0000000e+00   2.0113955e+04   7.0300000e+02
   0.0000000e+00   0.0000000e+00   2.0031299e+04   7.0500000e+02
   0.0000000e+00   0.0000000e+00   1.9968998e+04   7.0900000e+02
   0.0000000e+00   0.0000000e+00   1.9945211e+04   7.1000000e+02
   0.0000000e+00   0.0000000e+00   1.9707069e+04   7.1500000e+02
   0.0000000e+00   0.0000000e+00   1.9658821e+04   7.2500000e+02
   0.0000000e+00   0.0000000e+00   1.9462562e+04   7.2700000e+02
   0.0000000e+00   0.0000000e+00   1.9242229e+04   7.2900000e+02
   0.0000000e+00   0.0000000e+00   1.9193858e+04   7.3000000e+02
   0.0000000e+00   0.0000000e+00   1.9178825e+04   7.3200000e+02
   0.0000000e+00   0.0000000e+00   1.9043017e+04   7.4000000e+02
   0.0000000e+00   0.0000000e+00   1.9020105e+04   7.4600000e+02
   0.0000000e+00   0.0000000e+00   1.8970882e+04   7.4900000e+02
   0.0000000e+00   0.0000000e+00   1.8904177e+04   7.5100000e+02
   0.0000000e+00   0.0000000e+00   1.8876781e+04   7.5500000e+02
   0.0000000e+00   0.0000000e+00   1.8835137e+04   7.5800000e+02
   0.0000000e+00   0.0000000e+00   1.8763592e+04   7.6100000e+02
   0.0000000e+00   0.0000000e+00   1.8551162e+04   7.6600000e+02
   0.0000000e+00   0.0000000e+00   1.8502606e+04   7.7300000e+02
   0.0000000e+00   0.0000000e+00   1.8425513e+04   7.7700000e+02
   0.0000000e+00   0.0000000e+00   1.8284944e+04   7.9200000e+02
   0.0000000e+00   0.0000000e+00   1.8203308e+04   7.9500000e+02
   0.0000000e+00   0.0000000e+00   1.8169481e+04   8.0600000e+02
   0.0000000e+00   0.0000000e+00   1.8104952e+04   8.0700000e+02
   0.0000000e+00   0.0000000e+00   1.8017496e+04   8.1300000e+02
   0.0000000e+00   0.0000000e+00   1.7875145e+04   8.1600000e+02
   0.0000000e+00   0.0000000e+00   1.7804739e+04   8.2400000e+02
   0.0000000e+00   0.0000000e+00   1.7798006e+04   8.3600000e+02
   0.0000000e+00   0.0000000e+00   1.7622119e+04   8.5000000e+02
   0.0000000e+00   0.0000000e+00   1.7509707e+04   8.8300000e+02
   0.0000000e+00   0.0000000e+00   1.7418631e+04   8.9300000e+02
   0.0000000e+00   0.0000000e+00   1.7410810e+04   9.1300000e+02
   0.0000000e+00   0.0000000e+00   1.7391177e+04   9.2000000e+02
   0.0000000e+00   0.0000000e+00   1.7264679e+04   9.2300000e+02
   0.0000000e+00   0.0000000e+00   1.7182214e+04   9.2800000e+02
   0.0000000e+00   0.0000000e+00   1.7177355e+04   9.3000000e+02
   0.0000000e+00   0.0000000e+00   1.7061925e+04   9.3500000e+02
   0.0000000e+00   0.0000000e+00   1.6969197e+04   9.3600000e+02
   0.0000000e+00   0.0000000e+00   1.6824714e+04   9.3800000e+02
   0.0000000e+00   0.0000000e+00   1.6583584e+04   9.4100000e+02
   0.0000000e+00   0.0000000e+00   1.6542837e+04   9.4200000e+02
   0.0000000e+00   0.0000000e+00   1.6526382e+04   9.4800000e+02
   0.0000000e+00   0.0000000e+00   1.6450800e+04   9.5500000e+02
   0.0000000e+00   0.0000000e+00   1.6390466e+04   9.5800000e+02
   0.0000000e+00   0.0000000e+00   1.6379236e+04   9.6100000e+02
   0.0000000e+00   0.0000000e+00   1.6240099e+04   9.6700000e+02
   0.0000000e+00   0.0000000e+00   1.6211639e+04   9.7000000e+02
   0.0000000e+00   0.0000000e+00   1.6189379e+04   9.8100000e+02
   0.0000000e+00   0.0000000e+00   1.6140914e+04   9.8800000e+02
   0.0000000e+00   0.0000000e+00   1.6017064e+04   9.9400000e+02
   0.0000000e+00   0.0000000e+00   1.5936536e+04   9.9800000e+02
   0.0000000e+00   0.0000000e+00   1.5718089e+04   1.0020000e+03
   0.0000000e+00   0.0000000e+00   1.5473976e+04   1.0030000e+03
   0.0000000e+00   0.0000000e+00   1.5455029e+04   1.0150000e+03
   0.0000000e+00   0.0000000e+00   1.5313492e+04   1.0210000e+03
   0.0000000e+00   0.0000000e+00   1.5139944e+04   1.0360000e+03
   0.0000000e+00   0.0000000e+00   1.5113269e+04   1.0380000e+03
   0.0000000e+00   0.0000000e+00   1.5080876e+04   1.0470000e+03
   0.0000000e+00   0.0000000e+00   1.5058586e+04   1.0530000e+03
   0.0000000e+00   0.0000000e+00   1.4974785e+04   1.0560000e+03
   0.0000000e+00   0.0000000e+00   1.4922028e+04   1.0580000e+03
   0.0000000e+00   0.0000000e+00   1.4810832e+04   1.0660000e+03
   0.0000000e+00   0.0000000e+00   1.4794936e+04   1.0730000e+03
   0.0000000e+00   0.0000000e+00   1.4764794e+04   1.0760000e+03
   0.0000000e+00   0.0000000e+00   1.4597820e+04   1.0770000e+03
   0.0000000e+00   0.0000000e+00   1.4574645e+04   1.0830000e+03
   0.0000000e+00   0.0000000e+00   1.4497111e+04   1.0950000e+03
   0.0000000e+00   0.0000000e+00   1.4428624e+04   1.0980000e+03
   0.0000000e+00   0.0000000e+00   1.4354572e+04   1.1090000e+03
   0.0000000e+00   0.0000000e+00   1.4169633e+04   1.1110000e+03
   0.0000000e+00   0.0000000e+00   1.4096338e+04   1.1130000e+03
   0.0000000e+00   0.0000000e+00   1.3954174e+04   1.1200000e+03
   0.0000000e+00   0.0000000e+00   1.3851464e+04   1.1210000e+03
   0.0000000e+00   0.0000000e+00   1.3809209e+04   1.1290000e+03
   0.0000000e+00   0.0000000e+00   1.3745069e+04   1.1430000e+03
   0.0000000e+00   0.0000000e+00   1.3515475e+04   1.1450000e+03
   0.0000000e+00   0.0000000e+00   1.3410442e+04   1.1500000e+03
   0.0000000e+00   0.0000000e+00   1.3315224e+04   1.1650000e+03
   0.0000000e+00   0.0000000e+00   1.3291414e+04   1.1660000e+03
   0.0000000e+00   0.0000000e+00   1.3222134e+04   1.1690000e+03
   0.0000000e+00   0.0000000e+00   1.3202717e+04   1.1800000e+03
   0.0000000e+00   0.0000000e+00   1.3181403e+04   1.1840000e+03
   0.0000000e+00   0.0000000e+00   1.3078090e+04   1.2010000e+03
   0.0000000e+00   0.0000000e+00   1.3062354e+04   1.2160000e+03
   0.0000000e+00   0.0000000e+00   1.3051758e+04   1.2220000e+03
   0.0000000e+00   0.0000000e+00   1.3044347e+04   1.2230000e+03
   0.0000000e+00   0.0000000e+00   1.3003361e+04   1.2290000e+03
   0.0000000e+00   0.0000000e+00   1.2939799e+04   1.2310000e+03
   0.0000000e+00   0.0000000e+00   1.2896248e+04   1.2390000e+03
   0.0000000e+00   0.0000000e+00   1.2871722e+04   1.2430000e+03
   0.0000000e+00   0.0000000e+00   1.2779992e+04   1.2450000e+03
   0.0000000e+00   0.0000000e+00   1.2689766e+04   1.2500000e+03
   0.0000000e+00   0.0000000e+00   1.2583845e+04   1.2540000e+03
   0.0000000e+00   0.0000000e+00   1.2548599e+04   1.2560000e+03
   0.0000000e+00   0.0000000e+00   1.2520951e+04   1.2850000e+03
   0.0000000e+00   0.0000000e+00   1.2490810e+04   1.2960000e+03
   0.0000000e+00   0.0000000e+00   1.2460487e+04   1.3000000e+03
   0.0000000e+00   0.0000000e+00   1.2418688e+04   1.3100000e+03
   0.0000000e+00   0.0000000e+00   1.2392322e+04   1.3160000e+03
   0.0000000e+00   0.0000000e+00   1.2372666e+04   1.3190000e+03
   0.0000000e+00   0.0000000e+00   1.2273443e+04   1.3220000e+03
   0.0000000e+00   0.0000000e+00   1.2184574e+04   1.3330000e+03
   0.0000000e+00   0.0000000e+00   1.2071266e+04   1.3350000e+03
   0.0000000e+00   0.0000000e+00   1.2044760e+04   1.3380000e+03
   0.0000000e+00   0.0000000e+00   1.2032893e+04   1.3410000e+03
   0.0000000e+00   0.0000000e+00   1.1982463e+04   1.3470000e+03
   0.0000000e+00   0.0000000e+00   1.1963813e+04   1.3540000e+03
   0.0000000e+00   0.0000000e+00   1.1959210e+04   1.3560000e+03
   0.0000000e+00   0.0000000e+00   1.1951051e+04   1.3640000e+03
   0.0000000e+00   0.0000000e+00   1.1926191e+04   1.3710000e+03
   0.0000000e+00   0.0000000e+00   1.1736819e+04   1.3740000e+03
   0.0000000e+00   0.0000000e+00   1.1694116e+04   1.3850000e+03
   0.0000000e+00   0.0000000e+00   1.1693198e+04   1.3860000e+03
   0.0000000e+00   0.0000000e+00   1.1605904e+04   1.3880000e+03
   0.0000000e+00   0.0000000e+00   1.1574275e+04   1.4050000e+03
   0.0000000e+00   0.0000000e+00   1.1533759e+04   1.4060000e+03
   0.0000000e+00   0.0000000e+00   1.1461926e+04   1.4080000e+03
   0.0000000e+00   0.0000000e+00   1.1447857e+04   1.4110000e+03
   0.0000000e+00   0.0000000e+00   1.1401195e+04   1.4120000e+03
   0.0000000e+00   0.0000000e+00   1.1339263e+04   1.4200000e+03
   0.0000000e+00   0.0000000e+00   1.1325250e+04   1.4220000e+03
   0.0000000e+00   0.0000000e+00   1.1269764e+04   1.4260000e+03
   0.0000000e+00   0.0000000e+00   1.1214364e+04   1.4270000e+03
   0.0000000e+00   0.0000000e+00   1.1167980e+04   1.4330000e+03
   0.0000000e+00   0.0000000e+00   1.1112409e+04   1.4390000e+03
   0.0000000e+00   0.0000000e+00   1.1107306e+04   1.4470000e+03
   0.0000000e+00   0.0000000e+00   1.1105208e+04   1.4540000e+03
   0.0000000e+00   0.0000000e+00   1.1057480e+04   1.4650000e+03
   0.0000000e+00   0.0000000e+00   1.1013583e+04   1.4780000e+03
   0.0000000e+00   0.0000000e+00   1.1010643e+04   1.5120000e+03
   0.0000000e+00   0.0000000e+00   1.0962105e+04   1.5340000e+03
   0.0000000e+00   0.0000000e+00   1.0903429e+04   1.5520000e+03
   0.0000000e+00   0.0000000e+00   1.0781595e+04   1.5610000e+03
   0.0000000e+00   0.0000000e+00   1.0742029e+04   1.5760000e+03
   0.0000000e+00   0.0000000e+00   1.0722785e+04   1.5820000e+03
   0.0000000e+00   0.0000000e+00   1.0704894e+04   1.5840000e+03
   0.0000000e+00   0.0000000e+00   1.0687283e+04   1.5850000e+03
   0.0000000e+00   0.0000000e+00   1.0647738e+04   1.5960000e+03
   0.0000000e+00   0.0000000e+00   1.0617671e+04   1.6010000e+03
   0.0000000e+00   0.0000000e+00   1.0600320e+04   1.6020000e+03
   0.0000000e+00   0.0000000e+00   1.0564327e+04   1.6280000e+03
   0.0000000e+00   0.0000000e+00   1.0531579e+04   1.6290000e+03
   0.0000000e+00   0.0000000e+00   1.0497698e+04   1.6300000e+03
   0.0000000e+00   0.0000000e+00   1.0486975e+04   1.6310000e+03
   0.0000000e+00   0.0000000e+00   1.0348908e+04   1.6320000e+03
   0.0000000e+00   0.0000000e+00   1.0330749e+04   1.6480000e+03
   0.0000000e+00   0.0000000e+00   1.0090636e+04   1.6490000e+03
   0.0000000e+00   0.0000000e+00   1.0075338e+04   1.6590000e+03
   0.0000000e+00   0.0000000e+00   9.8529757e+03   1.6600000e+03
   0.0000000e+00   0.0000000e+00   9.8446341e+03   1.6880000e+03
   0.0000000e+00   0.0000000e+00   9.8301204e+03   1.6950000e+03
   0.0000000e+00   0.0000000e+00   9.8065818e+03   1.7010000e+03
   0.0000000e+00   0.0000000e+00   9.7963941e+03   1.7020000e+03
   0.0000000e+00   0.0000000e+00   9.7642426e+03   1.7060000e+03
   0.0000000e+00   0.0000000e+00   9.7290322e+03   1.7250000e+03
   0.0000000e+00   0.0000000e+00   9.7180552e+03   1.7350000e+03
   0.0000000e+00   0.0000000e+00   9.7132020e+03   1.7390000e+03
   0.0000000e+00   0.0000000e+00   9.6943405e+03   1.7710000e+03
   0.0000000e+00   0.0000000e+00   9.6642352e+03   1.7770000e+03
   0.0000000e+00   0.0000000e+00   9.5649419e+03   1.7780000e+03
   0.0000000e+00   0.0000000e+00   9.4179769e+03   1.7840000e+03
   0.0000000e+00   0.0000000e+00   9.4167866e+03   1.7940000e+03
   0.0000000e+00   0.0000000e+00   9.4108404e+03   1.8500000e+03
   0.0000000e+00   0.0000000e+00   9.3628863e+03   1.8530000e+03
   0.0000000e+00   0.0000000e+00   9.3564346e+03   1.8600000e+03
   0.0000000e+00   0.0000000e+00   9.3507559e+03   1.8640000e+03
   0.0000000e+00   0.0000000e+00   9.3029218e+03   1.8660000e+03
   0.0000000e+00   0.0000000e+00   9.2838509e+03   1.8680000e+03
   0.0000000e+00   0.0000000e+00   9.2569829e+03   1.8740000e+03
   0.0000000e+00   0.0000000e+00   9.2408637e+03   1.8750000e+03
   0.0000000e+00   0.0000000e+00   9.2336988e+03   1.8840000e+03
   0.0000000e+00   0.0000000e+00   9.1965649e+03   1.8870000e+03
   0.0000000e+00   0.0000000e+00   9.1412886e+03   1.8890000e+03
   0.0000000e+00   0.0000000e+00   9.1044880e+03   1.8910000e+03
   0.0000000e+00   0.0000000e+00   8.9626051e+03   1.9090000e+03
   0.0000000e+00   0.0000000e+00   8.9368196e+03   1.9210000e+03
   0.0000000e+00   0.0000000e+00   8.9038341e+03   1.9310000e+03
   0.0000000e+00   0.0000000e+00   8.8529267e+03   1.9750000e+03
   0.0000000e+00   0.0000000e+00   8.8439687e+03   1.9980000e+03
   0.0000000e+00   0.0000000e+00   8.8230148e+03   2.0000000e+03
   0.0000000e+00   0.0000000e+00   8.7700698e+03   2.0030000e+03
   0.0000000e+00   0.0000000e+00   8.5977860e+03   2.0150000e+03
   0.0000000e+00   0.0000000e+00   8.5734451e+03   2.0240000e+03
   0.0000000e+00   0.0000000e+00   8.5700545e+03   2.0730000e+03
   0.0000000e+00   0.0000000e+00   8.5559715e+03   2.0940000e+03
   0.0000000e+00   0.0000000e+00   8.5542616e+03   2.0950000e+03
   0.0000000e+00   0.0000000e+00   8.5327576e+03   2.1000000e+03
   0.0000000e+00   0.0000000e+00   8.4982816e+03   2.1340000e+03
   0.0000000e+00   0.0000000e+00   8.4933651e+03   2.1450000e+03
   0.0000000e+00   0.0000000e+00   8.4797418e+03   2.1580000e+03
   0.0000000e+00   0.0000000e+00   8.4493373e+03   2.2160000e+03
   0.0000000e+00   0.0000000e+00   8.4148509e+03   2.2500000e+03
   0.0000000e+00   0.0000000e+00   8.4058804e+03   2.2610000e+03
   0.0000000e+00   0.0000000e+00   8.3789967e+03   2.3280000e+03
   0.0000000e+00   0.0000000e+00   8.3669794e+03   2.3570000e+03
   0.0000000e+00   0.0000000e+00   8.3499063e+03   2.3860000e+03
   0.0000000e+00   0.0000000e+00   8.3464763e+03   2.4380000e+03
   0.0000000e+00   0.0000000e+00   8.3287829e+03   2.4430000e+03
   0.0000000e+00   0.0000000e+00   8.3287798e+03   2.4650000e+03
   0.0000000e+00   0.0000000e+00   8.3087667e+03   2.4710000e+03
   0.0000000e+00   0.0000000e+00   8.2777860e+03   2.5200000e+03
   0.0000000e+00   0.0000000e+00   8.2732511e+03   2.5210000e+03
   0.0000000e+00   0.0000000e+00   8.2723334e+03   2.5250000e+03
   0.0000000e+00   0.0000000e+00   8.1867638e+03   2.5370000e+03
   0.0000000e+00   0.0000000e+00   8.1449498e+03   2.5480000e+03
   0.0000000e+00   0.0000000e+00   8.1391971e+03   2.5780000e+03
   0.0000000e+00   0.0000000e+00   8.1168972e+03   2.5830000e+03
   0.0000000e+00   0.0000000e+00   8.0985652e+03   2.6010000e+03
   0.0000000e+00   0.0000000e+00   8.0912482e+03   2.6140000e+03
   0.0000000e+00   0.0000000e+00   8.0799197e+03   2.6350000e+03
   0.0000000e+00   0.0000000e+00   8.0343570e+03   2.6430000e+03
   0.0000000e+00   0.0000000e+00   8.0222857e+03   2.6470000e+03
   0.0000000e+00   0.0000000e+00   8.0182028e+03   2.6740000e+03
   0.0000000e+00   0.0000000e+00   7.9896291e+03   2.6790000e+03
   0.0000000e+00   0.0000000e+00   7.9819452e+03   2.6880000e+03
   0.0000000e+00   0.0000000e+00   7.9628659e+03   2.7160000e+03
   0.0000000e+00   0.0000000e+00   7.9567602e+03   2.7360000e+03
   0.0000000e+00   0.0000000e+00   7.9510100e+03   2.7510000e+03
   0.0000000e+00   0.0000000e+00   7.9472120e+03   2.7580000e+03
   0.0000000e+00   0.0000000e+00   7.8624416e+03   2.7770000e+03
   0.0000000e+00   0.0000000e+00   7.8379564e+03   2.7940000e+03
   0.0000000e+00   0.0000000e+00   7.8320301e+03   2.8050000e+03
   0.0000000e+00   0.0000000e+00   7.8173298e+03   2.8100000e+03
   0.0000000e+00   0.0000000e+00   7.8170274e+03   2.8520000e+03
   0.0000000e+00   0.0000000e+00   7.7921071e+03   2.8930000e+03
   0.0000000e+00   0.0000000e+00   7.7774742e+03   2.9260000e+03
   0.0000000e+00   0.0000000e+00   7.7424802e+03   2.9310000e+03
   0.0000000e+00   0.0000000e+00   7.7385374e+03   2.9410000e+03
   0.0000000e+00   0.0000000e+00   7.7265712e+03   2.9570000e+03
   0.0000000e+00   0.0000000e+00   7.7028253e+03   2.9640000e+03
   0.0000000e+00   0.0000000e+00   7.6964293e+03   2.9810000e+03
   0.0000000e+00   0.0000000e+00   7.6956296e+03   3.0450000e+03
   0.0000000e+00   0.0000000e+00   7.6833195e+03   3.0510000e+03
   0.0000000e+00   0.0000000e+00   7.6620230e+03   3.0680000e+03
   0.0000000e+00   0.0000000e+00   7.6557225e+03   3.0950000e+03
   0.0000000e+00   0.0000000e+00   7.6281578e+03   3.1180000e+03
   0.0000000e+00   0.0000000e+00   7.6214904e+03   3.1510000e+03
   0.0000000e+00   0.0000000e+00   7.6094795e+03   3.2080000e+03
   0.0000000e+00   0.0000000e+00   7.5948539e+03   3.2090000e+03
   0.0000000e+00   0.0000000e+00   7.5860974e+03   3.2100000e+03
   0.0000000e+00   0.0000000e+00   7.5793341e+03   3.2200000e+03
   0.0000000e+00   0.0000000e+00   7.5624078e+03   3.2250000e+03
   0.0000000e+00   0.0000000e+00   7.5346883e+03   3.2460000e+03
   0.0000000e+00   0.0000000e+00   7.4537131e+03   3.2470000e+03
   0.0000000e+00   0.0000000e+00   7.4366311e+03   3.3080000e+03
   0.0000000e+00   0.0000000e+00   7.4243691e+03   3.3090000e+03
   0.0000000e+00   0.0000000e+00   7.4068080e+03   3.3240000e+03
   0.0000000e+00   0.0000000e+00   7.3902015e+03   3.3300000e+03
   0.0000000e+00   0.0000000e+00   7.3629748e+03   3.4400000e+03
   0.0000000e+00   0.0000000e+00   7.3552043e+03   3.4910000e+03
   0.0000000e+00   0.0000000e+00   7.3438137e+03   3.5660000e+03
   0.0000000e+00   0.0000000e+00   7.3274852e+03   3.6260000e+03
   0.0000000e+00   0.0000000e+00   7.3219386e+03   3.6370000e+03
   0.0000000e+00   0.0000000e+00   7.3178332e+03   3.6670000e+03
   0.0000000e+00   0.0000000e+00   7.3139805e+03   3.7200000e+03
   0.0000000e+00   0.0000000e+00   7.2936742e+03   3.7230000e+03
   0.0000000e+00   0.0000000e+00   7.2802081e+03   3.7420000e+03
   0.0000000e+00   0.0000000e+00   7.2775453e+03   3.7530000e+03
   0.0000000e+00   0.0000000e+00   7.2677248e+03   3.8040000e+03
   0.0000000e+00   0.0000000e+00   7.2670868e+03   3.8130000e+03
   0.0000000e+00   0.0000000e+00   7.2408111e+03   3.8340000e+03
   0.0000000e+00   0.0000000e+00   7.2345799e+03   3.8370000e+03
   0.0000000e+00   0.0000000e+00   7.2195530e+03   3.8480000e+03
   0.0000000e+00   0.0000000e+00   7.2095887e+03   3.8490000e+03
   0.0000000e+00   0.0000000e+00   7.1974287e+03   3.9370000e+03
   0.0000000e+00   0.0000000e+00   7.1893312e+03   3.9570000e+03
   0.0000000e+00   0.0000000e+00   7.1810611e+03   3.9820000e+03
   0.0000000e+00   0.0000000e+00   7.1637430e+03   3.9890000e+03
   0.0000000e+00   0.0000000e+00   7.1480903e+03   3.9920000e+03
   0.0000000e+00   0.0000000e+00   7.1463893e+03   4.0020000e+03
   0.0000000e+00   0.0000000e+00   7.1460990e+03   4.0430000e+03
   0.0000000e+00   0.0000000e+00   7.1378505e+03   4.0930000e+03
   0.0000000e+00   0.0000000e+00   7.0911705e+03   4.1370000e+03
   0.0000000e+00   0.0000000e+00   7.0869627e+03   4.1660000e+03
   0.0000000e+00   0.0000000e+00   7.0828327e+03   4.2350000e+03
   0.0000000e+00   0.0000000e+00   7.0818210e+03   4.2810000e+03
   0.0000000e+00   0.0000000e+00   7.0813665e+03   4.2960000e+03
   0.0000000e+00   0.0000000e+00   7.0713377e+03   4.3240000e+03
   0.0000000e+00   0.0000000e+00   7.0647510e+03   4.3350000e+03
   0.0000000e+00   0.0000000e+00   7.0290914e+03   4.4130000e+03
   0.0000000e+00   0.0000000e+00   7.0079775e+03   4.4570000e+03
   0.0000000e+00   0.0000000e+00   6.9862342e+03   4.5330000e+03
   0.0000000e+00   0.0000000e+00   6.9650762e+03   4.6020000e+03
   0.0000000e+00   0.0000000e+00   6.9535071e+03   4.7140000e+03
   0.0000000e+00   0.0000000e+00   6.9296364e+03   4.7370000e+03
   0.0000000e+00   0.0000000e+00   6.9258077e+03   5.0180000e+03
   0.0000000e+00   0.0000000e+00   6.9250272e+03   5.0800000e+03
   0.0000000e+00   0.0000000e+00   6.9112716e+03   5.1040000e+03
   0.0000000e+00   0.0000000e+00   6.8871381e+03   5.1510000e+03
   0.0000000e+00   0.0000000e+00   6.8849703e+03   5.2600000e+03
   0.0000000e+00   0.0000000e+00   6.8433213e+03   5.3040000e+03
   0.0000000e+00   0.0000000e+00   6.8204819e+03   5.3730000e+03
   0.0000000e+00   0.0000000e+00   6.8125988e+03   5.4230000e+03
   0.0000000e+00   0.0000000e+00   6.8089222e+03   5.4680000e+03
   0.0000000e+00   0.0000000e+00   6.7983288e+03   5.5270000e+03
   0.0000000e+00   0.0000000e+00   6.7972302e+03   5.5760000e+03
   0.0000000e+00   0.0000000e+00   6.7903307e+03   5.5900000e+03
   0.0000000e+00   0.0000000e+00   6.7643890e+03   5.7130000e+03
   0.0000000e+00   0.0000000e+00   6.7471122e+03   5.7390000e+03
   0.0000000e+00   0.0000000e+00   6.7368521e+03   5.7910000e+03
   0.0000000e+00   0.0000000e+00   6.7180427e+03   6.1910000e+03
   0.0000000e+00   0.0000000e+00   6.7008389e+03   6.1920000e+03
   0.0000000e+00   0.0000000e+00   6.6814471e+03   6.2260000e+03
   0.0000000e+00   0.0000000e+00   6.6745899e+03   6.2290000e+03
   0.0000000e+00   0.0000000e+00   6.6538626e+03   6.3010000e+03
   0.0000000e+00   0.0000000e+00   6.6424788e+03   6.3860000e+03
   0.0000000e+00   0.0000000e+00   6.6313008e+03   6.4160000e+03
   0.0000000e+00   0.0000000e+00   6.6287442e+03   6.5390000e+03
   0.0000000e+00   0.0000000e+00   6.6276664e+03   6.7920000e+03
   0.0000000e+00   0.0000000e+00   6.6040970e+03   7.0770000e+03
   0.0000000e+00   0.0000000e+00   6.5967967e+03   7.1290000e+03
   0.0000000e+00   0.0000000e+00   6.5944859e+03   7.3710000e+03
   0.0000000e+00   0.0000000e+00   6.5927973e+03   7.4970000e+03
   0.0000000e+00   0.0000000e+00   6.5768018e+03   7.7000000e+03
   0.0000000e+00   0.0000000e+00   6.5719751e+03   7.7300000e+03
   0.0000000e+00   0.0000000e+00   6.5629822e+03   7.7340000e+03
   0.0000000e+00   0.0000000e+00   6.5627285e+03   7.8040000e+03
   0.0000000e+00   0.0000000e+00   6.5421252e+03   7.8080000e+03
   0.0000000e+00   0.0000000e+00   6.5387193e+03   7.8190000e+03
   0.0000000e+00   0.0000000e+00   6.5233799e+03   8.0210000e+03
   0.0000000e+00   0.0000000e+00   6.5216171e+03   8.1380000e+03
   0.0000000e+00   0.0000000e+00   6.5204874e+03   8.1670000e+03
   0.0000000e+00   0.0000000e+00   6.5073896e+03   8.4050000e+03
   0.0000000e+00   0.0000000e+00   6.5042624e+03   8.5160000e+03
   0.0000000e+00   0.0000000e+00   6.5028078e+03   8.5450000e+03
   0.0000000e+00   0.0000000e+00   6.4974938e+03   8.6820000e+03
   0.0000000e+00   0.0000000e+00   6.4770721e+03   8.7070000e+03
   0.0000000e+00   0.0000000e+00   6.4663671e+03   8.8360000e+03
   0.0000000e+00   0.0000000e+00   6.4648856e+03   8.9430000e+03
   0.0000000e+00   0.0000000e+00   6.4625855e+03   9.4530000e+03
   0.0000000e+00   0.0000000e+00   6.4329402e+03   9.6380000e+03
   0.0000000e+00   0.0000000e+00   6.4311485e+03   1.0266000e+04
   0.0000000e+00   0.0000000e+00   6.4081992e+03   1.0578000e+04
   0.0000000e+00   0.0000000e+00   6.4054002e+03   1.0617000e+04
   0.0000000e+00   0.0000000e+00   6.4014679e+03   1.0725000e+04
   0.0000000e+00   0.0000000e+00   6.4014679e+03   1.1283000e+04
   0.0000000e+00   0.0000000e+00   6.4001087e+03   1.1375000e+04
   0.0000000e+00   0.0000000e+00   6.3978736e+03   1.1378000e+04
   0.0000000e+00   0.0000000e+00   6.3923063e+03   1.1649000e+04
   0.0000000e+00   0.0000000e+00   6.3911856e+03   1.2079000e+04
   0.0000000e+00   0.0000000e+00   6.3767086e+03   1.2446000e+04
   0.0000000e+00   0.0000000e+00   6.3696621e+03   1.2491000e+04
   0.0000000e+00   0.0000000e+00   6.3606788e+03   1.2538000e+04
   0.0000000e+00   0.0000000e+00   6.3517437e+03   1.2893000e+04
   0.0000000e+00   0.0000000e+00   6.3465972e+03   1.2976000e+04
   0.0000000e+00   0.0000000e+00   6.3313012e+03   1.3124000e+04
   0.0000000e+00   0.0000000e+00   6.3274284e+03   1.3268000e+04
   0.0000000e+00   0.0000000e+00   6.3210130e+03   1.3280000e+04
   0.0000000e+00   0.0000000e+00   6.3165386e+03   1.3296000e+04
   0.0000000e+00   0.0000000e+00   6.2924042e+03   1.3307000e+04
   0.0000000e+00   0.0000000e+00   6.2880678e+03   1.3322000e+04
   0.0000000e+00   0.0000000e+00   6.2783302e+03   1.3330000e+04
   0.0000000e+00   0.0000000e+00   6.2649796e+03   1.3382000e+04
   0.0000000e+00   0.0000000e+00   6.2497513e+03   1.3422000e+04
   0.0000000e+00   0.0000000e+00   6.2496450e+03   1.3786000e+04
   0.0000000e+00   0.0000000e+00   6.2467254e+03   1.3916000e+04
   0.0000000e+00   0.0000000e+00   6.2462728e+03   1.4027000e+04
   0.0000000e+00   0.0000000e+00   6.2450265e+03   1.4098000e+04
   0.0000000e+00   0.0000000e+00   6.2283044e+03   1.4175000e+04
   0.0000000e+00   0.0000000e+00   6.2143628e+03   1.4928000e+04
   0.0000000e+00   0.0000000e+00   6.2104008e+03   1.4934000e+04
   0.0000000e+00   0.0000000e+00   6.2103182e+03   1.4975000e+04
   0.0000000e+00   0.0000000e+00   6.2099542e+03   1.5143000e+04
   0.0000000e+00   0.0000000e+00   6.2062015e+03   1.5283000e+04
   0.0000000e+00   0.0000000e+00   6.1933560e+03   1.5445000e+04
   0.0000000e+00   0.0000000e+00   6.1904915e+03   1.5980000e+04
   0.0000000e+00   0.0000000e+00   6.1603856e+03   1.5996000e+04
   0.0000000e+00   0.0000000e+00   6.1486239e+03   1.6316000e+04
   0.0000000e+00   0.0000000e+00   6.1459872e+03   1.7070000e+04
   0.0000000e+00   0.0000000e+00   6.1459872e+03   1.7302000e+04
   0.0000000e+00   0.0000000e+00   6.1419440e+03   1.7453000e+04
   0.0000000e+00   0.0000000e+00   6.1419440e+03   1.8002000e+04
   0.0000000e+00   0.0000000e+00   6.1350710e+03   1.8588000e+04
   0.0000000e+00   0.0000000e+00   6.1350710e+03   1.9150000e+04
   0.0000000e+00   0.0000000e+00   6.1256668e+03   1.9458000e+04
   0.0000000e+00   0.0000000e+00   6.1255007e+03   1.9625000e+04
   0.0000000e+00   0.0000000e+00   6.1181163e+03   1.9638000e+04
   0.0000000e+00   0.0000000e+00   6.1121243e+03   2.1096000e+04
   0.0000000e+00   0.0000000e+00   6.1120222e+03   2.2306000e+04
   0.0000000e+00   0.0000000e+00   6.1105676e+03   2.4309000e+04
   0.0000000e+00   0.0000000e+00   6.1098948e+03   2.4332000e+04
   0.0000000e+00   0.0000000e+00   6.1061087e+03   2.5178000e+04
   0.0000000e+00   0.0000000e+00   6.1048601e+03   2.5685000e+04
   0.0000000e+00   0.0000000e+00   6.0960524e+03   2.5698000e+04
   0.0000000e+00   0.0000000e+00   6.0882325e+03   2.5969000e+04
   0.0000000e+00   0.0000000e+00   6.0856601e+03   2.6583000e+04
   0.0000000e+00   0.0000000e+00   6.0856601e+03   2.6659000e+04
   0.0000000e+00   0.0000000e+00   6.0762923e+03   2.7047000e+04
   0.0000000e+00   0.0000000e+00   6.0697667e+03   2.7415000e+04
   0.0000000e+00   0.0000000e+00   6.0697667e+03   2.8165000e+04
   0.0000000e+00   0.0000000e+00   6.0681082e+03   2.8389000e+04
   0.0000000e+00   0.0000000e+00   6.0668310e+03   2.8561000e+04
   0.0000000e+00   0.0000000e+00   6.0646299e+03   3.0334000e+04
   0.0000000e+00   0.0000000e+00   6.0608796e+03   3.0843000e+04
   0.0000000e+00   0.0000000e+00   6.0526606e+03   3.1767000e+04
   0.0000000e+00   0.0000000e+00   6.0486987e+03   3.2695000e+04
   0.0000000e+00   0.0000000e+00   6.0472441e+03   3.4248000e+04
   0.0000000e+00   0.0000000e+00   6.0461691e+03   3.4572000e+04
   0.0000000e+00   0.0000000e+00   6.0461691e+03   3.5577000e+04
   0.0000000e+00   0.0000000e+00   6.0452631e+03   4.0851000e+04
   0.0000000e+00   0.0000000e+00   6.0429926e+03   4.1417000e+04
   0.0000000e+00   0.0000000e+00   6.0427988e+03   4.2185000e+04
   0.0000000e+00   0.0000000e+00   6.0334309e+03   4.3267000e+04
   0.0000000e+00   0.0000000e+00   6.0276790e+03   4.8963000e+04
   0.0000000e+00   0.0000000e+00   6.0200404e+03   4.9217000e+04
   0.0000000e+00   0.0000000e+00   6.0139438e+03   5.0089000e+04
   0.0000000e+00   0.0000000e+00   6.0119303e+03   5.1167000e+04
   0.0000000e+00   0.0000000e+00   6.0109544e+03   5.2724000e+04
   0.0000000e+00   0.0000000e+00   6.0084454e+03   5.3700000e+04
   0.0000000e+00   0.0000000e+00   6.0056121e+03   5.3835000e+04
   0.0000000e+00   0.0000000e+00   6.0033477e+03   5.4595000e+04
   0.0000000e+00   0.0000000e+00   6.0025672e+03   5.5075000e+04
   0.0000000e+00   0.0000000e+00   5.9996396e+03   5.5114000e+04
   0.0000000e+00   0.0000000e+00   5.9975997e+03   5.5305000e+04
   0.0000000e+00   0.0000000e+00   5.9918334e+03   5.5497000e+04
   0.0000000e+00   0.0000000e+00   5.9902369e+03   5.5789000e+04
   0.0000000e+00   0.0000000e+00   5.9861300e+03   5.6075000e+04
   0.0000000e+00   0.0000000e+00   5.9803512e+03   5.6242000e+04
   0.0000000e+00   0.0000000e+00   5.9752984e+03   5.6889000e+04
   0.0000000e+00   0.0000000e+00   5.9717223e+03   5.7471000e+04
   0.0000000e+00   0.0000000e+00   5.9686237e+03   5.7744000e+04
   0.0000000e+00   0.0000000e+00   5.9686237e+03   5.7773000e+04
   0.0000000e+00   0.0000000e+00   5.9659535e+03   5.7920000e+04
   0.0000000e+00   0.0000000e+00   5.9659535e+03   5.8974000e+04
   0.0000000e+00   0.0000000e+00   5.9619628e+03   5.9109000e+04
   0.0000000e+00   0.0000000e+00   5.9423551e+03   5.9980000e+04
   0.0000000e+00   0.0000000e+00   5.9423551e+03   6.0134000e+04
   0.0000000e+00   0.0000000e+00   5.9423551e+03   6.0147000e+04
   0.0000000e+00   0.0000000e+00   5.9421685e+03   6.0485000e+04
   0.0000000e+00   0.0000000e+00   5.9381880e+03   6.1307000e+04
   0.0000000e+00   0.0000000e+00   5.9381880e+03   6.1734000e+04
   0.0000000e+00   0.0000000e+00   5.9344353e+03   6.1813000e+04
   0.0000000e+00   0.0000000e+00   5.9303258e+03   6.5985000e+04
   0.0000000e+00   0.0000000e+00   5.9303258e+03   6.6682000e+04
   0.0000000e+00   0.0000000e+00   5.9274166e+03   6.8199000e+04
   0.0000000e+00   0.0000000e+00   5.9259620e+03   6.9232000e+04
   0.0000000e+00   0.0000000e+00   5.9250282e+03   6.9381000e+04
   0.0000000e+00   0.0000000e+00   5.9250282e+03   6.9871000e+04
   0.0000000e+00   0.0000000e+00   5.9244516e+03   7.1282000e+04
   0.0000000e+00   0.0000000e+00   5.9244516e+03   7.1540000e+04
   0.0000000e+00   0.0000000e+00   5.9193807e+03   7.2884000e+04
   0.0000000e+00   0.0000000e+00   5.9193807e+03   7.3507000e+04
   0.0000000e+00   0.0000000e+00   5.9188875e+03   7.5483000e+04
   0.0000000e+00   0.0000000e+00   5.9188875e+03   7.6222000e+04
   0.0000000e+00   0.0000000e+00   5.9188875e+03   7.6467000e+04
   0.0000000e+00   0.0000000e+00   5.9150616e+03   7.7356000e+04
   0.0000000e+00   0.0000000e+00   5.9150616e+03   7.9818000e+04
   0.0000000e+00   0.0000000e+00   5.9150616e+03   8.0767000e+04
   0.0000000e+00   0.0000000e+00   5.9150616e+03   8.1719000e+04
   0.0000000e+00   0.0000000e+00   5.9094915e+03   8.2271000e+04
   0.0000000e+00   0.0000000e+00   5.9094915e+03   8.2413000e+04
   0.0000000e+00   0.0000000e+00   5.9094915e+03   8.4244000e+04
   0.0000000e+00   0.0000000e+00   5.9029660e+03   8.5223000e+04
   0.0000000e+00   0.0000000e+00   5.9029660e+03   8.5937000e+04
   0.0000000e+00   0.0000000e+00   5.9029660e+03   9.0912000e+04
   0.0000000e+00   0.0000000e+00   5.9007308e+03   9.2722000e+04
   0.0000000e+00   0.0000000e+00   5.9007308e+03   9.5648000e+04
   0.0000000e+00   0.0000000e+00   5.9007308e+03   9.6051000e+04
   0.0000000e+00   0.0000000e+00   5.9007308e+03   9.7526000e+04
   0.0000000e+00   0.0000000e+00   5.9007308e+03   9.7891000e+04
   0.0000000e+00   0.0000000e+00   5.9007308e+03   9.8450000e+04
   0.0000000e+00   0.0000000e+00   5.8971327e+03   9.8636000e+04
   0.0000000e+00   0.0000000e+00   5.8971327e+03   1.0097400e+05
   0.0000000e+00   0.0000000e+00   5.8971327e+03   1.0137000e+05
   0.0000000e+00   0.0000000e+00   5.8971327e+03   1.0229100e+05
   0.0000000e+00   0.0000000e+00   5.8971327e+03   1.0255000e+05
   0.0000000e+00   0.0000000e+00   5.8971327e+03   1.0374000e+05
   0.0000000e+00   0.0000000e+00   5.8971327e+03   1.0506900e+05
   0.0000000e+00   0.0000000e+00   5.8971327e+03   1.0591400e+05
   0.0000000e+00   0.0000000e+00   5.8971327e+03   1.0593000e+05
   0.0000000e+00   0.0000000e+00   5.8971327e+03   1.0690600e+05
   0.0000000e+00   0.0000000e+00   5.8971327e+03   1.0955500e+05
   0.0000000e+00   0.0000000e+00   5.8971327e+03   1.0979700e+05
   0.0000000e+00   0.0000000e+00   5.8971327e+03   1.1242600e+05
   0.0000000e+00   0.0000000e+00   5.8971327e+03   1.1532400e+05
   0.0000000e+00   0.0000000e+00   5.8971327e+03   1.1544700e+05
   0.0000000e+00   0.0000000e+00   5.8971327e+03   1.1628400e+05
   0.0000000e+00   0.0000000e+00   5.8971327e+03   1.1640000e+05
   0.0000000e+00   0.0000000e+00   5.8971327e+03   1.1922900e+05
   0.0000000e+00   0.0000000e+00   5.8971327e+03   1.1972200e+05
   0.0000000e+00   0.0000000e+00   5.8971327e+03   1.2027100e+05
   0.0000000e+00   0.0000000e+00   5.8928796e+03   1.2079400e+05
   0.0000000e+00   0.0000000e+00   5.8928796e+03   1.2330400e+05
   0.0000000e+00   0.0000000e+00   5.8928796e+03   1.2354000e+05
   0.0000000e+00   0.0000000e+00   5.8928796e+03   1.2390000e+05
   0.0000000e+00   0.0000000e+00   5.8928796e+03   1.2467100e+05
   0.0000000e+00   0.0000000e+00   5.8928796e+03   1.2549900e+05
   0.0000000e+00   0.0000000e+00   5.8928796e+03   1.2607200e+05
   0.0000000e+00   0.0000000e+00   5.8928796e+03   1.2957800e+05
   0.0000000e+00   0.0000000e+00   5.8928796e+03   1.3089900e+05
   0.0000000e+00   0.0000000e+00   5.8928796e+03   1.3141100e+05
   0.0000000e+00   0.0000000e+00   5.8928796e+03   1.3245600e+05
   0.0000000e+00   0.0000000e+00   5.8928796e+03   1.3336500e+05
   0.0000000e+00   0.0000000e+00   5.8928796e+03   1.3617200e+05
   0.0000000e+00   0.0000000e+00   5.8928796e+03   1.3662500e+05
   0.0000000e+00   0.0000000e+00   5.8928796e+03   1.3689200e+05
   0.0000000e+00   0.0000000e+00   5.8928796e+03   1.3769000e+05
   0.0000000e+00   0.0000000e+00   5.8928796e+03   1.4177800e+05
   0.0000000e+00   0.0000000e+00   5.8853300e+03   1.4415000e+05
   0.0000000e+00   0.0000000e+00   5.8853300e+03   1.4561200e+05
   0.0000000e+00   0.0000000e+00   5.8853300e+03   1.4591900e+05
   0.0000000e+00   0.0000000e+00   5.8822881e+03   1.4651600e+05
   0.0000000e+00   0.0000000e+00   5.8822881e+03   1.4782200e+05
   0.0000000e+00   0.0000000e+00   5.8822881e+03   1.4912500e+05
   0.0000000e+00   0.0000000e+00   5.8808231e+03   1.5040900e+05
   0.0000000e+00   0.0000000e+00   5.8808231e+03   1.5042200e+05
   0.0000000e+00   0.0000000e+00   5.8777744e+03   1.5316100e+05
   0.0000000e+00   0.0000000e+00   5.8777744e+03   1.5361800e+05
   0.0000000e+00   0.0000000e+00   5.8777744e+03   1.5435800e+05
   0.0000000e+00   0.0000000e+00   5.8777744e+03   1.5441000e+05
   0.0000000e+00   0.0000000e+00   5.8777744e+03   1.5579900e+05
   0.0000000e+00   0.0000000e+00   5.8777744e+03   1.5628100e+05
   0.0000000e+00   0.0000000e+00   5.8777744e+03   1.5661500e+05
   0.0000000e+00   0.0000000e+00   5.8777744e+03   1.5670100e+05
   0.0000000e+00   0.0000000e+00   5.8777744e+03   1.5721900e+05
   0.0000000e+00   0.0000000e+00   5.8777744e+03   1.5766200e+05
   0.0000000e+00   0.0000000e+00   5.8777744e+03   1.5800900e+05
   0.0000000e+00   0.0000000e+00   5.8777744e+03   1.6021000e+05
   0.0000000e+00   0.0000000e+00   5.8777744e+03   1.6025500e+05
   0.0000000e+00   0.0000000e+00   5.8777744e+03   1.6121900e+05
   0.0000000e+00   0.0000000e+00   5.8777744e+03   1.6125500e+05
   0.0000000e+00   0.0000000e+00   5.8777744e+03   1.6221300e+05
   0.0000000e+00   0.0000000e+00   5.8777744e+03   1.6337000e+05
   0.0000000e+00   0.0000000e+00   5.8777744e+03   1.6340600e+05
   0.0000000e+00   0.0000000e+00   5.8777744e+03   1.6345200e+05
   0.0000000e+00   0.0000000e+00   5.8711478e+03   1.6856600e+05
   0.0000000e+00   0.0000000e+00   5.8711478e+03   1.6860600e+05
   0.0000000e+00   0.0000000e+00   5.8671180e+03   1.6880100e+05
   0.0000000e+00   0.0000000e+00   5.8671180e+03   1.7131100e+05
   0.0000000e+00   0.0000000e+00   5.8671180e+03   1.7290000e+05
   0.0000000e+00   0.0000000e+00   5.8671180e+03   1.7493500e+05
   0.0000000e+00   0.0000000e+00   5.8671180e+03   1.7514900e+05
   0.0000000e+00   0.0000000e+00   5.8671180e+03   1.7633300e+05
   0.0000000e+00   0.0000000e+00   5.8671180e+03   1.8034700e+05
   0.0000000e+00   0.0000000e+00   5.8656634e+03   1.8094300e+05
   0.0000000e+00   0.0000000e+00   5.8656634e+03   1.8326900e+05
   0.0000000e+00   0.0000000e+00   5.8656634e+03   1.8520600e+05
   0.0000000e+00   0.0000000e+00   5.8656634e+03   1.8718800e+05
   0.0000000e+00   0.0000000e+00   5.8619267e+03   1.8764200e+05
   0.0000000e+00   0.0000000e+00   5.8619267e+03   1.8906600e+05
   0.0000000e+00   0.0000000e+00   5.8619267e+03   1.8906800e+05
   0.0000000e+00   0.0000000e+00   5.8619267e+03   1.8938100e+05
   0.0000000e+00   0.0000000e+00   5.8619267e+03   1.8985600e+05
   0.0000000e+00   0.0000000e+00   5.8619267e+03   1.9011500e+05
   0.0000000e+00   0.0000000e+00   5.8619267e+03   1.9086500e+05
   0.0000000e+00   0.0000000e+00   5.8619267e+03   1.9109100e+05
   0.0000000e+00   0.0000000e+00   5.8619267e+03   1.9138900e+05
   0.0000000e+00   0.0000000e+00   5.8619267e+03   1.9297800e+05
   0.0000000e+00   0.0000000e+00   5.8619267e+03   1.9815300e+05
   0.0000000e+00   0.0000000e+00   5.8619267e+03   1.9925900e+05
