   1.5870553e+02   5.3451368e+00   1.4943312e+04   2.0000000e+00
   1.3543208e+02   3.0397227e+00   1.5383061e+04   4.0000000e+00
   8.3581892e+01   4.0622325e-01   1.6035108e+04   6.0000000e+00
   6.7849353e+01   2.6159433e-01   2.2947804e+04   7.0000000e+00
   3.9769025e+01   1.2030096e-01   2.2336077e+04   8.0000000e+00
   3.2376193e+01   1.6434881e-01   2.0586339e+04   9.0000000e+00
   3.1878410e+01   1.2521419e-01   2.1328174e+04   1.0000000e+01
   3.0247340e+01   3.2627260e-01   1.8505054e+04   1.1000000e+01
   1.5353711e+01   0.0000000e+00   2.3107113e+04   1.2000000e+01
   1.4629267e+01   0.0000000e+00   2.3476132e+04   1.3000000e+01
   1.1911439e+01   0.0000000e+00   2.5129608e+04   1.4000000e+01
   5.6850977e+00   0.0000000e+00   2.7209877e+04   1.5000000e+01
   4.4054807e+00   0.0000000e+00   2.6803637e+04   1.7000000e+01
   2.3977821e-01   0.0000000e+00   2.6177291e+04   1.9000000e+01
   1.9881235e-01   0.0000000e+00   3.1548043e+04   2.0000000e+01
   1.8574977e-01   0.0000000e+00   3.2326995e+04   2.3000000e+01
   1.0838608e-01   0.0000000e+00   3.5848321e+04   2.4000000e+01
   9.0855009e-02   0.0000000e+00   3.6376197e+04   2.5000000e+01
   0.0000000e+00   0.0000000e+00   3.2641329e+04   2.8000000e+01
   0.0000000e+00   0.0000000e+00   2.9032863e+04   3.1000000e+01
   0.0000000e+00   0.0000000e+00   2.5326057e+04   3.3000000e+01
   0.0000000e+00   0.0000000e+00   2.2089233e+04   3.6000000e+01
   0.0000000e+00   0.0000000e+00   1.9239245e+04   3.7000000e+01
   0.0000000e+00   0.0000000e+00   1.7904948e+04   4.1000000e+01
   0.0000000e+00   0.0000000e+00   1.6604711e+04   4.2000000e+01
   0.0000000e+00   0.0000000e+00   1.5944067e+04   4.3000000e+01
   0.0000000e+00   0.0000000e+00   1.5295512e+04   4.7000000e+01
   0.0000000e+00   0.0000000e+00   1.4736125e+04   5.8000000e+01
   0.0000000e+00   0.0000000e+00   1.3718461e+04   6.5000000e+01
   0.0000000e+00   0.0000000e+00   1.3261762e+04   6.6000000e+01
   0.0000000e+00   0.0000000e+00   1.2689885e+04   6.8000000e+01
   0.0000000e+00   0.0000000e+00   1.1653890e+04   7.0000000e+01
   0.0000000e+00   0.0000000e+00   1.0707338e+04   7.1000000e+01
   0.0000000e+00   0.0000000e+00   1.0205356e+04   7.2000000e+01
   0.0000000e+00   0.0000000e+00   1.0048064e+04   7.7000000e+01
   0.0000000e+00   0.0000000e+00   9.7523043e+03   1.0400000e+02
   0.0000000e+00   0.0000000e+00   9.4671202e+03   1.1500000e+02
   0.0000000e+00   0.0000000e+00   9.3500442e+03   1.2500000e+02
   0.0000000e+00   0.0000000e+00   8.9327879e+03   1.4200000e+02
   0.0000000e+00   0.0000000e+00   8.8590978e+03   1.8100000e+02
   0.0000000e+00   0.0000000e+00   8.2224042e+03   1.8500000e+02
   0.0000000e+00   0.0000000e+00   7.9383512e+03   1.9700000e+02
   0.0000000e+00   0.0000000e+00   7.8163951e+03   2.4700000e+02
   0.0000000e+00   0.0000000e+00   7.6692646e+03   2.5300000e+02
   0.0000000e+00   0.0000000e+00   7.5455538e+03   2.7500000e+02
   0.0000000e+00   0.0000000e+00   7.4677920e+03   2.8000000e+02
   0.0000000e+00   0.0000000e+00   7.4210764e+03   3.1000000e+02
   0.0000000e+00   0.0000000e+00   7.3818388e+03   4.2600000e+02
   0.0000000e+00   0.0000000e+00   7.3571119e+03   1.3860000e+03
   0.0000000e+00   0.0000000e+00   7.3372807e+03   1.7380000e+03
   0.0000000e+00   0.0000000e+00   7.3232867e+03   2.7240000e+03
   0.0000000e+00   0.0000000e+00   7.3033391e+03   3.1140000e+03
   0.0000000e+00   0.0000000e+00   7.2850523e+03   4.8870000e+03
   0.0000000e+00   0.0000000e+00   7.2120068e+03   5.8120000e+03
   0.0000000e+00   0.0000000e+00   7.2097580e+03   8.2790000e+03
   0.0000000e+00   0.0000000e+00   7.2017360e+03   8.5910000e+03
   0.0000000e+00   0.0000000e+00   7.1982155e+03   1.1417000e+04
   0.0000000e+00   0.0000000e+00   7.1956593e+03   1.1637000e+04
   0.0000000e+00   0.0000000e+00   7.1929682e+03   1.3836000e+04
   0.0000000e+00   0.0000000e+00   7.1905298e+03   1.3885000e+04
   0.0000000e+00   0.0000000e+00   7.1905298e+03   1.4580000e+04
   0.0000000e+00   0.0000000e+00   7.1891974e+03   1.9393000e+04
   0.0000000e+00   0.0000000e+00   7.1891974e+03   2.0918000e+04
   0.0000000e+00   0.0000000e+00   7.1891974e+03   2.1884000e+04
   0.0000000e+00   0.0000000e+00   7.1891974e+03   2.2847000e+04
   0.0000000e+00   0.0000000e+00   7.1891974e+03   2.3622000e+04
   0.0000000e+00   0.0000000e+00   7.1891974e+03   2.5903000e+04
   0.0000000e+00   0.0000000e+00   7.1891974e+03   2.6603000e+04
   0.0000000e+00   0.0000000e+00   7.1891974e+03   2.7608000e+04
   0.0000000e+00   0.0000000e+00   7.1891974e+03   2.9583000e+04
   0.0000000e+00   0.0000000e+00   7.1891974e+03   3.2611000e+04
   0.0000000e+00   0.0000000e+00   7.1891974e+03   3.4394000e+04
   0.0000000e+00   0.0000000e+00   7.1891974e+03   3.6749000e+04
   0.0000000e+00   0.0000000e+00   7.1891974e+03   3.8720000e+04
   0.0000000e+00   0.0000000e+00   7.1891974e+03   3.9540000e+04
   0.0000000e+00   0.0000000e+00   7.1891974e+03   3.9835000e+04
   0.0000000e+00   0.0000000e+00   7.1891974e+03   4.6941000e+04
   0.0000000e+00   0.0000000e+00   7.1891974e+03   4.7061000e+04
   0.0000000e+00   0.0000000e+00   7.1891974e+03   4.8910000e+04
   0.0000000e+00   0.0000000e+00   7.1891974e+03   5.0455000e+04
   0.0000000e+00   0.0000000e+00   7.1891974e+03   5.1170000e+04
   0.0000000e+00   0.0000000e+00   7.1891974e+03   5.1532000e+04
   0.0000000e+00   0.0000000e+00   7.1891974e+03   5.1682000e+04
   0.0000000e+00   0.0000000e+00   7.1891974e+03   5.3166000e+04
   0.0000000e+00   0.0000000e+00   7.1891974e+03   5.5466000e+04
   0.0000000e+00   0.0000000e+00   7.1891974e+03   5.7442000e+04
   0.0000000e+00   0.0000000e+00   7.1891974e+03   5.9735000e+04
   0.0000000e+00   0.0000000e+00   7.1891974e+03   6.0256000e+04
   0.0000000e+00   0.0000000e+00   7.1891974e+03   6.0374000e+04
   0.0000000e+00   0.0000000e+00   7.1891974e+03   6.1017000e+04
   0.0000000e+00   0.0000000e+00   7.1891974e+03   6.3047000e+04
   0.0000000e+00   0.0000000e+00   7.1891974e+03   6.5095000e+04
   0.0000000e+00   0.0000000e+00   7.1891974e+03   6.5722000e+04
   0.0000000e+00   0.0000000e+00   7.1891974e+03   6.9138000e+04
   0.0000000e+00   0.0000000e+00   7.1891974e+03   6.9255000e+04
   0.0000000e+00   0.0000000e+00   7.1891974e+03   7.0525000e+04
   0.0000000e+00   0.0000000e+00   7.1891974e+03   7.0766000e+04
   0.0000000e+00   0.0000000e+00   7.1891974e+03   7.2227000e+04
   0.0000000e+00   0.0000000e+00   7.1891974e+03   7.2641000e+04
   0.0000000e+00   0.0000000e+00   7.1891974e+03   7.7915000e+04
   0.0000000e+00   0.0000000e+00   7.1891974e+03   8.0525000e+04
   0.0000000e+00   0.0000000e+00   7.1891974e+03   8.3036000e+04
   0.0000000e+00   0.0000000e+00   7.1891974e+03   8.3673000e+04
   0.0000000e+00   0.0000000e+00   7.1891974e+03   8.8257000e+04
   0.0000000e+00   0.0000000e+00   7.1891974e+03   8.8332000e+04
   0.0000000e+00   0.0000000e+00   7.1891974e+03   8.9115000e+04
   0.0000000e+00   0.0000000e+00   7.1891974e+03   9.1749000e+04
   0.0000000e+00   0.0000000e+00   7.1891974e+03   9.3172000e+04
   0.0000000e+00   0.0000000e+00   7.1891974e+03   9.3862000e+04
   0.0000000e+00   0.0000000e+00   7.1891974e+03   9.3918000e+04
   0.0000000e+00   0.0000000e+00   7.1891974e+03   9.6148000e+04
   0.0000000e+00   0.0000000e+00   7.1891974e+03   9.6320000e+04
   0.0000000e+00   0.0000000e+00   7.1891974e+03   1.0033600e+05
   0.0000000e+00   0.0000000e+00   7.1891974e+03   1.0433000e+05
   0.0000000e+00   0.0000000e+00   7.1891974e+03   1.0489100e+05
   0.0000000e+00   0.0000000e+00   7.1891974e+03   1.0714600e+05
   0.0000000e+00   0.0000000e+00   7.1891974e+03   1.0771200e+05
   0.0000000e+00   0.0000000e+00   7.1891974e+03   1.0922500e+05
   0.0000000e+00   0.0000000e+00   7.1891974e+03   1.0972400e+05
   0.0000000e+00   0.0000000e+00   7.1891974e+03   1.1419100e+05
   0.0000000e+00   0.0000000e+00   7.1891974e+03   1.2116100e+05
   0.0000000e+00   0.0000000e+00   7.1891974e+03   1.2168300e+05
   0.0000000e+00   0.0000000e+00   7.1891974e+03   1.2216400e+05
   0.0000000e+00   0.0000000e+00   7.1891974e+03   1.2588900e+05
   0.0000000e+00   0.0000000e+00   7.1891974e+03   1.3039100e+05
   0.0000000e+00   0.0000000e+00   7.1891974e+03   1.3505500e+05
   0.0000000e+00   0.0000000e+00   7.1891974e+03   1.4014000e+05
   0.0000000e+00   0.0000000e+00   7.1891974e+03   1.4107600e+05
   0.0000000e+00   0.0000000e+00   7.1891974e+03   1.4186400e+05
   0.0000000e+00   0.0000000e+00   7.1891974e+03   1.4798500e+05
   0.0000000e+00   0.0000000e+00   7.1891974e+03   1.4980900e+05
   0.0000000e+00   0.0000000e+00   7.1891974e+03   1.4985200e+05
   0.0000000e+00   0.0000000e+00   7.1891974e+03   1.4997200e+05
   0.0000000e+00   0.0000000e+00   7.1891974e+03   1.5334600e+05
   0.0000000e+00   0.0000000e+00   7.1891974e+03   1.5378400e+05
   0.0000000e+00   0.0000000e+00   7.1891974e+03   1.5808600e+05
   0.0000000e+00   0.0000000e+00   7.1891974e+03   1.6040500e+05
   0.0000000e+00   0.0000000e+00   7.1891974e+03   1.6556500e+05
   0.0000000e+00   0.0000000e+00   7.1891974e+03   1.6561300e+05
   0.0000000e+00   0.0000000e+00   7.1891974e+03   1.6568700e+05
   0.0000000e+00   0.0000000e+00   7.1891974e+03   1.6919300e+05
   0.0000000e+00   0.0000000e+00   7.1891974e+03   1.6982100e+05
   0.0000000e+00   0.0000000e+00   7.1891974e+03   1.7119900e+05
   0.0000000e+00   0.0000000e+00   7.1891974e+03   1.7180800e+05
   0.0000000e+00   0.0000000e+00   7.1891974e+03   1.7272100e+05
   0.0000000e+00   0.0000000e+00   7.1891974e+03   1.7478100e+05
   0.0000000e+00   0.0000000e+00   7.1891974e+03   1.7584400e+05
   0.0000000e+00   0.0000000e+00   7.1891974e+03   1.7712800e+05
   0.0000000e+00   0.0000000e+00   7.1891974e+03   1.8000100e+05
   0.0000000e+00   0.0000000e+00   7.1891974e+03   1.8141400e+05
   0.0000000e+00   0.0000000e+00   7.1891974e+03   1.8243900e+05
   0.0000000e+00   0.0000000e+00   7.1891974e+03   1.8427300e+05
   0.0000000e+00   0.0000000e+00   7.1891974e+03   1.8493800e+05
   0.0000000e+00   0.0000000e+00   7.1891974e+03   1.8589200e+05
   0.0000000e+00   0.0000000e+00   7.1891974e+03   1.8705700e+05
   0.0000000e+00   0.0000000e+00   7.1891974e+03   1.8912300e+05
   0.0000000e+00   0.0000000e+00   7.1891974e+03   1.9525200e+05
   0.0000000e+00   0.0000000e+00   7.1891974e+03   1.9585300e+05
   0.0000000e+00   0.0000000e+00   7.1891974e+03   1.9863900e+05
   0.0000000e+00   0.0000000e+00   7.1891974e+03   1.9866700e+05
