   2.1051261e+02   9.7423371e+00   1.5125702e+04   2.0000000e+00
   2.0360577e+02   8.6218041e+00   1.5265455e+04   3.0000000e+00
   1.6852835e+02   5.7790609e+00   1.5095407e+04   4.0000000e+00
   1.5685215e+02   6.0855113e+00   1.4690072e+04   5.0000000e+00
   1.4715897e+02   4.9257928e+00   1.5824313e+04   7.0000000e+00
   1.3663588e+02   4.6340611e+00   1.5444909e+04   8.0000000e+00
   1.3404068e+02   3.4695497e+00   1.7133327e+04   1.0000000e+01
   1.1314032e+02   1.9099718e+00   1.6954354e+04   1.2000000e+01
   1.0914798e+02   2.4541534e+00   1.6099031e+04   1.3000000e+01
   7.4036818e+01   9.3867013e-01   1.8894734e+04   1.4000000e+01
   4.8032594e+01   9.9871745e-03   1.9301440e+04   1.5000000e+01
   4.6994351e+01   1.9155444e-02   1.8996494e+04   2.3000000e+01
   4.0913571e+01   2.0614936e-02   1.8613477e+04   2.5000000e+01
   4.0391343e+01   0.0000000e+00   1.8697114e+04   2.6000000e+01
   3.3564910e+01   0.0000000e+00   2.0794899e+04   2.9000000e+01
   2.8337899e+01   0.0000000e+00   2.0417835e+04   3.1000000e+01
   2.2896727e+01   0.0000000e+00   2.1452430e+04   3.2000000e+01
   1.9683794e+01   0.0000000e+00   2.1531093e+04   3.3000000e+01
   1.8263782e+01   0.0000000e+00   2.1478290e+04   3.4000000e+01
   1.6269148e+01   0.0000000e+00   2.2712145e+04   3.5000000e+01
   1.5046237e+01   0.0000000e+00   2.1885129e+04   3.8000000e+01
   1.4812937e+01   0.0000000e+00   2.1338016e+04   3.9000000e+01
   1.3833141e+01   0.0000000e+00   2.3666800e+04   4.1000000e+01
   1.2078241e+01   0.0000000e+00   2.3308624e+04   4.6000000e+01
   1.0005007e+01   0.0000000e+00   2.4152433e+04   4.7000000e+01
   9.4212849e+00   0.0000000e+00   2.4294324e+04   4.9000000e+01
   7.7542207e+00   0.0000000e+00   2.5661636e+04   5.0000000e+01
   7.5020268e+00   0.0000000e+00   2.4681862e+04   5.5000000e+01
   7.0717747e+00   0.0000000e+00   2.4649957e+04   5.7000000e+01
   5.1775389e+00   0.0000000e+00   2.5537649e+04   5.8000000e+01
   3.5585684e+00   0.0000000e+00   2.4508512e+04   5.9000000e+01
   3.4126725e+00   0.0000000e+00   2.3903947e+04   6.5000000e+01
   3.0495852e+00   0.0000000e+00   2.4817647e+04   6.9000000e+01
   3.0287341e+00   0.0000000e+00   2.4569824e+04   7.4000000e+01
   2.9934892e+00   0.0000000e+00   2.6793974e+04   7.5000000e+01
   8.4193527e-02   0.0000000e+00   2.6276700e+04   7.8000000e+01
   0.0000000e+00   0.0000000e+00   2.5308063e+04   8.0000000e+01
   0.0000000e+00   0.0000000e+00   2.3932979e+04   8.3000000e+01
   0.0000000e+00   0.0000000e+00   2.3647948e+04   8.8000000e+01
   0.0000000e+00   0.0000000e+00   2.2607427e+04   8.9000000e+01
   0.0000000e+00   0.0000000e+00   2.1579556e+04   9.2000000e+01
   0.0000000e+00   0.0000000e+00   2.1544449e+04   9.3000000e+01
   0.0000000e+00   0.0000000e+00   2.0947007e+04   9.4000000e+01
   0.0000000e+00   0.0000000e+00   2.0762912e+04   9.5000000e+01
   0.0000000e+00   0.0000000e+00   2.0541971e+04   9.7000000e+01
   0.0000000e+00   0.0000000e+00   1.9831202e+04   9.9000000e+01
   0.0000000e+00   0.0000000e+00   1.9138287e+04   1.0300000e+02
   0.0000000e+00   0.0000000e+00   1.8448266e+04   1.0400000e+02
   0.0000000e+00   0.0000000e+00   1.8350622e+04   1.1300000e+02
   0.0000000e+00   0.0000000e+00   1.7629378e+04   1.1600000e+02
   0.0000000e+00   0.0000000e+00   1.7090493e+04   1.1700000e+02
   0.0000000e+00   0.0000000e+00   1.6619764e+04   1.1800000e+02
   0.0000000e+00   0.0000000e+00   1.6326026e+04   1.2300000e+02
   0.0000000e+00   0.0000000e+00   1.6158236e+04   1.2400000e+02
   0.0000000e+00   0.0000000e+00   1.6066402e+04   1.2500000e+02
   0.0000000e+00   0.0000000e+00   1.5709985e+04   1.2700000e+02
   0.0000000e+00   0.0000000e+00   1.5552163e+04   1.2800000e+02
   0.0000000e+00   0.0000000e+00   1.5248620e+04   1.3300000e+02
   0.0000000e+00   0.0000000e+00   1.5210166e+04   1.4200000e+02
   0.0000000e+00   0.0000000e+00   1.4907454e+04   1.4300000e+02
   0.0000000e+00   0.0000000e+00   1.4893531e+04   1.4800000e+02
   0.0000000e+00   0.0000000e+00   1.4812460e+04   1.5100000e+02
   0.0000000e+00   0.0000000e+00   1.4201387e+04   1.5200000e+02
   0.0000000e+00   0.0000000e+00   1.3817217e+04   1.5600000e+02
   0.0000000e+00   0.0000000e+00   1.3446314e+04   1.5700000e+02
   0.0000000e+00   0.0000000e+00   1.3253884e+04   1.7000000e+02
   0.0000000e+00   0.0000000e+00   1.3245132e+04   1.8600000e+02
   0.0000000e+00   0.0000000e+00   1.3224126e+04   1.8800000e+02
   0.0000000e+00   0.0000000e+00   1.2993334e+04   1.9300000e+02
   0.0000000e+00   0.0000000e+00   1.2872332e+04   2.0600000e+02
   0.0000000e+00   0.0000000e+00   1.2856555e+04   2.1400000e+02
   0.0000000e+00   0.0000000e+00   1.2590650e+04   2.2100000e+02
   0.0000000e+00   0.0000000e+00   1.2164860e+04   2.2200000e+02
   0.0000000e+00   0.0000000e+00   1.2038495e+04   2.2300000e+02
   0.0000000e+00   0.0000000e+00   1.1961659e+04   2.2500000e+02
   0.0000000e+00   0.0000000e+00   1.1699985e+04   2.2600000e+02
   0.0000000e+00   0.0000000e+00   1.1645561e+04   2.3000000e+02
   0.0000000e+00   0.0000000e+00   1.1244666e+04   2.3300000e+02
   0.0000000e+00   0.0000000e+00   1.1116745e+04   2.3400000e+02
   0.0000000e+00   0.0000000e+00   1.0940961e+04   2.4400000e+02
   0.0000000e+00   0.0000000e+00   1.0879501e+04   2.4800000e+02
   0.0000000e+00   0.0000000e+00   1.0664547e+04   2.4900000e+02
   0.0000000e+00   0.0000000e+00   1.0561523e+04   2.5900000e+02
   0.0000000e+00   0.0000000e+00   1.0483483e+04   2.6100000e+02
   0.0000000e+00   0.0000000e+00   1.0344441e+04   2.6500000e+02
   0.0000000e+00   0.0000000e+00   1.0183940e+04   2.7000000e+02
   0.0000000e+00   0.0000000e+00   1.0024129e+04   2.7900000e+02
   0.0000000e+00   0.0000000e+00   9.6736847e+03   2.9700000e+02
   0.0000000e+00   0.0000000e+00   9.4427314e+03   3.0700000e+02
   0.0000000e+00   0.0000000e+00   9.4113129e+03   3.1300000e+02
   0.0000000e+00   0.0000000e+00   9.3203874e+03   3.1400000e+02
   0.0000000e+00   0.0000000e+00   9.1795808e+03   3.2900000e+02
   0.0000000e+00   0.0000000e+00   8.9237550e+03   3.3200000e+02
   0.0000000e+00   0.0000000e+00   8.9095273e+03   3.4000000e+02
   0.0000000e+00   0.0000000e+00   8.8693200e+03   3.4800000e+02
   0.0000000e+00   0.0000000e+00   8.7689345e+03   3.5300000e+02
   0.0000000e+00   0.0000000e+00   8.7639189e+03   3.6800000e+02
   0.0000000e+00   0.0000000e+00   8.7577425e+03   3.7100000e+02
   0.0000000e+00   0.0000000e+00   8.7105739e+03   4.0200000e+02
   0.0000000e+00   0.0000000e+00   8.5059739e+03   4.0500000e+02
   0.0000000e+00   0.0000000e+00   8.3639472e+03   4.2700000e+02
   0.0000000e+00   0.0000000e+00   8.2165385e+03   4.5000000e+02
   0.0000000e+00   0.0000000e+00   8.2100175e+03   4.5600000e+02
   0.0000000e+00   0.0000000e+00   8.2031099e+03   4.6400000e+02
   0.0000000e+00   0.0000000e+00   8.1104662e+03   5.0100000e+02
   0.0000000e+00   0.0000000e+00   8.0742804e+03   5.0500000e+02
   0.0000000e+00   0.0000000e+00   8.0387962e+03   5.4000000e+02
   0.0000000e+00   0.0000000e+00   8.0020719e+03   5.5100000e+02
   0.0000000e+00   0.0000000e+00   7.9969398e+03   5.9400000e+02
   0.0000000e+00   0.0000000e+00   7.9461220e+03   6.0200000e+02
   0.0000000e+00   0.0000000e+00   7.8555026e+03   6.4200000e+02
   0.0000000e+00   0.0000000e+00   7.8497680e+03   6.4300000e+02
   0.0000000e+00   0.0000000e+00   7.8412894e+03   6.4600000e+02
   0.0000000e+00   0.0000000e+00   7.8246130e+03   6.6000000e+02
   0.0000000e+00   0.0000000e+00   7.7539194e+03   6.8500000e+02
   0.0000000e+00   0.0000000e+00   7.5855732e+03   6.9600000e+02
   0.0000000e+00   0.0000000e+00   7.4632886e+03   7.2800000e+02
   0.0000000e+00   0.0000000e+00   7.4520512e+03   7.9700000e+02
   0.0000000e+00   0.0000000e+00   7.4199451e+03   8.3500000e+02
   0.0000000e+00   0.0000000e+00   7.2971718e+03   8.4200000e+02
   0.0000000e+00   0.0000000e+00   7.2363113e+03   8.4800000e+02
   0.0000000e+00   0.0000000e+00   7.2191052e+03   8.6900000e+02
   0.0000000e+00   0.0000000e+00   7.2101710e+03   1.0020000e+03
   0.0000000e+00   0.0000000e+00   7.1416066e+03   1.1370000e+03
   0.0000000e+00   0.0000000e+00   7.1302014e+03   1.1980000e+03
   0.0000000e+00   0.0000000e+00   7.0975073e+03   1.2530000e+03
   0.0000000e+00   0.0000000e+00   7.0955389e+03   1.2700000e+03
   0.0000000e+00   0.0000000e+00   7.0827356e+03   1.2890000e+03
   0.0000000e+00   0.0000000e+00   7.0493882e+03   1.3070000e+03
   0.0000000e+00   0.0000000e+00   7.0347575e+03   1.4170000e+03
   0.0000000e+00   0.0000000e+00   7.0270191e+03   1.4410000e+03
   0.0000000e+00   0.0000000e+00   7.0248289e+03   2.2080000e+03
   0.0000000e+00   0.0000000e+00   7.0228808e+03   2.3180000e+03
   0.0000000e+00   0.0000000e+00   7.0199635e+03   2.3520000e+03
   0.0000000e+00   0.0000000e+00   7.0141614e+03   2.3740000e+03
   0.0000000e+00   0.0000000e+00   7.0084052e+03   2.5390000e+03
   0.0000000e+00   0.0000000e+00   7.0068308e+03   2.6060000e+03
   0.0000000e+00   0.0000000e+00   7.0044705e+03   2.7250000e+03
   0.0000000e+00   0.0000000e+00   6.9982531e+03   3.0010000e+03
   0.0000000e+00   0.0000000e+00   6.9936132e+03   3.4410000e+03
   0.0000000e+00   0.0000000e+00   6.9916626e+03   3.4490000e+03
   0.0000000e+00   0.0000000e+00   6.9913522e+03   3.4550000e+03
   0.0000000e+00   0.0000000e+00   6.9857697e+03   3.9790000e+03
   0.0000000e+00   0.0000000e+00   6.9818441e+03   4.0890000e+03
   0.0000000e+00   0.0000000e+00   6.9789693e+03   5.0660000e+03
   0.0000000e+00   0.0000000e+00   6.9769980e+03   5.7830000e+03
   0.0000000e+00   0.0000000e+00   6.9749005e+03   6.0020000e+03
   0.0000000e+00   0.0000000e+00   6.9736185e+03   6.0830000e+03
   0.0000000e+00   0.0000000e+00   6.9717522e+03   6.3010000e+03
   0.0000000e+00   0.0000000e+00   6.9669181e+03   6.4420000e+03
   0.0000000e+00   0.0000000e+00   6.9665655e+03   7.0830000e+03
   0.0000000e+00   0.0000000e+00   6.9655812e+03   7.3650000e+03
   0.0000000e+00   0.0000000e+00   6.9646509e+03   7.5560000e+03
   0.0000000e+00   0.0000000e+00   6.9640095e+03   7.5680000e+03
   0.0000000e+00   0.0000000e+00   6.9626497e+03   7.7890000e+03
   0.0000000e+00   0.0000000e+00   6.9615203e+03   8.0460000e+03
   0.0000000e+00   0.0000000e+00   6.9598567e+03   8.1920000e+03
   0.0000000e+00   0.0000000e+00   6.9587037e+03   8.5070000e+03
   0.0000000e+00   0.0000000e+00   6.9577209e+03   8.6690000e+03
   0.0000000e+00   0.0000000e+00   6.9570733e+03   8.9390000e+03
   0.0000000e+00   0.0000000e+00   6.9568155e+03   9.1270000e+03
   0.0000000e+00   0.0000000e+00   6.9567796e+03   1.0435000e+04
   0.0000000e+00   0.0000000e+00   6.9565323e+03   1.0731000e+04
   0.0000000e+00   0.0000000e+00   6.9557833e+03   1.0823000e+04
   0.0000000e+00   0.0000000e+00   6.9552137e+03   1.1364000e+04
   0.0000000e+00   0.0000000e+00   6.9545942e+03   1.1458000e+04
   0.0000000e+00   0.0000000e+00   6.9539884e+03   1.3181000e+04
   0.0000000e+00   0.0000000e+00   6.9523894e+03   1.5160000e+04
   0.0000000e+00   0.0000000e+00   6.9515968e+03   1.5413000e+04
   0.0000000e+00   0.0000000e+00   6.9511407e+03   1.5597000e+04
   0.0000000e+00   0.0000000e+00   6.9507345e+03   1.6067000e+04
   0.0000000e+00   0.0000000e+00   6.9498012e+03   1.6334000e+04
   0.0000000e+00   0.0000000e+00   6.9487117e+03   1.6336000e+04
   0.0000000e+00   0.0000000e+00   6.9480132e+03   1.6373000e+04
   0.0000000e+00   0.0000000e+00   6.9475760e+03   1.8457000e+04
   0.0000000e+00   0.0000000e+00   6.9468017e+03   1.8925000e+04
   0.0000000e+00   0.0000000e+00   6.8758876e+03   1.9776000e+04
   0.0000000e+00   0.0000000e+00   6.8753284e+03   1.9828000e+04
   0.0000000e+00   0.0000000e+00   6.8750820e+03   1.9915000e+04
   0.0000000e+00   0.0000000e+00   6.8743849e+03   1.9947000e+04
   0.0000000e+00   0.0000000e+00   6.8711314e+03   2.0459000e+04
   0.0000000e+00   0.0000000e+00   6.8701846e+03   2.0479000e+04
   0.0000000e+00   0.0000000e+00   6.8701022e+03   2.0482000e+04
   0.0000000e+00   0.0000000e+00   6.8697551e+03   2.1197000e+04
   0.0000000e+00   0.0000000e+00   6.8693864e+03   2.3982000e+04
   0.0000000e+00   0.0000000e+00   6.8688458e+03   2.4097000e+04
   0.0000000e+00   0.0000000e+00   6.8684981e+03   2.6417000e+04
   0.0000000e+00   0.0000000e+00   6.8681219e+03   2.7599000e+04
   0.0000000e+00   0.0000000e+00   6.8680395e+03   2.9724000e+04
   0.0000000e+00   0.0000000e+00   6.8680395e+03   2.9808000e+04
   0.0000000e+00   0.0000000e+00   6.8677786e+03   3.0037000e+04
   0.0000000e+00   0.0000000e+00   6.8676031e+03   3.2931000e+04
   0.0000000e+00   0.0000000e+00   6.8676031e+03   3.5956000e+04
   0.0000000e+00   0.0000000e+00   6.8675208e+03   3.6359000e+04
   0.0000000e+00   0.0000000e+00   6.8675208e+03   3.6406000e+04
   0.0000000e+00   0.0000000e+00   6.8675208e+03   3.8304000e+04
   0.0000000e+00   0.0000000e+00   6.8670905e+03   4.1227000e+04
   0.0000000e+00   0.0000000e+00   6.8670905e+03   4.1243000e+04
   0.0000000e+00   0.0000000e+00   6.8669039e+03   4.1399000e+04
   0.0000000e+00   0.0000000e+00   6.8669039e+03   4.2820000e+04
   0.0000000e+00   0.0000000e+00   6.8669039e+03   4.4915000e+04
   0.0000000e+00   0.0000000e+00   6.8669039e+03   4.9062000e+04
   0.0000000e+00   0.0000000e+00   6.8669039e+03   4.9271000e+04
   0.0000000e+00   0.0000000e+00   6.8669039e+03   4.9927000e+04
   0.0000000e+00   0.0000000e+00   6.8669039e+03   5.0162000e+04
   0.0000000e+00   0.0000000e+00   6.8669039e+03   5.0495000e+04
   0.0000000e+00   0.0000000e+00   6.7923579e+03   5.1748000e+04
   0.0000000e+00   0.0000000e+00   6.7922756e+03   5.4382000e+04
   0.0000000e+00   0.0000000e+00   6.7920373e+03   5.6555000e+04
   0.0000000e+00   0.0000000e+00   6.7920373e+03   5.8054000e+04
   0.0000000e+00   0.0000000e+00   6.7433316e+03   6.0009000e+04
   0.0000000e+00   0.0000000e+00   6.7433316e+03   7.0579000e+04
   0.0000000e+00   0.0000000e+00   6.7430028e+03   7.1043000e+04
   0.0000000e+00   0.0000000e+00   6.7430028e+03   8.8305000e+04
   0.0000000e+00   0.0000000e+00   6.7430028e+03   9.3487000e+04
   0.0000000e+00   0.0000000e+00   6.7430028e+03   9.4638000e+04
   0.0000000e+00   0.0000000e+00   6.7430028e+03   1.0128500e+05
   0.0000000e+00   0.0000000e+00   6.7430028e+03   1.0651200e+05
   0.0000000e+00   0.0000000e+00   6.7428128e+03   1.0799500e+05
   0.0000000e+00   0.0000000e+00   6.7428128e+03   1.1589700e+05
   0.0000000e+00   0.0000000e+00   6.7428128e+03   1.1753600e+05
   0.0000000e+00   0.0000000e+00   6.7428128e+03   1.3045900e+05
   0.0000000e+00   0.0000000e+00   6.7428128e+03   1.3630200e+05
   0.0000000e+00   0.0000000e+00   6.7428128e+03   1.3722000e+05
   0.0000000e+00   0.0000000e+00   6.7428128e+03   1.4018300e+05
   0.0000000e+00   0.0000000e+00   6.7428128e+03   1.4137200e+05
   0.0000000e+00   0.0000000e+00   6.7428128e+03   1.4210300e+05
   0.0000000e+00   0.0000000e+00   6.7423948e+03   1.4576600e+05
   0.0000000e+00   0.0000000e+00   6.7423948e+03   1.5550000e+05
   0.0000000e+00   0.0000000e+00   6.7423948e+03   1.5833600e+05
   0.0000000e+00   0.0000000e+00   6.7423948e+03   1.6588100e+05
   0.0000000e+00   0.0000000e+00   6.7423948e+03   1.8078800e+05
