   1.5513465e+02   1.4666832e+00   1.5963493e+04   2.0000000e+00
   1.2941569e+02   3.5987039e-01   1.6368166e+04   5.0000000e+00
   1.2574739e+02   3.3496277e-01   1.6329171e+04   6.0000000e+00
   1.1929286e+02   2.6403097e-01   1.6775621e+04   8.0000000e+00
   1.1706777e+02   1.5854134e-01   1.7178620e+04   1.2000000e+01
   1.1617350e+02   1.5825673e-01   1.7151306e+04   1.3000000e+01
   1.0581690e+02   1.6315118e-01   1.7059702e+04   1.4000000e+01
   1.0389825e+02   1.5647420e-01   1.7091112e+04   1.6000000e+01
   1.0384657e+02   1.5427409e-01   1.7103658e+04   1.7000000e+01
   1.0364066e+02   1.5443340e-01   1.7203273e+04   2.0000000e+01
   1.0362435e+02   1.5537899e-01   1.7172814e+04   2.1000000e+01
   1.0297715e+02   1.5496978e-01   1.7361522e+04   2.2000000e+01
   1.0253817e+02   1.4387344e-01   1.7376738e+04   2.3000000e+01
   9.9602146e+01   1.2243073e-01   1.7447461e+04   2.4000000e+01
   9.7047821e+01   1.2363149e-01   1.7742364e+04   2.7000000e+01
   9.5281556e+01   1.3095770e-01   1.7696713e+04   2.9000000e+01
   8.9219995e+01   1.3116678e-01   1.7679613e+04   3.1000000e+01
   8.8512417e+01   1.2807423e-01   1.7960663e+04   3.3000000e+01
   8.7886499e+01   1.1043256e-01   1.8270188e+04   3.4000000e+01
   8.3248628e+01   1.2479429e-01   1.8235421e+04   3.5000000e+01
   6.9884032e+01   0.0000000e+00   1.8233668e+04   3.7000000e+01
   6.9232170e+01   0.0000000e+00   1.8371051e+04   3.9000000e+01
   6.0680152e+01   0.0000000e+00   1.8206501e+04   4.0000000e+01
   6.0090575e+01   0.0000000e+00   1.8207598e+04   4.1000000e+01
   5.9962607e+01   0.0000000e+00   1.8340671e+04   4.3000000e+01
   5.9943420e+01   0.0000000e+00   1.8412560e+04   4.7000000e+01
   5.7702698e+01   0.0000000e+00   1.8431701e+04   5.0000000e+01
   5.5577878e+01   0.0000000e+00   1.8554512e+04   5.1000000e+01
   5.4695770e+01   0.0000000e+00   1.8882295e+04   5.2000000e+01
   5.4546399e+01   0.0000000e+00   1.8839014e+04   5.4000000e+01
   5.4457870e+01   0.0000000e+00   1.8851364e+04   5.6000000e+01
   5.4224480e+01   0.0000000e+00   1.8653129e+04   5.8000000e+01
   5.3925036e+01   0.0000000e+00   1.8512884e+04   6.2000000e+01
   5.3611569e+01   0.0000000e+00   1.8693808e+04   6.3000000e+01
   5.3425186e+01   0.0000000e+00   1.8773854e+04   6.4000000e+01
   5.3405171e+01   0.0000000e+00   1.9016721e+04   6.5000000e+01
   4.7728594e+01   0.0000000e+00   1.8986582e+04   6.6000000e+01
   4.7185641e+01   0.0000000e+00   1.9325985e+04   6.7000000e+01
   4.5367342e+01   0.0000000e+00   1.9297224e+04   6.9000000e+01
   4.4815813e+01   0.0000000e+00   1.9571982e+04   7.3000000e+01
   4.4612874e+01   0.0000000e+00   1.9886030e+04   7.4000000e+01
   4.4101569e+01   0.0000000e+00   2.0219572e+04   7.5000000e+01
   4.3863934e+01   0.0000000e+00   2.0057960e+04   7.7000000e+01
   3.6162120e+01   0.0000000e+00   1.9897034e+04   8.2000000e+01
   3.5626242e+01   0.0000000e+00   2.0357940e+04   8.3000000e+01
   3.5605356e+01   0.0000000e+00   2.0591890e+04   8.5000000e+01
   3.3100086e+01   0.0000000e+00   2.1053915e+04   8.6000000e+01
   3.2912309e+01   0.0000000e+00   2.0987416e+04   9.3000000e+01
   3.1814385e+01   0.0000000e+00   2.1122841e+04   9.4000000e+01
   3.0898766e+01   0.0000000e+00   2.1369911e+04   9.6000000e+01
   2.5182102e+01   0.0000000e+00   2.1333327e+04   9.8000000e+01
   2.5021204e+01   0.0000000e+00   2.1176034e+04   1.0100000e+02
   2.4642934e+01   0.0000000e+00   2.1619167e+04   1.1000000e+02
   2.0982495e+01   0.0000000e+00   2.1858116e+04   1.1300000e+02
   2.0827682e+01   0.0000000e+00   2.1839945e+04   1.1400000e+02
   2.0761839e+01   0.0000000e+00   2.1921818e+04   1.2200000e+02
   2.0545149e+01   0.0000000e+00   2.2157900e+04   1.2400000e+02
   2.0523858e+01   0.0000000e+00   2.2086403e+04   1.2600000e+02
   2.0177797e+01   0.0000000e+00   2.2055033e+04   1.2800000e+02
   1.7996772e+01   0.0000000e+00   2.2428081e+04   1.3000000e+02
   1.7705170e+01   0.0000000e+00   2.2260693e+04   1.3400000e+02
   1.7669807e+01   0.0000000e+00   2.2395459e+04   1.3900000e+02
   1.7623621e+01   0.0000000e+00   2.2503044e+04   1.4200000e+02
   1.7575042e+01   0.0000000e+00   2.2564985e+04   1.4300000e+02
   1.7314706e+01   0.0000000e+00   2.2705323e+04   1.4800000e+02
   1.5910755e+01   0.0000000e+00   2.3048245e+04   1.4900000e+02
   1.5725521e+01   0.0000000e+00   2.3134888e+04   1.5800000e+02
   1.5105134e+01   0.0000000e+00   2.3408436e+04   1.6000000e+02
   1.4589814e+01   0.0000000e+00   2.3368182e+04   1.6400000e+02
   1.4206888e+01   0.0000000e+00   2.3499525e+04   1.7200000e+02
   1.4137597e+01   0.0000000e+00   2.3741519e+04   1.7600000e+02
   1.2029032e+01   0.0000000e+00   2.3641263e+04   1.7800000e+02
   9.4458164e+00   0.0000000e+00   2.3852169e+04   1.8000000e+02
   9.3674595e+00   0.0000000e+00   2.3746342e+04   1.8600000e+02
   9.3434287e+00   0.0000000e+00   2.4090898e+04   1.9200000e+02
   9.2997951e+00   0.0000000e+00   2.3687978e+04   1.9700000e+02
   9.0598103e+00   0.0000000e+00   2.3504831e+04   1.9800000e+02
   8.9696587e+00   0.0000000e+00   2.3493931e+04   2.0000000e+02
   8.5761085e+00   0.0000000e+00   2.3662971e+04   2.0200000e+02
   8.5153280e+00   0.0000000e+00   2.3669188e+04   2.0300000e+02
   8.4655893e+00   0.0000000e+00   2.4130602e+04   2.0800000e+02
   8.1038737e+00   0.0000000e+00   2.4231665e+04   2.1700000e+02
   7.8367774e+00   0.0000000e+00   2.4489266e+04   2.1900000e+02
   7.8309305e+00   0.0000000e+00   2.4473736e+04   2.2100000e+02
   7.2213617e+00   0.0000000e+00   2.4579662e+04   2.2400000e+02
   7.1563114e+00   0.0000000e+00   2.4967734e+04   2.3000000e+02
   6.2550310e+00   0.0000000e+00   2.4745441e+04   2.3400000e+02
   6.0242685e+00   0.0000000e+00   2.4924734e+04   2.3800000e+02
   5.8855148e+00   0.0000000e+00   2.5210450e+04   2.4600000e+02
   5.7293163e+00   0.0000000e+00   2.5401015e+04   2.4800000e+02
   5.6355906e+00   0.0000000e+00   2.5382928e+04   2.5000000e+02
   5.5637423e+00   0.0000000e+00   2.5700230e+04   2.5900000e+02
   5.4484602e+00   0.0000000e+00   2.5617959e+04   2.6000000e+02
   5.4400535e+00   0.0000000e+00   2.6054885e+04   2.6100000e+02
   4.6826645e+00   0.0000000e+00   2.6201451e+04   2.6700000e+02
   4.6446721e+00   0.0000000e+00   2.6507616e+04   2.6800000e+02
   4.5607092e+00   0.0000000e+00   2.6734705e+04   2.7000000e+02
   4.5245895e+00   0.0000000e+00   2.6940047e+04   2.7500000e+02
   4.4993354e+00   0.0000000e+00   2.6758755e+04   2.8200000e+02
   4.4939138e+00   0.0000000e+00   2.6483906e+04   2.8700000e+02
   4.3891755e+00   0.0000000e+00   2.6442177e+04   2.8900000e+02
   4.3304283e+00   0.0000000e+00   2.6716494e+04   2.9000000e+02
   4.2474426e+00   0.0000000e+00   2.6706444e+04   2.9500000e+02
   4.2305943e+00   0.0000000e+00   2.6990032e+04   2.9900000e+02
   4.2223656e+00   0.0000000e+00   2.6863943e+04   3.0500000e+02
   4.2053097e+00   0.0000000e+00   2.6834933e+04   3.1200000e+02
   3.8558688e+00   0.0000000e+00   2.7180888e+04   3.1500000e+02
   3.6829142e+00   0.0000000e+00   2.7646754e+04   3.1600000e+02
   3.6394602e+00   0.0000000e+00   2.8101447e+04   3.2400000e+02
   3.5431037e+00   0.0000000e+00   2.8622454e+04   3.2700000e+02
   3.5223891e+00   0.0000000e+00   2.8770008e+04   3.3100000e+02
   3.5140778e+00   0.0000000e+00   2.8615155e+04   3.3500000e+02
   3.5016810e+00   0.0000000e+00   2.8347916e+04   3.4100000e+02
   3.4806366e+00   0.0000000e+00   2.8417919e+04   3.4400000e+02
   3.2295835e+00   0.0000000e+00   2.8379639e+04   3.4500000e+02
   3.2197047e+00   0.0000000e+00   2.8506317e+04   3.4800000e+02
   3.2015307e+00   0.0000000e+00   2.9131018e+04   3.5000000e+02
   3.1319124e+00   0.0000000e+00   2.9280627e+04   3.5100000e+02
   3.0737902e+00   0.0000000e+00   2.9043848e+04   3.5500000e+02
   2.9546610e+00   0.0000000e+00   2.8989675e+04   3.6000000e+02
   2.9078593e+00   0.0000000e+00   2.8865848e+04   3.8300000e+02
   2.9027691e+00   0.0000000e+00   2.8854806e+04   3.8400000e+02
   2.8257802e+00   0.0000000e+00   2.9231615e+04   3.8600000e+02
   2.8140195e+00   0.0000000e+00   2.9158389e+04   3.9900000e+02
   1.3847944e+00   0.0000000e+00   2.8942105e+04   4.0800000e+02
   1.3833924e+00   0.0000000e+00   2.9001638e+04   4.0900000e+02
   1.3704553e+00   0.0000000e+00   2.8836974e+04   4.1000000e+02
   1.2784940e+00   0.0000000e+00   2.9201343e+04   4.1100000e+02
   1.2052408e+00   0.0000000e+00   2.8951411e+04   4.1300000e+02
   8.4468906e-01   0.0000000e+00   2.8582170e+04   4.1500000e+02
   7.2877345e-01   0.0000000e+00   2.8455475e+04   4.2000000e+02
   6.9385566e-01   0.0000000e+00   2.8689652e+04   4.2300000e+02
   6.6246432e-01   0.0000000e+00   2.8971426e+04   4.2500000e+02
   6.5664938e-01   0.0000000e+00   2.9128682e+04   4.3000000e+02
   6.5233562e-01   0.0000000e+00   2.9418088e+04   4.3300000e+02
   6.4408794e-01   0.0000000e+00   2.9520144e+04   4.4300000e+02
   5.3007457e-01   0.0000000e+00   2.9157063e+04   4.5700000e+02
   5.2897527e-01   0.0000000e+00   2.9420835e+04   4.5900000e+02
   5.0278560e-01   0.0000000e+00   2.9524228e+04   4.6200000e+02
   4.6621182e-01   0.0000000e+00   2.9200405e+04   4.6300000e+02
   4.4993123e-01   0.0000000e+00   2.9556411e+04   4.6500000e+02
   3.8658492e-01   0.0000000e+00   2.9307556e+04   4.7100000e+02
   3.8425643e-01   0.0000000e+00   2.9365844e+04   4.8500000e+02
   3.7453377e-01   0.0000000e+00   2.9219455e+04   4.8700000e+02
   3.7263667e-01   0.0000000e+00   2.9448407e+04   4.8900000e+02
   3.1868948e-01   0.0000000e+00   3.0152957e+04   4.9500000e+02
   3.0963076e-01   0.0000000e+00   3.0291944e+04   5.0700000e+02
   2.8197925e-01   0.0000000e+00   3.0330307e+04   5.0800000e+02
   2.8189354e-01   0.0000000e+00   3.0232263e+04   5.2100000e+02
   2.5823166e-01   0.0000000e+00   3.0656110e+04   5.2200000e+02
   2.1813465e-01   0.0000000e+00   3.1194567e+04   5.3400000e+02
   1.7455719e-01   0.0000000e+00   3.1578606e+04   5.3500000e+02
   1.6504354e-01   0.0000000e+00   3.1542361e+04   5.4600000e+02
   1.6012642e-01   0.0000000e+00   3.1498391e+04   5.6200000e+02
   1.2658302e-01   0.0000000e+00   3.1362655e+04   5.6600000e+02
   1.2575630e-01   0.0000000e+00   3.1205871e+04   6.0200000e+02
   1.2570794e-01   0.0000000e+00   3.1131272e+04   6.1000000e+02
   1.2455116e-01   0.0000000e+00   3.1423004e+04   6.1500000e+02
   1.1780407e-01   0.0000000e+00   3.1459011e+04   6.1600000e+02
   1.1562150e-01   0.0000000e+00   3.1345199e+04   6.2300000e+02
   1.1540310e-01   0.0000000e+00   3.1448605e+04   6.2700000e+02
   1.1456680e-01   0.0000000e+00   3.1156074e+04   6.4400000e+02
   1.0948825e-01   0.0000000e+00   3.0937799e+04   6.4600000e+02
   1.0582524e-01   0.0000000e+00   3.0827604e+04   6.6300000e+02
   5.9818240e-03   0.0000000e+00   3.1070133e+04   6.7400000e+02
   0.0000000e+00   0.0000000e+00   3.0735074e+04   6.7800000e+02
   0.0000000e+00   0.0000000e+00   3.0579435e+04   6.8000000e+02
   0.0000000e+00   0.0000000e+00   3.0364851e+04   6.8200000e+02
   0.0000000e+00   0.0000000e+00   3.0363363e+04   6.9100000e+02
   0.0000000e+00   0.0000000e+00   3.0296160e+04   6.9500000e+02
   0.0000000e+00   0.0000000e+00   3.0071179e+04   7.0100000e+02
   0.0000000e+00   0.0000000e+00   2.9904673e+04   7.1300000e+02
   0.0000000e+00   0.0000000e+00   2.9779722e+04   7.1800000e+02
   0.0000000e+00   0.0000000e+00   2.9638946e+04   7.2800000e+02
   0.0000000e+00   0.0000000e+00   2.9573516e+04   7.3700000e+02
   0.0000000e+00   0.0000000e+00   2.9516419e+04   7.3800000e+02
   0.0000000e+00   0.0000000e+00   2.9249620e+04   7.4700000e+02
   0.0000000e+00   0.0000000e+00   2.9181963e+04   7.5300000e+02
   0.0000000e+00   0.0000000e+00   2.8934755e+04   7.7100000e+02
   0.0000000e+00   0.0000000e+00   2.8782603e+04   7.9700000e+02
   0.0000000e+00   0.0000000e+00   2.8516105e+04   8.0100000e+02
   0.0000000e+00   0.0000000e+00   2.8381734e+04   8.1500000e+02
   0.0000000e+00   0.0000000e+00   2.8292329e+04   8.1900000e+02
   0.0000000e+00   0.0000000e+00   2.8002585e+04   8.2600000e+02
   0.0000000e+00   0.0000000e+00   2.7970922e+04   8.3100000e+02
   0.0000000e+00   0.0000000e+00   2.7918009e+04   8.3600000e+02
   0.0000000e+00   0.0000000e+00   2.7848720e+04   8.3900000e+02
   0.0000000e+00   0.0000000e+00   2.7776021e+04   8.4000000e+02
   0.0000000e+00   0.0000000e+00   2.7622461e+04   8.4300000e+02
   0.0000000e+00   0.0000000e+00   2.7526146e+04   8.4700000e+02
   0.0000000e+00   0.0000000e+00   2.7436020e+04   8.4800000e+02
   0.0000000e+00   0.0000000e+00   2.7320759e+04   8.5600000e+02
   0.0000000e+00   0.0000000e+00   2.7298355e+04   8.5800000e+02
   0.0000000e+00   0.0000000e+00   2.7285705e+04   8.6300000e+02
   0.0000000e+00   0.0000000e+00   2.7238676e+04   8.6400000e+02
   0.0000000e+00   0.0000000e+00   2.7169745e+04   8.8900000e+02
   0.0000000e+00   0.0000000e+00   2.6968315e+04   8.9000000e+02
   0.0000000e+00   0.0000000e+00   2.6957117e+04   8.9300000e+02
   0.0000000e+00   0.0000000e+00   2.6871966e+04   8.9800000e+02
   0.0000000e+00   0.0000000e+00   2.6703905e+04   9.0800000e+02
   0.0000000e+00   0.0000000e+00   2.6559001e+04   9.1100000e+02
   0.0000000e+00   0.0000000e+00   2.6308899e+04   9.1200000e+02
   0.0000000e+00   0.0000000e+00   2.6212256e+04   9.1500000e+02
   0.0000000e+00   0.0000000e+00   2.6122370e+04   9.3200000e+02
   0.0000000e+00   0.0000000e+00   2.6110497e+04   9.4700000e+02
   0.0000000e+00   0.0000000e+00   2.6077303e+04   9.5300000e+02
   0.0000000e+00   0.0000000e+00   2.5862438e+04   9.7700000e+02
   0.0000000e+00   0.0000000e+00   2.5768411e+04   9.8200000e+02
   0.0000000e+00   0.0000000e+00   2.5705724e+04   9.8700000e+02
   0.0000000e+00   0.0000000e+00   2.5631695e+04   9.8900000e+02
   0.0000000e+00   0.0000000e+00   2.5376832e+04   9.9800000e+02
   0.0000000e+00   0.0000000e+00   2.5153519e+04   1.0020000e+03
   0.0000000e+00   0.0000000e+00   2.5103014e+04   1.0160000e+03
   0.0000000e+00   0.0000000e+00   2.4917610e+04   1.0210000e+03
   0.0000000e+00   0.0000000e+00   2.4911322e+04   1.0240000e+03
   0.0000000e+00   0.0000000e+00   2.4677287e+04   1.0290000e+03
   0.0000000e+00   0.0000000e+00   2.4639631e+04   1.0360000e+03
   0.0000000e+00   0.0000000e+00   2.4509226e+04   1.0380000e+03
   0.0000000e+00   0.0000000e+00   2.4495886e+04   1.0400000e+03
   0.0000000e+00   0.0000000e+00   2.4417376e+04   1.0420000e+03
   0.0000000e+00   0.0000000e+00   2.4404415e+04   1.0600000e+03
   0.0000000e+00   0.0000000e+00   2.4261637e+04   1.0670000e+03
   0.0000000e+00   0.0000000e+00   2.4083154e+04   1.0690000e+03
   0.0000000e+00   0.0000000e+00   2.3861897e+04   1.0710000e+03
   0.0000000e+00   0.0000000e+00   2.3858509e+04   1.0910000e+03
   0.0000000e+00   0.0000000e+00   2.3809865e+04   1.0920000e+03
   0.0000000e+00   0.0000000e+00   2.3770100e+04   1.1220000e+03
   0.0000000e+00   0.0000000e+00   2.3563867e+04   1.1410000e+03
   0.0000000e+00   0.0000000e+00   2.3314347e+04   1.1450000e+03
   0.0000000e+00   0.0000000e+00   2.3303945e+04   1.1530000e+03
   0.0000000e+00   0.0000000e+00   2.3202715e+04   1.1730000e+03
   0.0000000e+00   0.0000000e+00   2.3096317e+04   1.1850000e+03
   0.0000000e+00   0.0000000e+00   2.2982822e+04   1.2490000e+03
   0.0000000e+00   0.0000000e+00   2.2924544e+04   1.2530000e+03
   0.0000000e+00   0.0000000e+00   2.2761426e+04   1.2570000e+03
   0.0000000e+00   0.0000000e+00   2.2733845e+04   1.2650000e+03
   0.0000000e+00   0.0000000e+00   2.2624416e+04   1.2660000e+03
   0.0000000e+00   0.0000000e+00   2.2354132e+04   1.2770000e+03
   0.0000000e+00   0.0000000e+00   2.2344961e+04   1.2880000e+03
   0.0000000e+00   0.0000000e+00   2.2097481e+04   1.3160000e+03
   0.0000000e+00   0.0000000e+00   2.2021316e+04   1.3540000e+03
   0.0000000e+00   0.0000000e+00   2.1745107e+04   1.3580000e+03
   0.0000000e+00   0.0000000e+00   2.1586002e+04   1.3700000e+03
   0.0000000e+00   0.0000000e+00   2.1493931e+04   1.3820000e+03
   0.0000000e+00   0.0000000e+00   2.1484899e+04   1.3950000e+03
   0.0000000e+00   0.0000000e+00   2.1473484e+04   1.3980000e+03
   0.0000000e+00   0.0000000e+00   2.1281222e+04   1.4000000e+03
   0.0000000e+00   0.0000000e+00   2.1086051e+04   1.4260000e+03
   0.0000000e+00   0.0000000e+00   2.1085970e+04   1.4630000e+03
   0.0000000e+00   0.0000000e+00   2.1068258e+04   1.4930000e+03
   0.0000000e+00   0.0000000e+00   2.1000600e+04   1.4940000e+03
   0.0000000e+00   0.0000000e+00   2.0790924e+04   1.5050000e+03
   0.0000000e+00   0.0000000e+00   2.0727019e+04   1.5080000e+03
   0.0000000e+00   0.0000000e+00   2.0618183e+04   1.5110000e+03
   0.0000000e+00   0.0000000e+00   2.0414503e+04   1.5120000e+03
   0.0000000e+00   0.0000000e+00   2.0402792e+04   1.5300000e+03
   0.0000000e+00   0.0000000e+00   2.0227236e+04   1.5360000e+03
   0.0000000e+00   0.0000000e+00   2.0149747e+04   1.5490000e+03
   0.0000000e+00   0.0000000e+00   2.0131809e+04   1.5570000e+03
   0.0000000e+00   0.0000000e+00   1.9975389e+04   1.5870000e+03
   0.0000000e+00   0.0000000e+00   1.9947352e+04   1.6110000e+03
   0.0000000e+00   0.0000000e+00   1.9879226e+04   1.6150000e+03
   0.0000000e+00   0.0000000e+00   1.9789978e+04   1.6420000e+03
   0.0000000e+00   0.0000000e+00   1.9685455e+04   1.6460000e+03
   0.0000000e+00   0.0000000e+00   1.9642363e+04   1.6470000e+03
   0.0000000e+00   0.0000000e+00   1.9609920e+04   1.6940000e+03
   0.0000000e+00   0.0000000e+00   1.9602633e+04   1.7190000e+03
   0.0000000e+00   0.0000000e+00   1.9334146e+04   1.7290000e+03
   0.0000000e+00   0.0000000e+00   1.9283574e+04   1.7440000e+03
   0.0000000e+00   0.0000000e+00   1.9218696e+04   1.7450000e+03
   0.0000000e+00   0.0000000e+00   1.9065028e+04   1.7460000e+03
   0.0000000e+00   0.0000000e+00   1.8938771e+04   1.7500000e+03
   0.0000000e+00   0.0000000e+00   1.8864927e+04   1.7620000e+03
   0.0000000e+00   0.0000000e+00   1.8726418e+04   1.7800000e+03
   0.0000000e+00   0.0000000e+00   1.8723865e+04   1.8020000e+03
   0.0000000e+00   0.0000000e+00   1.8617817e+04   1.8030000e+03
   0.0000000e+00   0.0000000e+00   1.8590701e+04   1.8540000e+03
   0.0000000e+00   0.0000000e+00   1.8559700e+04   1.8790000e+03
   0.0000000e+00   0.0000000e+00   1.8534030e+04   1.9320000e+03
   0.0000000e+00   0.0000000e+00   1.8528914e+04   1.9770000e+03
   0.0000000e+00   0.0000000e+00   1.8511523e+04   2.0140000e+03
   0.0000000e+00   0.0000000e+00   1.8449393e+04   2.0210000e+03
   0.0000000e+00   0.0000000e+00   1.8311033e+04   2.0510000e+03
   0.0000000e+00   0.0000000e+00   1.8223467e+04   2.0930000e+03
   0.0000000e+00   0.0000000e+00   1.8199846e+04   2.1030000e+03
   0.0000000e+00   0.0000000e+00   1.8154595e+04   2.1120000e+03
   0.0000000e+00   0.0000000e+00   1.8059668e+04   2.1150000e+03
   0.0000000e+00   0.0000000e+00   1.7917092e+04   2.1160000e+03
   0.0000000e+00   0.0000000e+00   1.7902378e+04   2.1210000e+03
   0.0000000e+00   0.0000000e+00   1.7863886e+04   2.1220000e+03
   0.0000000e+00   0.0000000e+00   1.7730898e+04   2.1230000e+03
   0.0000000e+00   0.0000000e+00   1.7703239e+04   2.2100000e+03
   0.0000000e+00   0.0000000e+00   1.7677811e+04   2.2140000e+03
   0.0000000e+00   0.0000000e+00   1.7658353e+04   2.2290000e+03
   0.0000000e+00   0.0000000e+00   1.7591355e+04   2.2480000e+03
   0.0000000e+00   0.0000000e+00   1.7582325e+04   2.2530000e+03
   0.0000000e+00   0.0000000e+00   1.7529904e+04   2.2730000e+03
   0.0000000e+00   0.0000000e+00   1.7509949e+04   2.2760000e+03
   0.0000000e+00   0.0000000e+00   1.7489803e+04   2.2780000e+03
   0.0000000e+00   0.0000000e+00   1.7419610e+04   2.2910000e+03
   0.0000000e+00   0.0000000e+00   1.7358662e+04   2.3000000e+03
   0.0000000e+00   0.0000000e+00   1.7259934e+04   2.3060000e+03
   0.0000000e+00   0.0000000e+00   1.7138735e+04   2.3180000e+03
   0.0000000e+00   0.0000000e+00   1.7089108e+04   2.3220000e+03
   0.0000000e+00   0.0000000e+00   1.6977984e+04   2.3250000e+03
   0.0000000e+00   0.0000000e+00   1.6710845e+04   2.3460000e+03
   0.0000000e+00   0.0000000e+00   1.6626713e+04   2.3860000e+03
   0.0000000e+00   0.0000000e+00   1.6615563e+04   2.3880000e+03
   0.0000000e+00   0.0000000e+00   1.6560667e+04   2.4050000e+03
   0.0000000e+00   0.0000000e+00   1.6476821e+04   2.4090000e+03
   0.0000000e+00   0.0000000e+00   1.6401892e+04   2.4120000e+03
   0.0000000e+00   0.0000000e+00   1.6398511e+04   2.4130000e+03
   0.0000000e+00   0.0000000e+00   1.6370480e+04   2.4140000e+03
   0.0000000e+00   0.0000000e+00   1.6174316e+04   2.4230000e+03
   0.0000000e+00   0.0000000e+00   1.6076922e+04   2.4340000e+03
   0.0000000e+00   0.0000000e+00   1.5995797e+04   2.4370000e+03
   0.0000000e+00   0.0000000e+00   1.5985040e+04   2.4390000e+03
   0.0000000e+00   0.0000000e+00   1.5969064e+04   2.4570000e+03
   0.0000000e+00   0.0000000e+00   1.5951416e+04   2.4600000e+03
   0.0000000e+00   0.0000000e+00   1.5935601e+04   2.4660000e+03
   0.0000000e+00   0.0000000e+00   1.5921505e+04   2.4690000e+03
   0.0000000e+00   0.0000000e+00   1.5763256e+04   2.4760000e+03
   0.0000000e+00   0.0000000e+00   1.5670721e+04   2.4770000e+03
   0.0000000e+00   0.0000000e+00   1.5620898e+04   2.4800000e+03
   0.0000000e+00   0.0000000e+00   1.5620108e+04   2.5180000e+03
   0.0000000e+00   0.0000000e+00   1.5550594e+04   2.5460000e+03
   0.0000000e+00   0.0000000e+00   1.5492611e+04   2.5580000e+03
   0.0000000e+00   0.0000000e+00   1.5409639e+04   2.5850000e+03
   0.0000000e+00   0.0000000e+00   1.5398654e+04   2.6090000e+03
   0.0000000e+00   0.0000000e+00   1.5374155e+04   2.6100000e+03
   0.0000000e+00   0.0000000e+00   1.5301577e+04   2.6350000e+03
   0.0000000e+00   0.0000000e+00   1.5281870e+04   2.6410000e+03
   0.0000000e+00   0.0000000e+00   1.5250594e+04   2.6650000e+03
   0.0000000e+00   0.0000000e+00   1.5214372e+04   2.6990000e+03
   0.0000000e+00   0.0000000e+00   1.5181344e+04   2.7070000e+03
   0.0000000e+00   0.0000000e+00   1.5163995e+04   2.7220000e+03
   0.0000000e+00   0.0000000e+00   1.5123402e+04   2.7320000e+03
   0.0000000e+00   0.0000000e+00   1.5119047e+04   2.7420000e+03
   0.0000000e+00   0.0000000e+00   1.5112027e+04   2.7530000e+03
   0.0000000e+00   0.0000000e+00   1.5023437e+04   2.7540000e+03
   0.0000000e+00   0.0000000e+00   1.5012679e+04   2.7610000e+03
   0.0000000e+00   0.0000000e+00   1.4945488e+04   2.7680000e+03
   0.0000000e+00   0.0000000e+00   1.4914343e+04   2.7760000e+03
   0.0000000e+00   0.0000000e+00   1.4912369e+04   2.7850000e+03
   0.0000000e+00   0.0000000e+00   1.4878802e+04   2.7920000e+03
   0.0000000e+00   0.0000000e+00   1.4868967e+04   2.8100000e+03
   0.0000000e+00   0.0000000e+00   1.4800140e+04   2.8110000e+03
   0.0000000e+00   0.0000000e+00   1.4774211e+04   2.8310000e+03
   0.0000000e+00   0.0000000e+00   1.4755817e+04   2.8460000e+03
   0.0000000e+00   0.0000000e+00   1.4725500e+04   2.8630000e+03
   0.0000000e+00   0.0000000e+00   1.4721344e+04   2.8710000e+03
   0.0000000e+00   0.0000000e+00   1.4719354e+04   2.8780000e+03
   0.0000000e+00   0.0000000e+00   1.4689754e+04   2.8800000e+03
   0.0000000e+00   0.0000000e+00   1.4642622e+04   2.9120000e+03
   0.0000000e+00   0.0000000e+00   1.4610290e+04   2.9130000e+03
   0.0000000e+00   0.0000000e+00   1.4596069e+04   2.9610000e+03
   0.0000000e+00   0.0000000e+00   1.4560533e+04   2.9690000e+03
   0.0000000e+00   0.0000000e+00   1.4495894e+04   2.9730000e+03
   0.0000000e+00   0.0000000e+00   1.4445174e+04   2.9970000e+03
   0.0000000e+00   0.0000000e+00   1.4409419e+04   3.0000000e+03
   0.0000000e+00   0.0000000e+00   1.4370773e+04   3.0390000e+03
   0.0000000e+00   0.0000000e+00   1.4258690e+04   3.0420000e+03
   0.0000000e+00   0.0000000e+00   1.4132831e+04   3.0830000e+03
   0.0000000e+00   0.0000000e+00   1.4088680e+04   3.0920000e+03
   0.0000000e+00   0.0000000e+00   1.4043914e+04   3.1380000e+03
   0.0000000e+00   0.0000000e+00   1.4000138e+04   3.1970000e+03
   0.0000000e+00   0.0000000e+00   1.3870374e+04   3.2040000e+03
   0.0000000e+00   0.0000000e+00   1.3860008e+04   3.2230000e+03
   0.0000000e+00   0.0000000e+00   1.3853805e+04   3.2470000e+03
   0.0000000e+00   0.0000000e+00   1.3823786e+04   3.2490000e+03
   0.0000000e+00   0.0000000e+00   1.3820433e+04   3.2620000e+03
   0.0000000e+00   0.0000000e+00   1.3797386e+04   3.3110000e+03
   0.0000000e+00   0.0000000e+00   1.3746777e+04   3.3300000e+03
   0.0000000e+00   0.0000000e+00   1.3726710e+04   3.4640000e+03
   0.0000000e+00   0.0000000e+00   1.3715542e+04   3.4740000e+03
   0.0000000e+00   0.0000000e+00   1.3652050e+04   3.4780000e+03
   0.0000000e+00   0.0000000e+00   1.3581251e+04   3.4990000e+03
   0.0000000e+00   0.0000000e+00   1.3562149e+04   3.5070000e+03
   0.0000000e+00   0.0000000e+00   1.3556466e+04   3.5630000e+03
   0.0000000e+00   0.0000000e+00   1.3506305e+04   3.5770000e+03
   0.0000000e+00   0.0000000e+00   1.3478326e+04   3.5840000e+03
   0.0000000e+00   0.0000000e+00   1.3470211e+04   3.6410000e+03
   0.0000000e+00   0.0000000e+00   1.3452314e+04   3.6560000e+03
   0.0000000e+00   0.0000000e+00   1.3341611e+04   3.7080000e+03
   0.0000000e+00   0.0000000e+00   1.3300976e+04   3.7160000e+03
   0.0000000e+00   0.0000000e+00   1.3257794e+04   3.7510000e+03
   0.0000000e+00   0.0000000e+00   1.3248839e+04   3.7790000e+03
   0.0000000e+00   0.0000000e+00   1.3087197e+04   3.7990000e+03
   0.0000000e+00   0.0000000e+00   1.2980946e+04   3.8170000e+03
   0.0000000e+00   0.0000000e+00   1.2899833e+04   3.8190000e+03
   0.0000000e+00   0.0000000e+00   1.2877882e+04   3.8410000e+03
   0.0000000e+00   0.0000000e+00   1.2824037e+04   3.9020000e+03
   0.0000000e+00   0.0000000e+00   1.2778340e+04   3.9100000e+03
   0.0000000e+00   0.0000000e+00   1.2771036e+04   3.9170000e+03
   0.0000000e+00   0.0000000e+00   1.2740384e+04   3.9300000e+03
   0.0000000e+00   0.0000000e+00   1.2726086e+04   3.9500000e+03
   0.0000000e+00   0.0000000e+00   1.2607792e+04   3.9640000e+03
   0.0000000e+00   0.0000000e+00   1.2584786e+04   3.9860000e+03
   0.0000000e+00   0.0000000e+00   1.2530291e+04   4.0050000e+03
   0.0000000e+00   0.0000000e+00   1.2499032e+04   4.0410000e+03
   0.0000000e+00   0.0000000e+00   1.2488429e+04   4.0520000e+03
   0.0000000e+00   0.0000000e+00   1.2405578e+04   4.0600000e+03
   0.0000000e+00   0.0000000e+00   1.2373201e+04   4.1000000e+03
   0.0000000e+00   0.0000000e+00   1.2350079e+04   4.1060000e+03
   0.0000000e+00   0.0000000e+00   1.2317266e+04   4.1230000e+03
   0.0000000e+00   0.0000000e+00   1.2309189e+04   4.1370000e+03
   0.0000000e+00   0.0000000e+00   1.2288321e+04   4.1810000e+03
   0.0000000e+00   0.0000000e+00   1.2275513e+04   4.1970000e+03
   0.0000000e+00   0.0000000e+00   1.2262469e+04   4.2110000e+03
   0.0000000e+00   0.0000000e+00   1.2207160e+04   4.2550000e+03
   0.0000000e+00   0.0000000e+00   1.2176771e+04   4.2970000e+03
   0.0000000e+00   0.0000000e+00   1.2167728e+04   4.3430000e+03
   0.0000000e+00   0.0000000e+00   1.2125374e+04   4.3510000e+03
   0.0000000e+00   0.0000000e+00   1.2107236e+04   4.3700000e+03
   0.0000000e+00   0.0000000e+00   1.2063161e+04   4.3750000e+03
   0.0000000e+00   0.0000000e+00   1.2044449e+04   4.3880000e+03
   0.0000000e+00   0.0000000e+00   1.2018113e+04   4.3950000e+03
   0.0000000e+00   0.0000000e+00   1.1993095e+04   4.4630000e+03
   0.0000000e+00   0.0000000e+00   1.1983587e+04   4.4740000e+03
   0.0000000e+00   0.0000000e+00   1.1931992e+04   4.6980000e+03
   0.0000000e+00   0.0000000e+00   1.1922755e+04   4.7470000e+03
   0.0000000e+00   0.0000000e+00   1.1881505e+04   4.8150000e+03
   0.0000000e+00   0.0000000e+00   1.1859185e+04   4.8640000e+03
   0.0000000e+00   0.0000000e+00   1.1841959e+04   4.8910000e+03
   0.0000000e+00   0.0000000e+00   1.1828082e+04   4.8960000e+03
   0.0000000e+00   0.0000000e+00   1.1777824e+04   4.9140000e+03
   0.0000000e+00   0.0000000e+00   1.1775616e+04   4.9410000e+03
   0.0000000e+00   0.0000000e+00   1.1767277e+04   5.0040000e+03
   0.0000000e+00   0.0000000e+00   1.1717831e+04   5.0070000e+03
   0.0000000e+00   0.0000000e+00   1.1692800e+04   5.0360000e+03
   0.0000000e+00   0.0000000e+00   1.1654963e+04   5.0410000e+03
   0.0000000e+00   0.0000000e+00   1.1623914e+04   5.0450000e+03
   0.0000000e+00   0.0000000e+00   1.1613258e+04   5.1020000e+03
   0.0000000e+00   0.0000000e+00   1.1545563e+04   5.1450000e+03
   0.0000000e+00   0.0000000e+00   1.1535480e+04   5.2110000e+03
   0.0000000e+00   0.0000000e+00   1.1509817e+04   5.2390000e+03
   0.0000000e+00   0.0000000e+00   1.1484473e+04   5.2880000e+03
   0.0000000e+00   0.0000000e+00   1.1473761e+04   5.3060000e+03
   0.0000000e+00   0.0000000e+00   1.1467988e+04   5.3090000e+03
   0.0000000e+00   0.0000000e+00   1.1429358e+04   5.3140000e+03
   0.0000000e+00   0.0000000e+00   1.1414657e+04   5.3320000e+03
   0.0000000e+00   0.0000000e+00   1.1407699e+04   5.3400000e+03
   0.0000000e+00   0.0000000e+00   1.1387913e+04   5.3600000e+03
   0.0000000e+00   0.0000000e+00   1.1383116e+04   5.3750000e+03
   0.0000000e+00   0.0000000e+00   1.1374441e+04   5.4010000e+03
   0.0000000e+00   0.0000000e+00   1.1374372e+04   5.4160000e+03
   0.0000000e+00   0.0000000e+00   1.1363524e+04   5.4250000e+03
   0.0000000e+00   0.0000000e+00   1.1352422e+04   5.4590000e+03
   0.0000000e+00   0.0000000e+00   1.1325161e+04   5.4630000e+03
   0.0000000e+00   0.0000000e+00   1.1323352e+04   5.4840000e+03
   0.0000000e+00   0.0000000e+00   1.1322879e+04   5.5000000e+03
   0.0000000e+00   0.0000000e+00   1.1274091e+04   5.5220000e+03
   0.0000000e+00   0.0000000e+00   1.1265382e+04   5.5500000e+03
   0.0000000e+00   0.0000000e+00   1.1258825e+04   5.5870000e+03
   0.0000000e+00   0.0000000e+00   1.1219268e+04   5.6050000e+03
   0.0000000e+00   0.0000000e+00   1.1202116e+04   5.6340000e+03
   0.0000000e+00   0.0000000e+00   1.1164046e+04   5.6530000e+03
   0.0000000e+00   0.0000000e+00   1.1098498e+04   5.7260000e+03
   0.0000000e+00   0.0000000e+00   1.1097267e+04   5.7720000e+03
   0.0000000e+00   0.0000000e+00   1.1033981e+04   5.7760000e+03
   0.0000000e+00   0.0000000e+00   1.1020308e+04   5.7800000e+03
   0.0000000e+00   0.0000000e+00   1.1011839e+04   5.7840000e+03
   0.0000000e+00   0.0000000e+00   1.1009201e+04   5.8260000e+03
   0.0000000e+00   0.0000000e+00   1.0989202e+04   5.8270000e+03
   0.0000000e+00   0.0000000e+00   1.0966391e+04   5.8340000e+03
   0.0000000e+00   0.0000000e+00   1.0961230e+04   5.8660000e+03
   0.0000000e+00   0.0000000e+00   1.0944500e+04   5.8780000e+03
   0.0000000e+00   0.0000000e+00   1.0892313e+04   5.8840000e+03
   0.0000000e+00   0.0000000e+00   1.0868296e+04   5.8880000e+03
   0.0000000e+00   0.0000000e+00   1.0812452e+04   5.9020000e+03
   0.0000000e+00   0.0000000e+00   1.0808186e+04   5.9130000e+03
   0.0000000e+00   0.0000000e+00   1.0786897e+04   5.9590000e+03
   0.0000000e+00   0.0000000e+00   1.0742758e+04   5.9690000e+03
   0.0000000e+00   0.0000000e+00   1.0741408e+04   6.0120000e+03
   0.0000000e+00   0.0000000e+00   1.0730538e+04   6.0270000e+03
   0.0000000e+00   0.0000000e+00   1.0708107e+04   6.0460000e+03
   0.0000000e+00   0.0000000e+00   1.0657403e+04   6.0590000e+03
   0.0000000e+00   0.0000000e+00   1.0624559e+04   6.0620000e+03
   0.0000000e+00   0.0000000e+00   1.0576827e+04   6.0740000e+03
   0.0000000e+00   0.0000000e+00   1.0575414e+04   6.0990000e+03
   0.0000000e+00   0.0000000e+00   1.0542162e+04   6.1080000e+03
   0.0000000e+00   0.0000000e+00   1.0502855e+04   6.1120000e+03
   0.0000000e+00   0.0000000e+00   1.0482311e+04   6.1180000e+03
   0.0000000e+00   0.0000000e+00   1.0474904e+04   6.1430000e+03
   0.0000000e+00   0.0000000e+00   1.0447517e+04   6.1500000e+03
   0.0000000e+00   0.0000000e+00   1.0411982e+04   6.1510000e+03
   0.0000000e+00   0.0000000e+00   1.0405363e+04   6.1580000e+03
   0.0000000e+00   0.0000000e+00   1.0376042e+04   6.1770000e+03
   0.0000000e+00   0.0000000e+00   1.0340375e+04   6.2070000e+03
   0.0000000e+00   0.0000000e+00   1.0289406e+04   6.2800000e+03
   0.0000000e+00   0.0000000e+00   1.0262670e+04   6.2820000e+03
   0.0000000e+00   0.0000000e+00   1.0255355e+04   6.2970000e+03
   0.0000000e+00   0.0000000e+00   1.0232491e+04   6.3340000e+03
   0.0000000e+00   0.0000000e+00   1.0218434e+04   6.3380000e+03
   0.0000000e+00   0.0000000e+00   1.0165295e+04   6.3570000e+03
   0.0000000e+00   0.0000000e+00   1.0061658e+04   6.4530000e+03
   0.0000000e+00   0.0000000e+00   1.0055419e+04   6.4670000e+03
   0.0000000e+00   0.0000000e+00   1.0041804e+04   6.4920000e+03
   0.0000000e+00   0.0000000e+00   1.0010468e+04   6.5180000e+03
   0.0000000e+00   0.0000000e+00   9.9809066e+03   6.5410000e+03
   0.0000000e+00   0.0000000e+00   9.9763150e+03   6.5500000e+03
   0.0000000e+00   0.0000000e+00   9.9689075e+03   6.5590000e+03
   0.0000000e+00   0.0000000e+00   9.8721965e+03   6.6270000e+03
   0.0000000e+00   0.0000000e+00   9.8636141e+03   6.6410000e+03
   0.0000000e+00   0.0000000e+00   9.8395354e+03   6.6570000e+03
   0.0000000e+00   0.0000000e+00   9.8277367e+03   6.6940000e+03
   0.0000000e+00   0.0000000e+00   9.8257291e+03   6.7180000e+03
   0.0000000e+00   0.0000000e+00   9.8186675e+03   6.7990000e+03
   0.0000000e+00   0.0000000e+00   9.7973388e+03   6.8050000e+03
   0.0000000e+00   0.0000000e+00   9.7937028e+03   6.8080000e+03
   0.0000000e+00   0.0000000e+00   9.7890312e+03   6.8990000e+03
   0.0000000e+00   0.0000000e+00   9.7733572e+03   7.0260000e+03
   0.0000000e+00   0.0000000e+00   9.7310482e+03   7.0310000e+03
   0.0000000e+00   0.0000000e+00   9.7202816e+03   7.0520000e+03
   0.0000000e+00   0.0000000e+00   9.7146985e+03   7.0730000e+03
   0.0000000e+00   0.0000000e+00   9.6913799e+03   7.0770000e+03
   0.0000000e+00   0.0000000e+00   9.6597768e+03   7.0950000e+03
   0.0000000e+00   0.0000000e+00   9.6316643e+03   7.1730000e+03
   0.0000000e+00   0.0000000e+00   9.6064495e+03   7.1800000e+03
   0.0000000e+00   0.0000000e+00   9.5854285e+03   7.1950000e+03
   0.0000000e+00   0.0000000e+00   9.5653467e+03   7.2640000e+03
   0.0000000e+00   0.0000000e+00   9.5483494e+03   7.3150000e+03
   0.0000000e+00   0.0000000e+00   9.5431189e+03   7.4480000e+03
   0.0000000e+00   0.0000000e+00   9.5427437e+03   7.5100000e+03
   0.0000000e+00   0.0000000e+00   9.5268603e+03   7.6120000e+03
   0.0000000e+00   0.0000000e+00   9.5206067e+03   7.6240000e+03
   0.0000000e+00   0.0000000e+00   9.4846587e+03   7.6540000e+03
   0.0000000e+00   0.0000000e+00   9.4773063e+03   7.6960000e+03
   0.0000000e+00   0.0000000e+00   9.4735811e+03   7.7070000e+03
   0.0000000e+00   0.0000000e+00   9.4100459e+03   7.7460000e+03
   0.0000000e+00   0.0000000e+00   9.4012223e+03   7.7540000e+03
   0.0000000e+00   0.0000000e+00   9.3765825e+03   7.7840000e+03
   0.0000000e+00   0.0000000e+00   9.3663836e+03   7.9060000e+03
   0.0000000e+00   0.0000000e+00   9.3583137e+03   8.0220000e+03
   0.0000000e+00   0.0000000e+00   9.3495587e+03   8.1000000e+03
   0.0000000e+00   0.0000000e+00   9.3461089e+03   8.2410000e+03
   0.0000000e+00   0.0000000e+00   9.3409766e+03   8.2560000e+03
   0.0000000e+00   0.0000000e+00   9.3337411e+03   8.2910000e+03
   0.0000000e+00   0.0000000e+00   9.3236347e+03   8.3610000e+03
   0.0000000e+00   0.0000000e+00   9.3200366e+03   8.4480000e+03
   0.0000000e+00   0.0000000e+00   9.2702606e+03   8.4820000e+03
   0.0000000e+00   0.0000000e+00   9.2642874e+03   8.5000000e+03
   0.0000000e+00   0.0000000e+00   9.2629112e+03   8.5270000e+03
   0.0000000e+00   0.0000000e+00   9.2421522e+03   8.5700000e+03
   0.0000000e+00   0.0000000e+00   9.2113225e+03   8.6000000e+03
   0.0000000e+00   0.0000000e+00   9.1961431e+03   8.6580000e+03
   0.0000000e+00   0.0000000e+00   9.1961323e+03   8.6650000e+03
   0.0000000e+00   0.0000000e+00   9.1652134e+03   8.6770000e+03
   0.0000000e+00   0.0000000e+00   9.1322421e+03   8.7110000e+03
   0.0000000e+00   0.0000000e+00   9.1185980e+03   8.7350000e+03
   0.0000000e+00   0.0000000e+00   9.1039596e+03   8.8190000e+03
   0.0000000e+00   0.0000000e+00   9.0673950e+03   8.8630000e+03
   0.0000000e+00   0.0000000e+00   9.0564847e+03   8.9590000e+03
   0.0000000e+00   0.0000000e+00   9.0491483e+03   8.9620000e+03
   0.0000000e+00   0.0000000e+00   9.0466394e+03   9.0430000e+03
   0.0000000e+00   0.0000000e+00   9.0438925e+03   9.1070000e+03
   0.0000000e+00   0.0000000e+00   9.0236801e+03   9.2260000e+03
   0.0000000e+00   0.0000000e+00   9.0146489e+03   9.2330000e+03
   0.0000000e+00   0.0000000e+00   9.0115105e+03   9.2740000e+03
   0.0000000e+00   0.0000000e+00   9.0036882e+03   9.3360000e+03
   0.0000000e+00   0.0000000e+00   8.9719846e+03   9.3490000e+03
   0.0000000e+00   0.0000000e+00   8.9629686e+03   9.4090000e+03
   0.0000000e+00   0.0000000e+00   8.9524129e+03   9.4200000e+03
   0.0000000e+00   0.0000000e+00   8.9482575e+03   9.4370000e+03
   0.0000000e+00   0.0000000e+00   8.9450884e+03   9.4600000e+03
   0.0000000e+00   0.0000000e+00   8.9379335e+03   9.4740000e+03
   0.0000000e+00   0.0000000e+00   8.9249362e+03   9.4870000e+03
   0.0000000e+00   0.0000000e+00   8.9119922e+03   9.5550000e+03
   0.0000000e+00   0.0000000e+00   8.9057934e+03   9.6380000e+03
   0.0000000e+00   0.0000000e+00   8.8961534e+03   9.7680000e+03
   0.0000000e+00   0.0000000e+00   8.8776589e+03   9.7930000e+03
   0.0000000e+00   0.0000000e+00   8.8352741e+03   9.7940000e+03
   0.0000000e+00   0.0000000e+00   8.8317250e+03   9.8330000e+03
   0.0000000e+00   0.0000000e+00   8.8298368e+03   9.8750000e+03
   0.0000000e+00   0.0000000e+00   8.8237023e+03   9.9080000e+03
   0.0000000e+00   0.0000000e+00   8.8134076e+03   9.9200000e+03
   0.0000000e+00   0.0000000e+00   8.8130013e+03   1.0029000e+04
   0.0000000e+00   0.0000000e+00   8.8057307e+03   1.0050000e+04
   0.0000000e+00   0.0000000e+00   8.7840410e+03   1.0053000e+04
   0.0000000e+00   0.0000000e+00   8.7754658e+03   1.0087000e+04
   0.0000000e+00   0.0000000e+00   8.7592471e+03   1.0096000e+04
   0.0000000e+00   0.0000000e+00   8.7502768e+03   1.0246000e+04
   0.0000000e+00   0.0000000e+00   8.7331406e+03   1.0342000e+04
   0.0000000e+00   0.0000000e+00   8.7150752e+03   1.0506000e+04
   0.0000000e+00   0.0000000e+00   8.7115074e+03   1.0516000e+04
   0.0000000e+00   0.0000000e+00   8.7067207e+03   1.0972000e+04
   0.0000000e+00   0.0000000e+00   8.6788576e+03   1.1183000e+04
   0.0000000e+00   0.0000000e+00   8.6781148e+03   1.1566000e+04
   0.0000000e+00   0.0000000e+00   8.6375858e+03   1.1901000e+04
   0.0000000e+00   0.0000000e+00   8.6297106e+03   1.1917000e+04
   0.0000000e+00   0.0000000e+00   8.6265460e+03   1.1929000e+04
   0.0000000e+00   0.0000000e+00   8.6122001e+03   1.2136000e+04
   0.0000000e+00   0.0000000e+00   8.5898855e+03   1.2173000e+04
   0.0000000e+00   0.0000000e+00   8.5734657e+03   1.2187000e+04
   0.0000000e+00   0.0000000e+00   8.5546904e+03   1.2223000e+04
   0.0000000e+00   0.0000000e+00   8.5412894e+03   1.2227000e+04
   0.0000000e+00   0.0000000e+00   8.5304891e+03   1.2318000e+04
   0.0000000e+00   0.0000000e+00   8.5054180e+03   1.2330000e+04
   0.0000000e+00   0.0000000e+00   8.5042402e+03   1.2339000e+04
   0.0000000e+00   0.0000000e+00   8.4765344e+03   1.2344000e+04
   0.0000000e+00   0.0000000e+00   8.4672649e+03   1.2569000e+04
   0.0000000e+00   0.0000000e+00   8.4504356e+03   1.2572000e+04
   0.0000000e+00   0.0000000e+00   8.4336613e+03   1.2717000e+04
   0.0000000e+00   0.0000000e+00   8.4232767e+03   1.2784000e+04
   0.0000000e+00   0.0000000e+00   8.3992646e+03   1.3021000e+04
   0.0000000e+00   0.0000000e+00   8.3907449e+03   1.3136000e+04
   0.0000000e+00   0.0000000e+00   8.3824468e+03   1.3268000e+04
   0.0000000e+00   0.0000000e+00   8.3581953e+03   1.3436000e+04
   0.0000000e+00   0.0000000e+00   8.3381308e+03   1.3456000e+04
   0.0000000e+00   0.0000000e+00   8.3225117e+03   1.3955000e+04
   0.0000000e+00   0.0000000e+00   8.3119353e+03   1.4017000e+04
   0.0000000e+00   0.0000000e+00   8.3042321e+03   1.4019000e+04
   0.0000000e+00   0.0000000e+00   8.2744488e+03   1.4071000e+04
   0.0000000e+00   0.0000000e+00   8.2696953e+03   1.4091000e+04
   0.0000000e+00   0.0000000e+00   8.2460525e+03   1.4206000e+04
   0.0000000e+00   0.0000000e+00   8.2448806e+03   1.4272000e+04
   0.0000000e+00   0.0000000e+00   8.2111798e+03   1.4500000e+04
   0.0000000e+00   0.0000000e+00   8.1957698e+03   1.4951000e+04
   0.0000000e+00   0.0000000e+00   8.1956633e+03   1.4983000e+04
   0.0000000e+00   0.0000000e+00   8.1923437e+03   1.5250000e+04
   0.0000000e+00   0.0000000e+00   8.1738876e+03   1.5316000e+04
   0.0000000e+00   0.0000000e+00   8.1738876e+03   1.5359000e+04
   0.0000000e+00   0.0000000e+00   8.1641555e+03   1.5364000e+04
   0.0000000e+00   0.0000000e+00   8.1035084e+03   1.5463000e+04
   0.0000000e+00   0.0000000e+00   8.0869419e+03   1.5525000e+04
   0.0000000e+00   0.0000000e+00   8.0794394e+03   1.5990000e+04
   0.0000000e+00   0.0000000e+00   8.0788535e+03   1.6188000e+04
   0.0000000e+00   0.0000000e+00   8.0716327e+03   1.6317000e+04
   0.0000000e+00   0.0000000e+00   8.0673315e+03   1.6394000e+04
   0.0000000e+00   0.0000000e+00   8.0654281e+03   1.6447000e+04
   0.0000000e+00   0.0000000e+00   8.0521357e+03   1.6583000e+04
   0.0000000e+00   0.0000000e+00   8.0504165e+03   1.7039000e+04
   0.0000000e+00   0.0000000e+00   8.0382551e+03   1.7047000e+04
   0.0000000e+00   0.0000000e+00   7.9365043e+03   1.7498000e+04
   0.0000000e+00   0.0000000e+00   7.8875067e+03   1.7510000e+04
   0.0000000e+00   0.0000000e+00   7.8702741e+03   1.7635000e+04
   0.0000000e+00   0.0000000e+00   7.8573344e+03   1.7717000e+04
   0.0000000e+00   0.0000000e+00   7.8487310e+03   1.7819000e+04
   0.0000000e+00   0.0000000e+00   7.8464637e+03   1.7842000e+04
   0.0000000e+00   0.0000000e+00   7.8247539e+03   1.8212000e+04
   0.0000000e+00   0.0000000e+00   7.8033133e+03   1.8252000e+04
   0.0000000e+00   0.0000000e+00   7.7858235e+03   1.8254000e+04
   0.0000000e+00   0.0000000e+00   7.7836384e+03   1.9485000e+04
   0.0000000e+00   0.0000000e+00   7.7686572e+03   1.9591000e+04
   0.0000000e+00   0.0000000e+00   7.7649045e+03   2.0010000e+04
   0.0000000e+00   0.0000000e+00   7.7596714e+03   2.0080000e+04
   0.0000000e+00   0.0000000e+00   7.7464730e+03   2.0457000e+04
   0.0000000e+00   0.0000000e+00   7.7398282e+03   2.0542000e+04
   0.0000000e+00   0.0000000e+00   7.7394662e+03   2.0571000e+04
   0.0000000e+00   0.0000000e+00   7.7381926e+03   2.0652000e+04
   0.0000000e+00   0.0000000e+00   7.7345160e+03   2.1109000e+04
   0.0000000e+00   0.0000000e+00   7.7345160e+03   2.1380000e+04
   0.0000000e+00   0.0000000e+00   7.7302028e+03   2.1663000e+04
   0.0000000e+00   0.0000000e+00   7.7229106e+03   2.2460000e+04
   0.0000000e+00   0.0000000e+00   7.7196857e+03   2.3034000e+04
   0.0000000e+00   0.0000000e+00   7.7147376e+03   2.3600000e+04
   0.0000000e+00   0.0000000e+00   7.7132830e+03   2.4256000e+04
   0.0000000e+00   0.0000000e+00   7.7114248e+03   2.4843000e+04
   0.0000000e+00   0.0000000e+00   7.6531836e+03   2.5457000e+04
   0.0000000e+00   0.0000000e+00   7.6514810e+03   2.5695000e+04
   0.0000000e+00   0.0000000e+00   7.6514810e+03   2.6046000e+04
   0.0000000e+00   0.0000000e+00   7.6423252e+03   2.6740000e+04
   0.0000000e+00   0.0000000e+00   7.6423252e+03   2.8055000e+04
   0.0000000e+00   0.0000000e+00   7.6397074e+03   2.8432000e+04
   0.0000000e+00   0.0000000e+00   7.6363298e+03   2.8610000e+04
   0.0000000e+00   0.0000000e+00   7.6244802e+03   2.8757000e+04
   0.0000000e+00   0.0000000e+00   7.6168416e+03   2.9288000e+04
   0.0000000e+00   0.0000000e+00   7.6141622e+03   3.0063000e+04
   0.0000000e+00   0.0000000e+00   7.6141622e+03   3.0456000e+04
   0.0000000e+00   0.0000000e+00   7.6137612e+03   3.0744000e+04
   0.0000000e+00   0.0000000e+00   7.6092736e+03   3.1195000e+04
   0.0000000e+00   0.0000000e+00   7.6027388e+03   3.1677000e+04
   0.0000000e+00   0.0000000e+00   7.5986327e+03   3.1907000e+04
   0.0000000e+00   0.0000000e+00   7.5833748e+03   3.1949000e+04
   0.0000000e+00   0.0000000e+00   7.5620273e+03   3.2096000e+04
   0.0000000e+00   0.0000000e+00   7.5530599e+03   3.2536000e+04
   0.0000000e+00   0.0000000e+00   7.5468672e+03   3.2767000e+04
   0.0000000e+00   0.0000000e+00   7.5454125e+03   3.2845000e+04
   0.0000000e+00   0.0000000e+00   7.5449194e+03   3.3489000e+04
   0.0000000e+00   0.0000000e+00   7.5376255e+03   3.3645000e+04
   0.0000000e+00   0.0000000e+00   7.5374939e+03   3.4111000e+04
   0.0000000e+00   0.0000000e+00   7.5277295e+03   3.4205000e+04
   0.0000000e+00   0.0000000e+00   7.5088980e+03   3.4209000e+04
   0.0000000e+00   0.0000000e+00   7.5067664e+03   3.4242000e+04
   0.0000000e+00   0.0000000e+00   7.4932692e+03   3.4573000e+04
   0.0000000e+00   0.0000000e+00   7.4932692e+03   3.4965000e+04
   0.0000000e+00   0.0000000e+00   7.4871726e+03   3.5157000e+04
   0.0000000e+00   0.0000000e+00   7.4836076e+03   3.5277000e+04
   0.0000000e+00   0.0000000e+00   7.4795663e+03   3.5428000e+04
   0.0000000e+00   0.0000000e+00   7.4718146e+03   3.5435000e+04
   0.0000000e+00   0.0000000e+00   7.4513699e+03   3.5685000e+04
   0.0000000e+00   0.0000000e+00   7.4487883e+03   3.5952000e+04
   0.0000000e+00   0.0000000e+00   7.4350117e+03   3.6186000e+04
   0.0000000e+00   0.0000000e+00   7.4255869e+03   3.6455000e+04
   0.0000000e+00   0.0000000e+00   7.4168395e+03   3.7335000e+04
   0.0000000e+00   0.0000000e+00   7.4129437e+03   3.7613000e+04
   0.0000000e+00   0.0000000e+00   7.4129437e+03   3.9819000e+04
   0.0000000e+00   0.0000000e+00   7.4129437e+03   4.1353000e+04
   0.0000000e+00   0.0000000e+00   7.4129437e+03   4.1513000e+04
   0.0000000e+00   0.0000000e+00   7.4068471e+03   4.1702000e+04
   0.0000000e+00   0.0000000e+00   7.4068471e+03   4.1805000e+04
   0.0000000e+00   0.0000000e+00   7.4031206e+03   4.2343000e+04
   0.0000000e+00   0.0000000e+00   7.3669651e+03   4.3791000e+04
   0.0000000e+00   0.0000000e+00   7.3600604e+03   4.3830000e+04
   0.0000000e+00   0.0000000e+00   7.3065068e+03   4.4079000e+04
   0.0000000e+00   0.0000000e+00   7.3050412e+03   4.4162000e+04
   0.0000000e+00   0.0000000e+00   7.3037201e+03   4.4238000e+04
   0.0000000e+00   0.0000000e+00   7.3037201e+03   4.4655000e+04
   0.0000000e+00   0.0000000e+00   7.3013630e+03   4.4887000e+04
   0.0000000e+00   0.0000000e+00   7.2965616e+03   4.5101000e+04
   0.0000000e+00   0.0000000e+00   7.2842185e+03   4.5258000e+04
   0.0000000e+00   0.0000000e+00   7.2814939e+03   4.5287000e+04
   0.0000000e+00   0.0000000e+00   7.2741006e+03   4.5308000e+04
   0.0000000e+00   0.0000000e+00   7.2737880e+03   4.5463000e+04
   0.0000000e+00   0.0000000e+00   7.2697845e+03   4.5986000e+04
   0.0000000e+00   0.0000000e+00   7.2627164e+03   4.6419000e+04
   0.0000000e+00   0.0000000e+00   7.2566197e+03   4.8959000e+04
   0.0000000e+00   0.0000000e+00   7.2517600e+03   5.0674000e+04
   0.0000000e+00   0.0000000e+00   7.2483114e+03   5.1491000e+04
   0.0000000e+00   0.0000000e+00   7.2323108e+03   5.1671000e+04
   0.0000000e+00   0.0000000e+00   7.2323108e+03   5.2084000e+04
   0.0000000e+00   0.0000000e+00   7.2322959e+03   5.3149000e+04
   0.0000000e+00   0.0000000e+00   7.2307564e+03   5.3309000e+04
   0.0000000e+00   0.0000000e+00   7.2302403e+03   5.3377000e+04
   0.0000000e+00   0.0000000e+00   7.2221685e+03   5.3495000e+04
   0.0000000e+00   0.0000000e+00   7.2193187e+03   5.3538000e+04
   0.0000000e+00   0.0000000e+00   7.2131842e+03   5.3983000e+04
   0.0000000e+00   0.0000000e+00   7.1997478e+03   5.4083000e+04
   0.0000000e+00   0.0000000e+00   7.1997478e+03   5.4220000e+04
   0.0000000e+00   0.0000000e+00   7.1997478e+03   5.4366000e+04
   0.0000000e+00   0.0000000e+00   7.1968421e+03   5.4408000e+04
   0.0000000e+00   0.0000000e+00   7.1954463e+03   5.5165000e+04
   0.0000000e+00   0.0000000e+00   7.1491170e+03   5.5828000e+04
   0.0000000e+00   0.0000000e+00   7.1424181e+03   5.6072000e+04
   0.0000000e+00   0.0000000e+00   7.1370529e+03   5.6137000e+04
   0.0000000e+00   0.0000000e+00   7.1370529e+03   5.6580000e+04
   0.0000000e+00   0.0000000e+00   7.1340100e+03   5.6747000e+04
   0.0000000e+00   0.0000000e+00   7.1338000e+03   5.6991000e+04
   0.0000000e+00   0.0000000e+00   7.1333728e+03   5.7268000e+04
   0.0000000e+00   0.0000000e+00   7.1141662e+03   5.7815000e+04
   0.0000000e+00   0.0000000e+00   7.1071997e+03   5.8478000e+04
   0.0000000e+00   0.0000000e+00   7.1065894e+03   5.8635000e+04
   0.0000000e+00   0.0000000e+00   7.1065894e+03   5.8759000e+04
   0.0000000e+00   0.0000000e+00   7.1049008e+03   5.8800000e+04
   0.0000000e+00   0.0000000e+00   7.1033607e+03   5.9111000e+04
   0.0000000e+00   0.0000000e+00   7.0935258e+03   5.9243000e+04
   0.0000000e+00   0.0000000e+00   7.0929453e+03   5.9276000e+04
   0.0000000e+00   0.0000000e+00   7.0914907e+03   5.9990000e+04
   0.0000000e+00   0.0000000e+00   7.0894786e+03   6.1028000e+04
   0.0000000e+00   0.0000000e+00   7.0894786e+03   6.2526000e+04
   0.0000000e+00   0.0000000e+00   7.0894786e+03   6.2894000e+04
   0.0000000e+00   0.0000000e+00   7.0805739e+03   6.3548000e+04
   0.0000000e+00   0.0000000e+00   7.0751573e+03   6.4217000e+04
   0.0000000e+00   0.0000000e+00   7.0680966e+03   6.5867000e+04
   0.0000000e+00   0.0000000e+00   7.0529991e+03   6.6070000e+04
   0.0000000e+00   0.0000000e+00   7.0504679e+03   6.6133000e+04
   0.0000000e+00   0.0000000e+00   7.0499276e+03   6.6762000e+04
   0.0000000e+00   0.0000000e+00   7.0499276e+03   6.7520000e+04
   0.0000000e+00   0.0000000e+00   7.0499276e+03   6.7528000e+04
   0.0000000e+00   0.0000000e+00   7.0470183e+03   6.7616000e+04
   0.0000000e+00   0.0000000e+00   7.0470183e+03   6.8270000e+04
   0.0000000e+00   0.0000000e+00   7.0447832e+03   6.8907000e+04
   0.0000000e+00   0.0000000e+00   7.0447832e+03   6.9166000e+04
   0.0000000e+00   0.0000000e+00   7.0447832e+03   6.9937000e+04
   0.0000000e+00   0.0000000e+00   7.0447832e+03   7.2837000e+04
   0.0000000e+00   0.0000000e+00   7.0417653e+03   7.3822000e+04
   0.0000000e+00   0.0000000e+00   7.0417653e+03   7.3836000e+04
   0.0000000e+00   0.0000000e+00   7.0367288e+03   7.4280000e+04
   0.0000000e+00   0.0000000e+00   7.0352741e+03   7.4879000e+04
   0.0000000e+00   0.0000000e+00   7.0352741e+03   7.8949000e+04
   0.0000000e+00   0.0000000e+00   7.0352741e+03   8.2320000e+04
   0.0000000e+00   0.0000000e+00   7.0352741e+03   8.2519000e+04
   0.0000000e+00   0.0000000e+00   7.0313122e+03   8.5118000e+04
   0.0000000e+00   0.0000000e+00   7.0313122e+03   8.5594000e+04
   0.0000000e+00   0.0000000e+00   7.0265072e+03   8.8407000e+04
   0.0000000e+00   0.0000000e+00   7.0254107e+03   8.9561000e+04
   0.0000000e+00   0.0000000e+00   7.0249749e+03   9.0754000e+04
   0.0000000e+00   0.0000000e+00   7.0243285e+03   9.0969000e+04
   0.0000000e+00   0.0000000e+00   7.0139266e+03   9.1399000e+04
   0.0000000e+00   0.0000000e+00   7.0138124e+03   9.2525000e+04
   0.0000000e+00   0.0000000e+00   7.0029504e+03   9.3097000e+04
   0.0000000e+00   0.0000000e+00   7.0025490e+03   9.3391000e+04
   0.0000000e+00   0.0000000e+00   7.0025490e+03   9.4744000e+04
   0.0000000e+00   0.0000000e+00   7.0025490e+03   9.5078000e+04
   0.0000000e+00   0.0000000e+00   7.0025490e+03   9.5273000e+04
   0.0000000e+00   0.0000000e+00   7.0025490e+03   9.8308000e+04
   0.0000000e+00   0.0000000e+00   6.9993950e+03   9.8501000e+04
   0.0000000e+00   0.0000000e+00   6.9909852e+03   9.9040000e+04
   0.0000000e+00   0.0000000e+00   6.9909852e+03   1.0334000e+05
   0.0000000e+00   0.0000000e+00   6.9909852e+03   1.0645900e+05
   0.0000000e+00   0.0000000e+00   6.9909852e+03   1.0694600e+05
   0.0000000e+00   0.0000000e+00   6.9909852e+03   1.0695600e+05
   0.0000000e+00   0.0000000e+00   6.9843802e+03   1.0739500e+05
   0.0000000e+00   0.0000000e+00   6.9843802e+03   1.0837800e+05
   0.0000000e+00   0.0000000e+00   6.9838491e+03   1.0851700e+05
   0.0000000e+00   0.0000000e+00   6.9838491e+03   1.1064900e+05
   0.0000000e+00   0.0000000e+00   6.9838491e+03   1.1170500e+05
   0.0000000e+00   0.0000000e+00   6.9838491e+03   1.1260700e+05
   0.0000000e+00   0.0000000e+00   6.9767081e+03   1.1372000e+05
   0.0000000e+00   0.0000000e+00   6.9744087e+03   1.1389600e+05
   0.0000000e+00   0.0000000e+00   6.9705827e+03   1.1476400e+05
   0.0000000e+00   0.0000000e+00   6.9677374e+03   1.1491500e+05
   0.0000000e+00   0.0000000e+00   6.9645834e+03   1.1571500e+05
   0.0000000e+00   0.0000000e+00   6.9634543e+03   1.1920900e+05
   0.0000000e+00   0.0000000e+00   6.9612441e+03   1.2013300e+05
   0.0000000e+00   0.0000000e+00   6.9540029e+03   1.2098100e+05
   0.0000000e+00   0.0000000e+00   6.9527632e+03   1.2124400e+05
   0.0000000e+00   0.0000000e+00   6.9357817e+03   1.2198400e+05
   0.0000000e+00   0.0000000e+00   6.9357817e+03   1.2227900e+05
   0.0000000e+00   0.0000000e+00   6.9357817e+03   1.2371400e+05
   0.0000000e+00   0.0000000e+00   6.9340625e+03   1.2702600e+05
   0.0000000e+00   0.0000000e+00   6.9340625e+03   1.2784700e+05
   0.0000000e+00   0.0000000e+00   6.9320448e+03   1.2864500e+05
   0.0000000e+00   0.0000000e+00   6.9316595e+03   1.2903800e+05
   0.0000000e+00   0.0000000e+00   6.9274185e+03   1.2919400e+05
   0.0000000e+00   0.0000000e+00   6.9274185e+03   1.2971400e+05
   0.0000000e+00   0.0000000e+00   6.9254429e+03   1.3085600e+05
   0.0000000e+00   0.0000000e+00   6.9254429e+03   1.3319200e+05
   0.0000000e+00   0.0000000e+00   6.9254429e+03   1.3447900e+05
   0.0000000e+00   0.0000000e+00   6.9254429e+03   1.3519900e+05
   0.0000000e+00   0.0000000e+00   6.9254429e+03   1.3775300e+05
   0.0000000e+00   0.0000000e+00   6.9254429e+03   1.3795700e+05
   0.0000000e+00   0.0000000e+00   6.9240001e+03   1.3819000e+05
   0.0000000e+00   0.0000000e+00   6.9235389e+03   1.3824000e+05
   0.0000000e+00   0.0000000e+00   6.9235389e+03   1.3860900e+05
   0.0000000e+00   0.0000000e+00   6.9213038e+03   1.4141600e+05
   0.0000000e+00   0.0000000e+00   6.9213038e+03   1.4395000e+05
   0.0000000e+00   0.0000000e+00   6.9199466e+03   1.4440700e+05
   0.0000000e+00   0.0000000e+00   6.9190031e+03   1.4915500e+05
   0.0000000e+00   0.0000000e+00   6.9154049e+03   1.4935800e+05
   0.0000000e+00   0.0000000e+00   6.9154049e+03   1.4999900e+05
   0.0000000e+00   0.0000000e+00   6.9154049e+03   1.5052800e+05
   0.0000000e+00   0.0000000e+00   6.9122497e+03   1.5096200e+05
   0.0000000e+00   0.0000000e+00   6.9058960e+03   1.5211100e+05
   0.0000000e+00   0.0000000e+00   6.9058960e+03   1.5429100e+05
   0.0000000e+00   0.0000000e+00   6.9058960e+03   1.5581500e+05
   0.0000000e+00   0.0000000e+00   6.9058960e+03   1.5623700e+05
   0.0000000e+00   0.0000000e+00   6.9058960e+03   1.5820100e+05
   0.0000000e+00   0.0000000e+00   6.9057265e+03   1.6177500e+05
   0.0000000e+00   0.0000000e+00   6.8966131e+03   1.6210400e+05
   0.0000000e+00   0.0000000e+00   6.8941461e+03   1.6225800e+05
   0.0000000e+00   0.0000000e+00   6.8911456e+03   1.6567700e+05
   0.0000000e+00   0.0000000e+00   6.8911456e+03   1.6871600e+05
   0.0000000e+00   0.0000000e+00   6.8901445e+03   1.7125000e+05
   0.0000000e+00   0.0000000e+00   6.8901445e+03   1.7350200e+05
   0.0000000e+00   0.0000000e+00   6.8840478e+03   1.7465200e+05
   0.0000000e+00   0.0000000e+00   6.8840478e+03   1.7558100e+05
   0.0000000e+00   0.0000000e+00   6.8840478e+03   1.7571900e+05
   0.0000000e+00   0.0000000e+00   6.8838398e+03   1.7873000e+05
   0.0000000e+00   0.0000000e+00   6.8823748e+03   1.7983000e+05
   0.0000000e+00   0.0000000e+00   6.8807488e+03   1.8017700e+05
   0.0000000e+00   0.0000000e+00   6.8733777e+03   1.8100900e+05
   0.0000000e+00   0.0000000e+00   6.8675859e+03   1.8230900e+05
   0.0000000e+00   0.0000000e+00   6.8654678e+03   1.8256700e+05
   0.0000000e+00   0.0000000e+00   6.8654678e+03   1.8530400e+05
   0.0000000e+00   0.0000000e+00   6.8654678e+03   1.8812300e+05
   0.0000000e+00   0.0000000e+00   6.8615059e+03   1.8991100e+05
   0.0000000e+00   0.0000000e+00   6.8615059e+03   1.9058100e+05
   0.0000000e+00   0.0000000e+00   6.8615059e+03   1.9294600e+05
   0.0000000e+00   0.0000000e+00   6.8605999e+03   1.9311100e+05
   0.0000000e+00   0.0000000e+00   6.8605999e+03   1.9361700e+05
   0.0000000e+00   0.0000000e+00   6.8605999e+03   1.9623300e+05
   0.0000000e+00   0.0000000e+00   6.8605999e+03   1.9650600e+05
