   2.1145451e+02   9.6598719e+00   1.5013752e+04   2.0000000e+00
   2.0216501e+02   8.0827093e+00   1.5851027e+04   3.0000000e+00
   1.5895965e+02   5.5108049e+00   1.5453684e+04   4.0000000e+00
   1.5430839e+02   5.1858176e+00   1.5327882e+04   6.0000000e+00
   1.3676723e+02   4.0880955e+00   1.5949267e+04   7.0000000e+00
   1.3290496e+02   3.6802995e+00   1.6114764e+04   8.0000000e+00
   1.1507390e+02   3.4862392e+00   1.5369535e+04   1.2000000e+01
   7.9732844e+01   1.9242822e+00   1.7332354e+04   1.3000000e+01
   5.7520867e+01   2.8773554e-01   1.7760371e+04   1.4000000e+01
   5.0250768e+01   1.8024656e-01   1.8421911e+04   1.6000000e+01
   4.2541217e+01   1.5685567e-01   2.0159962e+04   1.7000000e+01
   3.9386843e+01   1.8224573e-02   2.2793437e+04   1.8000000e+01
   3.2523221e+01   0.0000000e+00   2.2975335e+04   1.9000000e+01
   2.7629686e+01   0.0000000e+00   2.3130862e+04   2.0000000e+01
   1.7645133e+01   0.0000000e+00   2.2686783e+04   2.3000000e+01
   1.7594571e+01   0.0000000e+00   2.3543671e+04   2.5000000e+01
   1.7022348e+01   0.0000000e+00   2.3336010e+04   2.6000000e+01
   1.2219284e+01   0.0000000e+00   2.2626495e+04   2.7000000e+01
   1.1915868e+01   0.0000000e+00   2.1711476e+04   2.8000000e+01
   9.0101084e+00   0.0000000e+00   2.0959603e+04   2.9000000e+01
   8.2048902e+00   0.0000000e+00   2.1910832e+04   3.2000000e+01
   7.5090679e+00   0.0000000e+00   2.3376172e+04   3.3000000e+01
   7.4619044e+00   0.0000000e+00   2.2923977e+04   3.4000000e+01
   5.8419489e+00   0.0000000e+00   2.3742617e+04   4.1000000e+01
   5.6329856e+00   0.0000000e+00   2.3718152e+04   4.2000000e+01
   5.3986721e+00   0.0000000e+00   2.4368712e+04   4.8000000e+01
   4.3671211e+00   0.0000000e+00   2.3216719e+04   5.0000000e+01
   3.9513256e+00   0.0000000e+00   2.3198298e+04   5.1000000e+01
   3.1145357e+00   0.0000000e+00   2.3561146e+04   5.2000000e+01
   9.8590037e-01   0.0000000e+00   2.3407272e+04   5.3000000e+01
   3.9645059e-01   0.0000000e+00   2.4986893e+04   5.4000000e+01
   3.2027965e-01   0.0000000e+00   2.5721004e+04   6.5000000e+01
   2.9544958e-01   0.0000000e+00   2.6664040e+04   6.8000000e+01
   2.8596448e-01   0.0000000e+00   2.6438345e+04   6.9000000e+01
   2.3696423e-01   0.0000000e+00   2.6755774e+04   7.1000000e+01
   1.4835634e-02   0.0000000e+00   2.6220293e+04   7.8000000e+01
   0.0000000e+00   0.0000000e+00   2.7397229e+04   7.9000000e+01
   0.0000000e+00   0.0000000e+00   2.7330089e+04   8.0000000e+01
   0.0000000e+00   0.0000000e+00   2.6517283e+04   8.5000000e+01
   0.0000000e+00   0.0000000e+00   2.6419815e+04   9.4000000e+01
   0.0000000e+00   0.0000000e+00   2.5552165e+04   9.5000000e+01
   0.0000000e+00   0.0000000e+00   2.4185800e+04   1.0400000e+02
   0.0000000e+00   0.0000000e+00   2.2931398e+04   1.0700000e+02
   0.0000000e+00   0.0000000e+00   2.2137159e+04   1.0900000e+02
   0.0000000e+00   0.0000000e+00   2.2090754e+04   1.1800000e+02
   0.0000000e+00   0.0000000e+00   2.1204919e+04   1.1900000e+02
   0.0000000e+00   0.0000000e+00   2.0976509e+04   1.2200000e+02
   0.0000000e+00   0.0000000e+00   2.0721953e+04   1.2400000e+02
   0.0000000e+00   0.0000000e+00   2.0211687e+04   1.2500000e+02
   0.0000000e+00   0.0000000e+00   2.0136611e+04   1.2900000e+02
   0.0000000e+00   0.0000000e+00   1.9651429e+04   1.3300000e+02
   0.0000000e+00   0.0000000e+00   1.9115421e+04   1.3600000e+02
   0.0000000e+00   0.0000000e+00   1.8736250e+04   1.3700000e+02
   0.0000000e+00   0.0000000e+00   1.8445554e+04   1.4300000e+02
   0.0000000e+00   0.0000000e+00   1.8299846e+04   1.4400000e+02
   0.0000000e+00   0.0000000e+00   1.7751729e+04   1.4700000e+02
   0.0000000e+00   0.0000000e+00   1.7375354e+04   1.5000000e+02
   0.0000000e+00   0.0000000e+00   1.7081343e+04   1.5500000e+02
   0.0000000e+00   0.0000000e+00   1.6544950e+04   1.6500000e+02
   0.0000000e+00   0.0000000e+00   1.5897718e+04   1.6600000e+02
   0.0000000e+00   0.0000000e+00   1.5428410e+04   1.7000000e+02
   0.0000000e+00   0.0000000e+00   1.5307810e+04   1.7300000e+02
   0.0000000e+00   0.0000000e+00   1.4887171e+04   1.7800000e+02
   0.0000000e+00   0.0000000e+00   1.4629289e+04   1.8000000e+02
   0.0000000e+00   0.0000000e+00   1.3830032e+04   1.8500000e+02
   0.0000000e+00   0.0000000e+00   1.3664792e+04   1.9100000e+02
   0.0000000e+00   0.0000000e+00   1.3453617e+04   2.0000000e+02
   0.0000000e+00   0.0000000e+00   1.2698334e+04   2.0200000e+02
   0.0000000e+00   0.0000000e+00   1.2141563e+04   2.0600000e+02
   0.0000000e+00   0.0000000e+00   1.1709612e+04   2.0900000e+02
   0.0000000e+00   0.0000000e+00   1.1468734e+04   2.1200000e+02
   0.0000000e+00   0.0000000e+00   1.1410938e+04   2.1300000e+02
   0.0000000e+00   0.0000000e+00   1.1039732e+04   2.1400000e+02
   0.0000000e+00   0.0000000e+00   1.0803326e+04   2.2200000e+02
   0.0000000e+00   0.0000000e+00   1.0735858e+04   2.2500000e+02
   0.0000000e+00   0.0000000e+00   1.0716837e+04   2.2700000e+02
   0.0000000e+00   0.0000000e+00   1.0521998e+04   2.3700000e+02
   0.0000000e+00   0.0000000e+00   1.0440363e+04   2.3900000e+02
   0.0000000e+00   0.0000000e+00   1.0306663e+04   2.4600000e+02
   0.0000000e+00   0.0000000e+00   1.0082852e+04   2.6000000e+02
   0.0000000e+00   0.0000000e+00   9.7196737e+03   2.7900000e+02
   0.0000000e+00   0.0000000e+00   9.6621847e+03   2.9200000e+02
   0.0000000e+00   0.0000000e+00   9.5380604e+03   2.9700000e+02
   0.0000000e+00   0.0000000e+00   9.2590753e+03   3.0200000e+02
   0.0000000e+00   0.0000000e+00   9.0512692e+03   3.0300000e+02
   0.0000000e+00   0.0000000e+00   8.8984633e+03   3.0700000e+02
   0.0000000e+00   0.0000000e+00   8.8519659e+03   3.2300000e+02
   0.0000000e+00   0.0000000e+00   8.8330810e+03   3.2900000e+02
   0.0000000e+00   0.0000000e+00   8.6067365e+03   3.5600000e+02
   0.0000000e+00   0.0000000e+00   8.5565447e+03   3.6400000e+02
   0.0000000e+00   0.0000000e+00   8.5229118e+03   3.6700000e+02
   0.0000000e+00   0.0000000e+00   8.4639780e+03   3.6900000e+02
   0.0000000e+00   0.0000000e+00   8.4417944e+03   3.7100000e+02
   0.0000000e+00   0.0000000e+00   8.2800562e+03   3.7200000e+02
   0.0000000e+00   0.0000000e+00   8.1909107e+03   3.9100000e+02
   0.0000000e+00   0.0000000e+00   8.1501702e+03   4.0900000e+02
   0.0000000e+00   0.0000000e+00   8.1280817e+03   4.2100000e+02
   0.0000000e+00   0.0000000e+00   8.1272852e+03   4.2200000e+02
   0.0000000e+00   0.0000000e+00   8.0906315e+03   5.7100000e+02
   0.0000000e+00   0.0000000e+00   8.0114326e+03   5.8900000e+02
   0.0000000e+00   0.0000000e+00   7.9964263e+03   6.8800000e+02
   0.0000000e+00   0.0000000e+00   7.9411018e+03   7.3700000e+02
   0.0000000e+00   0.0000000e+00   7.9130407e+03   7.5000000e+02
   0.0000000e+00   0.0000000e+00   7.8585565e+03   7.5700000e+02
   0.0000000e+00   0.0000000e+00   7.8020957e+03   7.7100000e+02
   0.0000000e+00   0.0000000e+00   7.7366252e+03   7.8700000e+02
   0.0000000e+00   0.0000000e+00   7.7189647e+03   8.1000000e+02
   0.0000000e+00   0.0000000e+00   7.5424984e+03   8.4700000e+02
   0.0000000e+00   0.0000000e+00   7.4260855e+03   8.6200000e+02
   0.0000000e+00   0.0000000e+00   7.4193249e+03   9.2600000e+02
   0.0000000e+00   0.0000000e+00   7.3467053e+03   9.5800000e+02
   0.0000000e+00   0.0000000e+00   7.3311226e+03   1.0380000e+03
   0.0000000e+00   0.0000000e+00   7.2239537e+03   1.0390000e+03
   0.0000000e+00   0.0000000e+00   7.1964500e+03   1.0510000e+03
   0.0000000e+00   0.0000000e+00   7.1947665e+03   1.1240000e+03
   0.0000000e+00   0.0000000e+00   7.1142872e+03   1.1260000e+03
   0.0000000e+00   0.0000000e+00   7.0790106e+03   1.1280000e+03
   0.0000000e+00   0.0000000e+00   7.0669779e+03   1.1970000e+03
   0.0000000e+00   0.0000000e+00   7.0648322e+03   1.3480000e+03
   0.0000000e+00   0.0000000e+00   6.9976054e+03   1.3900000e+03
   0.0000000e+00   0.0000000e+00   6.9962413e+03   1.4360000e+03
   0.0000000e+00   0.0000000e+00   6.9807218e+03   1.4420000e+03
   0.0000000e+00   0.0000000e+00   6.9703594e+03   1.5430000e+03
   0.0000000e+00   0.0000000e+00   6.9538016e+03   2.2330000e+03
   0.0000000e+00   0.0000000e+00   6.9472854e+03   2.6410000e+03
   0.0000000e+00   0.0000000e+00   6.9444634e+03   3.1930000e+03
   0.0000000e+00   0.0000000e+00   6.9429070e+03   3.2680000e+03
   0.0000000e+00   0.0000000e+00   6.9370782e+03   3.3300000e+03
   0.0000000e+00   0.0000000e+00   6.9333718e+03   3.3400000e+03
   0.0000000e+00   0.0000000e+00   6.9226250e+03   3.5460000e+03
   0.0000000e+00   0.0000000e+00   6.9226169e+03   3.8590000e+03
   0.0000000e+00   0.0000000e+00   6.9172297e+03   3.9740000e+03
   0.0000000e+00   0.0000000e+00   6.9148459e+03   4.9800000e+03
   0.0000000e+00   0.0000000e+00   6.9123648e+03   4.9810000e+03
   0.0000000e+00   0.0000000e+00   6.9097376e+03   5.1140000e+03
   0.0000000e+00   0.0000000e+00   6.9095292e+03   6.6580000e+03
   0.0000000e+00   0.0000000e+00   6.9071425e+03   7.1900000e+03
   0.0000000e+00   0.0000000e+00   6.8975694e+03   1.0487000e+04
   0.0000000e+00   0.0000000e+00   6.8955849e+03   1.0862000e+04
   0.0000000e+00   0.0000000e+00   6.8938686e+03   1.2991000e+04
   0.0000000e+00   0.0000000e+00   6.8927948e+03   1.3635000e+04
   0.0000000e+00   0.0000000e+00   6.8911204e+03   1.4606000e+04
   0.0000000e+00   0.0000000e+00   6.8904441e+03   3.1461000e+04
   0.0000000e+00   0.0000000e+00   6.8893546e+03   3.6534000e+04
   0.0000000e+00   0.0000000e+00   6.8887458e+03   4.5464000e+04
   0.0000000e+00   0.0000000e+00   6.8874905e+03   5.1034000e+04
   0.0000000e+00   0.0000000e+00   6.8865449e+03   5.8932000e+04
   0.0000000e+00   0.0000000e+00   6.8861627e+03   6.1308000e+04
   0.0000000e+00   0.0000000e+00   6.8860918e+03   6.6606000e+04
   0.0000000e+00   0.0000000e+00   6.8855803e+03   6.7505000e+04
   0.0000000e+00   0.0000000e+00   6.8852183e+03   8.0645000e+04
   0.0000000e+00   0.0000000e+00   6.8848500e+03   9.6681000e+04
   0.0000000e+00   0.0000000e+00   6.8846036e+03   1.0085800e+05
   0.0000000e+00   0.0000000e+00   6.8846036e+03   1.0155000e+05
   0.0000000e+00   0.0000000e+00   6.8840785e+03   1.6266400e+05
   0.0000000e+00   0.0000000e+00   6.8840076e+03   1.6880200e+05
   0.0000000e+00   0.0000000e+00   6.8838283e+03   1.8431100e+05
   0.0000000e+00   0.0000000e+00   6.8836490e+03   1.9032400e+05
   0.0000000e+00   0.0000000e+00   6.8834735e+03   1.9519700e+05
