   2.1015896e+02   9.6799927e+00   1.5032046e+04   2.0000000e+00
   1.6433370e+02   7.5466750e+00   1.4455834e+04   4.0000000e+00
   1.4542446e+02   5.4920265e+00   1.5808863e+04   5.0000000e+00
   1.4440702e+02   5.5668546e+00   1.5339196e+04   7.0000000e+00
   1.2147405e+02   3.4250265e+00   1.4838208e+04   1.0000000e+01
   8.7453439e+01   5.3880806e-01   1.5722107e+04   1.2000000e+01
   7.3110913e+01   9.7220195e-02   1.8807989e+04   1.6000000e+01
   6.7151722e+01   1.0913248e-01   1.8235401e+04   1.7000000e+01
   6.2885312e+01   0.0000000e+00   1.9562959e+04   1.8000000e+01
   6.2743479e+01   1.4125559e-01   1.8705513e+04   1.9000000e+01
   5.3892963e+01   8.0693082e-02   1.8271465e+04   2.1000000e+01
   4.5887700e+01   2.9811782e-01   1.7244686e+04   2.2000000e+01
   3.5279413e+01   0.0000000e+00   1.8215767e+04   2.3000000e+01
   2.9329919e+01   0.0000000e+00   2.0177863e+04   2.5000000e+01
   2.7813891e+01   0.0000000e+00   2.0416896e+04   2.8000000e+01
   2.5512048e+01   0.0000000e+00   1.9824863e+04   3.1000000e+01
   2.4832314e+01   0.0000000e+00   2.3052587e+04   3.2000000e+01
   1.7991902e+01   0.0000000e+00   2.2317570e+04   3.4000000e+01
   1.6098219e+01   0.0000000e+00   2.2857181e+04   3.5000000e+01
   1.3377993e+01   0.0000000e+00   2.1784347e+04   3.7000000e+01
   1.2076745e+01   0.0000000e+00   2.1060124e+04   3.9000000e+01
   9.7659810e+00   0.0000000e+00   2.2110853e+04   4.1000000e+01
   8.9723509e+00   0.0000000e+00   2.2500452e+04   4.2000000e+01
   8.9477619e+00   0.0000000e+00   2.1610867e+04   4.4000000e+01
   7.9205232e+00   0.0000000e+00   2.2573326e+04   4.5000000e+01
   7.7961240e+00   0.0000000e+00   2.4558141e+04   4.6000000e+01
   4.7987528e+00   0.0000000e+00   2.3760052e+04   5.3000000e+01
   4.7458397e+00   0.0000000e+00   2.3769139e+04   5.6000000e+01
   4.3393766e+00   0.0000000e+00   2.2787681e+04   5.7000000e+01
   3.2710910e+00   0.0000000e+00   2.1918401e+04   5.8000000e+01
   3.0813749e+00   0.0000000e+00   2.5408017e+04   6.0000000e+01
   2.7686919e+00   0.0000000e+00   2.5292202e+04   6.8000000e+01
   8.4542569e-01   0.0000000e+00   2.6500239e+04   6.9000000e+01
   0.0000000e+00   0.0000000e+00   2.8339954e+04   7.7000000e+01
   0.0000000e+00   0.0000000e+00   2.8117086e+04   8.6000000e+01
   0.0000000e+00   0.0000000e+00   2.6861711e+04   8.7000000e+01
   0.0000000e+00   0.0000000e+00   2.5277894e+04   9.1000000e+01
   0.0000000e+00   0.0000000e+00   2.3430020e+04   9.4000000e+01
   0.0000000e+00   0.0000000e+00   2.2006315e+04   9.9000000e+01
   0.0000000e+00   0.0000000e+00   2.1499444e+04   1.0000000e+02
   0.0000000e+00   0.0000000e+00   1.9799305e+04   1.0100000e+02
   0.0000000e+00   0.0000000e+00   1.9544131e+04   1.0300000e+02
   0.0000000e+00   0.0000000e+00   1.9387664e+04   1.0400000e+02
   0.0000000e+00   0.0000000e+00   1.9145848e+04   1.0500000e+02
   0.0000000e+00   0.0000000e+00   1.8360506e+04   1.0700000e+02
   0.0000000e+00   0.0000000e+00   1.8124206e+04   1.2000000e+02
   0.0000000e+00   0.0000000e+00   1.8082411e+04   1.2400000e+02
   0.0000000e+00   0.0000000e+00   1.7794826e+04   1.3000000e+02
   0.0000000e+00   0.0000000e+00   1.6944701e+04   1.3500000e+02
   0.0000000e+00   0.0000000e+00   1.6559019e+04   1.3600000e+02
   0.0000000e+00   0.0000000e+00   1.6033949e+04   1.4100000e+02
   0.0000000e+00   0.0000000e+00   1.5132163e+04   1.4800000e+02
   0.0000000e+00   0.0000000e+00   1.4676207e+04   1.6500000e+02
   0.0000000e+00   0.0000000e+00   1.3805374e+04   1.6800000e+02
   0.0000000e+00   0.0000000e+00   1.3359832e+04   1.7100000e+02
   0.0000000e+00   0.0000000e+00   1.3245789e+04   1.7200000e+02
   0.0000000e+00   0.0000000e+00   1.3118233e+04   1.7400000e+02
   0.0000000e+00   0.0000000e+00   1.2805968e+04   1.8100000e+02
   0.0000000e+00   0.0000000e+00   1.2442010e+04   1.8600000e+02
   0.0000000e+00   0.0000000e+00   1.1983418e+04   1.9200000e+02
   0.0000000e+00   0.0000000e+00   1.1532960e+04   2.0500000e+02
   0.0000000e+00   0.0000000e+00   1.1292862e+04   2.2900000e+02
   0.0000000e+00   0.0000000e+00   1.1289419e+04   2.3000000e+02
   0.0000000e+00   0.0000000e+00   1.1086317e+04   2.3900000e+02
   0.0000000e+00   0.0000000e+00   1.0729016e+04   2.4200000e+02
   0.0000000e+00   0.0000000e+00   1.0647872e+04   2.4700000e+02
   0.0000000e+00   0.0000000e+00   1.0383671e+04   2.6100000e+02
   0.0000000e+00   0.0000000e+00   1.0318697e+04   2.6200000e+02
   0.0000000e+00   0.0000000e+00   1.0170678e+04   2.7200000e+02
   0.0000000e+00   0.0000000e+00   1.0121088e+04   2.7900000e+02
   0.0000000e+00   0.0000000e+00   9.7542722e+03   2.8000000e+02
   0.0000000e+00   0.0000000e+00   9.6624827e+03   3.0600000e+02
   0.0000000e+00   0.0000000e+00   9.6232039e+03   3.4000000e+02
   0.0000000e+00   0.0000000e+00   9.1731810e+03   3.4800000e+02
   0.0000000e+00   0.0000000e+00   9.0162212e+03   3.5300000e+02
   0.0000000e+00   0.0000000e+00   8.7822412e+03   3.5700000e+02
   0.0000000e+00   0.0000000e+00   8.7098977e+03   4.0000000e+02
   0.0000000e+00   0.0000000e+00   8.6690146e+03   4.1600000e+02
   0.0000000e+00   0.0000000e+00   8.4939452e+03   4.4800000e+02
   0.0000000e+00   0.0000000e+00   8.1716260e+03   4.7200000e+02
   0.0000000e+00   0.0000000e+00   8.1093885e+03   4.7700000e+02
   0.0000000e+00   0.0000000e+00   8.0584199e+03   4.9000000e+02
   0.0000000e+00   0.0000000e+00   7.9814958e+03   4.9500000e+02
   0.0000000e+00   0.0000000e+00   7.9654711e+03   5.6100000e+02
   0.0000000e+00   0.0000000e+00   7.9322196e+03   5.6400000e+02
   0.0000000e+00   0.0000000e+00   7.8938798e+03   5.8700000e+02
   0.0000000e+00   0.0000000e+00   7.8703496e+03   6.2600000e+02
   0.0000000e+00   0.0000000e+00   7.8524496e+03   6.4700000e+02
   0.0000000e+00   0.0000000e+00   7.7980093e+03   7.1600000e+02
   0.0000000e+00   0.0000000e+00   7.7638492e+03   7.5500000e+02
   0.0000000e+00   0.0000000e+00   7.7419462e+03   1.0720000e+03
   0.0000000e+00   0.0000000e+00   7.7061647e+03   1.1310000e+03
   0.0000000e+00   0.0000000e+00   7.6738567e+03   1.1930000e+03
   0.0000000e+00   0.0000000e+00   7.6667403e+03   1.2030000e+03
   0.0000000e+00   0.0000000e+00   7.6623144e+03   1.2440000e+03
   0.0000000e+00   0.0000000e+00   7.6329782e+03   1.2700000e+03
   0.0000000e+00   0.0000000e+00   7.6058735e+03   1.2830000e+03
   0.0000000e+00   0.0000000e+00   7.5699270e+03   1.3210000e+03
   0.0000000e+00   0.0000000e+00   7.5402446e+03   1.3230000e+03
   0.0000000e+00   0.0000000e+00   7.4680026e+03   1.3290000e+03
   0.0000000e+00   0.0000000e+00   7.4124565e+03   1.3420000e+03
   0.0000000e+00   0.0000000e+00   7.3822456e+03   1.3460000e+03
   0.0000000e+00   0.0000000e+00   7.3748753e+03   1.5000000e+03
   0.0000000e+00   0.0000000e+00   7.3544666e+03   1.5240000e+03
   0.0000000e+00   0.0000000e+00   7.3308218e+03   1.8130000e+03
   0.0000000e+00   0.0000000e+00   7.3259825e+03   2.3800000e+03
   0.0000000e+00   0.0000000e+00   7.3213802e+03   2.5450000e+03
   0.0000000e+00   0.0000000e+00   7.2979423e+03   2.5770000e+03
   0.0000000e+00   0.0000000e+00   7.2789981e+03   2.7420000e+03
   0.0000000e+00   0.0000000e+00   7.2643329e+03   2.7660000e+03
   0.0000000e+00   0.0000000e+00   7.2639838e+03   2.9410000e+03
   0.0000000e+00   0.0000000e+00   7.2537733e+03   3.0650000e+03
   0.0000000e+00   0.0000000e+00   7.2491786e+03   3.3160000e+03
   0.0000000e+00   0.0000000e+00   7.2457242e+03   3.3230000e+03
   0.0000000e+00   0.0000000e+00   7.2316407e+03   4.0440000e+03
   0.0000000e+00   0.0000000e+00   7.2254789e+03   4.2580000e+03
   0.0000000e+00   0.0000000e+00   7.2248214e+03   4.2710000e+03
   0.0000000e+00   0.0000000e+00   7.2119587e+03   4.4510000e+03
   0.0000000e+00   0.0000000e+00   7.2103046e+03   5.0800000e+03
   0.0000000e+00   0.0000000e+00   7.2037722e+03   5.2950000e+03
   0.0000000e+00   0.0000000e+00   7.2012424e+03   5.3750000e+03
   0.0000000e+00   0.0000000e+00   7.1983746e+03   6.0270000e+03
   0.0000000e+00   0.0000000e+00   7.1926994e+03   6.1240000e+03
   0.0000000e+00   0.0000000e+00   7.1898396e+03   6.5930000e+03
   0.0000000e+00   0.0000000e+00   7.1882507e+03   6.6310000e+03
   0.0000000e+00   0.0000000e+00   7.1859082e+03   7.0650000e+03
   0.0000000e+00   0.0000000e+00   7.1806866e+03   7.6200000e+03
   0.0000000e+00   0.0000000e+00   7.1750364e+03   8.0070000e+03
   0.0000000e+00   0.0000000e+00   7.1730961e+03   8.0160000e+03
   0.0000000e+00   0.0000000e+00   7.1723351e+03   1.0312000e+04
   0.0000000e+00   0.0000000e+00   7.1712079e+03   1.1248000e+04
   0.0000000e+00   0.0000000e+00   7.1654010e+03   1.1342000e+04
   0.0000000e+00   0.0000000e+00   7.1585346e+03   1.1383000e+04
   0.0000000e+00   0.0000000e+00   7.1565148e+03   1.1617000e+04
   0.0000000e+00   0.0000000e+00   7.1539617e+03   1.2135000e+04
   0.0000000e+00   0.0000000e+00   7.1520866e+03   1.3557000e+04
   0.0000000e+00   0.0000000e+00   7.1509410e+03   1.9366000e+04
   0.0000000e+00   0.0000000e+00   7.1478877e+03   2.6632000e+04
   0.0000000e+00   0.0000000e+00   7.1452957e+03   2.6676000e+04
   0.0000000e+00   0.0000000e+00   7.1415289e+03   2.8854000e+04
   0.0000000e+00   0.0000000e+00   7.1397498e+03   3.0059000e+04
   0.0000000e+00   0.0000000e+00   7.1377771e+03   4.6408000e+04
   0.0000000e+00   0.0000000e+00   7.1365052e+03   4.7081000e+04
   0.0000000e+00   0.0000000e+00   7.1357627e+03   5.7361000e+04
   0.0000000e+00   0.0000000e+00   7.1342790e+03   5.7416000e+04
   0.0000000e+00   0.0000000e+00   7.1337712e+03   8.6071000e+04
   0.0000000e+00   0.0000000e+00   7.1334016e+03   1.9941200e+05
