   2.0759312e+02   8.7819339e+00   1.5125713e+04   2.0000000e+00
   1.9478014e+02   9.5200378e+00   1.3932656e+04   4.0000000e+00
   1.7965225e+02   7.0068806e+00   1.4859219e+04   5.0000000e+00
   1.5984753e+02   6.2662325e+00   1.4775779e+04   6.0000000e+00
   1.3881864e+02   3.5956777e+00   1.7873740e+04   7.0000000e+00
   9.1451392e+01   1.2864967e+00   1.7301752e+04   1.0000000e+01
   7.9979994e+01   6.1442117e-01   2.1527630e+04   1.3000000e+01
   7.5966988e+01   9.7601929e-01   2.0283036e+04   1.4000000e+01
   7.1602452e+01   4.6554403e-01   2.1946061e+04   1.5000000e+01
   7.1225352e+01   1.0034370e+00   2.0323780e+04   1.6000000e+01
   6.7009088e+01   4.1816634e-01   2.0581673e+04   1.7000000e+01
   4.1076977e+01   8.2920354e-02   1.9779490e+04   1.8000000e+01
   3.0801034e+01   1.6426972e-02   2.1042408e+04   1.9000000e+01
   2.7717372e+01   6.0399063e-02   1.9657904e+04   2.1000000e+01
   2.7557771e+01   8.2550387e-02   1.9068969e+04   2.2000000e+01
   2.7536901e+01   8.5154071e-02   1.9147171e+04   2.4000000e+01
   2.5813449e+01   9.1521668e-02   1.8329684e+04   2.5000000e+01
   2.2410342e+01   0.0000000e+00   2.1205234e+04   2.6000000e+01
   1.9555197e+01   0.0000000e+00   2.0248159e+04   2.9000000e+01
   6.7402678e+00   0.0000000e+00   1.9731068e+04   3.0000000e+01
   4.9603379e+00   0.0000000e+00   2.1862331e+04   3.2000000e+01
   4.5936050e+00   0.0000000e+00   2.1043527e+04   3.3000000e+01
   4.0018030e+00   0.0000000e+00   2.4832653e+04   3.4000000e+01
   3.7369834e+00   0.0000000e+00   2.5095970e+04   3.6000000e+01
   7.4589620e-01   0.0000000e+00   2.6996370e+04   3.7000000e+01
   6.4414994e-02   0.0000000e+00   2.8437046e+04   4.0000000e+01
   5.8533378e-02   0.0000000e+00   2.6574916e+04   4.4000000e+01
   0.0000000e+00   0.0000000e+00   2.7454188e+04   5.2000000e+01
   0.0000000e+00   0.0000000e+00   2.6718171e+04   5.3000000e+01
   0.0000000e+00   0.0000000e+00   2.6628721e+04   5.4000000e+01
   0.0000000e+00   0.0000000e+00   2.6059171e+04   5.8000000e+01
   0.0000000e+00   0.0000000e+00   2.3967939e+04   5.9000000e+01
   0.0000000e+00   0.0000000e+00   2.2641781e+04   6.6000000e+01
   0.0000000e+00   0.0000000e+00   2.1200498e+04   6.9000000e+01
   0.0000000e+00   0.0000000e+00   2.1048893e+04   7.5000000e+01
   0.0000000e+00   0.0000000e+00   1.9659919e+04   7.6000000e+01
   0.0000000e+00   0.0000000e+00   1.8623557e+04   8.6000000e+01
   0.0000000e+00   0.0000000e+00   1.8485439e+04   8.8000000e+01
   0.0000000e+00   0.0000000e+00   1.7293627e+04   8.9000000e+01
   0.0000000e+00   0.0000000e+00   1.6643262e+04   9.1000000e+01
   0.0000000e+00   0.0000000e+00   1.6173385e+04   9.2000000e+01
   0.0000000e+00   0.0000000e+00   1.5851938e+04   9.3000000e+01
   0.0000000e+00   0.0000000e+00   1.5740309e+04   1.0000000e+02
   0.0000000e+00   0.0000000e+00   1.5622744e+04   1.0500000e+02
   0.0000000e+00   0.0000000e+00   1.5432817e+04   1.0600000e+02
   0.0000000e+00   0.0000000e+00   1.4952802e+04   1.0700000e+02
   0.0000000e+00   0.0000000e+00   1.4632999e+04   1.1000000e+02
   0.0000000e+00   0.0000000e+00   1.4203472e+04   1.1100000e+02
   0.0000000e+00   0.0000000e+00   1.3821167e+04   1.1700000e+02
   0.0000000e+00   0.0000000e+00   1.3450821e+04   1.1900000e+02
   0.0000000e+00   0.0000000e+00   1.3227100e+04   1.2300000e+02
   0.0000000e+00   0.0000000e+00   1.2969207e+04   1.2400000e+02
   0.0000000e+00   0.0000000e+00   1.2537686e+04   1.2500000e+02
   0.0000000e+00   0.0000000e+00   1.2367095e+04   1.3300000e+02
   0.0000000e+00   0.0000000e+00   1.2080745e+04   1.3500000e+02
   0.0000000e+00   0.0000000e+00   1.1433932e+04   1.3900000e+02
   0.0000000e+00   0.0000000e+00   1.1057002e+04   1.4200000e+02
   0.0000000e+00   0.0000000e+00   1.0917967e+04   1.4600000e+02
   0.0000000e+00   0.0000000e+00   1.0750696e+04   1.4700000e+02
   0.0000000e+00   0.0000000e+00   1.0691582e+04   1.5000000e+02
   0.0000000e+00   0.0000000e+00   1.0441347e+04   1.5700000e+02
   0.0000000e+00   0.0000000e+00   9.9197997e+03   1.6500000e+02
   0.0000000e+00   0.0000000e+00   9.8970284e+03   1.8000000e+02
   0.0000000e+00   0.0000000e+00   9.4896962e+03   1.8300000e+02
   0.0000000e+00   0.0000000e+00   9.4004158e+03   1.9300000e+02
   0.0000000e+00   0.0000000e+00   9.2668147e+03   1.9700000e+02
   0.0000000e+00   0.0000000e+00   9.0034547e+03   2.1100000e+02
   0.0000000e+00   0.0000000e+00   8.6250343e+03   2.1800000e+02
   0.0000000e+00   0.0000000e+00   8.4465793e+03   2.1900000e+02
   0.0000000e+00   0.0000000e+00   8.3998869e+03   2.4100000e+02
   0.0000000e+00   0.0000000e+00   8.3389599e+03   2.5200000e+02
   0.0000000e+00   0.0000000e+00   8.2523597e+03   2.6100000e+02
   0.0000000e+00   0.0000000e+00   8.2147466e+03   2.7800000e+02
   0.0000000e+00   0.0000000e+00   8.0945308e+03   2.8200000e+02
   0.0000000e+00   0.0000000e+00   8.0377735e+03   2.8500000e+02
   0.0000000e+00   0.0000000e+00   7.8987201e+03   3.2400000e+02
   0.0000000e+00   0.0000000e+00   7.8253330e+03   3.7700000e+02
   0.0000000e+00   0.0000000e+00   7.7732152e+03   3.8300000e+02
   0.0000000e+00   0.0000000e+00   7.7158615e+03   3.9200000e+02
   0.0000000e+00   0.0000000e+00   7.6873049e+03   3.9300000e+02
   0.0000000e+00   0.0000000e+00   7.6279586e+03   3.9700000e+02
   0.0000000e+00   0.0000000e+00   7.5661478e+03   4.0200000e+02
   0.0000000e+00   0.0000000e+00   7.5536873e+03   4.3600000e+02
   0.0000000e+00   0.0000000e+00   7.5089870e+03   4.5100000e+02
   0.0000000e+00   0.0000000e+00   7.4909576e+03   4.5600000e+02
   0.0000000e+00   0.0000000e+00   7.4742356e+03   5.0900000e+02
   0.0000000e+00   0.0000000e+00   7.4390972e+03   5.2700000e+02
   0.0000000e+00   0.0000000e+00   7.4252255e+03   6.5500000e+02
   0.0000000e+00   0.0000000e+00   7.4212742e+03   6.9800000e+02
   0.0000000e+00   0.0000000e+00   7.3912396e+03   7.6700000e+02
   0.0000000e+00   0.0000000e+00   7.3466188e+03   8.2700000e+02
   0.0000000e+00   0.0000000e+00   7.3452034e+03   1.0500000e+03
   0.0000000e+00   0.0000000e+00   7.2811497e+03   1.3500000e+03
   0.0000000e+00   0.0000000e+00   7.2772370e+03   1.4420000e+03
   0.0000000e+00   0.0000000e+00   7.2746627e+03   1.5410000e+03
   0.0000000e+00   0.0000000e+00   7.2668926e+03   1.5590000e+03
   0.0000000e+00   0.0000000e+00   7.2668558e+03   2.1010000e+03
   0.0000000e+00   0.0000000e+00   7.2652977e+03   2.1560000e+03
   0.0000000e+00   0.0000000e+00   7.2611945e+03   2.3470000e+03
   0.0000000e+00   0.0000000e+00   7.2219693e+03   2.5010000e+03
   0.0000000e+00   0.0000000e+00   7.2171062e+03   4.0270000e+03
   0.0000000e+00   0.0000000e+00   7.2124444e+03   4.8200000e+03
   0.0000000e+00   0.0000000e+00   7.2102377e+03   4.8470000e+03
   0.0000000e+00   0.0000000e+00   7.2059053e+03   4.9120000e+03
   0.0000000e+00   0.0000000e+00   7.1905602e+03   4.9730000e+03
   0.0000000e+00   0.0000000e+00   7.1893762e+03   5.1740000e+03
   0.0000000e+00   0.0000000e+00   7.1854912e+03   5.2260000e+03
   0.0000000e+00   0.0000000e+00   7.1829711e+03   5.2350000e+03
   0.0000000e+00   0.0000000e+00   7.1806782e+03   5.2790000e+03
   0.0000000e+00   0.0000000e+00   7.1729601e+03   5.4940000e+03
   0.0000000e+00   0.0000000e+00   7.1577485e+03   6.6940000e+03
   0.0000000e+00   0.0000000e+00   7.1567492e+03   7.0220000e+03
   0.0000000e+00   0.0000000e+00   7.1545496e+03   7.0480000e+03
   0.0000000e+00   0.0000000e+00   7.1517778e+03   7.4840000e+03
   0.0000000e+00   0.0000000e+00   7.1488079e+03   7.7910000e+03
   0.0000000e+00   0.0000000e+00   7.1469761e+03   8.2040000e+03
   0.0000000e+00   0.0000000e+00   7.1458529e+03   8.3850000e+03
   0.0000000e+00   0.0000000e+00   7.1448554e+03   8.8110000e+03
   0.0000000e+00   0.0000000e+00   7.1438268e+03   9.2020000e+03
   0.0000000e+00   0.0000000e+00   7.1431178e+03   9.8200000e+03
   0.0000000e+00   0.0000000e+00   7.1415197e+03   1.0999000e+04
   0.0000000e+00   0.0000000e+00   7.1409784e+03   1.1224000e+04
   0.0000000e+00   0.0000000e+00   7.1405984e+03   1.1563000e+04
   0.0000000e+00   0.0000000e+00   7.1401111e+03   1.4215000e+04
   0.0000000e+00   0.0000000e+00   7.1388640e+03   1.8548000e+04
   0.0000000e+00   0.0000000e+00   7.1383735e+03   1.9742000e+04
   0.0000000e+00   0.0000000e+00   7.1375464e+03   2.1589000e+04
   0.0000000e+00   0.0000000e+00   7.1369242e+03   2.2877000e+04
   0.0000000e+00   0.0000000e+00   7.1363649e+03   2.4968000e+04
   0.0000000e+00   0.0000000e+00   7.1360887e+03   2.6903000e+04
   0.0000000e+00   0.0000000e+00   7.1360887e+03   2.7406000e+04
   0.0000000e+00   0.0000000e+00   7.1354941e+03   2.8084000e+04
   0.0000000e+00   0.0000000e+00   7.1350611e+03   3.9560000e+04
   0.0000000e+00   0.0000000e+00   7.1348138e+03   4.3397000e+04
   0.0000000e+00   0.0000000e+00   7.1343691e+03   4.4742000e+04
   0.0000000e+00   0.0000000e+00   7.1341048e+03   5.1395000e+04
   0.0000000e+00   0.0000000e+00   7.1340224e+03   6.6423000e+04
   0.0000000e+00   0.0000000e+00   7.1340224e+03   7.6196000e+04
   0.0000000e+00   0.0000000e+00   7.1334026e+03   7.6904000e+04
   0.0000000e+00   0.0000000e+00   7.1332271e+03   7.9278000e+04
   0.0000000e+00   0.0000000e+00   7.1332271e+03   9.7768000e+04
   0.0000000e+00   0.0000000e+00   7.0905897e+03   9.9764000e+04
   0.0000000e+00   0.0000000e+00   7.0895846e+03   1.0042100e+05
   0.0000000e+00   0.0000000e+00   7.0890255e+03   1.0187200e+05
   0.0000000e+00   0.0000000e+00   7.0884923e+03   1.0297600e+05
   0.0000000e+00   0.0000000e+00   7.0875604e+03   1.0336200e+05
   0.0000000e+00   0.0000000e+00   7.0872057e+03   1.0592900e+05
   0.0000000e+00   0.0000000e+00   7.0869295e+03   1.0651500e+05
   0.0000000e+00   0.0000000e+00   7.0863066e+03   1.0796100e+05
   0.0000000e+00   0.0000000e+00   7.0861273e+03   1.0885400e+05
   0.0000000e+00   0.0000000e+00   7.0859407e+03   1.0888700e+05
   0.0000000e+00   0.0000000e+00   7.0857541e+03   1.1026400e+05
   0.0000000e+00   0.0000000e+00   7.0855641e+03   1.1134400e+05
   0.0000000e+00   0.0000000e+00   7.0850263e+03   1.1759700e+05
   0.0000000e+00   0.0000000e+00   7.0850263e+03   1.2348200e+05
   0.0000000e+00   0.0000000e+00   7.0850263e+03   1.2630800e+05
   0.0000000e+00   0.0000000e+00   7.0850263e+03   1.2934700e+05
   0.0000000e+00   0.0000000e+00   7.0850263e+03   1.3155400e+05
   0.0000000e+00   0.0000000e+00   7.0850263e+03   1.3213400e+05
   0.0000000e+00   0.0000000e+00   7.0848331e+03   1.3858700e+05
   0.0000000e+00   0.0000000e+00   7.0848331e+03   1.4062700e+05
   0.0000000e+00   0.0000000e+00   7.0848331e+03   1.4443800e+05
   0.0000000e+00   0.0000000e+00   7.0848331e+03   1.4577900e+05
   0.0000000e+00   0.0000000e+00   7.0848331e+03   1.4628200e+05
   0.0000000e+00   0.0000000e+00   7.0848331e+03   1.4786800e+05
   0.0000000e+00   0.0000000e+00   7.0848331e+03   1.5649600e+05
   0.0000000e+00   0.0000000e+00   7.0848331e+03   1.6196200e+05
   0.0000000e+00   0.0000000e+00   7.0848331e+03   1.7287600e+05
   0.0000000e+00   0.0000000e+00   7.0848331e+03   1.7478500e+05
   0.0000000e+00   0.0000000e+00   7.0848331e+03   1.7658000e+05
   0.0000000e+00   0.0000000e+00   7.0848331e+03   1.7664000e+05
   0.0000000e+00   0.0000000e+00   7.0848331e+03   1.7677200e+05
   0.0000000e+00   0.0000000e+00   7.0848331e+03   1.7688900e+05
   0.0000000e+00   0.0000000e+00   7.0848331e+03   1.7719200e+05
   0.0000000e+00   0.0000000e+00   7.0848331e+03   1.8383300e+05
   0.0000000e+00   0.0000000e+00   7.0848331e+03   1.8609200e+05
   0.0000000e+00   0.0000000e+00   7.0848331e+03   1.8989900e+05
