   2.0467471e+02   8.8995171e+00   1.4970218e+04   2.0000000e+00
   1.3563105e+02   3.1376781e+00   1.6305131e+04   3.0000000e+00
   1.2137121e+02   2.1181735e+00   1.9204250e+04   4.0000000e+00
   1.1236301e+02   1.6296528e+00   1.8989922e+04   5.0000000e+00
   5.4036994e+01   5.1440104e-01   1.8873206e+04   7.0000000e+00
   4.6023254e+01   1.0603246e+00   1.7367519e+04   8.0000000e+00
   3.6837857e+01   2.0313922e-01   1.9093161e+04   9.0000000e+00
   2.8079487e+01   6.0241836e-02   1.9848455e+04   1.0000000e+01
   2.4699250e+01   2.6340582e-01   1.8358620e+04   1.1000000e+01
   1.8800109e+01   1.1711100e-01   1.7436630e+04   1.3000000e+01
   1.8602882e+01   0.0000000e+00   1.7696133e+04   1.5000000e+01
   1.3052700e+01   0.0000000e+00   1.7067943e+04   1.6000000e+01
   9.9423017e+00   0.0000000e+00   1.5881612e+04   1.7000000e+01
   7.9527196e+00   0.0000000e+00   2.0312388e+04   1.9000000e+01
   6.6772236e+00   0.0000000e+00   1.8628003e+04   2.2000000e+01
   6.0055031e+00   0.0000000e+00   2.2046427e+04   2.3000000e+01
   5.8447640e+00   0.0000000e+00   2.0096276e+04   2.5000000e+01
   5.7597679e+00   0.0000000e+00   1.9773383e+04   2.7000000e+01
   3.6705604e+00   0.0000000e+00   1.8561473e+04   2.8000000e+01
   1.2272672e+00   0.0000000e+00   1.8333973e+04   2.9000000e+01
   9.9435265e-01   0.0000000e+00   1.8417865e+04   3.0000000e+01
   7.5364645e-01   0.0000000e+00   2.0408859e+04   3.1000000e+01
   7.2073918e-01   0.0000000e+00   1.8903605e+04   3.4000000e+01
   5.0483570e-01   0.0000000e+00   2.0633761e+04   3.5000000e+01
   3.6728628e-01   0.0000000e+00   2.0711689e+04   3.7000000e+01
   5.8577245e-02   0.0000000e+00   2.4241274e+04   4.2000000e+01
   4.2921545e-02   0.0000000e+00   2.3454909e+04   4.4000000e+01
   0.0000000e+00   0.0000000e+00   2.8717876e+04   4.6000000e+01
   0.0000000e+00   0.0000000e+00   2.6417251e+04   4.9000000e+01
   0.0000000e+00   0.0000000e+00   2.6214397e+04   5.1000000e+01
   0.0000000e+00   0.0000000e+00   2.5380565e+04   5.4000000e+01
   0.0000000e+00   0.0000000e+00   2.3571024e+04   5.5000000e+01
   0.0000000e+00   0.0000000e+00   2.2921891e+04   5.6000000e+01
   0.0000000e+00   0.0000000e+00   2.1715459e+04   6.0000000e+01
   0.0000000e+00   0.0000000e+00   2.1142039e+04   6.2000000e+01
   0.0000000e+00   0.0000000e+00   1.9976582e+04   6.3000000e+01
   0.0000000e+00   0.0000000e+00   1.8737693e+04   6.4000000e+01
   0.0000000e+00   0.0000000e+00   1.7823718e+04   6.5000000e+01
   0.0000000e+00   0.0000000e+00   1.7257590e+04   6.7000000e+01
   0.0000000e+00   0.0000000e+00   1.6397694e+04   7.5000000e+01
   0.0000000e+00   0.0000000e+00   1.6119211e+04   7.6000000e+01
   0.0000000e+00   0.0000000e+00   1.6029154e+04   7.8000000e+01
   0.0000000e+00   0.0000000e+00   1.5356829e+04   8.2000000e+01
   0.0000000e+00   0.0000000e+00   1.5158035e+04   8.3000000e+01
   0.0000000e+00   0.0000000e+00   1.4340680e+04   8.9000000e+01
   0.0000000e+00   0.0000000e+00   1.4232733e+04   9.7000000e+01
   0.0000000e+00   0.0000000e+00   1.4196189e+04   9.9000000e+01
   0.0000000e+00   0.0000000e+00   1.3920998e+04   1.0000000e+02
   0.0000000e+00   0.0000000e+00   1.3698192e+04   1.0100000e+02
   0.0000000e+00   0.0000000e+00   1.3361043e+04   1.0300000e+02
   0.0000000e+00   0.0000000e+00   1.2991816e+04   1.0400000e+02
   0.0000000e+00   0.0000000e+00   1.2936571e+04   1.1000000e+02
   0.0000000e+00   0.0000000e+00   1.2275755e+04   1.1200000e+02
   0.0000000e+00   0.0000000e+00   1.1595455e+04   1.1500000e+02
   0.0000000e+00   0.0000000e+00   1.1438585e+04   1.1700000e+02
   0.0000000e+00   0.0000000e+00   1.1129057e+04   1.3100000e+02
   0.0000000e+00   0.0000000e+00   1.1117397e+04   1.5400000e+02
   0.0000000e+00   0.0000000e+00   1.0727073e+04   1.6100000e+02
   0.0000000e+00   0.0000000e+00   1.0200042e+04   1.6500000e+02
   0.0000000e+00   0.0000000e+00   9.8513118e+03   1.6800000e+02
   0.0000000e+00   0.0000000e+00   9.5322752e+03   1.7100000e+02
   0.0000000e+00   0.0000000e+00   9.5275764e+03   1.9800000e+02
   0.0000000e+00   0.0000000e+00   9.3101088e+03   2.1400000e+02
   0.0000000e+00   0.0000000e+00   9.0748344e+03   2.2100000e+02
   0.0000000e+00   0.0000000e+00   8.8350937e+03   2.2200000e+02
   0.0000000e+00   0.0000000e+00   8.6674586e+03   2.3400000e+02
   0.0000000e+00   0.0000000e+00   8.5383262e+03   2.5300000e+02
   0.0000000e+00   0.0000000e+00   8.3767730e+03   2.5900000e+02
   0.0000000e+00   0.0000000e+00   8.2243366e+03   2.6800000e+02
   0.0000000e+00   0.0000000e+00   8.0766491e+03   2.7800000e+02
   0.0000000e+00   0.0000000e+00   7.9987445e+03   2.8800000e+02
   0.0000000e+00   0.0000000e+00   7.8657734e+03   2.9100000e+02
   0.0000000e+00   0.0000000e+00   7.7589333e+03   3.0000000e+02
   0.0000000e+00   0.0000000e+00   7.6467592e+03   3.0300000e+02
   0.0000000e+00   0.0000000e+00   7.6048698e+03   3.6200000e+02
   0.0000000e+00   0.0000000e+00   7.5812322e+03   3.8000000e+02
   0.0000000e+00   0.0000000e+00   7.4407943e+03   4.4100000e+02
   0.0000000e+00   0.0000000e+00   7.4161272e+03   4.4700000e+02
   0.0000000e+00   0.0000000e+00   7.3907188e+03   5.5800000e+02
   0.0000000e+00   0.0000000e+00   7.3464375e+03   5.9800000e+02
   0.0000000e+00   0.0000000e+00   7.2619481e+03   6.9400000e+02
   0.0000000e+00   0.0000000e+00   7.2412094e+03   8.6200000e+02
   0.0000000e+00   0.0000000e+00   7.2272090e+03   1.2320000e+03
   0.0000000e+00   0.0000000e+00   7.2241440e+03   1.4740000e+03
   0.0000000e+00   0.0000000e+00   7.2079443e+03   1.6690000e+03
   0.0000000e+00   0.0000000e+00   7.1957209e+03   2.3660000e+03
   0.0000000e+00   0.0000000e+00   7.1952456e+03   3.0620000e+03
   0.0000000e+00   0.0000000e+00   7.1888254e+03   3.2300000e+03
   0.0000000e+00   0.0000000e+00   7.1828161e+03   3.3130000e+03
   0.0000000e+00   0.0000000e+00   7.1822712e+03   4.0960000e+03
   0.0000000e+00   0.0000000e+00   7.1646333e+03   4.4280000e+03
   0.0000000e+00   0.0000000e+00   7.1333576e+03   5.2300000e+03
   0.0000000e+00   0.0000000e+00   7.1314933e+03   5.3530000e+03
   0.0000000e+00   0.0000000e+00   7.1256638e+03   5.8690000e+03
   0.0000000e+00   0.0000000e+00   7.1247916e+03   5.9200000e+03
   0.0000000e+00   0.0000000e+00   7.1162691e+03   6.0230000e+03
   0.0000000e+00   0.0000000e+00   7.1141628e+03   6.5840000e+03
   0.0000000e+00   0.0000000e+00   7.1105678e+03   8.7510000e+03
   0.0000000e+00   0.0000000e+00   7.1078200e+03   2.1936000e+04
   0.0000000e+00   0.0000000e+00   7.1054307e+03   3.8102000e+04
