   4.2979661e+02   1.3835298e+01   1.7598261e+04   4.0000000e+00
   4.1721929e+02   1.1559738e+01   1.7627537e+04   6.0000000e+00
   4.1563481e+02   1.2284636e+01   1.7519717e+04   7.0000000e+00
   4.1353124e+02   1.2390796e+01   1.7329855e+04   8.0000000e+00
   4.1310782e+02   1.1547729e+01   1.7325875e+04   1.2000000e+01
   4.1292829e+02   1.1581907e+01   1.7226563e+04   1.5000000e+01
   4.0553644e+02   1.0901656e+01   1.7307461e+04   1.7000000e+01
   3.9313609e+02   1.0473489e+01   1.7467739e+04   1.9000000e+01
   3.8798139e+02   1.0045432e+01   1.7621859e+04   2.0000000e+01
   3.8743831e+02   9.8043061e+00   1.7414743e+04   2.1000000e+01
   3.8421700e+02   9.5073934e+00   1.7801594e+04   2.2000000e+01
   3.7522037e+02   8.9750097e+00   1.7669703e+04   2.4000000e+01
   3.7112083e+02   9.0912081e+00   1.7589533e+04   2.5000000e+01
   3.6997698e+02   8.8023158e+00   1.8116151e+04   3.0000000e+01
   3.5058585e+02   8.5756499e+00   1.8558008e+04   3.4000000e+01
   3.1520310e+02   7.9796444e+00   1.8743805e+04   3.5000000e+01
   2.9366763e+02   6.8946387e+00   1.8666193e+04   3.6000000e+01
   2.8918262e+02   6.7989011e+00   1.8637825e+04   3.7000000e+01
   2.8367436e+02   7.2153155e+00   1.8571766e+04   3.9000000e+01
   2.8091272e+02   7.1293292e+00   1.9034044e+04   4.4000000e+01
   2.5811813e+02   7.1986185e+00   1.8796502e+04   4.5000000e+01
   2.5678672e+02   7.0636145e+00   1.8814915e+04   4.6000000e+01
   2.5562269e+02   6.9789447e+00   1.8798974e+04   4.8000000e+01
   2.5177360e+02   6.3258023e+00   1.8728411e+04   4.9000000e+01
   2.4872316e+02   6.3230981e+00   1.8933720e+04   5.0000000e+01
   2.2723982e+02   2.9167420e+00   1.8800268e+04   5.3000000e+01
   2.2694835e+02   2.8764078e+00   1.8987725e+04   5.6000000e+01
   2.2578887e+02   2.7722467e+00   1.8960184e+04   5.7000000e+01
   1.9323911e+02   1.6445139e+00   1.9036665e+04   5.8000000e+01
   1.7573600e+02   1.4085607e+00   1.9321262e+04   6.2000000e+01
   1.7508408e+02   1.4005502e+00   1.9182815e+04   6.3000000e+01
   1.6564077e+02   1.1631640e+00   1.9683277e+04   7.2000000e+01
   1.6048494e+02   9.3537229e-01   2.0191029e+04   7.4000000e+01
   1.3176349e+02   1.6089248e-01   2.0257538e+04   7.7000000e+01
   1.3028225e+02   1.5755812e-01   2.0663603e+04   8.0000000e+01
   1.2939576e+02   1.5203847e-01   2.0525959e+04   8.1000000e+01
   1.2790370e+02   1.5355980e-01   2.0639928e+04   8.2000000e+01
   1.1095732e+02   1.6081723e-01   2.0702094e+04   8.3000000e+01
   1.0937989e+02   1.5528207e-01   2.0638307e+04   8.5000000e+01
   1.0888558e+02   1.5777103e-01   2.0632647e+04   8.6000000e+01
   1.0845044e+02   1.5369991e-01   2.0669077e+04   9.0000000e+01
   9.8059359e+01   4.6294721e-02   2.0584444e+04   9.1000000e+01
   9.5544825e+01   4.7374741e-02   2.0483674e+04   9.3000000e+01
   9.1401949e+01   4.6638762e-02   2.0452727e+04   9.5000000e+01
   9.0375849e+01   4.4542211e-02   2.0323647e+04   9.6000000e+01
   8.8681469e+01   3.5023425e-02   2.0467972e+04   9.7000000e+01
   8.8126001e+01   2.8999202e-02   2.0644577e+04   9.9000000e+01
   8.6884881e+01   2.8272099e-02   2.0641904e+04   1.0200000e+02
   8.6712145e+01   2.6204722e-02   2.0651607e+04   1.0300000e+02
   8.2542456e+01   2.9206180e-02   2.0810394e+04   1.0700000e+02
   8.2232776e+01   2.4914640e-02   2.0983774e+04   1.1100000e+02
   7.9819140e+01   3.5478801e-02   2.1079067e+04   1.1200000e+02
   7.9460923e+01   3.8259714e-02   2.1002969e+04   1.1300000e+02
   7.1832693e+01   1.7527093e-02   2.1006151e+04   1.1400000e+02
   7.1768399e+01   1.7464534e-02   2.0936039e+04   1.1800000e+02
   7.1344916e+01   1.7046095e-02   2.1007334e+04   1.1900000e+02
   6.6212668e+01   0.0000000e+00   2.1627638e+04   1.2200000e+02
   6.4930264e+01   0.0000000e+00   2.2038517e+04   1.2400000e+02
   5.8430371e+01   0.0000000e+00   2.1683484e+04   1.2500000e+02
   5.6981025e+01   0.0000000e+00   2.1729441e+04   1.2600000e+02
   5.3961935e+01   0.0000000e+00   2.2143821e+04   1.2700000e+02
   4.4493011e+01   0.0000000e+00   2.2600223e+04   1.2800000e+02
   3.2378096e+01   0.0000000e+00   2.2442952e+04   1.2900000e+02
   3.0250949e+01   0.0000000e+00   2.2698462e+04   1.3100000e+02
   2.6924796e+01   0.0000000e+00   2.2681652e+04   1.3300000e+02
   2.6793220e+01   0.0000000e+00   2.2694950e+04   1.3500000e+02
   2.3912811e+01   0.0000000e+00   2.3005997e+04   1.3800000e+02
   2.3626380e+01   0.0000000e+00   2.3220230e+04   1.4400000e+02
   2.3615773e+01   0.0000000e+00   2.3168604e+04   1.4600000e+02
   2.2874476e+01   0.0000000e+00   2.3019416e+04   1.4800000e+02
   2.2867863e+01   0.0000000e+00   2.2969158e+04   1.5100000e+02
   2.0688531e+01   0.0000000e+00   2.2957887e+04   1.5400000e+02
   2.0635596e+01   0.0000000e+00   2.2974699e+04   1.5600000e+02
   2.0415917e+01   0.0000000e+00   2.2993397e+04   1.6000000e+02
   1.9797359e+01   0.0000000e+00   2.2939974e+04   1.6100000e+02
   1.9292334e+01   0.0000000e+00   2.2828026e+04   1.6200000e+02
   1.8856290e+01   0.0000000e+00   2.2721235e+04   1.6400000e+02
   1.8663306e+01   0.0000000e+00   2.3006298e+04   1.6600000e+02
   1.8540499e+01   0.0000000e+00   2.3401104e+04   1.6700000e+02
   1.8296183e+01   0.0000000e+00   2.3435207e+04   1.7700000e+02
   1.7913273e+01   0.0000000e+00   2.3580084e+04   1.8000000e+02
   1.7489974e+01   0.0000000e+00   2.3400989e+04   1.8200000e+02
   1.7113663e+01   0.0000000e+00   2.3719343e+04   1.8600000e+02
   1.7088038e+01   0.0000000e+00   2.3425955e+04   1.8900000e+02
   1.6791883e+01   0.0000000e+00   2.3798518e+04   1.9000000e+02
   1.4362628e+01   0.0000000e+00   2.4487495e+04   2.0400000e+02
   1.3032586e+01   0.0000000e+00   2.4857438e+04   2.0900000e+02
   1.2786455e+01   0.0000000e+00   2.4465521e+04   2.1500000e+02
   1.2472259e+01   0.0000000e+00   2.4941400e+04   2.1700000e+02
   1.2386264e+01   0.0000000e+00   2.5404214e+04   2.2400000e+02
   1.2382070e+01   0.0000000e+00   2.5725400e+04   2.3500000e+02
   1.2234714e+01   0.0000000e+00   2.5677449e+04   2.3800000e+02
   1.2193586e+01   0.0000000e+00   2.5529449e+04   2.3900000e+02
   1.2081238e+01   0.0000000e+00   2.5969433e+04   2.4000000e+02
   1.1996500e+01   0.0000000e+00   2.6138526e+04   2.4200000e+02
   1.1844453e+01   0.0000000e+00   2.6051726e+04   2.5100000e+02
   1.1775568e+01   0.0000000e+00   2.5886366e+04   2.5300000e+02
   3.9712481e+00   0.0000000e+00   2.5792795e+04   2.5500000e+02
   3.8692060e+00   0.0000000e+00   2.5583593e+04   2.6400000e+02
   3.8492051e+00   0.0000000e+00   2.5745326e+04   2.7100000e+02
   3.5896863e+00   0.0000000e+00   2.5935237e+04   2.7400000e+02
   3.1881662e+00   0.0000000e+00   2.5776984e+04   2.7700000e+02
   3.1756004e+00   0.0000000e+00   2.5771262e+04   2.7900000e+02
   2.4199611e+00   0.0000000e+00   2.5603542e+04   2.8500000e+02
   2.3747821e+00   0.0000000e+00   2.5971319e+04   2.8600000e+02
   2.3410824e+00   0.0000000e+00   2.5893723e+04   2.8700000e+02
   2.3392822e+00   0.0000000e+00   2.5799348e+04   2.8800000e+02
   2.2817013e+00   0.0000000e+00   2.5708185e+04   2.8900000e+02
   2.2526351e+00   0.0000000e+00   2.5977931e+04   2.9000000e+02
   2.2292278e+00   0.0000000e+00   2.5822070e+04   2.9100000e+02
   2.1205057e+00   0.0000000e+00   2.6022187e+04   2.9300000e+02
   2.0621140e+00   0.0000000e+00   2.6001783e+04   2.9400000e+02
   1.9704655e+00   0.0000000e+00   2.5952496e+04   2.9500000e+02
   1.9625300e+00   0.0000000e+00   2.5799819e+04   2.9600000e+02
   1.7955163e+00   0.0000000e+00   2.5959298e+04   2.9800000e+02
   1.7346698e+00   0.0000000e+00   2.5811006e+04   2.9900000e+02
   1.6661484e+00   0.0000000e+00   2.5640950e+04   3.0000000e+02
   1.6042254e+00   0.0000000e+00   2.5811818e+04   3.0100000e+02
   1.4232744e+00   0.0000000e+00   2.5816485e+04   3.0200000e+02
   1.3653230e+00   0.0000000e+00   2.5846621e+04   3.0300000e+02
   1.3166139e+00   0.0000000e+00   2.5473001e+04   3.0800000e+02
   1.1251120e+00   0.0000000e+00   2.5544345e+04   3.0900000e+02
   1.1213772e+00   0.0000000e+00   2.5830465e+04   3.1700000e+02
   1.1098277e+00   0.0000000e+00   2.5678720e+04   3.1800000e+02
   1.0545863e+00   0.0000000e+00   2.5448674e+04   3.1900000e+02
   1.0170471e+00   0.0000000e+00   2.5392604e+04   3.2900000e+02
   1.0148105e+00   0.0000000e+00   2.5451827e+04   3.3200000e+02
   9.7487138e-01   0.0000000e+00   2.5504077e+04   3.3300000e+02
   9.0500542e-01   0.0000000e+00   2.5768747e+04   3.4900000e+02
   8.5880476e-01   0.0000000e+00   2.5557548e+04   3.5000000e+02
   6.2506121e-01   0.0000000e+00   2.5572502e+04   3.5400000e+02
   6.2052103e-01   0.0000000e+00   2.5582127e+04   3.6500000e+02
   5.4629259e-01   0.0000000e+00   2.5661062e+04   3.6600000e+02
   5.4467420e-01   0.0000000e+00   2.5708657e+04   3.7000000e+02
   4.8611889e-01   0.0000000e+00   2.6007975e+04   3.7100000e+02
   4.5508165e-01   0.0000000e+00   2.5624788e+04   3.7900000e+02
   4.3579165e-01   0.0000000e+00   2.5354726e+04   3.8300000e+02
   3.5221171e-01   0.0000000e+00   2.5250789e+04   3.8500000e+02
   3.5046426e-01   0.0000000e+00   2.5014553e+04   3.8600000e+02
   1.4923713e-01   0.0000000e+00   2.4923298e+04   3.8700000e+02
   1.4627332e-01   0.0000000e+00   2.4935594e+04   3.9400000e+02
   1.4526606e-01   0.0000000e+00   2.5483953e+04   3.9900000e+02
   1.3343331e-01   0.0000000e+00   2.5685914e+04   4.0100000e+02
   1.3215165e-01   0.0000000e+00   2.5660842e+04   4.0600000e+02
   1.3080453e-01   0.0000000e+00   2.5758723e+04   4.2500000e+02
   1.2696882e-01   0.0000000e+00   2.5899681e+04   4.2700000e+02
   1.1528814e-01   0.0000000e+00   2.6446175e+04   4.3100000e+02
   1.1387746e-01   0.0000000e+00   2.6517719e+04   4.3300000e+02
   1.1319674e-01   0.0000000e+00   2.6817711e+04   4.5100000e+02
   1.1121838e-01   0.0000000e+00   2.6899418e+04   4.5200000e+02
   1.0609548e-01   0.0000000e+00   2.6903215e+04   4.5400000e+02
   1.0196048e-01   0.0000000e+00   2.6898953e+04   4.5500000e+02
   1.0099543e-01   0.0000000e+00   2.7095165e+04   4.5600000e+02
   9.7569009e-02   0.0000000e+00   2.6857189e+04   4.5900000e+02
   9.7122806e-02   0.0000000e+00   2.6774449e+04   4.6000000e+02
   9.1499744e-02   0.0000000e+00   2.6743574e+04   4.7200000e+02
   3.6352682e-02   0.0000000e+00   2.6442282e+04   4.7900000e+02
   3.4598147e-02   0.0000000e+00   2.6084109e+04   4.8200000e+02
   3.2233041e-02   0.0000000e+00   2.6090490e+04   4.8500000e+02
   3.2199250e-02   0.0000000e+00   2.5999144e+04   4.8900000e+02
   3.1855148e-02   0.0000000e+00   2.5985113e+04   4.9100000e+02
   2.5350375e-02   0.0000000e+00   2.5778013e+04   4.9300000e+02
   1.7600967e-02   0.0000000e+00   2.5656038e+04   4.9600000e+02
   1.5220447e-02   0.0000000e+00   2.5809173e+04   5.0000000e+02
   1.3988925e-02   0.0000000e+00   2.5989177e+04   5.0100000e+02
   1.3428805e-02   0.0000000e+00   2.6018166e+04   5.1600000e+02
   8.4122849e-03   0.0000000e+00   2.6061610e+04   5.1700000e+02
   8.3118603e-03   0.0000000e+00   2.6100325e+04   5.2200000e+02
   7.1908448e-03   0.0000000e+00   2.6356838e+04   5.3200000e+02
   0.0000000e+00   0.0000000e+00   2.6635805e+04   5.5000000e+02
   0.0000000e+00   0.0000000e+00   2.6566841e+04   5.5100000e+02
   0.0000000e+00   0.0000000e+00   2.6375968e+04   5.5500000e+02
   0.0000000e+00   0.0000000e+00   2.5936757e+04   5.6100000e+02
   0.0000000e+00   0.0000000e+00   2.5914667e+04   5.6500000e+02
   0.0000000e+00   0.0000000e+00   2.5714859e+04   5.6900000e+02
   0.0000000e+00   0.0000000e+00   2.5564412e+04   5.7200000e+02
   0.0000000e+00   0.0000000e+00   2.5511353e+04   5.7500000e+02
   0.0000000e+00   0.0000000e+00   2.5420559e+04   5.8200000e+02
   0.0000000e+00   0.0000000e+00   2.5201371e+04   5.8700000e+02
   0.0000000e+00   0.0000000e+00   2.4947212e+04   5.9200000e+02
   0.0000000e+00   0.0000000e+00   2.4651367e+04   5.9700000e+02
   0.0000000e+00   0.0000000e+00   2.4485003e+04   6.0300000e+02
   0.0000000e+00   0.0000000e+00   2.4336402e+04   6.0800000e+02
   0.0000000e+00   0.0000000e+00   2.4198124e+04   6.1400000e+02
   0.0000000e+00   0.0000000e+00   2.3992264e+04   6.1700000e+02
   0.0000000e+00   0.0000000e+00   2.3667485e+04   6.1900000e+02
   0.0000000e+00   0.0000000e+00   2.3306648e+04   6.2000000e+02
   0.0000000e+00   0.0000000e+00   2.3081538e+04   6.2200000e+02
   0.0000000e+00   0.0000000e+00   2.2868511e+04   6.2400000e+02
   0.0000000e+00   0.0000000e+00   2.2847427e+04   6.2700000e+02
   0.0000000e+00   0.0000000e+00   2.2698311e+04   6.3200000e+02
   0.0000000e+00   0.0000000e+00   2.2627567e+04   6.4300000e+02
   0.0000000e+00   0.0000000e+00   2.2536225e+04   6.4500000e+02
   0.0000000e+00   0.0000000e+00   2.2305197e+04   6.5600000e+02
   0.0000000e+00   0.0000000e+00   2.1887199e+04   6.6400000e+02
   0.0000000e+00   0.0000000e+00   2.1678899e+04   6.6900000e+02
   0.0000000e+00   0.0000000e+00   2.1530906e+04   6.7100000e+02
   0.0000000e+00   0.0000000e+00   2.1481902e+04   6.7200000e+02
   0.0000000e+00   0.0000000e+00   2.1431455e+04   6.8000000e+02
   0.0000000e+00   0.0000000e+00   2.1296188e+04   6.8200000e+02
   0.0000000e+00   0.0000000e+00   2.1187904e+04   6.8600000e+02
   0.0000000e+00   0.0000000e+00   2.1118585e+04   7.0100000e+02
   0.0000000e+00   0.0000000e+00   2.0653040e+04   7.0200000e+02
   0.0000000e+00   0.0000000e+00   2.0447621e+04   7.0300000e+02
   0.0000000e+00   0.0000000e+00   2.0354053e+04   7.1100000e+02
   0.0000000e+00   0.0000000e+00   2.0348505e+04   7.1800000e+02
   0.0000000e+00   0.0000000e+00   2.0299997e+04   7.2000000e+02
   0.0000000e+00   0.0000000e+00   2.0257055e+04   7.2200000e+02
   0.0000000e+00   0.0000000e+00   2.0254708e+04   7.2300000e+02
   0.0000000e+00   0.0000000e+00   2.0161313e+04   7.2400000e+02
   0.0000000e+00   0.0000000e+00   2.0085191e+04   7.2500000e+02
   0.0000000e+00   0.0000000e+00   2.0055104e+04   7.3100000e+02
   0.0000000e+00   0.0000000e+00   2.0013468e+04   7.3700000e+02
   0.0000000e+00   0.0000000e+00   1.9958049e+04   7.4200000e+02
   0.0000000e+00   0.0000000e+00   1.9664913e+04   7.4700000e+02
   0.0000000e+00   0.0000000e+00   1.9525497e+04   7.4900000e+02
   0.0000000e+00   0.0000000e+00   1.9116638e+04   7.6100000e+02
   0.0000000e+00   0.0000000e+00   1.8956223e+04   7.6200000e+02
   0.0000000e+00   0.0000000e+00   1.8949337e+04   7.6800000e+02
   0.0000000e+00   0.0000000e+00   1.8773788e+04   7.6900000e+02
   0.0000000e+00   0.0000000e+00   1.8576036e+04   7.7000000e+02
   0.0000000e+00   0.0000000e+00   1.8563593e+04   7.7500000e+02
   0.0000000e+00   0.0000000e+00   1.8398690e+04   7.8200000e+02
   0.0000000e+00   0.0000000e+00   1.8270433e+04   7.8400000e+02
   0.0000000e+00   0.0000000e+00   1.8186903e+04   7.8500000e+02
   0.0000000e+00   0.0000000e+00   1.8151374e+04   7.8700000e+02
   0.0000000e+00   0.0000000e+00   1.8067467e+04   7.9400000e+02
   0.0000000e+00   0.0000000e+00   1.7916305e+04   7.9600000e+02
   0.0000000e+00   0.0000000e+00   1.7859037e+04   7.9700000e+02
   0.0000000e+00   0.0000000e+00   1.7682700e+04   7.9800000e+02
   0.0000000e+00   0.0000000e+00   1.7672158e+04   8.0900000e+02
   0.0000000e+00   0.0000000e+00   1.7556237e+04   8.1300000e+02
   0.0000000e+00   0.0000000e+00   1.7555515e+04   8.1500000e+02
   0.0000000e+00   0.0000000e+00   1.7498908e+04   8.1900000e+02
   0.0000000e+00   0.0000000e+00   1.7045417e+04   8.2400000e+02
   0.0000000e+00   0.0000000e+00   1.6906999e+04   8.2500000e+02
   0.0000000e+00   0.0000000e+00   1.6895072e+04   8.2700000e+02
   0.0000000e+00   0.0000000e+00   1.6823479e+04   8.2800000e+02
   0.0000000e+00   0.0000000e+00   1.6813110e+04   8.3800000e+02
   0.0000000e+00   0.0000000e+00   1.6773453e+04   8.4200000e+02
   0.0000000e+00   0.0000000e+00   1.6636840e+04   8.4600000e+02
   0.0000000e+00   0.0000000e+00   1.6585141e+04   8.5000000e+02
   0.0000000e+00   0.0000000e+00   1.6357022e+04   8.5100000e+02
   0.0000000e+00   0.0000000e+00   1.6182083e+04   8.5300000e+02
   0.0000000e+00   0.0000000e+00   1.5907011e+04   8.5500000e+02
   0.0000000e+00   0.0000000e+00   1.5824708e+04   8.5700000e+02
   0.0000000e+00   0.0000000e+00   1.5780520e+04   8.6000000e+02
   0.0000000e+00   0.0000000e+00   1.5640123e+04   8.6200000e+02
   0.0000000e+00   0.0000000e+00   1.5488152e+04   8.6300000e+02
   0.0000000e+00   0.0000000e+00   1.5454896e+04   8.6500000e+02
   0.0000000e+00   0.0000000e+00   1.5357828e+04   8.7100000e+02
   0.0000000e+00   0.0000000e+00   1.5215302e+04   8.7300000e+02
   0.0000000e+00   0.0000000e+00   1.5106935e+04   8.7700000e+02
   0.0000000e+00   0.0000000e+00   1.5013930e+04   8.8700000e+02
   0.0000000e+00   0.0000000e+00   1.4922263e+04   8.9500000e+02
   0.0000000e+00   0.0000000e+00   1.4860164e+04   9.1000000e+02
   0.0000000e+00   0.0000000e+00   1.4808515e+04   9.1800000e+02
   0.0000000e+00   0.0000000e+00   1.4794785e+04   9.2700000e+02
   0.0000000e+00   0.0000000e+00   1.4616057e+04   9.2800000e+02
   0.0000000e+00   0.0000000e+00   1.4394058e+04   9.3000000e+02
   0.0000000e+00   0.0000000e+00   1.4335741e+04   9.3400000e+02
   0.0000000e+00   0.0000000e+00   1.4283275e+04   9.3600000e+02
   0.0000000e+00   0.0000000e+00   1.4260319e+04   9.3700000e+02
   0.0000000e+00   0.0000000e+00   1.4170386e+04   9.4100000e+02
   0.0000000e+00   0.0000000e+00   1.4041343e+04   9.4700000e+02
   0.0000000e+00   0.0000000e+00   1.3947036e+04   9.4800000e+02
   0.0000000e+00   0.0000000e+00   1.3924375e+04   9.5200000e+02
   0.0000000e+00   0.0000000e+00   1.3873438e+04   9.5300000e+02
   0.0000000e+00   0.0000000e+00   1.3705626e+04   9.5400000e+02
   0.0000000e+00   0.0000000e+00   1.3623474e+04   9.5500000e+02
   0.0000000e+00   0.0000000e+00   1.3407242e+04   9.5800000e+02
   0.0000000e+00   0.0000000e+00   1.3208799e+04   9.6600000e+02
   0.0000000e+00   0.0000000e+00   1.3176090e+04   9.7600000e+02
   0.0000000e+00   0.0000000e+00   1.3153544e+04   9.8200000e+02
   0.0000000e+00   0.0000000e+00   1.2906451e+04   9.8400000e+02
   0.0000000e+00   0.0000000e+00   1.2893982e+04   9.9400000e+02
   0.0000000e+00   0.0000000e+00   1.2880583e+04   9.9500000e+02
   0.0000000e+00   0.0000000e+00   1.2877848e+04   9.9600000e+02
   0.0000000e+00   0.0000000e+00   1.2835889e+04   9.9900000e+02
   0.0000000e+00   0.0000000e+00   1.2808971e+04   1.0030000e+03
   0.0000000e+00   0.0000000e+00   1.2546332e+04   1.0040000e+03
   0.0000000e+00   0.0000000e+00   1.2538425e+04   1.0060000e+03
   0.0000000e+00   0.0000000e+00   1.2517503e+04   1.0110000e+03
   0.0000000e+00   0.0000000e+00   1.2500932e+04   1.0170000e+03
   0.0000000e+00   0.0000000e+00   1.2315285e+04   1.0180000e+03
   0.0000000e+00   0.0000000e+00   1.2279936e+04   1.0190000e+03
   0.0000000e+00   0.0000000e+00   1.2183555e+04   1.0210000e+03
   0.0000000e+00   0.0000000e+00   1.2044406e+04   1.0470000e+03
   0.0000000e+00   0.0000000e+00   1.1941662e+04   1.0480000e+03
   0.0000000e+00   0.0000000e+00   1.1927460e+04   1.0560000e+03
   0.0000000e+00   0.0000000e+00   1.1852524e+04   1.0610000e+03
   0.0000000e+00   0.0000000e+00   1.1836829e+04   1.0650000e+03
   0.0000000e+00   0.0000000e+00   1.1832085e+04   1.0670000e+03
   0.0000000e+00   0.0000000e+00   1.1813503e+04   1.0700000e+03
   0.0000000e+00   0.0000000e+00   1.1776605e+04   1.0780000e+03
   0.0000000e+00   0.0000000e+00   1.1690181e+04   1.0790000e+03
   0.0000000e+00   0.0000000e+00   1.1534512e+04   1.1030000e+03
   0.0000000e+00   0.0000000e+00   1.1435484e+04   1.1050000e+03
   0.0000000e+00   0.0000000e+00   1.1331263e+04   1.1080000e+03
   0.0000000e+00   0.0000000e+00   1.1300933e+04   1.1200000e+03
   0.0000000e+00   0.0000000e+00   1.1230424e+04   1.1230000e+03
   0.0000000e+00   0.0000000e+00   1.1221267e+04   1.1290000e+03
   0.0000000e+00   0.0000000e+00   1.1120024e+04   1.1370000e+03
   0.0000000e+00   0.0000000e+00   1.1103996e+04   1.1680000e+03
   0.0000000e+00   0.0000000e+00   1.1014245e+04   1.1690000e+03
   0.0000000e+00   0.0000000e+00   1.0995371e+04   1.1790000e+03
   0.0000000e+00   0.0000000e+00   1.0950857e+04   1.1900000e+03
   0.0000000e+00   0.0000000e+00   1.0930063e+04   1.1940000e+03
   0.0000000e+00   0.0000000e+00   1.0912307e+04   1.2090000e+03
   0.0000000e+00   0.0000000e+00   1.0863185e+04   1.2200000e+03
   0.0000000e+00   0.0000000e+00   1.0806630e+04   1.2240000e+03
   0.0000000e+00   0.0000000e+00   1.0767909e+04   1.2320000e+03
   0.0000000e+00   0.0000000e+00   1.0738808e+04   1.2340000e+03
   0.0000000e+00   0.0000000e+00   1.0641952e+04   1.2370000e+03
   0.0000000e+00   0.0000000e+00   1.0610215e+04   1.2500000e+03
   0.0000000e+00   0.0000000e+00   1.0591642e+04   1.2550000e+03
   0.0000000e+00   0.0000000e+00   1.0555490e+04   1.2590000e+03
   0.0000000e+00   0.0000000e+00   1.0548063e+04   1.2620000e+03
   0.0000000e+00   0.0000000e+00   1.0469065e+04   1.2630000e+03
   0.0000000e+00   0.0000000e+00   1.0450447e+04   1.2690000e+03
   0.0000000e+00   0.0000000e+00   1.0393207e+04   1.2760000e+03
   0.0000000e+00   0.0000000e+00   1.0225002e+04   1.2850000e+03
   0.0000000e+00   0.0000000e+00   1.0221459e+04   1.2870000e+03
   0.0000000e+00   0.0000000e+00   1.0101951e+04   1.2910000e+03
   0.0000000e+00   0.0000000e+00   1.0072169e+04   1.2930000e+03
   0.0000000e+00   0.0000000e+00   1.0069471e+04   1.2940000e+03
   0.0000000e+00   0.0000000e+00   1.0006362e+04   1.2960000e+03
   0.0000000e+00   0.0000000e+00   9.8665834e+03   1.3050000e+03
   0.0000000e+00   0.0000000e+00   9.8185867e+03   1.3070000e+03
   0.0000000e+00   0.0000000e+00   9.8071828e+03   1.3080000e+03
   0.0000000e+00   0.0000000e+00   9.7978818e+03   1.3160000e+03
   0.0000000e+00   0.0000000e+00   9.7684894e+03   1.3200000e+03
   0.0000000e+00   0.0000000e+00   9.6904464e+03   1.3210000e+03
   0.0000000e+00   0.0000000e+00   9.5732633e+03   1.3220000e+03
   0.0000000e+00   0.0000000e+00   9.5542087e+03   1.3230000e+03
   0.0000000e+00   0.0000000e+00   9.5073360e+03   1.3300000e+03
   0.0000000e+00   0.0000000e+00   9.4850627e+03   1.3340000e+03
   0.0000000e+00   0.0000000e+00   9.4174907e+03   1.3410000e+03
   0.0000000e+00   0.0000000e+00   9.3711568e+03   1.3480000e+03
   0.0000000e+00   0.0000000e+00   9.2782890e+03   1.3690000e+03
   0.0000000e+00   0.0000000e+00   9.2405194e+03   1.3920000e+03
   0.0000000e+00   0.0000000e+00   9.2000491e+03   1.4000000e+03
   0.0000000e+00   0.0000000e+00   9.1324647e+03   1.4030000e+03
   0.0000000e+00   0.0000000e+00   9.1156540e+03   1.4100000e+03
   0.0000000e+00   0.0000000e+00   9.0710961e+03   1.4180000e+03
   0.0000000e+00   0.0000000e+00   8.9768479e+03   1.4190000e+03
   0.0000000e+00   0.0000000e+00   8.9594976e+03   1.4550000e+03
   0.0000000e+00   0.0000000e+00   8.9563697e+03   1.4640000e+03
   0.0000000e+00   0.0000000e+00   8.9490732e+03   1.4650000e+03
   0.0000000e+00   0.0000000e+00   8.9104789e+03   1.4820000e+03
   0.0000000e+00   0.0000000e+00   8.8833251e+03   1.5230000e+03
   0.0000000e+00   0.0000000e+00   8.8522544e+03   1.5290000e+03
   0.0000000e+00   0.0000000e+00   8.8514961e+03   1.5370000e+03
   0.0000000e+00   0.0000000e+00   8.7849699e+03   1.5630000e+03
   0.0000000e+00   0.0000000e+00   8.7681494e+03   1.5670000e+03
   0.0000000e+00   0.0000000e+00   8.7441584e+03   1.5800000e+03
   0.0000000e+00   0.0000000e+00   8.7171872e+03   1.6220000e+03
   0.0000000e+00   0.0000000e+00   8.6766128e+03   1.6250000e+03
   0.0000000e+00   0.0000000e+00   8.6653328e+03   1.6280000e+03
   0.0000000e+00   0.0000000e+00   8.6609224e+03   1.6530000e+03
   0.0000000e+00   0.0000000e+00   8.6462471e+03   1.6590000e+03
   0.0000000e+00   0.0000000e+00   8.5974722e+03   1.6620000e+03
   0.0000000e+00   0.0000000e+00   8.5357772e+03   1.7120000e+03
   0.0000000e+00   0.0000000e+00   8.4981552e+03   1.7180000e+03
   0.0000000e+00   0.0000000e+00   8.4522063e+03   1.7200000e+03
   0.0000000e+00   0.0000000e+00   8.4120626e+03   1.7590000e+03
   0.0000000e+00   0.0000000e+00   8.3782717e+03   1.7690000e+03
   0.0000000e+00   0.0000000e+00   8.3650168e+03   1.7760000e+03
   0.0000000e+00   0.0000000e+00   8.3391272e+03   1.7820000e+03
   0.0000000e+00   0.0000000e+00   8.3376817e+03   1.7960000e+03
   0.0000000e+00   0.0000000e+00   8.3366118e+03   1.8200000e+03
   0.0000000e+00   0.0000000e+00   8.3226468e+03   1.8370000e+03
   0.0000000e+00   0.0000000e+00   8.3098673e+03   1.8560000e+03
   0.0000000e+00   0.0000000e+00   8.2599682e+03   1.8790000e+03
   0.0000000e+00   0.0000000e+00   8.2587777e+03   1.8960000e+03
   0.0000000e+00   0.0000000e+00   8.1475409e+03   1.9000000e+03
   0.0000000e+00   0.0000000e+00   8.0970418e+03   1.9020000e+03
   0.0000000e+00   0.0000000e+00   8.0953176e+03   1.9560000e+03
   0.0000000e+00   0.0000000e+00   8.0465431e+03   1.9740000e+03
   0.0000000e+00   0.0000000e+00   7.8733794e+03   1.9920000e+03
   0.0000000e+00   0.0000000e+00   7.8458143e+03   2.0170000e+03
   0.0000000e+00   0.0000000e+00   7.8267648e+03   2.0260000e+03
   0.0000000e+00   0.0000000e+00   7.7836092e+03   2.0360000e+03
   0.0000000e+00   0.0000000e+00   7.7640856e+03   2.0930000e+03
   0.0000000e+00   0.0000000e+00   7.7570468e+03   2.1220000e+03
   0.0000000e+00   0.0000000e+00   7.7275308e+03   2.2870000e+03
   0.0000000e+00   0.0000000e+00   7.7155478e+03   2.3830000e+03
   0.0000000e+00   0.0000000e+00   7.6605768e+03   2.3970000e+03
   0.0000000e+00   0.0000000e+00   7.6562445e+03   2.4020000e+03
   0.0000000e+00   0.0000000e+00   7.6326929e+03   2.4250000e+03
   0.0000000e+00   0.0000000e+00   7.5995365e+03   2.4630000e+03
   0.0000000e+00   0.0000000e+00   7.5380232e+03   2.4780000e+03
   0.0000000e+00   0.0000000e+00   7.4794616e+03   2.4890000e+03
   0.0000000e+00   0.0000000e+00   7.4706405e+03   2.4990000e+03
   0.0000000e+00   0.0000000e+00   7.4283188e+03   2.5010000e+03
   0.0000000e+00   0.0000000e+00   7.4235872e+03   2.5050000e+03
   0.0000000e+00   0.0000000e+00   7.4056324e+03   2.5090000e+03
   0.0000000e+00   0.0000000e+00   7.3861102e+03   2.5130000e+03
   0.0000000e+00   0.0000000e+00   7.3723412e+03   2.5440000e+03
   0.0000000e+00   0.0000000e+00   7.3363508e+03   2.5560000e+03
   0.0000000e+00   0.0000000e+00   7.3174584e+03   2.5610000e+03
   0.0000000e+00   0.0000000e+00   7.2986326e+03   2.5780000e+03
   0.0000000e+00   0.0000000e+00   7.2874774e+03   2.6270000e+03
   0.0000000e+00   0.0000000e+00   7.2648521e+03   2.6450000e+03
   0.0000000e+00   0.0000000e+00   7.2529952e+03   2.8120000e+03
   0.0000000e+00   0.0000000e+00   7.2323953e+03   2.8320000e+03
   0.0000000e+00   0.0000000e+00   7.2086155e+03   2.8670000e+03
   0.0000000e+00   0.0000000e+00   7.1902373e+03   2.9850000e+03
   0.0000000e+00   0.0000000e+00   7.1676337e+03   2.9890000e+03
   0.0000000e+00   0.0000000e+00   7.1648163e+03   3.0350000e+03
   0.0000000e+00   0.0000000e+00   7.1468408e+03   3.0430000e+03
   0.0000000e+00   0.0000000e+00   7.1408187e+03   3.2190000e+03
   0.0000000e+00   0.0000000e+00   7.1370399e+03   3.2290000e+03
   0.0000000e+00   0.0000000e+00   7.1055039e+03   3.2710000e+03
   0.0000000e+00   0.0000000e+00   7.1051685e+03   3.3420000e+03
   0.0000000e+00   0.0000000e+00   7.0873611e+03   3.3450000e+03
   0.0000000e+00   0.0000000e+00   7.0861439e+03   3.3730000e+03
   0.0000000e+00   0.0000000e+00   7.0667498e+03   3.3820000e+03
   0.0000000e+00   0.0000000e+00   7.0568146e+03   3.3890000e+03
   0.0000000e+00   0.0000000e+00   7.0444121e+03   3.4270000e+03
   0.0000000e+00   0.0000000e+00   7.0407839e+03   3.4670000e+03
   0.0000000e+00   0.0000000e+00   7.0293057e+03   3.4730000e+03
   0.0000000e+00   0.0000000e+00   7.0288462e+03   3.4760000e+03
   0.0000000e+00   0.0000000e+00   7.0112698e+03   3.4810000e+03
   0.0000000e+00   0.0000000e+00   7.0004158e+03   3.6010000e+03
   0.0000000e+00   0.0000000e+00   6.9839939e+03   3.6650000e+03
   0.0000000e+00   0.0000000e+00   6.9682208e+03   3.6730000e+03
   0.0000000e+00   0.0000000e+00   6.9541777e+03   3.6980000e+03
   0.0000000e+00   0.0000000e+00   6.9063104e+03   3.6990000e+03
   0.0000000e+00   0.0000000e+00   6.9024512e+03   3.7100000e+03
   0.0000000e+00   0.0000000e+00   6.9023964e+03   3.7570000e+03
   0.0000000e+00   0.0000000e+00   6.8831090e+03   3.8050000e+03
   0.0000000e+00   0.0000000e+00   6.8763744e+03   3.8250000e+03
   0.0000000e+00   0.0000000e+00   6.8732697e+03   3.8580000e+03
   0.0000000e+00   0.0000000e+00   6.8519038e+03   3.9410000e+03
   0.0000000e+00   0.0000000e+00   6.8379404e+03   4.1060000e+03
   0.0000000e+00   0.0000000e+00   6.8058420e+03   4.1580000e+03
   0.0000000e+00   0.0000000e+00   6.7953814e+03   4.1620000e+03
   0.0000000e+00   0.0000000e+00   6.7894649e+03   4.1690000e+03
   0.0000000e+00   0.0000000e+00   6.7887102e+03   4.1880000e+03
   0.0000000e+00   0.0000000e+00   6.7849575e+03   4.2820000e+03
   0.0000000e+00   0.0000000e+00   6.7790434e+03   4.3440000e+03
   0.0000000e+00   0.0000000e+00   6.7594220e+03   4.3910000e+03
   0.0000000e+00   0.0000000e+00   6.7463940e+03   4.4310000e+03
   0.0000000e+00   0.0000000e+00   6.7378307e+03   4.4410000e+03
   0.0000000e+00   0.0000000e+00   6.7344653e+03   4.4760000e+03
   0.0000000e+00   0.0000000e+00   6.7299226e+03   4.5490000e+03
   0.0000000e+00   0.0000000e+00   6.7126993e+03   4.5580000e+03
   0.0000000e+00   0.0000000e+00   6.7021590e+03   4.5740000e+03
   0.0000000e+00   0.0000000e+00   6.7017741e+03   4.6060000e+03
   0.0000000e+00   0.0000000e+00   6.6751984e+03   4.6210000e+03
   0.0000000e+00   0.0000000e+00   6.6419705e+03   4.6840000e+03
   0.0000000e+00   0.0000000e+00   6.6242801e+03   4.7160000e+03
   0.0000000e+00   0.0000000e+00   6.6209834e+03   4.7550000e+03
   0.0000000e+00   0.0000000e+00   6.6008307e+03   4.9220000e+03
   0.0000000e+00   0.0000000e+00   6.5781169e+03   5.0320000e+03
   0.0000000e+00   0.0000000e+00   6.5722764e+03   5.0620000e+03
   0.0000000e+00   0.0000000e+00   6.5453715e+03   5.0860000e+03
   0.0000000e+00   0.0000000e+00   6.5317840e+03   5.1040000e+03
   0.0000000e+00   0.0000000e+00   6.5200925e+03   5.1290000e+03
   0.0000000e+00   0.0000000e+00   6.4795202e+03   5.1880000e+03
   0.0000000e+00   0.0000000e+00   6.4765490e+03   5.2240000e+03
   0.0000000e+00   0.0000000e+00   6.4593945e+03   5.4910000e+03
   0.0000000e+00   0.0000000e+00   6.4593945e+03   5.5060000e+03
   0.0000000e+00   0.0000000e+00   6.4579807e+03   5.5360000e+03
   0.0000000e+00   0.0000000e+00   6.4553123e+03   5.7170000e+03
   0.0000000e+00   0.0000000e+00   6.4493262e+03   5.8380000e+03
   0.0000000e+00   0.0000000e+00   6.4379188e+03   6.0040000e+03
   0.0000000e+00   0.0000000e+00   6.4108550e+03   6.0850000e+03
   0.0000000e+00   0.0000000e+00   6.4008601e+03   6.3190000e+03
   0.0000000e+00   0.0000000e+00   6.3984237e+03   6.5970000e+03
   0.0000000e+00   0.0000000e+00   6.3883386e+03   6.6640000e+03
   0.0000000e+00   0.0000000e+00   6.3789394e+03   6.7500000e+03
   0.0000000e+00   0.0000000e+00   6.3605430e+03   6.7540000e+03
   0.0000000e+00   0.0000000e+00   6.3420529e+03   6.8400000e+03
   0.0000000e+00   0.0000000e+00   6.3309036e+03   6.9970000e+03
   0.0000000e+00   0.0000000e+00   6.3265031e+03   7.0110000e+03
   0.0000000e+00   0.0000000e+00   6.3113126e+03   7.5510000e+03
   0.0000000e+00   0.0000000e+00   6.3039956e+03   7.6550000e+03
   0.0000000e+00   0.0000000e+00   6.3029999e+03   7.7250000e+03
   0.0000000e+00   0.0000000e+00   6.2940267e+03   7.8770000e+03
   0.0000000e+00   0.0000000e+00   6.2931665e+03   7.9090000e+03
   0.0000000e+00   0.0000000e+00   6.2795159e+03   7.9770000e+03
   0.0000000e+00   0.0000000e+00   6.2749406e+03   8.0520000e+03
   0.0000000e+00   0.0000000e+00   6.2635251e+03   8.1000000e+03
   0.0000000e+00   0.0000000e+00   6.2462855e+03   8.1680000e+03
   0.0000000e+00   0.0000000e+00   6.2275737e+03   8.1910000e+03
   0.0000000e+00   0.0000000e+00   6.2046979e+03   8.2620000e+03
   0.0000000e+00   0.0000000e+00   6.2009188e+03   8.3390000e+03
   0.0000000e+00   0.0000000e+00   6.1840724e+03   8.3590000e+03
   0.0000000e+00   0.0000000e+00   6.1802444e+03   8.5770000e+03
   0.0000000e+00   0.0000000e+00   6.1676610e+03   8.6640000e+03
   0.0000000e+00   0.0000000e+00   6.1286158e+03   8.6910000e+03
   0.0000000e+00   0.0000000e+00   6.1170251e+03   8.7450000e+03
   0.0000000e+00   0.0000000e+00   6.1132041e+03   8.7740000e+03
   0.0000000e+00   0.0000000e+00   6.1012960e+03   8.8130000e+03
   0.0000000e+00   0.0000000e+00   6.0941876e+03   8.8940000e+03
   0.0000000e+00   0.0000000e+00   6.0775077e+03   9.0000000e+03
   0.0000000e+00   0.0000000e+00   6.0775077e+03   9.1580000e+03
   0.0000000e+00   0.0000000e+00   6.0725757e+03   9.3530000e+03
   0.0000000e+00   0.0000000e+00   6.0615595e+03   9.4220000e+03
   0.0000000e+00   0.0000000e+00   6.0546632e+03   9.4540000e+03
   0.0000000e+00   0.0000000e+00   6.0519288e+03   9.6350000e+03
   0.0000000e+00   0.0000000e+00   6.0410390e+03   9.6780000e+03
   0.0000000e+00   0.0000000e+00   6.0362709e+03   9.6900000e+03
   0.0000000e+00   0.0000000e+00   6.0029173e+03   9.8570000e+03
   0.0000000e+00   0.0000000e+00   5.9989554e+03   1.0060000e+04
   0.0000000e+00   0.0000000e+00   5.9975414e+03   1.0074000e+04
   0.0000000e+00   0.0000000e+00   5.9925992e+03   1.0105000e+04
   0.0000000e+00   0.0000000e+00   5.9828150e+03   1.0111000e+04
   0.0000000e+00   0.0000000e+00   5.9750452e+03   1.0311000e+04
   0.0000000e+00   0.0000000e+00   5.9680843e+03   1.0446000e+04
   0.0000000e+00   0.0000000e+00   5.9627440e+03   1.0804000e+04
   0.0000000e+00   0.0000000e+00   5.9539322e+03   1.0867000e+04
   0.0000000e+00   0.0000000e+00   5.9516971e+03   1.1067000e+04
   0.0000000e+00   0.0000000e+00   5.9475933e+03   1.1096000e+04
   0.0000000e+00   0.0000000e+00   5.9442039e+03   1.1505000e+04
   0.0000000e+00   0.0000000e+00   5.9393158e+03   1.2134000e+04
   0.0000000e+00   0.0000000e+00   5.9265749e+03   1.2209000e+04
   0.0000000e+00   0.0000000e+00   5.9246443e+03   1.2671000e+04
   0.0000000e+00   0.0000000e+00   5.9185566e+03   1.2721000e+04
   0.0000000e+00   0.0000000e+00   5.9149584e+03   1.3681000e+04
   0.0000000e+00   0.0000000e+00   5.9136443e+03   1.5495000e+04
   0.0000000e+00   0.0000000e+00   5.8913816e+03   1.6003000e+04
   0.0000000e+00   0.0000000e+00   5.8772872e+03   1.6383000e+04
   0.0000000e+00   0.0000000e+00   5.8772872e+03   1.7648000e+04
   0.0000000e+00   0.0000000e+00   5.8737290e+03   1.8167000e+04
   0.0000000e+00   0.0000000e+00   5.8724277e+03   1.8339000e+04
   0.0000000e+00   0.0000000e+00   5.8664844e+03   1.9372000e+04
   0.0000000e+00   0.0000000e+00   5.8644454e+03   2.0135000e+04
   0.0000000e+00   0.0000000e+00   5.8507162e+03   2.0929000e+04
   0.0000000e+00   0.0000000e+00   5.8507162e+03   2.3200000e+04
   0.0000000e+00   0.0000000e+00   5.8357106e+03   2.3492000e+04
   0.0000000e+00   0.0000000e+00   5.8357106e+03   2.3779000e+04
   0.0000000e+00   0.0000000e+00   5.8357106e+03   2.5327000e+04
   0.0000000e+00   0.0000000e+00   5.8328259e+03   2.6811000e+04
   0.0000000e+00   0.0000000e+00   5.8323287e+03   2.8582000e+04
   0.0000000e+00   0.0000000e+00   5.8323287e+03   2.8802000e+04
   0.0000000e+00   0.0000000e+00   5.8220858e+03   2.9144000e+04
   0.0000000e+00   0.0000000e+00   5.8220858e+03   2.9299000e+04
   0.0000000e+00   0.0000000e+00   5.8220858e+03   2.9504000e+04
   0.0000000e+00   0.0000000e+00   5.8215347e+03   2.9586000e+04
   0.0000000e+00   0.0000000e+00   5.8141749e+03   3.1358000e+04
   0.0000000e+00   0.0000000e+00   5.8104984e+03   3.1700000e+04
   0.0000000e+00   0.0000000e+00   5.8104984e+03   3.1736000e+04
   0.0000000e+00   0.0000000e+00   5.8063120e+03   3.3745000e+04
   0.0000000e+00   0.0000000e+00   5.8063120e+03   3.4440000e+04
   0.0000000e+00   0.0000000e+00   5.8023500e+03   3.5242000e+04
   0.0000000e+00   0.0000000e+00   5.7952377e+03   3.5703000e+04
   0.0000000e+00   0.0000000e+00   5.7933065e+03   3.8388000e+04
   0.0000000e+00   0.0000000e+00   5.7933065e+03   3.9319000e+04
   0.0000000e+00   0.0000000e+00   5.7904245e+03   3.9712000e+04
   0.0000000e+00   0.0000000e+00   5.7904245e+03   4.0096000e+04
   0.0000000e+00   0.0000000e+00   5.7885401e+03   4.0731000e+04
   0.0000000e+00   0.0000000e+00   5.7885401e+03   4.0899000e+04
   0.0000000e+00   0.0000000e+00   5.7841001e+03   4.1125000e+04
   0.0000000e+00   0.0000000e+00   5.7773249e+03   4.1483000e+04
   0.0000000e+00   0.0000000e+00   5.7773249e+03   4.3622000e+04
   0.0000000e+00   0.0000000e+00   5.7733373e+03   4.4507000e+04
   0.0000000e+00   0.0000000e+00   5.7728582e+03   4.5638000e+04
   0.0000000e+00   0.0000000e+00   5.7728582e+03   4.6282000e+04
   0.0000000e+00   0.0000000e+00   5.7707129e+03   4.7660000e+04
   0.0000000e+00   0.0000000e+00   5.7654680e+03   4.9192000e+04
   0.0000000e+00   0.0000000e+00   5.7654680e+03   4.9246000e+04
   0.0000000e+00   0.0000000e+00   5.7581801e+03   4.9471000e+04
   0.0000000e+00   0.0000000e+00   5.7517248e+03   4.9473000e+04
   0.0000000e+00   0.0000000e+00   5.7517248e+03   4.9649000e+04
   0.0000000e+00   0.0000000e+00   5.7487972e+03   5.0011000e+04
   0.0000000e+00   0.0000000e+00   5.7403908e+03   5.0195000e+04
   0.0000000e+00   0.0000000e+00   5.7367927e+03   5.0327000e+04
   0.0000000e+00   0.0000000e+00   5.7320420e+03   5.0868000e+04
   0.0000000e+00   0.0000000e+00   5.7295452e+03   5.1295000e+04
   0.0000000e+00   0.0000000e+00   5.7204371e+03   5.1374000e+04
   0.0000000e+00   0.0000000e+00   5.7204371e+03   5.2359000e+04
   0.0000000e+00   0.0000000e+00   5.7204371e+03   5.2676000e+04
   0.0000000e+00   0.0000000e+00   5.7182019e+03   5.6775000e+04
   0.0000000e+00   0.0000000e+00   5.7182019e+03   5.6943000e+04
   0.0000000e+00   0.0000000e+00   5.7163854e+03   5.6950000e+04
   0.0000000e+00   0.0000000e+00   5.7137138e+03   5.6969000e+04
   0.0000000e+00   0.0000000e+00   5.7132085e+03   5.7823000e+04
   0.0000000e+00   0.0000000e+00   5.7111564e+03   5.8195000e+04
   0.0000000e+00   0.0000000e+00   5.7064804e+03   5.8254000e+04
   0.0000000e+00   0.0000000e+00   5.7064804e+03   5.8424000e+04
   0.0000000e+00   0.0000000e+00   5.7028038e+03   5.9027000e+04
   0.0000000e+00   0.0000000e+00   5.7000887e+03   5.9297000e+04
   0.0000000e+00   0.0000000e+00   5.6988692e+03   5.9307000e+04
   0.0000000e+00   0.0000000e+00   5.6988692e+03   5.9350000e+04
   0.0000000e+00   0.0000000e+00   5.6966340e+03   6.1991000e+04
   0.0000000e+00   0.0000000e+00   5.6953678e+03   6.3609000e+04
   0.0000000e+00   0.0000000e+00   5.6953678e+03   6.3998000e+04
   0.0000000e+00   0.0000000e+00   5.6953678e+03   6.4184000e+04
   0.0000000e+00   0.0000000e+00   5.6953678e+03   6.4262000e+04
   0.0000000e+00   0.0000000e+00   5.6916781e+03   6.5444000e+04
   0.0000000e+00   0.0000000e+00   5.6851525e+03   6.5742000e+04
   0.0000000e+00   0.0000000e+00   5.6851525e+03   7.2409000e+04
   0.0000000e+00   0.0000000e+00   5.6851525e+03   7.2883000e+04
   0.0000000e+00   0.0000000e+00   5.6851525e+03   7.4648000e+04
   0.0000000e+00   0.0000000e+00   5.6851525e+03   7.5238000e+04
   0.0000000e+00   0.0000000e+00   5.6851525e+03   7.5926000e+04
   0.0000000e+00   0.0000000e+00   5.6851525e+03   7.7694000e+04
   0.0000000e+00   0.0000000e+00   5.6851525e+03   7.8566000e+04
   0.0000000e+00   0.0000000e+00   5.6851525e+03   7.8822000e+04
   0.0000000e+00   0.0000000e+00   5.6851525e+03   7.8918000e+04
   0.0000000e+00   0.0000000e+00   5.6851525e+03   7.9067000e+04
   0.0000000e+00   0.0000000e+00   5.6851525e+03   7.9354000e+04
   0.0000000e+00   0.0000000e+00   5.6823726e+03   8.1373000e+04
   0.0000000e+00   0.0000000e+00   5.6823726e+03   8.3919000e+04
   0.0000000e+00   0.0000000e+00   5.6823726e+03   8.4548000e+04
   0.0000000e+00   0.0000000e+00   5.6823726e+03   8.5773000e+04
   0.0000000e+00   0.0000000e+00   5.6823726e+03   8.5865000e+04
   0.0000000e+00   0.0000000e+00   5.6823726e+03   8.6271000e+04
   0.0000000e+00   0.0000000e+00   5.6823726e+03   8.6975000e+04
   0.0000000e+00   0.0000000e+00   5.6782670e+03   8.7157000e+04
   0.0000000e+00   0.0000000e+00   5.6782670e+03   8.7256000e+04
   0.0000000e+00   0.0000000e+00   5.6782670e+03   8.7554000e+04
   0.0000000e+00   0.0000000e+00   5.6782670e+03   8.7612000e+04
   0.0000000e+00   0.0000000e+00   5.6782670e+03   8.8427000e+04
   0.0000000e+00   0.0000000e+00   5.6782670e+03   8.8558000e+04
   0.0000000e+00   0.0000000e+00   5.6782670e+03   8.8792000e+04
   0.0000000e+00   0.0000000e+00   5.6782670e+03   9.5706000e+04
   0.0000000e+00   0.0000000e+00   5.6782670e+03   9.6066000e+04
   0.0000000e+00   0.0000000e+00   5.6782670e+03   9.6176000e+04
   0.0000000e+00   0.0000000e+00   5.6782670e+03   9.6398000e+04
   0.0000000e+00   0.0000000e+00   5.6768124e+03   9.8447000e+04
   0.0000000e+00   0.0000000e+00   5.6768124e+03   1.0182900e+05
   0.0000000e+00   0.0000000e+00   5.6768124e+03   1.0219100e+05
   0.0000000e+00   0.0000000e+00   5.6768124e+03   1.0239500e+05
   0.0000000e+00   0.0000000e+00   5.6768124e+03   1.0253800e+05
   0.0000000e+00   0.0000000e+00   5.6768124e+03   1.0345700e+05
   0.0000000e+00   0.0000000e+00   5.6768124e+03   1.0452700e+05
   0.0000000e+00   0.0000000e+00   5.6768124e+03   1.0521200e+05
   0.0000000e+00   0.0000000e+00   5.6768124e+03   1.0680500e+05
   0.0000000e+00   0.0000000e+00   5.6768124e+03   1.0683700e+05
   0.0000000e+00   0.0000000e+00   5.6768124e+03   1.0725000e+05
   0.0000000e+00   0.0000000e+00   5.6768124e+03   1.0904300e+05
   0.0000000e+00   0.0000000e+00   5.6768124e+03   1.0999900e+05
   0.0000000e+00   0.0000000e+00   5.6768124e+03   1.1057800e+05
   0.0000000e+00   0.0000000e+00   5.6768124e+03   1.1062800e+05
   0.0000000e+00   0.0000000e+00   5.6768124e+03   1.1080600e+05
   0.0000000e+00   0.0000000e+00   5.6768124e+03   1.1326000e+05
   0.0000000e+00   0.0000000e+00   5.6768124e+03   1.1520000e+05
   0.0000000e+00   0.0000000e+00   5.6753578e+03   1.1595400e+05
   0.0000000e+00   0.0000000e+00   5.6753578e+03   1.1670400e+05
   0.0000000e+00   0.0000000e+00   5.6753578e+03   1.1676100e+05
   0.0000000e+00   0.0000000e+00   5.6753578e+03   1.2139300e+05
   0.0000000e+00   0.0000000e+00   5.6753578e+03   1.2588500e+05
   0.0000000e+00   0.0000000e+00   5.6753578e+03   1.2628300e+05
   0.0000000e+00   0.0000000e+00   5.6742079e+03   1.2633400e+05
   0.0000000e+00   0.0000000e+00   5.6742079e+03   1.2671300e+05
   0.0000000e+00   0.0000000e+00   5.6742079e+03   1.2775900e+05
   0.0000000e+00   0.0000000e+00   5.6742079e+03   1.2839300e+05
   0.0000000e+00   0.0000000e+00   5.6742079e+03   1.2937400e+05
   0.0000000e+00   0.0000000e+00   5.6735367e+03   1.2938300e+05
   0.0000000e+00   0.0000000e+00   5.6662864e+03   1.2943100e+05
   0.0000000e+00   0.0000000e+00   5.6662864e+03   1.3035000e+05
   0.0000000e+00   0.0000000e+00   5.6662864e+03   1.3094900e+05
   0.0000000e+00   0.0000000e+00   5.6662864e+03   1.3293900e+05
   0.0000000e+00   0.0000000e+00   5.6662864e+03   1.3362100e+05
   0.0000000e+00   0.0000000e+00   5.6662864e+03   1.3543100e+05
   0.0000000e+00   0.0000000e+00   5.6662864e+03   1.3555000e+05
   0.0000000e+00   0.0000000e+00   5.6642335e+03   1.3657800e+05
   0.0000000e+00   0.0000000e+00   5.6639239e+03   1.3955700e+05
   0.0000000e+00   0.0000000e+00   5.6639239e+03   1.3966500e+05
   0.0000000e+00   0.0000000e+00   5.6630044e+03   1.4080400e+05
   0.0000000e+00   0.0000000e+00   5.6630044e+03   1.4400400e+05
   0.0000000e+00   0.0000000e+00   5.6630044e+03   1.4448400e+05
   0.0000000e+00   0.0000000e+00   5.6554400e+03   1.4595000e+05
   0.0000000e+00   0.0000000e+00   5.6554400e+03   1.4609700e+05
   0.0000000e+00   0.0000000e+00   5.6554400e+03   1.4634900e+05
   0.0000000e+00   0.0000000e+00   5.6525983e+03   1.4668900e+05
   0.0000000e+00   0.0000000e+00   5.6525983e+03   1.4739700e+05
   0.0000000e+00   0.0000000e+00   5.6525983e+03   1.4743300e+05
   0.0000000e+00   0.0000000e+00   5.6525983e+03   1.4755000e+05
   0.0000000e+00   0.0000000e+00   5.6477849e+03   1.4920300e+05
   0.0000000e+00   0.0000000e+00   5.6455498e+03   1.4924000e+05
   0.0000000e+00   0.0000000e+00   5.6455498e+03   1.4935200e+05
   0.0000000e+00   0.0000000e+00   5.6455498e+03   1.5450800e+05
   0.0000000e+00   0.0000000e+00   5.6455498e+03   1.5532100e+05
   0.0000000e+00   0.0000000e+00   5.6455491e+03   1.5572700e+05
   0.0000000e+00   0.0000000e+00   5.6438679e+03   1.5764600e+05
   0.0000000e+00   0.0000000e+00   5.6433919e+03   1.5805100e+05
   0.0000000e+00   0.0000000e+00   5.6433919e+03   1.6007200e+05
   0.0000000e+00   0.0000000e+00   5.6433919e+03   1.6072600e+05
   0.0000000e+00   0.0000000e+00   5.6433919e+03   1.6158900e+05
   0.0000000e+00   0.0000000e+00   5.6433919e+03   1.6159300e+05
   0.0000000e+00   0.0000000e+00   5.6433919e+03   1.6177000e+05
   0.0000000e+00   0.0000000e+00   5.6433919e+03   1.6391500e+05
   0.0000000e+00   0.0000000e+00   5.6426078e+03   1.6474400e+05
   0.0000000e+00   0.0000000e+00   5.6402788e+03   1.6512800e+05
   0.0000000e+00   0.0000000e+00   5.6402788e+03   1.6596300e+05
   0.0000000e+00   0.0000000e+00   5.6402788e+03   1.6947200e+05
   0.0000000e+00   0.0000000e+00   5.6402788e+03   1.7399600e+05
   0.0000000e+00   0.0000000e+00   5.6402788e+03   1.7420700e+05
   0.0000000e+00   0.0000000e+00   5.6402788e+03   1.7535400e+05
   0.0000000e+00   0.0000000e+00   5.6402788e+03   1.7594300e+05
   0.0000000e+00   0.0000000e+00   5.6402788e+03   1.7755400e+05
   0.0000000e+00   0.0000000e+00   5.6341822e+03   1.7953700e+05
   0.0000000e+00   0.0000000e+00   5.6341822e+03   1.8194500e+05
   0.0000000e+00   0.0000000e+00   5.6341822e+03   1.8205600e+05
   0.0000000e+00   0.0000000e+00   5.6341822e+03   1.8244000e+05
   0.0000000e+00   0.0000000e+00   5.6341822e+03   1.8317100e+05
   0.0000000e+00   0.0000000e+00   5.6341822e+03   1.8416200e+05
   0.0000000e+00   0.0000000e+00   5.6341822e+03   1.8444200e+05
   0.0000000e+00   0.0000000e+00   5.6341822e+03   1.8911500e+05
   0.0000000e+00   0.0000000e+00   5.6341822e+03   1.9084200e+05
   0.0000000e+00   0.0000000e+00   5.6341822e+03   1.9156100e+05
   0.0000000e+00   0.0000000e+00   5.6341822e+03   1.9374500e+05
   0.0000000e+00   0.0000000e+00   5.6341822e+03   1.9383800e+05
   0.0000000e+00   0.0000000e+00   5.6341822e+03   1.9420300e+05
   0.0000000e+00   0.0000000e+00   5.6320465e+03   1.9438700e+05
   0.0000000e+00   0.0000000e+00   5.6320465e+03   1.9600200e+05
   0.0000000e+00   0.0000000e+00   5.6320465e+03   1.9677000e+05
   0.0000000e+00   0.0000000e+00   5.6320465e+03   1.9682200e+05
