   1.4265746e+02   5.0484516e+00   1.4307708e+04   2.0000000e+00
   1.1962346e+02   3.1297853e+00   1.4400222e+04   3.0000000e+00
   1.1936697e+02   1.0252665e+01   1.1153279e+04   4.0000000e+00
   6.9026739e+01   1.9201972e+00   1.2453628e+04   5.0000000e+00
   3.6921167e+01   1.7527348e-01   2.4574155e+04   6.0000000e+00
   1.7861289e+01   0.0000000e+00   2.5128920e+04   8.0000000e+00
   9.7172172e+00   0.0000000e+00   2.3924403e+04   1.0000000e+01
   8.0079584e+00   0.0000000e+00   2.5978252e+04   1.1000000e+01
   4.9308311e+00   0.0000000e+00   2.3535816e+04   1.2000000e+01
   3.4722459e+00   0.0000000e+00   1.9393687e+04   1.4000000e+01
   1.7575706e+00   0.0000000e+00   2.6341514e+04   1.5000000e+01
   2.2200486e-01   0.0000000e+00   3.6303729e+04   2.3000000e+01
   5.7303778e-03   0.0000000e+00   3.5744562e+04   2.4000000e+01
   0.0000000e+00   0.0000000e+00   3.3634616e+04   2.5000000e+01
   0.0000000e+00   0.0000000e+00   2.9044726e+04   3.9000000e+01
   0.0000000e+00   0.0000000e+00   2.6460141e+04   4.1000000e+01
   0.0000000e+00   0.0000000e+00   2.2089496e+04   4.3000000e+01
   0.0000000e+00   0.0000000e+00   2.0430115e+04   4.6000000e+01
   0.0000000e+00   0.0000000e+00   1.7281691e+04   5.3000000e+01
   0.0000000e+00   0.0000000e+00   1.4177459e+04   5.7000000e+01
   0.0000000e+00   0.0000000e+00   1.2015941e+04   7.8000000e+01
   0.0000000e+00   0.0000000e+00   1.0962362e+04   1.0700000e+02
   0.0000000e+00   0.0000000e+00   1.0675654e+04   1.1100000e+02
   0.0000000e+00   0.0000000e+00   1.0294952e+04   1.3100000e+02
   0.0000000e+00   0.0000000e+00   9.5711136e+03   1.5900000e+02
   0.0000000e+00   0.0000000e+00   9.1870788e+03   1.6300000e+02
   0.0000000e+00   0.0000000e+00   8.9874309e+03   1.7300000e+02
   0.0000000e+00   0.0000000e+00   8.3674324e+03   1.8900000e+02
   0.0000000e+00   0.0000000e+00   8.3170371e+03   2.0900000e+02
   0.0000000e+00   0.0000000e+00   8.1164702e+03   2.1300000e+02
   0.0000000e+00   0.0000000e+00   7.8701118e+03   2.3300000e+02
   0.0000000e+00   0.0000000e+00   7.6732032e+03   2.3600000e+02
   0.0000000e+00   0.0000000e+00   7.5282458e+03   2.4100000e+02
   0.0000000e+00   0.0000000e+00   7.4469091e+03   3.3200000e+02
   0.0000000e+00   0.0000000e+00   7.3770643e+03   3.8300000e+02
   0.0000000e+00   0.0000000e+00   7.3241180e+03   4.3600000e+02
   0.0000000e+00   0.0000000e+00   7.2796134e+03   4.5200000e+02
   0.0000000e+00   0.0000000e+00   7.2412586e+03   8.7800000e+02
   0.0000000e+00   0.0000000e+00   7.1965788e+03   1.0200000e+03
   0.0000000e+00   0.0000000e+00   7.1693789e+03   1.3040000e+03
   0.0000000e+00   0.0000000e+00   7.1647016e+03   1.7550000e+03
   0.0000000e+00   0.0000000e+00   7.1579878e+03   2.3190000e+03
   0.0000000e+00   0.0000000e+00   7.1463388e+03   2.4160000e+03
   0.0000000e+00   0.0000000e+00   7.1413860e+03   2.4260000e+03
   0.0000000e+00   0.0000000e+00   7.1374660e+03   2.5800000e+03
   0.0000000e+00   0.0000000e+00   7.1190652e+03   2.8660000e+03
   0.0000000e+00   0.0000000e+00   7.1112240e+03   1.3141000e+04
