   2.0826998e+02   9.2094729e+00   1.5096150e+04   2.0000000e+00
   1.9629924e+02   7.9075692e+00   1.5463590e+04   3.0000000e+00
   1.6052262e+02   4.1720606e+00   1.9331155e+04   4.0000000e+00
   1.5024306e+02   3.1749754e+00   2.1383365e+04   5.0000000e+00
   1.3733849e+02   3.3166912e+00   2.0026799e+04   1.1000000e+01
   1.1552707e+02   2.0947337e+00   2.0517495e+04   1.3000000e+01
   1.1232103e+02   1.8194128e+00   2.0844518e+04   1.4000000e+01
   9.9351750e+01   1.3985733e+00   2.3570044e+04   1.5000000e+01
   9.5750054e+01   1.5088756e+00   2.1945195e+04   1.7000000e+01
   9.4342435e+01   1.6444073e+00   2.0968249e+04   1.8000000e+01
   9.0851786e+01   7.2401475e-01   2.0549789e+04   1.9000000e+01
   6.9961787e+01   8.3148282e-01   1.9194337e+04   2.0000000e+01
   6.1435635e+01   5.7767221e-01   1.8178094e+04   2.1000000e+01
   4.5159141e+01   3.0869921e-01   1.7866177e+04   2.3000000e+01
   4.1095259e+01   4.7191689e-01   1.6733924e+04   2.4000000e+01
   3.7877855e+01   4.6330532e-01   1.7175099e+04   2.5000000e+01
   3.5538946e+01   5.9562334e-01   1.6274602e+04   2.7000000e+01
   3.3801376e+01   2.7730587e-01   1.6317707e+04   2.9000000e+01
   3.3593694e+01   2.4301919e-01   1.6524557e+04   3.0000000e+01
   3.3068639e+01   4.0108049e-01   1.5918192e+04   3.2000000e+01
   2.3501249e+01   0.0000000e+00   1.7979839e+04   3.3000000e+01
   1.1233486e+01   0.0000000e+00   1.8131963e+04   3.4000000e+01
   1.0876012e+01   0.0000000e+00   1.7365253e+04   3.6000000e+01
   1.0231643e+01   0.0000000e+00   1.7188634e+04   4.0000000e+01
   9.9138231e+00   0.0000000e+00   1.6619232e+04   4.1000000e+01
   7.2549962e+00   0.0000000e+00   1.8711527e+04   4.2000000e+01
   5.0886238e+00   0.0000000e+00   2.1607458e+04   4.3000000e+01
   4.7675225e+00   0.0000000e+00   2.1479437e+04   4.4000000e+01
   4.3831431e+00   0.0000000e+00   2.0792664e+04   4.5000000e+01
   4.2764023e+00   0.0000000e+00   2.0176076e+04   4.6000000e+01
   3.3385557e+00   0.0000000e+00   1.9655572e+04   4.8000000e+01
   3.2315521e+00   0.0000000e+00   1.9233593e+04   4.9000000e+01
   2.7772447e+00   0.0000000e+00   1.8650729e+04   5.6000000e+01
   2.3991108e+00   0.0000000e+00   1.8219595e+04   6.0000000e+01
   2.3688306e+00   0.0000000e+00   1.9993485e+04   6.1000000e+01
   2.2995484e+00   0.0000000e+00   2.2526559e+04   6.2000000e+01
   2.0706560e+00   0.0000000e+00   2.2068746e+04   6.5000000e+01
   7.3611765e-02   0.0000000e+00   2.1642785e+04   6.6000000e+01
   1.9936049e-02   0.0000000e+00   2.1470109e+04   6.7000000e+01
   1.5273463e-02   0.0000000e+00   2.4437533e+04   6.8000000e+01
   3.7109715e-04   0.0000000e+00   2.3522359e+04   7.0000000e+01
   0.0000000e+00   0.0000000e+00   2.6787440e+04   7.1000000e+01
   0.0000000e+00   0.0000000e+00   2.6194032e+04   7.6000000e+01
   0.0000000e+00   0.0000000e+00   2.5092023e+04   8.0000000e+01
   0.0000000e+00   0.0000000e+00   2.4427056e+04   8.3000000e+01
   0.0000000e+00   0.0000000e+00   2.3823227e+04   8.4000000e+01
   0.0000000e+00   0.0000000e+00   2.2411815e+04   8.5000000e+01
   0.0000000e+00   0.0000000e+00   2.2022896e+04   8.9000000e+01
   0.0000000e+00   0.0000000e+00   2.1404452e+04   9.2000000e+01
   0.0000000e+00   0.0000000e+00   2.1075385e+04   9.3000000e+01
   0.0000000e+00   0.0000000e+00   2.0303665e+04   9.5000000e+01
   0.0000000e+00   0.0000000e+00   2.0010060e+04   9.7000000e+01
   0.0000000e+00   0.0000000e+00   1.8627208e+04   1.0100000e+02
   0.0000000e+00   0.0000000e+00   1.8195090e+04   1.0200000e+02
   0.0000000e+00   0.0000000e+00   1.8038419e+04   1.0600000e+02
   0.0000000e+00   0.0000000e+00   1.6556442e+04   1.1200000e+02
   0.0000000e+00   0.0000000e+00   1.6299016e+04   1.1300000e+02
   0.0000000e+00   0.0000000e+00   1.6216714e+04   1.1400000e+02
   0.0000000e+00   0.0000000e+00   1.6017002e+04   1.1600000e+02
   0.0000000e+00   0.0000000e+00   1.5674484e+04   1.2200000e+02
   0.0000000e+00   0.0000000e+00   1.5343389e+04   1.2400000e+02
   0.0000000e+00   0.0000000e+00   1.4804800e+04   1.2900000e+02
   0.0000000e+00   0.0000000e+00   1.4757742e+04   1.3400000e+02
   0.0000000e+00   0.0000000e+00   1.4753118e+04   1.3900000e+02
   0.0000000e+00   0.0000000e+00   1.4606196e+04   1.4000000e+02
   0.0000000e+00   0.0000000e+00   1.4405834e+04   1.4900000e+02
   0.0000000e+00   0.0000000e+00   1.4085835e+04   1.5100000e+02
   0.0000000e+00   0.0000000e+00   1.3601683e+04   1.5300000e+02
   0.0000000e+00   0.0000000e+00   1.2979937e+04   1.5400000e+02
   0.0000000e+00   0.0000000e+00   1.2801836e+04   1.5500000e+02
   0.0000000e+00   0.0000000e+00   1.2723580e+04   1.5900000e+02
   0.0000000e+00   0.0000000e+00   1.2710479e+04   1.6000000e+02
   0.0000000e+00   0.0000000e+00   1.1898695e+04   1.6200000e+02
   0.0000000e+00   0.0000000e+00   1.1666520e+04   1.6700000e+02
   0.0000000e+00   0.0000000e+00   1.1374762e+04   1.7400000e+02
   0.0000000e+00   0.0000000e+00   1.1238419e+04   1.8100000e+02
   0.0000000e+00   0.0000000e+00   1.0936262e+04   1.8700000e+02
   0.0000000e+00   0.0000000e+00   1.0768473e+04   2.1400000e+02
   0.0000000e+00   0.0000000e+00   1.0546415e+04   2.4300000e+02
   0.0000000e+00   0.0000000e+00   1.0297444e+04   2.5000000e+02
   0.0000000e+00   0.0000000e+00   1.0058037e+04   2.5100000e+02
   0.0000000e+00   0.0000000e+00   9.9822647e+03   2.5300000e+02
   0.0000000e+00   0.0000000e+00   9.9667511e+03   2.5900000e+02
   0.0000000e+00   0.0000000e+00   9.9641743e+03   2.6500000e+02
   0.0000000e+00   0.0000000e+00   9.9610224e+03   2.7100000e+02
   0.0000000e+00   0.0000000e+00   9.7332677e+03   2.7300000e+02
   0.0000000e+00   0.0000000e+00   9.6015586e+03   2.8500000e+02
   0.0000000e+00   0.0000000e+00   9.5449023e+03   2.9100000e+02
   0.0000000e+00   0.0000000e+00   9.4919219e+03   2.9600000e+02
   0.0000000e+00   0.0000000e+00   9.2671015e+03   2.9800000e+02
   0.0000000e+00   0.0000000e+00   9.1309247e+03   3.2000000e+02
   0.0000000e+00   0.0000000e+00   8.9648059e+03   3.2200000e+02
   0.0000000e+00   0.0000000e+00   8.8175875e+03   3.2400000e+02
   0.0000000e+00   0.0000000e+00   8.7441028e+03   3.3200000e+02
   0.0000000e+00   0.0000000e+00   8.5776001e+03   3.5000000e+02
   0.0000000e+00   0.0000000e+00   8.4184381e+03   3.7000000e+02
   0.0000000e+00   0.0000000e+00   8.3320388e+03   3.9000000e+02
   0.0000000e+00   0.0000000e+00   8.2772748e+03   4.0100000e+02
   0.0000000e+00   0.0000000e+00   8.2001255e+03   4.1600000e+02
   0.0000000e+00   0.0000000e+00   8.1188224e+03   4.3100000e+02
   0.0000000e+00   0.0000000e+00   8.0371607e+03   4.3500000e+02
   0.0000000e+00   0.0000000e+00   7.9077386e+03   4.4900000e+02
   0.0000000e+00   0.0000000e+00   7.7971429e+03   4.6200000e+02
   0.0000000e+00   0.0000000e+00   7.7499332e+03   4.7200000e+02
   0.0000000e+00   0.0000000e+00   7.6825606e+03   4.9800000e+02
   0.0000000e+00   0.0000000e+00   7.6590233e+03   5.3100000e+02
   0.0000000e+00   0.0000000e+00   7.5967984e+03   5.6900000e+02
   0.0000000e+00   0.0000000e+00   7.5832741e+03   5.9700000e+02
   0.0000000e+00   0.0000000e+00   7.5525926e+03   6.6500000e+02
   0.0000000e+00   0.0000000e+00   7.5316276e+03   7.2800000e+02
   0.0000000e+00   0.0000000e+00   7.5208764e+03   7.9500000e+02
   0.0000000e+00   0.0000000e+00   7.5174155e+03   8.3600000e+02
   0.0000000e+00   0.0000000e+00   7.5107957e+03   8.5200000e+02
   0.0000000e+00   0.0000000e+00   7.4850597e+03   8.8800000e+02
   0.0000000e+00   0.0000000e+00   7.4672101e+03   1.0210000e+03
   0.0000000e+00   0.0000000e+00   7.3976541e+03   1.1070000e+03
   0.0000000e+00   0.0000000e+00   7.3541987e+03   1.1960000e+03
   0.0000000e+00   0.0000000e+00   7.3481636e+03   1.2690000e+03
   0.0000000e+00   0.0000000e+00   7.3237666e+03   1.2910000e+03
   0.0000000e+00   0.0000000e+00   7.2935112e+03   1.2920000e+03
   0.0000000e+00   0.0000000e+00   7.2838787e+03   1.3300000e+03
   0.0000000e+00   0.0000000e+00   7.2809200e+03   1.3660000e+03
   0.0000000e+00   0.0000000e+00   7.2768066e+03   1.4870000e+03
   0.0000000e+00   0.0000000e+00   7.2709044e+03   1.5280000e+03
   0.0000000e+00   0.0000000e+00   7.2683886e+03   1.5420000e+03
   0.0000000e+00   0.0000000e+00   7.2528212e+03   1.7010000e+03
   0.0000000e+00   0.0000000e+00   7.2438762e+03   1.8840000e+03
   0.0000000e+00   0.0000000e+00   7.2410961e+03   2.2100000e+03
   0.0000000e+00   0.0000000e+00   7.2395807e+03   2.3320000e+03
   0.0000000e+00   0.0000000e+00   7.2371654e+03   2.4180000e+03
   0.0000000e+00   0.0000000e+00   7.2338462e+03   2.4650000e+03
   0.0000000e+00   0.0000000e+00   7.2312757e+03   2.4830000e+03
   0.0000000e+00   0.0000000e+00   7.2282889e+03   4.1590000e+03
   0.0000000e+00   0.0000000e+00   7.2194007e+03   4.1640000e+03
   0.0000000e+00   0.0000000e+00   7.2172931e+03   4.8700000e+03
   0.0000000e+00   0.0000000e+00   7.2149489e+03   5.1480000e+03
   0.0000000e+00   0.0000000e+00   7.2127814e+03   5.3770000e+03
   0.0000000e+00   0.0000000e+00   7.2084264e+03   7.3970000e+03
   0.0000000e+00   0.0000000e+00   7.2055285e+03   1.1477000e+04
   0.0000000e+00   0.0000000e+00   7.2032702e+03   1.7313000e+04
   0.0000000e+00   0.0000000e+00   7.2010209e+03   1.7690000e+04
   0.0000000e+00   0.0000000e+00   7.1986576e+03   2.3455000e+04
   0.0000000e+00   0.0000000e+00   7.1962091e+03   2.4410000e+04
   0.0000000e+00   0.0000000e+00   7.1955446e+03   3.2547000e+04
   0.0000000e+00   0.0000000e+00   7.1848033e+03   3.5512000e+04
   0.0000000e+00   0.0000000e+00   7.1824281e+03   3.6380000e+04
   0.0000000e+00   0.0000000e+00   7.1814108e+03   3.7141000e+04
   0.0000000e+00   0.0000000e+00   7.1800791e+03   4.0474000e+04
   0.0000000e+00   0.0000000e+00   7.1791508e+03   4.8227000e+04
   0.0000000e+00   0.0000000e+00   7.1779004e+03   5.5114000e+04
   0.0000000e+00   0.0000000e+00   7.1770475e+03   5.5489000e+04
   0.0000000e+00   0.0000000e+00   7.1764211e+03   7.4018000e+04
   0.0000000e+00   0.0000000e+00   7.1754690e+03   7.6615000e+04
   0.0000000e+00   0.0000000e+00   7.1749384e+03   1.1107200e+05
   0.0000000e+00   0.0000000e+00   7.1745324e+03   1.4799400e+05
   0.0000000e+00   0.0000000e+00   7.1739192e+03   1.5423200e+05
   0.0000000e+00   0.0000000e+00   7.1739192e+03   1.8730900e+05
