   1.5421515e+02   5.1994880e+00   1.4784977e+04   2.0000000e+00
   1.1230296e+02   1.9942423e+00   1.8841748e+04   3.0000000e+00
   8.2413965e+01   1.0379018e+00   1.7404477e+04   7.0000000e+00
   6.6846711e+01   1.0024824e-01   1.8998206e+04   9.0000000e+00
   4.7495628e+01   0.0000000e+00   1.7686915e+04   1.1000000e+01
   4.0900062e+01   0.0000000e+00   2.7316835e+04   1.2000000e+01
   5.9710068e+00   0.0000000e+00   2.9621951e+04   1.3000000e+01
   1.1814007e+00   0.0000000e+00   3.1432119e+04   1.5000000e+01
   7.1161172e-02   0.0000000e+00   2.7080100e+04   1.6000000e+01
   3.5632304e-02   0.0000000e+00   2.6126698e+04   1.8000000e+01
   0.0000000e+00   0.0000000e+00   2.2876455e+04   2.2000000e+01
   0.0000000e+00   0.0000000e+00   2.1207210e+04   2.3000000e+01
   0.0000000e+00   0.0000000e+00   2.0530210e+04   2.4000000e+01
   0.0000000e+00   0.0000000e+00   1.7921497e+04   2.5000000e+01
   0.0000000e+00   0.0000000e+00   1.7629838e+04   2.6000000e+01
   0.0000000e+00   0.0000000e+00   1.7349439e+04   3.0000000e+01
   0.0000000e+00   0.0000000e+00   1.6175383e+04   3.5000000e+01
   0.0000000e+00   0.0000000e+00   1.4927509e+04   3.7000000e+01
   0.0000000e+00   0.0000000e+00   1.3513980e+04   5.0000000e+01
   0.0000000e+00   0.0000000e+00   1.3177402e+04   5.3000000e+01
   0.0000000e+00   0.0000000e+00   1.2362612e+04   7.8000000e+01
   0.0000000e+00   0.0000000e+00   1.1376273e+04   8.1000000e+01
   0.0000000e+00   0.0000000e+00   1.0908718e+04   8.3000000e+01
   0.0000000e+00   0.0000000e+00   1.0775542e+04   8.5000000e+01
   0.0000000e+00   0.0000000e+00   1.0052554e+04   9.2000000e+01
   0.0000000e+00   0.0000000e+00   9.0150786e+03   9.3000000e+01
   0.0000000e+00   0.0000000e+00   8.9027006e+03   1.1600000e+02
   0.0000000e+00   0.0000000e+00   8.5782032e+03   1.1900000e+02
   0.0000000e+00   0.0000000e+00   8.5158480e+03   1.4000000e+02
   0.0000000e+00   0.0000000e+00   8.2629505e+03   1.6200000e+02
   0.0000000e+00   0.0000000e+00   7.9304322e+03   1.6700000e+02
   0.0000000e+00   0.0000000e+00   7.7167917e+03   1.9700000e+02
   0.0000000e+00   0.0000000e+00   7.5778455e+03   2.1000000e+02
   0.0000000e+00   0.0000000e+00   7.4686968e+03   2.1400000e+02
   0.0000000e+00   0.0000000e+00   7.3465603e+03   2.2100000e+02
   0.0000000e+00   0.0000000e+00   7.3104709e+03   2.4000000e+02
   0.0000000e+00   0.0000000e+00   7.2421254e+03   4.9700000e+02
   0.0000000e+00   0.0000000e+00   7.2254733e+03   1.4810000e+03
   0.0000000e+00   0.0000000e+00   7.2087527e+03   2.3700000e+03
   0.0000000e+00   0.0000000e+00   7.1894390e+03   3.6060000e+03
   0.0000000e+00   0.0000000e+00   7.1796390e+03   5.4680000e+03
   0.0000000e+00   0.0000000e+00   7.1647730e+03   6.4210000e+03
   0.0000000e+00   0.0000000e+00   7.1577150e+03   1.9598000e+04
   0.0000000e+00   0.0000000e+00   7.1516199e+03   2.3010000e+04
   0.0000000e+00   0.0000000e+00   7.1407611e+03   2.7186000e+04
   0.0000000e+00   0.0000000e+00   7.1394448e+03   3.1627000e+04
   0.0000000e+00   0.0000000e+00   7.1364544e+03   3.2607000e+04
   0.0000000e+00   0.0000000e+00   7.1259700e+03   3.2886000e+04
