   4.1399699e+02   2.1625626e+01   1.6846131e+04   3.0000000e+00
   4.1297896e+02   2.1025507e+01   1.7523534e+04   4.0000000e+00
   4.1246545e+02   2.0846851e+01   1.7686230e+04   5.0000000e+00
   3.8750073e+02   1.9269928e+01   1.7607607e+04   6.0000000e+00
   3.2929439e+02   1.3153579e+01   1.7509464e+04   7.0000000e+00
   3.2632551e+02   1.2658703e+01   1.7712394e+04   9.0000000e+00
   3.2004870e+02   1.2192945e+01   1.7776761e+04   1.1000000e+01
   3.1585319e+02   1.1999974e+01   1.8145792e+04   1.4000000e+01
   3.1201816e+02   1.1923512e+01   1.7872209e+04   1.5000000e+01
   3.0535374e+02   1.1040828e+01   1.8242367e+04   1.6000000e+01
   3.0408853e+02   1.0907260e+01   1.8141758e+04   1.9000000e+01
   2.9596822e+02   1.0672523e+01   1.8064214e+04   2.0000000e+01
   2.9596040e+02   1.0677191e+01   1.7997300e+04   2.2000000e+01
   2.9571375e+02   1.0449368e+01   1.8259103e+04   2.3000000e+01
   2.7644613e+02   1.0260156e+01   1.8598899e+04   2.4000000e+01
   2.6356678e+02   8.3309366e+00   1.8704863e+04   2.7000000e+01
   2.6229639e+02   8.7306888e+00   1.8530281e+04   2.8000000e+01
   2.5161986e+02   6.5398112e+00   1.8630735e+04   3.0000000e+01
   2.4283464e+02   6.1667622e+00   1.9244920e+04   3.2000000e+01
   2.3876227e+02   5.6206636e+00   1.9797876e+04   3.3000000e+01
   2.3311972e+02   5.5254080e+00   1.9709855e+04   3.4000000e+01
   2.3100480e+02   5.5032196e+00   1.9620967e+04   3.8000000e+01
   2.3066329e+02   5.1936507e+00   1.9518470e+04   3.9000000e+01
   2.3012062e+02   5.2170984e+00   1.9541047e+04   4.0000000e+01
   2.2957471e+02   5.1431139e+00   1.9495750e+04   4.4000000e+01
   2.2954482e+02   5.0567009e+00   1.9721459e+04   4.5000000e+01
   2.2595046e+02   5.0579420e+00   1.9828406e+04   4.7000000e+01
   2.0605117e+02   4.4608501e+00   2.0107747e+04   4.8000000e+01
   1.9145968e+02   4.1432026e+00   2.0251047e+04   4.9000000e+01
   1.9114170e+02   4.0787977e+00   2.0464099e+04   5.1000000e+01
   1.8478451e+02   3.6491239e+00   2.0985506e+04   5.2000000e+01
   1.8301048e+02   3.5610628e+00   2.1187742e+04   5.4000000e+01
   1.8288396e+02   3.5723174e+00   2.1017810e+04   5.5000000e+01
   1.8279550e+02   3.5880256e+00   2.0985054e+04   5.6000000e+01
   1.7756729e+02   3.5200051e+00   2.1174522e+04   6.0000000e+01
   1.7157790e+02   3.6724895e+00   2.1178400e+04   6.1000000e+01
   1.7090226e+02   3.6879945e+00   2.1176055e+04   6.2000000e+01
   1.7032745e+02   3.6648081e+00   2.1032596e+04   6.3000000e+01
   1.6817338e+02   3.6504935e+00   2.0814291e+04   6.4000000e+01
   1.6712767e+02   3.5003188e+00   2.1269720e+04   6.7000000e+01
   1.6214243e+02   3.5297313e+00   2.1087956e+04   6.8000000e+01
   1.6032380e+02   3.5616443e+00   2.1560917e+04   7.1000000e+01
   1.5933037e+02   3.5350148e+00   2.1577485e+04   7.2000000e+01
   1.5772464e+02   3.5688213e+00   2.1477753e+04   7.4000000e+01
   1.5109610e+02   3.5578268e+00   2.1864373e+04   7.5000000e+01
   1.5101694e+02   3.5589843e+00   2.1864264e+04   7.9000000e+01
   1.4993457e+02   3.6049583e+00   2.1710991e+04   8.0000000e+01
   1.4785066e+02   3.8202004e+00   2.1531048e+04   8.1000000e+01
   1.4087286e+02   3.4117087e+00   2.1471931e+04   8.5000000e+01
   1.3860574e+02   3.1032764e+00   2.1432151e+04   8.6000000e+01
   1.3368814e+02   1.9616781e+00   2.1750716e+04   8.7000000e+01
   1.3361318e+02   1.9528992e+00   2.1656923e+04   9.1000000e+01
   1.3085454e+02   1.8577698e+00   2.1714006e+04   9.4000000e+01
   1.2588405e+02   1.4914073e+00   2.1626592e+04   1.0000000e+02
   1.1346687e+02   5.0967654e-01   2.1467540e+04   1.0100000e+02
   1.0655351e+02   5.3390755e-01   2.1895619e+04   1.0200000e+02
   1.0582218e+02   4.8927962e-01   2.2196850e+04   1.0400000e+02
   1.0531859e+02   5.0478315e-01   2.2027126e+04   1.0500000e+02
   1.0454220e+02   5.0791502e-01   2.1853094e+04   1.0600000e+02
   1.0379545e+02   5.0576997e-01   2.1934891e+04   1.0700000e+02
   1.0376976e+02   5.2116382e-01   2.1867377e+04   1.0800000e+02
   1.0219431e+02   5.2159003e-01   2.1866437e+04   1.0900000e+02
   9.9884040e+01   4.7638509e-01   2.1683747e+04   1.1000000e+02
   9.8945870e+01   5.0115080e-01   2.2176190e+04   1.1100000e+02
   9.8501157e+01   5.0219252e-01   2.2017604e+04   1.1300000e+02
   9.6695426e+01   3.9450598e-01   2.2162777e+04   1.2200000e+02
   8.2669092e+01   2.3391499e-01   2.2101909e+04   1.2300000e+02
   8.2317930e+01   2.4235498e-01   2.2022790e+04   1.2900000e+02
   8.1872431e+01   2.1282607e-01   2.2298091e+04   1.3200000e+02
   6.1611852e+01   3.6614428e-02   2.2188550e+04   1.3300000e+02
   5.7986590e+01   4.1411346e-02   2.2744961e+04   1.3400000e+02
   5.7717150e+01   4.1085857e-02   2.2984351e+04   1.3600000e+02
   5.5814310e+01   2.2510657e-02   2.3382003e+04   1.4100000e+02
   5.5564399e+01   1.6665303e-02   2.3679759e+04   1.4300000e+02
   2.5904719e+01   0.0000000e+00   2.3703456e+04   1.4500000e+02
   2.3907637e+01   0.0000000e+00   2.4225540e+04   1.4600000e+02
   2.3560439e+01   0.0000000e+00   2.3957249e+04   1.4800000e+02
   1.9387822e+01   0.0000000e+00   2.3980143e+04   1.5000000e+02
   1.9387802e+01   0.0000000e+00   2.3998635e+04   1.5700000e+02
   1.9171934e+01   0.0000000e+00   2.4520399e+04   1.5900000e+02
   1.8373928e+01   0.0000000e+00   2.4809210e+04   1.6100000e+02
   1.8101224e+01   0.0000000e+00   2.4770152e+04   1.6200000e+02
   1.8080619e+01   0.0000000e+00   2.4998802e+04   1.6500000e+02
   1.7342421e+01   0.0000000e+00   2.4775225e+04   1.6700000e+02
   1.7224109e+01   0.0000000e+00   2.4901707e+04   1.7000000e+02
   1.5713517e+01   0.0000000e+00   2.4623374e+04   1.7100000e+02
   1.5518392e+01   0.0000000e+00   2.4674111e+04   1.7200000e+02
   1.5514082e+01   0.0000000e+00   2.4512499e+04   1.7700000e+02
   1.5301940e+01   0.0000000e+00   2.4985879e+04   1.7800000e+02
   1.5265840e+01   0.0000000e+00   2.5063798e+04   1.7900000e+02
   1.4809161e+01   0.0000000e+00   2.5336584e+04   1.8100000e+02
   1.4317462e+01   0.0000000e+00   2.5629301e+04   1.8200000e+02
   1.4291415e+01   0.0000000e+00   2.5736209e+04   1.8700000e+02
   1.4256949e+01   0.0000000e+00   2.5765550e+04   1.8900000e+02
   1.4015598e+01   0.0000000e+00   2.5763368e+04   1.9000000e+02
   1.3961797e+01   0.0000000e+00   2.5503995e+04   1.9200000e+02
   1.2850273e+01   0.0000000e+00   2.5478848e+04   1.9400000e+02
   1.2815882e+01   0.0000000e+00   2.5408384e+04   1.9500000e+02
   1.2734259e+01   0.0000000e+00   2.5219915e+04   1.9700000e+02
   1.1369781e+01   0.0000000e+00   2.4959741e+04   1.9900000e+02
   1.1324134e+01   0.0000000e+00   2.4947479e+04   2.0100000e+02
   1.1063498e+01   0.0000000e+00   2.4854112e+04   2.0200000e+02
   1.0888150e+01   0.0000000e+00   2.4800087e+04   2.0700000e+02
   1.0647781e+01   0.0000000e+00   2.4528897e+04   2.1600000e+02
   1.0631595e+01   0.0000000e+00   2.4359382e+04   2.1800000e+02
   9.5070767e+00   0.0000000e+00   2.4496208e+04   2.2000000e+02
   9.3164074e+00   0.0000000e+00   2.4714441e+04   2.2400000e+02
   9.0758852e+00   0.0000000e+00   2.4532504e+04   2.2900000e+02
   4.6596770e+00   0.0000000e+00   2.4609355e+04   2.3100000e+02
   4.5398155e+00   0.0000000e+00   2.4580987e+04   2.3200000e+02
   4.5029492e+00   0.0000000e+00   2.4680891e+04   2.3500000e+02
   4.4259246e+00   0.0000000e+00   2.4806539e+04   2.3700000e+02
   4.3643292e+00   0.0000000e+00   2.4708820e+04   2.4100000e+02
   4.3603300e+00   0.0000000e+00   2.4605035e+04   2.4600000e+02
   4.2575448e+00   0.0000000e+00   2.4538246e+04   2.5400000e+02
   4.2323751e+00   0.0000000e+00   2.4487416e+04   2.5500000e+02
   2.4648725e+00   0.0000000e+00   2.4487161e+04   2.5700000e+02
   2.3806657e+00   0.0000000e+00   2.4819426e+04   2.5800000e+02
   2.2747117e+00   0.0000000e+00   2.4928085e+04   2.5900000e+02
   2.1600603e+00   0.0000000e+00   2.5396595e+04   2.6200000e+02
   2.0224916e+00   0.0000000e+00   2.5475870e+04   2.6400000e+02
   2.0190414e+00   0.0000000e+00   2.5366790e+04   2.6600000e+02
   2.0073871e+00   0.0000000e+00   2.5851791e+04   2.6900000e+02
   1.8937367e+00   0.0000000e+00   2.5758235e+04   2.8000000e+02
   1.8599054e+00   0.0000000e+00   2.5709975e+04   2.8300000e+02
   1.0944631e+00   0.0000000e+00   2.5856498e+04   2.8500000e+02
   1.0793530e+00   0.0000000e+00   2.5944798e+04   2.8600000e+02
   1.0698953e+00   0.0000000e+00   2.5953322e+04   2.8700000e+02
   1.0638855e+00   0.0000000e+00   2.5727079e+04   2.8900000e+02
   1.0602910e+00   0.0000000e+00   2.5935738e+04   2.9100000e+02
   8.6125210e-01   0.0000000e+00   2.5811217e+04   2.9500000e+02
   8.5842748e-01   0.0000000e+00   2.5803651e+04   2.9900000e+02
   7.9954916e-01   0.0000000e+00   2.6008790e+04   3.0000000e+02
   7.9460920e-01   0.0000000e+00   2.6410920e+04   3.0700000e+02
   7.8820194e-01   0.0000000e+00   2.6374863e+04   3.0900000e+02
   0.0000000e+00   0.0000000e+00   2.6304809e+04   3.1900000e+02
   0.0000000e+00   0.0000000e+00   2.6160388e+04   3.2700000e+02
   0.0000000e+00   0.0000000e+00   2.5876827e+04   3.3900000e+02
   0.0000000e+00   0.0000000e+00   2.5846119e+04   3.4000000e+02
   0.0000000e+00   0.0000000e+00   2.5735133e+04   3.4800000e+02
   0.0000000e+00   0.0000000e+00   2.5471114e+04   3.5300000e+02
   0.0000000e+00   0.0000000e+00   2.5449731e+04   3.5400000e+02
   0.0000000e+00   0.0000000e+00   2.5112155e+04   3.5600000e+02
   0.0000000e+00   0.0000000e+00   2.4875424e+04   3.5800000e+02
   0.0000000e+00   0.0000000e+00   2.4851253e+04   3.6000000e+02
   0.0000000e+00   0.0000000e+00   2.4686299e+04   3.6100000e+02
   0.0000000e+00   0.0000000e+00   2.4443600e+04   3.6200000e+02
   0.0000000e+00   0.0000000e+00   2.4418940e+04   3.6600000e+02
   0.0000000e+00   0.0000000e+00   2.4311955e+04   3.7200000e+02
   0.0000000e+00   0.0000000e+00   2.4107378e+04   3.7300000e+02
   0.0000000e+00   0.0000000e+00   2.3987826e+04   3.7600000e+02
   0.0000000e+00   0.0000000e+00   2.3857575e+04   3.8000000e+02
   0.0000000e+00   0.0000000e+00   2.3767446e+04   3.8300000e+02
   0.0000000e+00   0.0000000e+00   2.3370721e+04   3.8600000e+02
   0.0000000e+00   0.0000000e+00   2.3276327e+04   3.8800000e+02
   0.0000000e+00   0.0000000e+00   2.2854554e+04   3.8900000e+02
   0.0000000e+00   0.0000000e+00   2.2494290e+04   4.1100000e+02
   0.0000000e+00   0.0000000e+00   2.2352040e+04   4.1400000e+02
   0.0000000e+00   0.0000000e+00   2.2094080e+04   4.1600000e+02
   0.0000000e+00   0.0000000e+00   2.1715274e+04   4.1800000e+02
   0.0000000e+00   0.0000000e+00   2.1408885e+04   4.2700000e+02
   0.0000000e+00   0.0000000e+00   2.1392950e+04   4.2800000e+02
   0.0000000e+00   0.0000000e+00   2.1293682e+04   4.2900000e+02
   0.0000000e+00   0.0000000e+00   2.1005150e+04   4.3000000e+02
   0.0000000e+00   0.0000000e+00   2.0826407e+04   4.3900000e+02
   0.0000000e+00   0.0000000e+00   2.0721135e+04   4.4800000e+02
   0.0000000e+00   0.0000000e+00   2.0437198e+04   4.5000000e+02
   0.0000000e+00   0.0000000e+00   2.0190557e+04   4.8600000e+02
   0.0000000e+00   0.0000000e+00   1.9952406e+04   4.9400000e+02
   0.0000000e+00   0.0000000e+00   1.9748135e+04   5.1200000e+02
   0.0000000e+00   0.0000000e+00   1.9702922e+04   5.1500000e+02
   0.0000000e+00   0.0000000e+00   1.9647053e+04   5.2500000e+02
   0.0000000e+00   0.0000000e+00   1.9643591e+04   5.2600000e+02
   0.0000000e+00   0.0000000e+00   1.9632491e+04   5.2700000e+02
   0.0000000e+00   0.0000000e+00   1.9415503e+04   5.2800000e+02
   0.0000000e+00   0.0000000e+00   1.9334521e+04   5.6000000e+02
   0.0000000e+00   0.0000000e+00   1.9280004e+04   5.6100000e+02
   0.0000000e+00   0.0000000e+00   1.9040912e+04   5.6300000e+02
   0.0000000e+00   0.0000000e+00   1.9030869e+04   5.6500000e+02
   0.0000000e+00   0.0000000e+00   1.8954746e+04   5.6700000e+02
   0.0000000e+00   0.0000000e+00   1.8855730e+04   5.7000000e+02
   0.0000000e+00   0.0000000e+00   1.8801544e+04   5.7200000e+02
   0.0000000e+00   0.0000000e+00   1.8661645e+04   5.7600000e+02
   0.0000000e+00   0.0000000e+00   1.8204320e+04   5.8600000e+02
   0.0000000e+00   0.0000000e+00   1.8198603e+04   5.9200000e+02
   0.0000000e+00   0.0000000e+00   1.8062201e+04   5.9700000e+02
   0.0000000e+00   0.0000000e+00   1.7989276e+04   6.0300000e+02
   0.0000000e+00   0.0000000e+00   1.7910134e+04   6.1000000e+02
   0.0000000e+00   0.0000000e+00   1.7690766e+04   6.1300000e+02
   0.0000000e+00   0.0000000e+00   1.7676602e+04   6.1500000e+02
   0.0000000e+00   0.0000000e+00   1.7611458e+04   6.1700000e+02
   0.0000000e+00   0.0000000e+00   1.7446038e+04   6.2100000e+02
   0.0000000e+00   0.0000000e+00   1.7338348e+04   6.2800000e+02
   0.0000000e+00   0.0000000e+00   1.7219474e+04   6.3300000e+02
   0.0000000e+00   0.0000000e+00   1.7195641e+04   6.3700000e+02
   0.0000000e+00   0.0000000e+00   1.7078694e+04   6.3900000e+02
   0.0000000e+00   0.0000000e+00   1.7034932e+04   6.4200000e+02
   0.0000000e+00   0.0000000e+00   1.6965946e+04   6.4300000e+02
   0.0000000e+00   0.0000000e+00   1.6738607e+04   6.4900000e+02
   0.0000000e+00   0.0000000e+00   1.6534228e+04   6.5100000e+02
   0.0000000e+00   0.0000000e+00   1.6386439e+04   6.5200000e+02
   0.0000000e+00   0.0000000e+00   1.6294326e+04   6.5400000e+02
   0.0000000e+00   0.0000000e+00   1.6164720e+04   6.5700000e+02
   0.0000000e+00   0.0000000e+00   1.6078859e+04   6.5800000e+02
   0.0000000e+00   0.0000000e+00   1.6006947e+04   6.6100000e+02
   0.0000000e+00   0.0000000e+00   1.5903894e+04   6.6500000e+02
   0.0000000e+00   0.0000000e+00   1.5847108e+04   6.6700000e+02
   0.0000000e+00   0.0000000e+00   1.5807389e+04   6.7400000e+02
   0.0000000e+00   0.0000000e+00   1.5775801e+04   6.7500000e+02
   0.0000000e+00   0.0000000e+00   1.5712976e+04   6.8000000e+02
   0.0000000e+00   0.0000000e+00   1.5627105e+04   6.8300000e+02
   0.0000000e+00   0.0000000e+00   1.5485181e+04   6.8400000e+02
   0.0000000e+00   0.0000000e+00   1.5458203e+04   6.8700000e+02
   0.0000000e+00   0.0000000e+00   1.5426637e+04   6.8900000e+02
   0.0000000e+00   0.0000000e+00   1.5330897e+04   6.9500000e+02
   0.0000000e+00   0.0000000e+00   1.5164779e+04   6.9600000e+02
   0.0000000e+00   0.0000000e+00   1.5126447e+04   7.0000000e+02
   0.0000000e+00   0.0000000e+00   1.5120252e+04   7.0100000e+02
   0.0000000e+00   0.0000000e+00   1.4970052e+04   7.0200000e+02
   0.0000000e+00   0.0000000e+00   1.4895916e+04   7.0400000e+02
   0.0000000e+00   0.0000000e+00   1.4801586e+04   7.0500000e+02
   0.0000000e+00   0.0000000e+00   1.4722388e+04   7.0800000e+02
   0.0000000e+00   0.0000000e+00   1.4701235e+04   7.1100000e+02
   0.0000000e+00   0.0000000e+00   1.4679542e+04   7.1600000e+02
   0.0000000e+00   0.0000000e+00   1.4334779e+04   7.2200000e+02
   0.0000000e+00   0.0000000e+00   1.4288590e+04   7.2600000e+02
   0.0000000e+00   0.0000000e+00   1.4285788e+04   7.2800000e+02
   0.0000000e+00   0.0000000e+00   1.4120101e+04   7.3000000e+02
   0.0000000e+00   0.0000000e+00   1.4029257e+04   7.3100000e+02
   0.0000000e+00   0.0000000e+00   1.3951014e+04   7.3300000e+02
   0.0000000e+00   0.0000000e+00   1.3856147e+04   7.3900000e+02
   0.0000000e+00   0.0000000e+00   1.3854379e+04   7.4300000e+02
   0.0000000e+00   0.0000000e+00   1.3819912e+04   7.4400000e+02
   0.0000000e+00   0.0000000e+00   1.3791244e+04   7.4500000e+02
   0.0000000e+00   0.0000000e+00   1.3640675e+04   7.5200000e+02
   0.0000000e+00   0.0000000e+00   1.3561225e+04   7.6000000e+02
   0.0000000e+00   0.0000000e+00   1.3522440e+04   7.6100000e+02
   0.0000000e+00   0.0000000e+00   1.3504168e+04   7.6300000e+02
   0.0000000e+00   0.0000000e+00   1.3463531e+04   7.6600000e+02
   0.0000000e+00   0.0000000e+00   1.3451642e+04   7.6800000e+02
   0.0000000e+00   0.0000000e+00   1.3428747e+04   7.7100000e+02
   0.0000000e+00   0.0000000e+00   1.3300558e+04   7.7300000e+02
   0.0000000e+00   0.0000000e+00   1.3291031e+04   7.7500000e+02
   0.0000000e+00   0.0000000e+00   1.3252483e+04   7.7800000e+02
   0.0000000e+00   0.0000000e+00   1.3245308e+04   7.7900000e+02
   0.0000000e+00   0.0000000e+00   1.3062680e+04   7.8000000e+02
   0.0000000e+00   0.0000000e+00   1.2968214e+04   7.8100000e+02
   0.0000000e+00   0.0000000e+00   1.2866375e+04   7.8200000e+02
   0.0000000e+00   0.0000000e+00   1.2835153e+04   7.8700000e+02
   0.0000000e+00   0.0000000e+00   1.2808944e+04   7.8900000e+02
   0.0000000e+00   0.0000000e+00   1.2777783e+04   7.9100000e+02
   0.0000000e+00   0.0000000e+00   1.2651273e+04   8.0100000e+02
   0.0000000e+00   0.0000000e+00   1.2471052e+04   8.0500000e+02
   0.0000000e+00   0.0000000e+00   1.2439881e+04   8.1000000e+02
   0.0000000e+00   0.0000000e+00   1.2394235e+04   8.1300000e+02
   0.0000000e+00   0.0000000e+00   1.2386837e+04   8.1400000e+02
   0.0000000e+00   0.0000000e+00   1.2360912e+04   8.2000000e+02
   0.0000000e+00   0.0000000e+00   1.2300974e+04   8.2400000e+02
   0.0000000e+00   0.0000000e+00   1.2234694e+04   8.2700000e+02
   0.0000000e+00   0.0000000e+00   1.2176056e+04   8.3300000e+02
   0.0000000e+00   0.0000000e+00   1.2137472e+04   8.3400000e+02
   0.0000000e+00   0.0000000e+00   1.2119144e+04   8.3500000e+02
   0.0000000e+00   0.0000000e+00   1.1979281e+04   8.4200000e+02
   0.0000000e+00   0.0000000e+00   1.1961028e+04   8.4600000e+02
   0.0000000e+00   0.0000000e+00   1.1944577e+04   8.4800000e+02
   0.0000000e+00   0.0000000e+00   1.1845418e+04   8.5100000e+02
   0.0000000e+00   0.0000000e+00   1.1795367e+04   8.5200000e+02
   0.0000000e+00   0.0000000e+00   1.1769849e+04   8.5600000e+02
   0.0000000e+00   0.0000000e+00   1.1757483e+04   8.5700000e+02
   0.0000000e+00   0.0000000e+00   1.1749728e+04   8.6100000e+02
   0.0000000e+00   0.0000000e+00   1.1702994e+04   8.6200000e+02
   0.0000000e+00   0.0000000e+00   1.1630589e+04   8.6600000e+02
   0.0000000e+00   0.0000000e+00   1.1598695e+04   8.6800000e+02
   0.0000000e+00   0.0000000e+00   1.1541347e+04   8.7000000e+02
   0.0000000e+00   0.0000000e+00   1.1522530e+04   8.7100000e+02
   0.0000000e+00   0.0000000e+00   1.1475615e+04   8.8000000e+02
   0.0000000e+00   0.0000000e+00   1.1445810e+04   8.8100000e+02
   0.0000000e+00   0.0000000e+00   1.1406177e+04   8.8200000e+02
   0.0000000e+00   0.0000000e+00   1.1350242e+04   8.8300000e+02
   0.0000000e+00   0.0000000e+00   1.1306626e+04   8.8600000e+02
   0.0000000e+00   0.0000000e+00   1.1262993e+04   8.9000000e+02
   0.0000000e+00   0.0000000e+00   1.1120694e+04   8.9800000e+02
   0.0000000e+00   0.0000000e+00   1.1065953e+04   9.0300000e+02
   0.0000000e+00   0.0000000e+00   1.1057307e+04   9.0600000e+02
   0.0000000e+00   0.0000000e+00   1.0995761e+04   9.0800000e+02
   0.0000000e+00   0.0000000e+00   1.0933694e+04   9.1000000e+02
   0.0000000e+00   0.0000000e+00   1.0926713e+04   9.1500000e+02
   0.0000000e+00   0.0000000e+00   1.0922592e+04   9.1700000e+02
   0.0000000e+00   0.0000000e+00   1.0915912e+04   9.2200000e+02
   0.0000000e+00   0.0000000e+00   1.0880954e+04   9.3100000e+02
   0.0000000e+00   0.0000000e+00   1.0758104e+04   9.3200000e+02
   0.0000000e+00   0.0000000e+00   1.0730610e+04   9.3500000e+02
   0.0000000e+00   0.0000000e+00   1.0704084e+04   9.5100000e+02
   0.0000000e+00   0.0000000e+00   1.0701858e+04   9.5600000e+02
   0.0000000e+00   0.0000000e+00   1.0670460e+04   9.6700000e+02
   0.0000000e+00   0.0000000e+00   1.0620706e+04   9.8800000e+02
   0.0000000e+00   0.0000000e+00   1.0575129e+04   9.8900000e+02
   0.0000000e+00   0.0000000e+00   1.0540939e+04   9.9100000e+02
   0.0000000e+00   0.0000000e+00   1.0511882e+04   9.9500000e+02
   0.0000000e+00   0.0000000e+00   1.0455991e+04   9.9700000e+02
   0.0000000e+00   0.0000000e+00   1.0409721e+04   1.0100000e+03
   0.0000000e+00   0.0000000e+00   1.0377659e+04   1.0130000e+03
   0.0000000e+00   0.0000000e+00   1.0268348e+04   1.0210000e+03
   0.0000000e+00   0.0000000e+00   1.0156828e+04   1.0260000e+03
   0.0000000e+00   0.0000000e+00   1.0024274e+04   1.0330000e+03
   0.0000000e+00   0.0000000e+00   9.8475614e+03   1.0340000e+03
   0.0000000e+00   0.0000000e+00   9.8296875e+03   1.0430000e+03
   0.0000000e+00   0.0000000e+00   9.8162848e+03   1.0470000e+03
   0.0000000e+00   0.0000000e+00   9.7907477e+03   1.0500000e+03
   0.0000000e+00   0.0000000e+00   9.7095283e+03   1.0550000e+03
   0.0000000e+00   0.0000000e+00   9.7065520e+03   1.0570000e+03
   0.0000000e+00   0.0000000e+00   9.6624212e+03   1.0680000e+03
   0.0000000e+00   0.0000000e+00   9.5679606e+03   1.0780000e+03
   0.0000000e+00   0.0000000e+00   9.4466873e+03   1.0810000e+03
   0.0000000e+00   0.0000000e+00   9.4413070e+03   1.0910000e+03
   0.0000000e+00   0.0000000e+00   9.3394179e+03   1.1080000e+03
   0.0000000e+00   0.0000000e+00   9.2943624e+03   1.1100000e+03
   0.0000000e+00   0.0000000e+00   9.2695869e+03   1.1130000e+03
   0.0000000e+00   0.0000000e+00   9.1982954e+03   1.1200000e+03
   0.0000000e+00   0.0000000e+00   9.1317402e+03   1.1340000e+03
   0.0000000e+00   0.0000000e+00   9.1248120e+03   1.1380000e+03
   0.0000000e+00   0.0000000e+00   9.1083290e+03   1.1400000e+03
   0.0000000e+00   0.0000000e+00   9.0239390e+03   1.1410000e+03
   0.0000000e+00   0.0000000e+00   8.8522359e+03   1.1500000e+03
   0.0000000e+00   0.0000000e+00   8.8368580e+03   1.1530000e+03
   0.0000000e+00   0.0000000e+00   8.8267476e+03   1.1580000e+03
   0.0000000e+00   0.0000000e+00   8.7630820e+03   1.1640000e+03
   0.0000000e+00   0.0000000e+00   8.7586863e+03   1.1650000e+03
   0.0000000e+00   0.0000000e+00   8.6218953e+03   1.1670000e+03
   0.0000000e+00   0.0000000e+00   8.6089098e+03   1.1800000e+03
   0.0000000e+00   0.0000000e+00   8.5707145e+03   1.1860000e+03
   0.0000000e+00   0.0000000e+00   8.5349291e+03   1.1890000e+03
   0.0000000e+00   0.0000000e+00   8.4987779e+03   1.1910000e+03
   0.0000000e+00   0.0000000e+00   8.4646541e+03   1.1930000e+03
   0.0000000e+00   0.0000000e+00   8.4218985e+03   1.1980000e+03
   0.0000000e+00   0.0000000e+00   8.3750536e+03   1.2050000e+03
   0.0000000e+00   0.0000000e+00   8.3735655e+03   1.2130000e+03
   0.0000000e+00   0.0000000e+00   8.3510622e+03   1.2140000e+03
   0.0000000e+00   0.0000000e+00   8.2977592e+03   1.2260000e+03
   0.0000000e+00   0.0000000e+00   8.2206852e+03   1.2390000e+03
   0.0000000e+00   0.0000000e+00   8.2127382e+03   1.2490000e+03
   0.0000000e+00   0.0000000e+00   8.1976806e+03   1.2580000e+03
   0.0000000e+00   0.0000000e+00   8.1671645e+03   1.2590000e+03
   0.0000000e+00   0.0000000e+00   8.1650670e+03   1.2650000e+03
   0.0000000e+00   0.0000000e+00   8.1236691e+03   1.2710000e+03
   0.0000000e+00   0.0000000e+00   8.0934415e+03   1.2750000e+03
   0.0000000e+00   0.0000000e+00   8.0532007e+03   1.2860000e+03
   0.0000000e+00   0.0000000e+00   8.0409294e+03   1.3130000e+03
   0.0000000e+00   0.0000000e+00   8.0154658e+03   1.3140000e+03
   0.0000000e+00   0.0000000e+00   8.0053209e+03   1.3380000e+03
   0.0000000e+00   0.0000000e+00   7.9801177e+03   1.3510000e+03
   0.0000000e+00   0.0000000e+00   7.9464813e+03   1.3930000e+03
   0.0000000e+00   0.0000000e+00   7.9079008e+03   1.3940000e+03
   0.0000000e+00   0.0000000e+00   7.9062671e+03   1.3950000e+03
   0.0000000e+00   0.0000000e+00   7.8678898e+03   1.4110000e+03
   0.0000000e+00   0.0000000e+00   7.8388097e+03   1.4170000e+03
   0.0000000e+00   0.0000000e+00   7.8313946e+03   1.4340000e+03
   0.0000000e+00   0.0000000e+00   7.8264816e+03   1.4470000e+03
   0.0000000e+00   0.0000000e+00   7.8006601e+03   1.4800000e+03
   0.0000000e+00   0.0000000e+00   7.7973912e+03   1.4850000e+03
   0.0000000e+00   0.0000000e+00   7.6844308e+03   1.4870000e+03
   0.0000000e+00   0.0000000e+00   7.6822456e+03   1.4970000e+03
   0.0000000e+00   0.0000000e+00   7.6510375e+03   1.5000000e+03
   0.0000000e+00   0.0000000e+00   7.6434037e+03   1.5090000e+03
   0.0000000e+00   0.0000000e+00   7.6269106e+03   1.5340000e+03
   0.0000000e+00   0.0000000e+00   7.6268052e+03   1.5860000e+03
   0.0000000e+00   0.0000000e+00   7.6229277e+03   1.6130000e+03
   0.0000000e+00   0.0000000e+00   7.6202963e+03   1.6170000e+03
   0.0000000e+00   0.0000000e+00   7.6004881e+03   1.6180000e+03
   0.0000000e+00   0.0000000e+00   7.5790661e+03   1.6410000e+03
   0.0000000e+00   0.0000000e+00   7.5767508e+03   1.6820000e+03
   0.0000000e+00   0.0000000e+00   7.5685458e+03   1.6950000e+03
   0.0000000e+00   0.0000000e+00   7.5564620e+03   1.7170000e+03
   0.0000000e+00   0.0000000e+00   7.5088661e+03   1.7290000e+03
   0.0000000e+00   0.0000000e+00   7.4632468e+03   1.7310000e+03
   0.0000000e+00   0.0000000e+00   7.4275390e+03   1.7390000e+03
   0.0000000e+00   0.0000000e+00   7.4121488e+03   1.7480000e+03
   0.0000000e+00   0.0000000e+00   7.3957572e+03   1.7660000e+03
   0.0000000e+00   0.0000000e+00   7.3919408e+03   1.8090000e+03
   0.0000000e+00   0.0000000e+00   7.3899211e+03   1.8110000e+03
   0.0000000e+00   0.0000000e+00   7.3851437e+03   1.8130000e+03
   0.0000000e+00   0.0000000e+00   7.3571657e+03   1.8170000e+03
   0.0000000e+00   0.0000000e+00   7.3211446e+03   1.8340000e+03
   0.0000000e+00   0.0000000e+00   7.3174781e+03   1.8580000e+03
   0.0000000e+00   0.0000000e+00   7.3127006e+03   1.9600000e+03
   0.0000000e+00   0.0000000e+00   7.2705293e+03   1.9730000e+03
   0.0000000e+00   0.0000000e+00   7.2572697e+03   2.0310000e+03
   0.0000000e+00   0.0000000e+00   7.2441022e+03   2.0330000e+03
   0.0000000e+00   0.0000000e+00   7.2381682e+03   2.0470000e+03
   0.0000000e+00   0.0000000e+00   7.2165846e+03   2.0760000e+03
   0.0000000e+00   0.0000000e+00   7.2098138e+03   2.0780000e+03
   0.0000000e+00   0.0000000e+00   7.2033593e+03   2.0800000e+03
   0.0000000e+00   0.0000000e+00   7.1886825e+03   2.0930000e+03
   0.0000000e+00   0.0000000e+00   7.1883821e+03   2.0940000e+03
   0.0000000e+00   0.0000000e+00   7.1451073e+03   2.0960000e+03
   0.0000000e+00   0.0000000e+00   7.0739724e+03   2.1580000e+03
   0.0000000e+00   0.0000000e+00   7.0354802e+03   2.2220000e+03
   0.0000000e+00   0.0000000e+00   7.0290244e+03   2.2450000e+03
   0.0000000e+00   0.0000000e+00   7.0031983e+03   2.2630000e+03
   0.0000000e+00   0.0000000e+00   7.0006219e+03   2.2980000e+03
   0.0000000e+00   0.0000000e+00   6.9998499e+03   2.3210000e+03
   0.0000000e+00   0.0000000e+00   6.9958153e+03   2.3420000e+03
   0.0000000e+00   0.0000000e+00   6.9440967e+03   2.3920000e+03
   0.0000000e+00   0.0000000e+00   6.9147189e+03   2.4070000e+03
   0.0000000e+00   0.0000000e+00   6.8858615e+03   2.4290000e+03
   0.0000000e+00   0.0000000e+00   6.8827010e+03   2.4480000e+03
   0.0000000e+00   0.0000000e+00   6.8778509e+03   2.4630000e+03
   0.0000000e+00   0.0000000e+00   6.8333921e+03   2.4650000e+03
   0.0000000e+00   0.0000000e+00   6.7786421e+03   2.4660000e+03
   0.0000000e+00   0.0000000e+00   6.7677080e+03   2.4710000e+03
   0.0000000e+00   0.0000000e+00   6.7308142e+03   2.4740000e+03
   0.0000000e+00   0.0000000e+00   6.7044548e+03   2.4940000e+03
   0.0000000e+00   0.0000000e+00   6.6786808e+03   2.4970000e+03
   0.0000000e+00   0.0000000e+00   6.6741870e+03   2.5000000e+03
   0.0000000e+00   0.0000000e+00   6.6337974e+03   2.5040000e+03
   0.0000000e+00   0.0000000e+00   6.6184716e+03   2.5160000e+03
   0.0000000e+00   0.0000000e+00   6.6159159e+03   2.5290000e+03
   0.0000000e+00   0.0000000e+00   6.6031945e+03   2.5310000e+03
   0.0000000e+00   0.0000000e+00   6.5857030e+03   2.5340000e+03
   0.0000000e+00   0.0000000e+00   6.5796997e+03   2.5530000e+03
   0.0000000e+00   0.0000000e+00   6.5692116e+03   2.5570000e+03
   0.0000000e+00   0.0000000e+00   6.5036148e+03   2.6240000e+03
   0.0000000e+00   0.0000000e+00   6.4806428e+03   2.6360000e+03
   0.0000000e+00   0.0000000e+00   6.4664947e+03   2.6730000e+03
   0.0000000e+00   0.0000000e+00   6.4616953e+03   2.6900000e+03
   0.0000000e+00   0.0000000e+00   6.4522258e+03   2.7180000e+03
   0.0000000e+00   0.0000000e+00   6.4408778e+03   2.7400000e+03
   0.0000000e+00   0.0000000e+00   6.4033851e+03   2.7590000e+03
   0.0000000e+00   0.0000000e+00   6.3900381e+03   2.7760000e+03
   0.0000000e+00   0.0000000e+00   6.3557154e+03   2.8010000e+03
   0.0000000e+00   0.0000000e+00   6.3339701e+03   2.8100000e+03
   0.0000000e+00   0.0000000e+00   6.2922803e+03   2.8430000e+03
   0.0000000e+00   0.0000000e+00   6.2649421e+03   2.8710000e+03
   0.0000000e+00   0.0000000e+00   6.2502178e+03   2.8970000e+03
   0.0000000e+00   0.0000000e+00   6.2185931e+03   2.9080000e+03
   0.0000000e+00   0.0000000e+00   6.2048383e+03   2.9130000e+03
   0.0000000e+00   0.0000000e+00   6.1823788e+03   2.9520000e+03
   0.0000000e+00   0.0000000e+00   6.1759696e+03   3.0270000e+03
   0.0000000e+00   0.0000000e+00   6.1582443e+03   3.0970000e+03
   0.0000000e+00   0.0000000e+00   6.1359328e+03   3.3340000e+03
   0.0000000e+00   0.0000000e+00   6.1330251e+03   3.4580000e+03
   0.0000000e+00   0.0000000e+00   6.1277383e+03   3.5270000e+03
   0.0000000e+00   0.0000000e+00   6.1215353e+03   3.5860000e+03
   0.0000000e+00   0.0000000e+00   6.0953770e+03   3.6400000e+03
   0.0000000e+00   0.0000000e+00   6.0918704e+03   3.7060000e+03
   0.0000000e+00   0.0000000e+00   6.0452259e+03   3.7540000e+03
   0.0000000e+00   0.0000000e+00   6.0400693e+03   3.7990000e+03
   0.0000000e+00   0.0000000e+00   6.0164241e+03   3.8330000e+03
   0.0000000e+00   0.0000000e+00   5.9890112e+03   3.8480000e+03
   0.0000000e+00   0.0000000e+00   5.9809802e+03   3.8530000e+03
   0.0000000e+00   0.0000000e+00   5.9749627e+03   3.9970000e+03
   0.0000000e+00   0.0000000e+00   5.9625577e+03   4.0770000e+03
   0.0000000e+00   0.0000000e+00   5.9604929e+03   4.3390000e+03
   0.0000000e+00   0.0000000e+00   5.9602373e+03   4.3550000e+03
   0.0000000e+00   0.0000000e+00   5.9460949e+03   4.4130000e+03
   0.0000000e+00   0.0000000e+00   5.9246793e+03   4.5170000e+03
   0.0000000e+00   0.0000000e+00   5.9242635e+03   4.6340000e+03
   0.0000000e+00   0.0000000e+00   5.9068642e+03   4.6680000e+03
   0.0000000e+00   0.0000000e+00   5.8978868e+03   4.6740000e+03
   0.0000000e+00   0.0000000e+00   5.8971098e+03   4.7140000e+03
   0.0000000e+00   0.0000000e+00   5.8967189e+03   4.7380000e+03
   0.0000000e+00   0.0000000e+00   5.8944749e+03   4.7390000e+03
   0.0000000e+00   0.0000000e+00   5.8843963e+03   4.7560000e+03
   0.0000000e+00   0.0000000e+00   5.8685670e+03   4.7850000e+03
   0.0000000e+00   0.0000000e+00   5.8629451e+03   4.7940000e+03
   0.0000000e+00   0.0000000e+00   5.8499225e+03   4.8240000e+03
   0.0000000e+00   0.0000000e+00   5.8477967e+03   4.8630000e+03
   0.0000000e+00   0.0000000e+00   5.8309628e+03   4.9120000e+03
   0.0000000e+00   0.0000000e+00   5.8196108e+03   4.9300000e+03
   0.0000000e+00   0.0000000e+00   5.8141607e+03   5.0270000e+03
   0.0000000e+00   0.0000000e+00   5.7943824e+03   5.0630000e+03
   0.0000000e+00   0.0000000e+00   5.7706079e+03   5.1080000e+03
   0.0000000e+00   0.0000000e+00   5.7546340e+03   5.1220000e+03
   0.0000000e+00   0.0000000e+00   5.7385479e+03   5.2040000e+03
   0.0000000e+00   0.0000000e+00   5.7373262e+03   5.4640000e+03
   0.0000000e+00   0.0000000e+00   5.7274125e+03   5.5960000e+03
   0.0000000e+00   0.0000000e+00   5.7176844e+03   5.7630000e+03
   0.0000000e+00   0.0000000e+00   5.7081803e+03   5.9050000e+03
   0.0000000e+00   0.0000000e+00   5.6975990e+03   5.9150000e+03
   0.0000000e+00   0.0000000e+00   5.6975990e+03   5.9780000e+03
   0.0000000e+00   0.0000000e+00   5.6955232e+03   6.0020000e+03
   0.0000000e+00   0.0000000e+00   5.6955232e+03   6.0360000e+03
   0.0000000e+00   0.0000000e+00   5.6873771e+03   6.0630000e+03
   0.0000000e+00   0.0000000e+00   5.6780662e+03   6.1060000e+03
   0.0000000e+00   0.0000000e+00   5.6626855e+03   6.1870000e+03
   0.0000000e+00   0.0000000e+00   5.6505293e+03   6.3970000e+03
   0.0000000e+00   0.0000000e+00   5.6467766e+03   6.5120000e+03
   0.0000000e+00   0.0000000e+00   5.6368349e+03   6.5860000e+03
   0.0000000e+00   0.0000000e+00   5.6353003e+03   6.7230000e+03
   0.0000000e+00   0.0000000e+00   5.6353003e+03   6.7740000e+03
   0.0000000e+00   0.0000000e+00   5.6334349e+03   6.7830000e+03
   0.0000000e+00   0.0000000e+00   5.6260726e+03   7.1190000e+03
   0.0000000e+00   0.0000000e+00   5.6017820e+03   7.3220000e+03
   0.0000000e+00   0.0000000e+00   5.5998077e+03   7.3690000e+03
   0.0000000e+00   0.0000000e+00   5.5868836e+03   7.5000000e+03
   0.0000000e+00   0.0000000e+00   5.5790782e+03   7.8720000e+03
   0.0000000e+00   0.0000000e+00   5.5669781e+03   7.9380000e+03
   0.0000000e+00   0.0000000e+00   5.5657584e+03   7.9570000e+03
   0.0000000e+00   0.0000000e+00   5.5624669e+03   8.0520000e+03
   0.0000000e+00   0.0000000e+00   5.5539417e+03   8.1170000e+03
   0.0000000e+00   0.0000000e+00   5.5509138e+03   8.2650000e+03
   0.0000000e+00   0.0000000e+00   5.5509138e+03   8.2740000e+03
   0.0000000e+00   0.0000000e+00   5.5411402e+03   8.7180000e+03
   0.0000000e+00   0.0000000e+00   5.5352285e+03   9.0480000e+03
   0.0000000e+00   0.0000000e+00   5.5303353e+03   9.0780000e+03
   0.0000000e+00   0.0000000e+00   5.5226539e+03   9.2300000e+03
   0.0000000e+00   0.0000000e+00   5.5092168e+03   9.2770000e+03
   0.0000000e+00   0.0000000e+00   5.5037397e+03   9.6060000e+03
   0.0000000e+00   0.0000000e+00   5.4938897e+03   9.8490000e+03
   0.0000000e+00   0.0000000e+00   5.4902916e+03   1.0945000e+04
   0.0000000e+00   0.0000000e+00   5.4902916e+03   1.1747000e+04
   0.0000000e+00   0.0000000e+00   5.4902916e+03   1.2097000e+04
   0.0000000e+00   0.0000000e+00   5.4787991e+03   1.3006000e+04
   0.0000000e+00   0.0000000e+00   5.4708189e+03   1.3615000e+04
   0.0000000e+00   0.0000000e+00   5.4690171e+03   1.3996000e+04
   0.0000000e+00   0.0000000e+00   5.4584359e+03   1.4507000e+04
   0.0000000e+00   0.0000000e+00   5.4449578e+03   1.5051000e+04
   0.0000000e+00   0.0000000e+00   5.4349992e+03   1.5444000e+04
   0.0000000e+00   0.0000000e+00   5.4349992e+03   1.5832000e+04
   0.0000000e+00   0.0000000e+00   5.4308982e+03   1.5852000e+04
   0.0000000e+00   0.0000000e+00   5.4281831e+03   1.5874000e+04
   0.0000000e+00   0.0000000e+00   5.4183015e+03   1.6235000e+04
   0.0000000e+00   0.0000000e+00   5.4102899e+03   1.6561000e+04
   0.0000000e+00   0.0000000e+00   5.4041933e+03   1.7022000e+04
   0.0000000e+00   0.0000000e+00   5.4021536e+03   1.7407000e+04
   0.0000000e+00   0.0000000e+00   5.3975033e+03   1.7562000e+04
   0.0000000e+00   0.0000000e+00   5.3975033e+03   1.7767000e+04
   0.0000000e+00   0.0000000e+00   5.3975033e+03   1.8454000e+04
   0.0000000e+00   0.0000000e+00   5.3960487e+03   2.0230000e+04
   0.0000000e+00   0.0000000e+00   5.3913726e+03   2.0238000e+04
   0.0000000e+00   0.0000000e+00   5.3900163e+03   2.0414000e+04
   0.0000000e+00   0.0000000e+00   5.3877915e+03   2.1100000e+04
   0.0000000e+00   0.0000000e+00   5.3802890e+03   2.1511000e+04
   0.0000000e+00   0.0000000e+00   5.3785278e+03   2.3642000e+04
   0.0000000e+00   0.0000000e+00   5.3656446e+03   2.5097000e+04
   0.0000000e+00   0.0000000e+00   5.3656446e+03   2.5369000e+04
   0.0000000e+00   0.0000000e+00   5.3644941e+03   2.7229000e+04
   0.0000000e+00   0.0000000e+00   5.3492692e+03   2.7685000e+04
   0.0000000e+00   0.0000000e+00   5.3431814e+03   2.7716000e+04
   0.0000000e+00   0.0000000e+00   5.3166796e+03   2.8502000e+04
   0.0000000e+00   0.0000000e+00   5.3120036e+03   2.8729000e+04
   0.0000000e+00   0.0000000e+00   5.3120036e+03   2.8793000e+04
   0.0000000e+00   0.0000000e+00   5.3114370e+03   2.9294000e+04
   0.0000000e+00   0.0000000e+00   5.2968428e+03   2.9317000e+04
   0.0000000e+00   0.0000000e+00   5.2930169e+03   2.9814000e+04
   0.0000000e+00   0.0000000e+00   5.2930169e+03   3.0136000e+04
   0.0000000e+00   0.0000000e+00   5.2855280e+03   3.0166000e+04
   0.0000000e+00   0.0000000e+00   5.2762430e+03   3.0178000e+04
   0.0000000e+00   0.0000000e+00   5.2732573e+03   3.0358000e+04
   0.0000000e+00   0.0000000e+00   5.2604702e+03   3.0538000e+04
   0.0000000e+00   0.0000000e+00   5.2565744e+03   3.0694000e+04
   0.0000000e+00   0.0000000e+00   5.2531033e+03   3.0700000e+04
   0.0000000e+00   0.0000000e+00   5.2531033e+03   3.0749000e+04
   0.0000000e+00   0.0000000e+00   5.2499240e+03   3.0754000e+04
   0.0000000e+00   0.0000000e+00   5.2499240e+03   3.1673000e+04
   0.0000000e+00   0.0000000e+00   5.2444095e+03   3.1820000e+04
   0.0000000e+00   0.0000000e+00   5.2325583e+03   3.1841000e+04
   0.0000000e+00   0.0000000e+00   5.2273748e+03   3.2067000e+04
   0.0000000e+00   0.0000000e+00   5.2216086e+03   3.2132000e+04
   0.0000000e+00   0.0000000e+00   5.2116674e+03   3.2211000e+04
   0.0000000e+00   0.0000000e+00   5.2098322e+03   3.2699000e+04
   0.0000000e+00   0.0000000e+00   5.2098322e+03   3.3244000e+04
   0.0000000e+00   0.0000000e+00   5.2098322e+03   3.4381000e+04
   0.0000000e+00   0.0000000e+00   5.2068261e+03   3.4422000e+04
   0.0000000e+00   0.0000000e+00   5.2014030e+03   3.4706000e+04
   0.0000000e+00   0.0000000e+00   5.1989116e+03   3.5125000e+04
   0.0000000e+00   0.0000000e+00   5.1989116e+03   3.5260000e+04
   0.0000000e+00   0.0000000e+00   5.1875546e+03   3.6776000e+04
   0.0000000e+00   0.0000000e+00   5.1875546e+03   3.7431000e+04
   0.0000000e+00   0.0000000e+00   5.1875546e+03   3.8034000e+04
   0.0000000e+00   0.0000000e+00   5.1875546e+03   3.8758000e+04
   0.0000000e+00   0.0000000e+00   5.1833682e+03   3.8937000e+04
   0.0000000e+00   0.0000000e+00   5.1725852e+03   4.1507000e+04
   0.0000000e+00   0.0000000e+00   5.1725852e+03   4.1966000e+04
   0.0000000e+00   0.0000000e+00   5.1711306e+03   4.2198000e+04
   0.0000000e+00   0.0000000e+00   5.1711306e+03   4.2927000e+04
   0.0000000e+00   0.0000000e+00   5.1707174e+03   4.3353000e+04
   0.0000000e+00   0.0000000e+00   5.1678111e+03   4.3482000e+04
   0.0000000e+00   0.0000000e+00   5.1620988e+03   4.3741000e+04
   0.0000000e+00   0.0000000e+00   5.1596338e+03   4.4156000e+04
   0.0000000e+00   0.0000000e+00   5.1586363e+03   4.4213000e+04
   0.0000000e+00   0.0000000e+00   5.1478180e+03   4.4353000e+04
   0.0000000e+00   0.0000000e+00   5.1422893e+03   4.4913000e+04
   0.0000000e+00   0.0000000e+00   5.1392536e+03   4.5382000e+04
   0.0000000e+00   0.0000000e+00   5.1339541e+03   4.5621000e+04
   0.0000000e+00   0.0000000e+00   5.1243308e+03   4.9177000e+04
   0.0000000e+00   0.0000000e+00   5.1243308e+03   4.9822000e+04
   0.0000000e+00   0.0000000e+00   5.1218164e+03   5.0078000e+04
   0.0000000e+00   0.0000000e+00   5.1218164e+03   5.1460000e+04
   0.0000000e+00   0.0000000e+00   5.1218164e+03   5.2359000e+04
   0.0000000e+00   0.0000000e+00   5.1185313e+03   5.2474000e+04
   0.0000000e+00   0.0000000e+00   5.1095120e+03   5.2880000e+04
   0.0000000e+00   0.0000000e+00   5.1095120e+03   5.4465000e+04
   0.0000000e+00   0.0000000e+00   5.1057593e+03   5.4596000e+04
   0.0000000e+00   0.0000000e+00   5.1057593e+03   5.5121000e+04
   0.0000000e+00   0.0000000e+00   5.1057593e+03   5.5414000e+04
   0.0000000e+00   0.0000000e+00   5.1031394e+03   5.7099000e+04
   0.0000000e+00   0.0000000e+00   5.1023471e+03   5.7517000e+04
   0.0000000e+00   0.0000000e+00   5.0990467e+03   5.7822000e+04
   0.0000000e+00   0.0000000e+00   5.0975921e+03   5.8209000e+04
   0.0000000e+00   0.0000000e+00   5.0916846e+03   5.8922000e+04
   0.0000000e+00   0.0000000e+00   5.0900536e+03   5.9285000e+04
   0.0000000e+00   0.0000000e+00   5.0900536e+03   5.9929000e+04
   0.0000000e+00   0.0000000e+00   5.0870475e+03   6.0036000e+04
   0.0000000e+00   0.0000000e+00   5.0799436e+03   6.0148000e+04
   0.0000000e+00   0.0000000e+00   5.0748726e+03   6.0978000e+04
   0.0000000e+00   0.0000000e+00   5.0748726e+03   6.1004000e+04
   0.0000000e+00   0.0000000e+00   5.0748726e+03   6.2919000e+04
   0.0000000e+00   0.0000000e+00   5.0748726e+03   6.3900000e+04
   0.0000000e+00   0.0000000e+00   5.0748726e+03   6.5395000e+04
   0.0000000e+00   0.0000000e+00   5.0726375e+03   6.7515000e+04
   0.0000000e+00   0.0000000e+00   5.0726375e+03   6.7846000e+04
   0.0000000e+00   0.0000000e+00   5.0726375e+03   6.8175000e+04
   0.0000000e+00   0.0000000e+00   5.0726375e+03   6.8235000e+04
   0.0000000e+00   0.0000000e+00   5.0696465e+03   6.9765000e+04
   0.0000000e+00   0.0000000e+00   5.0696465e+03   7.0049000e+04
   0.0000000e+00   0.0000000e+00   5.0696465e+03   7.0578000e+04
   0.0000000e+00   0.0000000e+00   5.0681918e+03   7.0716000e+04
   0.0000000e+00   0.0000000e+00   5.0681918e+03   7.0763000e+04
   0.0000000e+00   0.0000000e+00   5.0681918e+03   7.0946000e+04
   0.0000000e+00   0.0000000e+00   5.0681918e+03   7.1133000e+04
   0.0000000e+00   0.0000000e+00   5.0681918e+03   7.3399000e+04
   0.0000000e+00   0.0000000e+00   5.0681918e+03   7.4953000e+04
   0.0000000e+00   0.0000000e+00   5.0680749e+03   7.6163000e+04
   0.0000000e+00   0.0000000e+00   5.0680749e+03   7.6400000e+04
   0.0000000e+00   0.0000000e+00   5.0658978e+03   7.6667000e+04
   0.0000000e+00   0.0000000e+00   5.0658978e+03   7.6840000e+04
   0.0000000e+00   0.0000000e+00   5.0622997e+03   7.8698000e+04
   0.0000000e+00   0.0000000e+00   5.0622997e+03   7.9025000e+04
   0.0000000e+00   0.0000000e+00   5.0622997e+03   7.9204000e+04
   0.0000000e+00   0.0000000e+00   5.0622997e+03   7.9594000e+04
   0.0000000e+00   0.0000000e+00   5.0611281e+03   8.0199000e+04
   0.0000000e+00   0.0000000e+00   5.0611281e+03   8.1040000e+04
   0.0000000e+00   0.0000000e+00   5.0611281e+03   8.1476000e+04
   0.0000000e+00   0.0000000e+00   5.0611281e+03   8.2287000e+04
   0.0000000e+00   0.0000000e+00   5.0506372e+03   8.2410000e+04
   0.0000000e+00   0.0000000e+00   5.0506372e+03   8.3976000e+04
   0.0000000e+00   0.0000000e+00   5.0457052e+03   8.4231000e+04
   0.0000000e+00   0.0000000e+00   5.0457052e+03   8.5319000e+04
   0.0000000e+00   0.0000000e+00   5.0446037e+03   8.5613000e+04
   0.0000000e+00   0.0000000e+00   5.0446037e+03   8.5925000e+04
   0.0000000e+00   0.0000000e+00   5.0446037e+03   8.6940000e+04
   0.0000000e+00   0.0000000e+00   5.0413326e+03   8.8129000e+04
   0.0000000e+00   0.0000000e+00   5.0396379e+03   8.8199000e+04
   0.0000000e+00   0.0000000e+00   5.0396379e+03   8.8515000e+04
   0.0000000e+00   0.0000000e+00   5.0396379e+03   8.8572000e+04
   0.0000000e+00   0.0000000e+00   5.0393130e+03   8.8821000e+04
   0.0000000e+00   0.0000000e+00   5.0393130e+03   8.9132000e+04
   0.0000000e+00   0.0000000e+00   5.0393130e+03   9.0004000e+04
   0.0000000e+00   0.0000000e+00   5.0393130e+03   9.0156000e+04
   0.0000000e+00   0.0000000e+00   5.0377287e+03   9.1457000e+04
   0.0000000e+00   0.0000000e+00   5.0301245e+03   9.2042000e+04
   0.0000000e+00   0.0000000e+00   5.0301245e+03   9.2074000e+04
   0.0000000e+00   0.0000000e+00   5.0301245e+03   9.3477000e+04
   0.0000000e+00   0.0000000e+00   5.0301245e+03   9.3945000e+04
   0.0000000e+00   0.0000000e+00   5.0301245e+03   9.4745000e+04
   0.0000000e+00   0.0000000e+00   5.0230041e+03   9.5126000e+04
   0.0000000e+00   0.0000000e+00   5.0230041e+03   9.5631000e+04
   0.0000000e+00   0.0000000e+00   5.0230041e+03   9.5709000e+04
   0.0000000e+00   0.0000000e+00   5.0230041e+03   9.5829000e+04
   0.0000000e+00   0.0000000e+00   5.0230041e+03   9.7401000e+04
   0.0000000e+00   0.0000000e+00   5.0230041e+03   9.8443000e+04
   0.0000000e+00   0.0000000e+00   5.0230041e+03   9.9156000e+04
   0.0000000e+00   0.0000000e+00   5.0230041e+03   9.9460000e+04
   0.0000000e+00   0.0000000e+00   5.0230041e+03   9.9636000e+04
   0.0000000e+00   0.0000000e+00   5.0230041e+03   9.9821000e+04
   0.0000000e+00   0.0000000e+00   5.0230041e+03   1.0017600e+05
   0.0000000e+00   0.0000000e+00   5.0230041e+03   1.0063900e+05
   0.0000000e+00   0.0000000e+00   5.0230041e+03   1.0168900e+05
   0.0000000e+00   0.0000000e+00   5.0230041e+03   1.0177500e+05
   0.0000000e+00   0.0000000e+00   5.0230041e+03   1.0178400e+05
   0.0000000e+00   0.0000000e+00   5.0230041e+03   1.0196300e+05
   0.0000000e+00   0.0000000e+00   5.0230041e+03   1.0281800e+05
   0.0000000e+00   0.0000000e+00   5.0230041e+03   1.0354000e+05
   0.0000000e+00   0.0000000e+00   5.0230041e+03   1.0474600e+05
   0.0000000e+00   0.0000000e+00   5.0230041e+03   1.0555000e+05
   0.0000000e+00   0.0000000e+00   5.0230041e+03   1.0625100e+05
   0.0000000e+00   0.0000000e+00   5.0183247e+03   1.0642400e+05
   0.0000000e+00   0.0000000e+00   5.0183247e+03   1.0669100e+05
   0.0000000e+00   0.0000000e+00   5.0183247e+03   1.0738600e+05
   0.0000000e+00   0.0000000e+00   5.0183247e+03   1.0773200e+05
   0.0000000e+00   0.0000000e+00   4.9927946e+03   1.0836800e+05
   0.0000000e+00   0.0000000e+00   4.9904786e+03   1.0846000e+05
   0.0000000e+00   0.0000000e+00   4.9793264e+03   1.0858700e+05
   0.0000000e+00   0.0000000e+00   4.9781487e+03   1.0868200e+05
   0.0000000e+00   0.0000000e+00   4.9778043e+03   1.0878500e+05
   0.0000000e+00   0.0000000e+00   4.9778043e+03   1.0947800e+05
   0.0000000e+00   0.0000000e+00   4.9778043e+03   1.0982900e+05
   0.0000000e+00   0.0000000e+00   4.9778043e+03   1.1005400e+05
   0.0000000e+00   0.0000000e+00   4.9778043e+03   1.1090700e+05
   0.0000000e+00   0.0000000e+00   4.9778043e+03   1.1100700e+05
   0.0000000e+00   0.0000000e+00   4.9706870e+03   1.1122700e+05
   0.0000000e+00   0.0000000e+00   4.9706870e+03   1.1169200e+05
   0.0000000e+00   0.0000000e+00   4.9645903e+03   1.1246400e+05
   0.0000000e+00   0.0000000e+00   4.9522845e+03   1.1282900e+05
   0.0000000e+00   0.0000000e+00   4.9519044e+03   1.1286500e+05
   0.0000000e+00   0.0000000e+00   4.9500038e+03   1.1289500e+05
   0.0000000e+00   0.0000000e+00   4.9373898e+03   1.1295100e+05
   0.0000000e+00   0.0000000e+00   4.9315681e+03   1.1300800e+05
   0.0000000e+00   0.0000000e+00   4.8883913e+03   1.1309300e+05
   0.0000000e+00   0.0000000e+00   4.8827420e+03   1.1387900e+05
   0.0000000e+00   0.0000000e+00   4.8708791e+03   1.1422200e+05
   0.0000000e+00   0.0000000e+00   4.8708791e+03   1.1476500e+05
   0.0000000e+00   0.0000000e+00   4.8687434e+03   1.1492800e+05
   0.0000000e+00   0.0000000e+00   4.8631718e+03   1.1546800e+05
   0.0000000e+00   0.0000000e+00   4.8631718e+03   1.1549300e+05
   0.0000000e+00   0.0000000e+00   4.8631718e+03   1.1556100e+05
   0.0000000e+00   0.0000000e+00   4.8572930e+03   1.1558900e+05
   0.0000000e+00   0.0000000e+00   4.8533311e+03   1.1591400e+05
   0.0000000e+00   0.0000000e+00   4.8518320e+03   1.1626900e+05
   0.0000000e+00   0.0000000e+00   4.8518320e+03   1.1638000e+05
   0.0000000e+00   0.0000000e+00   4.8495969e+03   1.1846700e+05
   0.0000000e+00   0.0000000e+00   4.8481423e+03   1.1874900e+05
   0.0000000e+00   0.0000000e+00   4.8466877e+03   1.1954800e+05
   0.0000000e+00   0.0000000e+00   4.8416168e+03   1.2011300e+05
   0.0000000e+00   0.0000000e+00   4.8416168e+03   1.2152900e+05
   0.0000000e+00   0.0000000e+00   4.8416168e+03   1.2295300e+05
   0.0000000e+00   0.0000000e+00   4.8416168e+03   1.2360300e+05
   0.0000000e+00   0.0000000e+00   4.8416168e+03   1.2458100e+05
   0.0000000e+00   0.0000000e+00   4.8397899e+03   1.2525200e+05
   0.0000000e+00   0.0000000e+00   4.8310960e+03   1.2549300e+05
   0.0000000e+00   0.0000000e+00   4.8265079e+03   1.2562000e+05
   0.0000000e+00   0.0000000e+00   4.8265079e+03   1.2604800e+05
   0.0000000e+00   0.0000000e+00   4.8216438e+03   1.2638800e+05
   0.0000000e+00   0.0000000e+00   4.8216438e+03   1.2655000e+05
   0.0000000e+00   0.0000000e+00   4.8216438e+03   1.2673200e+05
   0.0000000e+00   0.0000000e+00   4.8216438e+03   1.2724000e+05
   0.0000000e+00   0.0000000e+00   4.8216438e+03   1.2748900e+05
   0.0000000e+00   0.0000000e+00   4.8145419e+03   1.2785700e+05
   0.0000000e+00   0.0000000e+00   4.8145419e+03   1.2788900e+05
   0.0000000e+00   0.0000000e+00   4.8145419e+03   1.2920900e+05
   0.0000000e+00   0.0000000e+00   4.8145419e+03   1.2941900e+05
   0.0000000e+00   0.0000000e+00   4.8145419e+03   1.3019200e+05
   0.0000000e+00   0.0000000e+00   4.8145419e+03   1.3028500e+05
   0.0000000e+00   0.0000000e+00   4.8145419e+03   1.3045100e+05
   0.0000000e+00   0.0000000e+00   4.8145419e+03   1.3075000e+05
   0.0000000e+00   0.0000000e+00   4.8145419e+03   1.3164000e+05
   0.0000000e+00   0.0000000e+00   4.8145419e+03   1.3196500e+05
   0.0000000e+00   0.0000000e+00   4.8145419e+03   1.3207100e+05
   0.0000000e+00   0.0000000e+00   4.8108654e+03   1.3231500e+05
   0.0000000e+00   0.0000000e+00   4.8108654e+03   1.3263300e+05
   0.0000000e+00   0.0000000e+00   4.8108654e+03   1.3282200e+05
   0.0000000e+00   0.0000000e+00   4.8108654e+03   1.3295900e+05
   0.0000000e+00   0.0000000e+00   4.8108654e+03   1.3330300e+05
   0.0000000e+00   0.0000000e+00   4.8108654e+03   1.3355300e+05
   0.0000000e+00   0.0000000e+00   4.8108654e+03   1.3400500e+05
   0.0000000e+00   0.0000000e+00   4.8108654e+03   1.3427200e+05
   0.0000000e+00   0.0000000e+00   4.8108654e+03   1.3490900e+05
   0.0000000e+00   0.0000000e+00   4.8108654e+03   1.3500900e+05
   0.0000000e+00   0.0000000e+00   4.8108654e+03   1.3513400e+05
   0.0000000e+00   0.0000000e+00   4.8108654e+03   1.3604000e+05
   0.0000000e+00   0.0000000e+00   4.8108654e+03   1.3663500e+05
   0.0000000e+00   0.0000000e+00   4.8108654e+03   1.3691300e+05
   0.0000000e+00   0.0000000e+00   4.8094107e+03   1.3700300e+05
   0.0000000e+00   0.0000000e+00   4.8094107e+03   1.3708600e+05
   0.0000000e+00   0.0000000e+00   4.8094107e+03   1.3916200e+05
   0.0000000e+00   0.0000000e+00   4.8094107e+03   1.3943000e+05
   0.0000000e+00   0.0000000e+00   4.8094107e+03   1.3975300e+05
   0.0000000e+00   0.0000000e+00   4.8054771e+03   1.3987900e+05
   0.0000000e+00   0.0000000e+00   4.8054771e+03   1.4055900e+05
   0.0000000e+00   0.0000000e+00   4.8054771e+03   1.4128700e+05
   0.0000000e+00   0.0000000e+00   4.8054771e+03   1.4198000e+05
   0.0000000e+00   0.0000000e+00   4.8054771e+03   1.4300800e+05
   0.0000000e+00   0.0000000e+00   4.8054771e+03   1.4316500e+05
   0.0000000e+00   0.0000000e+00   4.8054771e+03   1.4358200e+05
   0.0000000e+00   0.0000000e+00   4.8054771e+03   1.4406400e+05
   0.0000000e+00   0.0000000e+00   4.8054771e+03   1.4409600e+05
   0.0000000e+00   0.0000000e+00   4.8054771e+03   1.4413100e+05
   0.0000000e+00   0.0000000e+00   4.8054771e+03   1.4440400e+05
   0.0000000e+00   0.0000000e+00   4.8054771e+03   1.4512900e+05
   0.0000000e+00   0.0000000e+00   4.8054771e+03   1.4746800e+05
   0.0000000e+00   0.0000000e+00   4.8054771e+03   1.4819200e+05
   0.0000000e+00   0.0000000e+00   4.8054771e+03   1.4872000e+05
   0.0000000e+00   0.0000000e+00   4.8054771e+03   1.5033000e+05
   0.0000000e+00   0.0000000e+00   4.8054771e+03   1.5054400e+05
   0.0000000e+00   0.0000000e+00   4.8054771e+03   1.5112400e+05
   0.0000000e+00   0.0000000e+00   4.8054771e+03   1.5174300e+05
   0.0000000e+00   0.0000000e+00   4.8054771e+03   1.5182300e+05
   0.0000000e+00   0.0000000e+00   4.8054771e+03   1.5312500e+05
   0.0000000e+00   0.0000000e+00   4.8054771e+03   1.5391700e+05
   0.0000000e+00   0.0000000e+00   4.8054771e+03   1.5416500e+05
   0.0000000e+00   0.0000000e+00   4.8054771e+03   1.5425400e+05
   0.0000000e+00   0.0000000e+00   4.8054771e+03   1.5425900e+05
   0.0000000e+00   0.0000000e+00   4.8054771e+03   1.5446800e+05
   0.0000000e+00   0.0000000e+00   4.8054771e+03   1.5454200e+05
   0.0000000e+00   0.0000000e+00   4.8054771e+03   1.5507300e+05
   0.0000000e+00   0.0000000e+00   4.8054771e+03   1.5589800e+05
   0.0000000e+00   0.0000000e+00   4.8054771e+03   1.5594500e+05
   0.0000000e+00   0.0000000e+00   4.8054771e+03   1.5620200e+05
   0.0000000e+00   0.0000000e+00   4.8054771e+03   1.5645500e+05
   0.0000000e+00   0.0000000e+00   4.8054771e+03   1.5647600e+05
   0.0000000e+00   0.0000000e+00   4.8054771e+03   1.5806400e+05
   0.0000000e+00   0.0000000e+00   4.8054771e+03   1.5842400e+05
   0.0000000e+00   0.0000000e+00   4.8054771e+03   1.5959800e+05
   0.0000000e+00   0.0000000e+00   4.8054771e+03   1.5960100e+05
   0.0000000e+00   0.0000000e+00   4.8018790e+03   1.5982400e+05
   0.0000000e+00   0.0000000e+00   4.8018790e+03   1.6201700e+05
   0.0000000e+00   0.0000000e+00   4.8018790e+03   1.6266000e+05
   0.0000000e+00   0.0000000e+00   4.8018790e+03   1.6278200e+05
   0.0000000e+00   0.0000000e+00   4.8018790e+03   1.6314700e+05
   0.0000000e+00   0.0000000e+00   4.8018790e+03   1.6438500e+05
   0.0000000e+00   0.0000000e+00   4.8018790e+03   1.6474400e+05
   0.0000000e+00   0.0000000e+00   4.8018790e+03   1.6510100e+05
   0.0000000e+00   0.0000000e+00   4.8018790e+03   1.6705300e+05
   0.0000000e+00   0.0000000e+00   4.8018790e+03   1.6707400e+05
   0.0000000e+00   0.0000000e+00   4.8018790e+03   1.6728100e+05
   0.0000000e+00   0.0000000e+00   4.8018790e+03   1.6742400e+05
   0.0000000e+00   0.0000000e+00   4.8018790e+03   1.6872300e+05
   0.0000000e+00   0.0000000e+00   4.8018790e+03   1.6875800e+05
   0.0000000e+00   0.0000000e+00   4.8018790e+03   1.6903000e+05
   0.0000000e+00   0.0000000e+00   4.7960953e+03   1.6915500e+05
   0.0000000e+00   0.0000000e+00   4.7960953e+03   1.6964600e+05
   0.0000000e+00   0.0000000e+00   4.7960953e+03   1.7000300e+05
   0.0000000e+00   0.0000000e+00   4.7960953e+03   1.7153900e+05
   0.0000000e+00   0.0000000e+00   4.7960953e+03   1.7231000e+05
   0.0000000e+00   0.0000000e+00   4.7960953e+03   1.7462200e+05
   0.0000000e+00   0.0000000e+00   4.7960953e+03   1.7524500e+05
   0.0000000e+00   0.0000000e+00   4.7960953e+03   1.7571000e+05
   0.0000000e+00   0.0000000e+00   4.7960953e+03   1.7672800e+05
   0.0000000e+00   0.0000000e+00   4.7960953e+03   1.7710300e+05
   0.0000000e+00   0.0000000e+00   4.7960953e+03   1.7721400e+05
   0.0000000e+00   0.0000000e+00   4.7960953e+03   1.7730300e+05
   0.0000000e+00   0.0000000e+00   4.7960953e+03   1.7777100e+05
   0.0000000e+00   0.0000000e+00   4.7960953e+03   1.7793500e+05
   0.0000000e+00   0.0000000e+00   4.7960953e+03   1.7798300e+05
   0.0000000e+00   0.0000000e+00   4.7960953e+03   1.7822600e+05
   0.0000000e+00   0.0000000e+00   4.7947901e+03   1.7855900e+05
   0.0000000e+00   0.0000000e+00   4.7947901e+03   1.7868600e+05
   0.0000000e+00   0.0000000e+00   4.7947901e+03   1.7889700e+05
   0.0000000e+00   0.0000000e+00   4.7947901e+03   1.7894300e+05
   0.0000000e+00   0.0000000e+00   4.7947901e+03   1.7922500e+05
   0.0000000e+00   0.0000000e+00   4.7947901e+03   1.7938300e+05
   0.0000000e+00   0.0000000e+00   4.7944633e+03   1.8043500e+05
   0.0000000e+00   0.0000000e+00   4.7944633e+03   1.8115600e+05
   0.0000000e+00   0.0000000e+00   4.7944633e+03   1.8146100e+05
   0.0000000e+00   0.0000000e+00   4.7944633e+03   1.8212000e+05
   0.0000000e+00   0.0000000e+00   4.7944633e+03   1.8261100e+05
   0.0000000e+00   0.0000000e+00   4.7944633e+03   1.8311900e+05
   0.0000000e+00   0.0000000e+00   4.7936430e+03   1.8366600e+05
   0.0000000e+00   0.0000000e+00   4.7918311e+03   1.8387000e+05
   0.0000000e+00   0.0000000e+00   4.7918311e+03   1.8506200e+05
   0.0000000e+00   0.0000000e+00   4.7918311e+03   1.8559500e+05
   0.0000000e+00   0.0000000e+00   4.7918311e+03   1.8631500e+05
   0.0000000e+00   0.0000000e+00   4.7918311e+03   1.8788200e+05
   0.0000000e+00   0.0000000e+00   4.7918311e+03   1.8799800e+05
   0.0000000e+00   0.0000000e+00   4.7918311e+03   1.8975300e+05
   0.0000000e+00   0.0000000e+00   4.7918311e+03   1.8979900e+05
   0.0000000e+00   0.0000000e+00   4.7918311e+03   1.9099200e+05
   0.0000000e+00   0.0000000e+00   4.7918311e+03   1.9115800e+05
   0.0000000e+00   0.0000000e+00   4.7918311e+03   1.9255400e+05
   0.0000000e+00   0.0000000e+00   4.7918311e+03   1.9281100e+05
   0.0000000e+00   0.0000000e+00   4.7918311e+03   1.9333200e+05
   0.0000000e+00   0.0000000e+00   4.7918311e+03   1.9442700e+05
   0.0000000e+00   0.0000000e+00   4.7918311e+03   1.9525400e+05
   0.0000000e+00   0.0000000e+00   4.7918311e+03   1.9549900e+05
   0.0000000e+00   0.0000000e+00   4.7918311e+03   1.9724400e+05
   0.0000000e+00   0.0000000e+00   4.7918311e+03   1.9780600e+05
   0.0000000e+00   0.0000000e+00   4.7918311e+03   1.9792200e+05
   0.0000000e+00   0.0000000e+00   4.7918311e+03   1.9801200e+05
   0.0000000e+00   0.0000000e+00   4.7918311e+03   1.9922700e+05
