   1.4182846e+02   4.7314536e+00   1.4806819e+04   2.0000000e+00
   8.0515630e+01   2.6090648e-01   2.4892472e+04   4.0000000e+00
   4.1079346e+01   0.0000000e+00   3.2227274e+04   5.0000000e+00
   2.7870465e+01   0.0000000e+00   2.9810890e+04   7.0000000e+00
   1.5460346e+01   0.0000000e+00   2.5211349e+04   9.0000000e+00
   1.4721078e+01   0.0000000e+00   2.3604645e+04   1.0000000e+01
   1.2871952e+01   0.0000000e+00   2.4670826e+04   1.1000000e+01
   5.9025669e+00   0.0000000e+00   2.0874626e+04   1.2000000e+01
   4.9777830e+00   0.0000000e+00   3.0166490e+04   1.6000000e+01
   4.8423708e+00   0.0000000e+00   2.7514551e+04   1.8000000e+01
   2.4619796e+00   0.0000000e+00   2.9752768e+04   1.9000000e+01
   1.4449534e+00   0.0000000e+00   3.4267942e+04   2.0000000e+01
   8.9613335e-01   0.0000000e+00   3.5082115e+04   2.8000000e+01
   4.0740708e-01   0.0000000e+00   3.0564374e+04   3.2000000e+01
   3.8813302e-01   0.0000000e+00   3.3130542e+04   3.4000000e+01
   3.0685584e-01   0.0000000e+00   2.7641121e+04   3.5000000e+01
   3.0163976e-01   0.0000000e+00   2.5685097e+04   4.0000000e+01
   2.9055681e-01   0.0000000e+00   2.7674650e+04   4.1000000e+01
   0.0000000e+00   0.0000000e+00   2.4967961e+04   4.3000000e+01
   0.0000000e+00   0.0000000e+00   2.2325649e+04   4.5000000e+01
   0.0000000e+00   0.0000000e+00   1.9085827e+04   4.6000000e+01
   0.0000000e+00   0.0000000e+00   1.7467886e+04   4.7000000e+01
   0.0000000e+00   0.0000000e+00   1.5271513e+04   4.9000000e+01
   0.0000000e+00   0.0000000e+00   1.5182195e+04   5.5000000e+01
   0.0000000e+00   0.0000000e+00   1.3728279e+04   6.1000000e+01
   0.0000000e+00   0.0000000e+00   1.3369834e+04   6.5000000e+01
   0.0000000e+00   0.0000000e+00   1.2341554e+04   6.9000000e+01
   0.0000000e+00   0.0000000e+00   1.2287322e+04   7.0000000e+01
   0.0000000e+00   0.0000000e+00   1.1698084e+04   7.3000000e+01
   0.0000000e+00   0.0000000e+00   1.1362867e+04   7.4000000e+01
   0.0000000e+00   0.0000000e+00   1.0568066e+04   8.1000000e+01
   0.0000000e+00   0.0000000e+00   1.0313067e+04   8.4000000e+01
   0.0000000e+00   0.0000000e+00   1.0089888e+04   8.5000000e+01
   0.0000000e+00   0.0000000e+00   9.2598446e+03   9.2000000e+01
   0.0000000e+00   0.0000000e+00   9.0373534e+03   1.0100000e+02
   0.0000000e+00   0.0000000e+00   8.3218163e+03   1.1000000e+02
   0.0000000e+00   0.0000000e+00   8.2865998e+03   1.1100000e+02
   0.0000000e+00   0.0000000e+00   7.9681836e+03   1.1600000e+02
   0.0000000e+00   0.0000000e+00   7.7482984e+03   1.2600000e+02
   0.0000000e+00   0.0000000e+00   7.5784656e+03   1.4800000e+02
   0.0000000e+00   0.0000000e+00   7.5067383e+03   1.7500000e+02
   0.0000000e+00   0.0000000e+00   7.4066860e+03   1.8900000e+02
   0.0000000e+00   0.0000000e+00   7.3101549e+03   1.9200000e+02
   0.0000000e+00   0.0000000e+00   7.2722000e+03   2.5700000e+02
   0.0000000e+00   0.0000000e+00   7.2498149e+03   3.6400000e+02
   0.0000000e+00   0.0000000e+00   7.1961873e+03   3.9600000e+02
   0.0000000e+00   0.0000000e+00   7.1787419e+03   1.2920000e+03
   0.0000000e+00   0.0000000e+00   7.1668796e+03   1.2990000e+03
   0.0000000e+00   0.0000000e+00   7.1568361e+03   1.4750000e+03
   0.0000000e+00   0.0000000e+00   7.1542379e+03   1.6280000e+03
   0.0000000e+00   0.0000000e+00   7.1313760e+03   1.6720000e+03
   0.0000000e+00   0.0000000e+00   7.1101201e+03   1.7570000e+03
   0.0000000e+00   0.0000000e+00   7.0992143e+03   1.8370000e+03
   0.0000000e+00   0.0000000e+00   7.0751949e+03   2.1090000e+03
   0.0000000e+00   0.0000000e+00   7.0733105e+03   2.8400000e+03
   0.0000000e+00   0.0000000e+00   7.0655389e+03   9.8914000e+04
