   2.7695173e+02   1.2011120e+01   1.6333244e+04   2.0000000e+00
   2.6448376e+02   1.1880923e+01   1.6377949e+04   4.0000000e+00
   2.6229556e+02   1.0760056e+01   1.6891446e+04   5.0000000e+00
   2.5261313e+02   1.0286937e+01   1.6980153e+04   6.0000000e+00
   2.5257081e+02   1.0282227e+01   1.6762193e+04   7.0000000e+00
   2.4175060e+02   9.5711393e+00   1.6732933e+04   9.0000000e+00
   2.4157380e+02   9.5744547e+00   1.6785117e+04   1.0000000e+01
   2.4043223e+02   9.5033625e+00   1.7166212e+04   1.2000000e+01
   2.3983950e+02   9.3617203e+00   1.7102444e+04   1.3000000e+01
   2.3780966e+02   9.4259201e+00   1.6856543e+04   1.4000000e+01
   2.3546643e+02   9.6608659e+00   1.6857181e+04   1.9000000e+01
   2.3539541e+02   9.6172384e+00   1.6735192e+04   2.0000000e+01
   2.3291750e+02   9.6319514e+00   1.6644452e+04   2.1000000e+01
   2.3086067e+02   9.6510574e+00   1.6628272e+04   2.2000000e+01
   2.1470326e+02   9.4423577e+00   1.6602227e+04   2.3000000e+01
   2.1390178e+02   9.2879052e+00   1.7038784e+04   2.4000000e+01
   2.1369163e+02   9.3140921e+00   1.6860683e+04   2.5000000e+01
   2.1188498e+02   9.3469509e+00   1.7159182e+04   2.6000000e+01
   2.1181870e+02   9.2786355e+00   1.6950105e+04   2.9000000e+01
   2.0029580e+02   8.9616547e+00   1.6793151e+04   3.1000000e+01
   1.9930811e+02   8.9523285e+00   1.6821289e+04   3.2000000e+01
   1.9442494e+02   8.5096685e+00   1.6747366e+04   3.4000000e+01
   1.6073700e+02   4.9325846e+00   1.6610300e+04   3.7000000e+01
   1.5310618e+02   4.4585556e+00   1.6908648e+04   3.8000000e+01
   1.5049151e+02   4.3026474e+00   1.7043673e+04   3.9000000e+01
   1.4797514e+02   3.9697449e+00   1.7040583e+04   4.0000000e+01
   1.4720568e+02   3.9579875e+00   1.7102009e+04   4.1000000e+01
   1.4456861e+02   3.8704713e+00   1.7594723e+04   4.2000000e+01
   1.4162157e+02   2.7829856e+00   1.7586424e+04   4.4000000e+01
   1.4114237e+02   2.4669080e+00   1.8037908e+04   4.7000000e+01
   1.3881072e+02   2.5754456e+00   1.7913669e+04   4.9000000e+01
   1.3809170e+02   2.5265384e+00   1.7966806e+04   5.1000000e+01
   1.3698526e+02   2.4117531e+00   1.8272957e+04   5.4000000e+01
   1.3648991e+02   2.5893882e+00   1.7963467e+04   5.5000000e+01
   1.3628770e+02   2.3305527e+00   1.7892307e+04   5.8000000e+01
   1.3602719e+02   2.3346839e+00   1.8070821e+04   6.0000000e+01
   1.3493743e+02   2.3186403e+00   1.7950329e+04   6.1000000e+01
   1.3262466e+02   1.3687934e+00   1.8308786e+04   6.3000000e+01
   1.3247792e+02   1.3607742e+00   1.8471504e+04   6.7000000e+01
   1.3167263e+02   1.2465817e+00   1.8628742e+04   6.8000000e+01
   1.3059132e+02   1.1712824e+00   1.8613279e+04   6.9000000e+01
   1.2981275e+02   1.1029501e+00   1.8930189e+04   7.0000000e+01
   1.2973410e+02   1.1007304e+00   1.8906477e+04   7.2000000e+01
   1.2874975e+02   9.8506108e-01   1.9313361e+04   7.3000000e+01
   1.2489504e+02   9.9712291e-01   1.8929812e+04   7.5000000e+01
   1.2476320e+02   9.4147219e-01   1.9076883e+04   7.7000000e+01
   1.2402304e+02   8.8526641e-01   1.9445733e+04   7.8000000e+01
   1.2100092e+02   8.7232570e-01   1.9559234e+04   7.9000000e+01
   1.2099925e+02   8.9771418e-01   1.9396124e+04   8.1000000e+01
   1.1835881e+02   9.0562675e-01   1.9348654e+04   8.2000000e+01
   1.1831602e+02   9.0479500e-01   1.9459230e+04   8.6000000e+01
   1.1153135e+02   6.5209272e-01   1.9857005e+04   8.7000000e+01
   1.0159856e+02   6.5655391e-01   1.9690283e+04   8.8000000e+01
   9.6824361e+01   3.8508385e-01   1.9618319e+04   9.0000000e+01
   9.6579798e+01   5.1336092e-01   1.9420393e+04   9.1000000e+01
   9.5575941e+01   5.1535638e-01   1.9195678e+04   9.2000000e+01
   9.5305806e+01   5.1028215e-01   1.9178429e+04   9.4000000e+01
   9.4649874e+01   5.0813528e-01   1.9369317e+04   9.5000000e+01
   8.8149187e+01   3.5003026e-01   1.9808241e+04   9.7000000e+01
   8.3008283e+01   3.5100131e-01   1.9794007e+04   9.8000000e+01
   8.1302652e+01   1.9720591e-01   2.0118460e+04   1.0000000e+02
   7.9786326e+01   1.6276660e-01   2.0362479e+04   1.0300000e+02
   7.8348207e+01   1.3837926e-01   2.0701811e+04   1.0700000e+02
   7.7247392e+01   1.3470144e-01   2.0644136e+04   1.1000000e+02
   7.7022928e+01   1.4055933e-01   2.0405278e+04   1.1200000e+02
   7.4022843e+01   1.4972573e-01   2.0351240e+04   1.1500000e+02
   6.8218609e+01   1.4858014e-01   2.0407467e+04   1.1800000e+02
   6.6672496e+01   1.4745891e-01   2.0438544e+04   1.2000000e+02
   6.6608096e+01   1.4737804e-01   2.0495993e+04   1.2100000e+02
   5.9646792e+01   1.4321828e-01   2.0835469e+04   1.2200000e+02
   5.9176379e+01   1.4521423e-01   2.1139218e+04   1.2500000e+02
   5.9086981e+01   1.0720705e-01   2.1447099e+04   1.2600000e+02
   5.7851856e+01   1.0690402e-01   2.1823607e+04   1.3500000e+02
   5.7176322e+01   1.0634157e-01   2.1778166e+04   1.3800000e+02
   5.6458037e+01   1.2092911e-01   2.1580104e+04   1.4000000e+02
   4.7034417e+01   1.4414305e-01   2.1411441e+04   1.4500000e+02
   4.6996405e+01   1.4385786e-01   2.1221799e+04   1.4600000e+02
   4.6353540e+01   1.4192644e-01   2.0851852e+04   1.4700000e+02
   4.5976902e+01   1.3570972e-01   2.0908275e+04   1.4800000e+02
   3.5068368e+01   1.3393623e-01   2.1177733e+04   1.4900000e+02
   3.4859112e+01   1.4760132e-01   2.1116027e+04   1.5100000e+02
   3.4799225e+01   1.4691704e-01   2.1057120e+04   1.5600000e+02
   3.4743027e+01   1.5104861e-01   2.0982400e+04   1.6600000e+02
   2.6601624e+01   0.0000000e+00   2.1235933e+04   1.6800000e+02
   2.6546166e+01   0.0000000e+00   2.1262588e+04   1.6900000e+02
   2.6405720e+01   0.0000000e+00   2.1189162e+04   1.7100000e+02
   2.6347328e+01   0.0000000e+00   2.1535359e+04   1.7200000e+02
   2.6195544e+01   0.0000000e+00   2.1550997e+04   1.7300000e+02
   2.5801516e+01   0.0000000e+00   2.1921621e+04   1.7600000e+02
   2.5615530e+01   0.0000000e+00   2.1790415e+04   1.7900000e+02
   2.4604927e+01   4.5102222e-02   2.1600481e+04   1.8000000e+02
   2.4360855e+01   4.3879974e-02   2.1436161e+04   1.8300000e+02
   2.4342726e+01   4.3857940e-02   2.1440133e+04   1.8400000e+02
   2.2864317e+01   4.9561208e-02   2.1369410e+04   1.8700000e+02
   2.1382448e+01   0.0000000e+00   2.1391541e+04   1.9400000e+02
   2.1111344e+01   0.0000000e+00   2.1709804e+04   1.9500000e+02
   2.0907545e+01   0.0000000e+00   2.1825171e+04   1.9900000e+02
   2.0861511e+01   0.0000000e+00   2.1799421e+04   2.0100000e+02
   2.0859727e+01   0.0000000e+00   2.1912611e+04   2.0200000e+02
   2.0617647e+01   0.0000000e+00   2.1907422e+04   2.0300000e+02
   1.9960380e+01   0.0000000e+00   2.2291757e+04   2.0400000e+02
   1.8929446e+01   0.0000000e+00   2.2267353e+04   2.0500000e+02
   1.8536410e+01   0.0000000e+00   2.1992451e+04   2.1900000e+02
   1.8383206e+01   0.0000000e+00   2.1977306e+04   2.2100000e+02
   1.2241788e+01   0.0000000e+00   2.1865274e+04   2.2200000e+02
   1.2128413e+01   0.0000000e+00   2.2226458e+04   2.2300000e+02
   1.1981212e+01   0.0000000e+00   2.2184722e+04   2.2400000e+02
   1.1968606e+01   0.0000000e+00   2.2136881e+04   2.2600000e+02
   6.0305415e+00   0.0000000e+00   2.2344764e+04   2.2700000e+02
   5.5177221e+00   0.0000000e+00   2.2296126e+04   2.2800000e+02
   5.4743331e+00   0.0000000e+00   2.2499205e+04   2.3100000e+02
   5.0904157e+00   0.0000000e+00   2.2478861e+04   2.3200000e+02
   5.0760382e+00   0.0000000e+00   2.2390175e+04   2.4000000e+02
   5.0714962e+00   0.0000000e+00   2.2351257e+04   2.4100000e+02
   5.0104972e+00   0.0000000e+00   2.2176406e+04   2.4500000e+02
   4.8788183e+00   0.0000000e+00   2.2309763e+04   2.4600000e+02
   4.8547817e+00   0.0000000e+00   2.2193099e+04   2.5200000e+02
   4.8391876e+00   0.0000000e+00   2.1867122e+04   2.5300000e+02
   3.6997255e+00   0.0000000e+00   2.2409257e+04   2.5400000e+02
   3.6994802e+00   0.0000000e+00   2.2325709e+04   2.5700000e+02
   3.6973283e+00   0.0000000e+00   2.2253408e+04   2.5900000e+02
   3.6914998e+00   0.0000000e+00   2.2027337e+04   2.6100000e+02
   3.5509831e+00   0.0000000e+00   2.2195266e+04   2.6400000e+02
   3.5505149e+00   0.0000000e+00   2.2589893e+04   2.6600000e+02
   3.4729104e+00   0.0000000e+00   2.3078613e+04   2.6700000e+02
   3.4267610e+00   0.0000000e+00   2.3592478e+04   2.6800000e+02
   3.0265342e+00   0.0000000e+00   2.3983378e+04   2.6900000e+02
   2.9312681e+00   0.0000000e+00   2.4022120e+04   2.7400000e+02
   2.8670522e+00   0.0000000e+00   2.4461900e+04   2.7500000e+02
   2.7761175e+00   0.0000000e+00   2.5175587e+04   2.7600000e+02
   2.6350650e+00   0.0000000e+00   2.4906872e+04   2.8700000e+02
   2.5866446e+00   0.0000000e+00   2.5578886e+04   2.8900000e+02
   2.5364344e+00   0.0000000e+00   2.5430759e+04   2.9200000e+02
   2.3661394e+00   0.0000000e+00   2.5189745e+04   2.9300000e+02
   2.3589439e+00   0.0000000e+00   2.5068733e+04   2.9500000e+02
   2.3586815e+00   0.0000000e+00   2.5238917e+04   2.9700000e+02
   2.3351519e+00   0.0000000e+00   2.5153047e+04   2.9900000e+02
   2.2006960e+00   0.0000000e+00   2.5491232e+04   3.0000000e+02
   2.2003447e+00   0.0000000e+00   2.5615274e+04   3.0600000e+02
   2.0949381e+00   0.0000000e+00   2.6319481e+04   3.0800000e+02
   2.0530660e+00   0.0000000e+00   2.6748987e+04   3.1800000e+02
   2.0374716e+00   0.0000000e+00   2.6510482e+04   3.2400000e+02
   2.0229573e+00   0.0000000e+00   2.6320091e+04   3.2500000e+02
   1.8766147e+00   0.0000000e+00   2.6583420e+04   3.2900000e+02
   1.8518709e+00   0.0000000e+00   2.6810901e+04   3.3300000e+02
   1.7839119e+00   0.0000000e+00   2.6522412e+04   3.4000000e+02
   1.7758241e+00   0.0000000e+00   2.6905358e+04   3.4300000e+02
   1.7748374e+00   0.0000000e+00   2.6944258e+04   3.4400000e+02
   1.7451435e+00   0.0000000e+00   2.7113845e+04   3.4700000e+02
   1.7433256e+00   0.0000000e+00   2.7159061e+04   3.5100000e+02
   1.6693626e+00   0.0000000e+00   2.7508424e+04   3.5200000e+02
   1.6538792e+00   0.0000000e+00   2.7635978e+04   3.5600000e+02
   1.6503360e+00   0.0000000e+00   2.7776846e+04   3.6000000e+02
   1.5700608e+00   0.0000000e+00   2.7691661e+04   3.6400000e+02
   1.5671794e+00   0.0000000e+00   2.8073373e+04   3.6800000e+02
   1.5629665e+00   0.0000000e+00   2.7894620e+04   3.7000000e+02
   1.5557810e+00   0.0000000e+00   2.7822378e+04   3.7800000e+02
   1.5517742e+00   0.0000000e+00   2.7802719e+04   3.8100000e+02
   1.5511565e+00   0.0000000e+00   2.7720379e+04   3.8200000e+02
   1.5282467e+00   0.0000000e+00   2.7883253e+04   3.8300000e+02
   1.4749493e+00   0.0000000e+00   2.7618560e+04   3.8400000e+02
   1.4458728e+00   0.0000000e+00   2.7722022e+04   3.8900000e+02
   1.2785190e+00   0.0000000e+00   2.7601740e+04   3.9000000e+02
   1.2779178e+00   0.0000000e+00   2.7518325e+04   3.9200000e+02
   1.2574814e+00   0.0000000e+00   2.7600163e+04   3.9400000e+02
   1.2100550e+00   0.0000000e+00   2.7307147e+04   3.9600000e+02
   1.1964426e+00   0.0000000e+00   2.7195161e+04   3.9900000e+02
   1.1917256e+00   0.0000000e+00   2.7003886e+04   4.0700000e+02
   1.1670123e+00   0.0000000e+00   2.6858499e+04   4.0900000e+02
   1.1531806e+00   0.0000000e+00   2.7160845e+04   4.1100000e+02
   1.0977694e+00   0.0000000e+00   2.6919670e+04   4.1300000e+02
   1.0763067e+00   0.0000000e+00   2.6824588e+04   4.1500000e+02
   1.0484121e+00   0.0000000e+00   2.7157915e+04   4.1900000e+02
   1.0401881e+00   0.0000000e+00   2.6849061e+04   4.2000000e+02
   1.0285367e+00   0.0000000e+00   2.6787770e+04   4.2800000e+02
   1.0112108e+00   0.0000000e+00   2.6618538e+04   4.3100000e+02
   1.0108677e+00   0.0000000e+00   2.6539093e+04   4.3300000e+02
   9.6167546e-01   0.0000000e+00   2.6794670e+04   4.3700000e+02
   9.3443225e-01   0.0000000e+00   2.6500796e+04   4.3800000e+02
   9.3206952e-01   0.0000000e+00   2.6565540e+04   4.4000000e+02
   7.3316987e-01   0.0000000e+00   2.6646122e+04   4.4100000e+02
   7.1467931e-01   0.0000000e+00   2.7015614e+04   4.5200000e+02
   5.8926582e-01   0.0000000e+00   2.7049403e+04   4.5700000e+02
   4.1790468e-01   0.0000000e+00   2.7093947e+04   4.5900000e+02
   4.1694707e-01   0.0000000e+00   2.7183588e+04   4.6300000e+02
   3.8287030e-01   0.0000000e+00   2.7649198e+04   4.6600000e+02
   3.8285602e-01   0.0000000e+00   2.7683433e+04   4.6700000e+02
   3.8185136e-01   0.0000000e+00   2.7787693e+04   4.7400000e+02
   3.7704196e-01   0.0000000e+00   2.7260651e+04   4.8000000e+02
   3.7693930e-01   0.0000000e+00   2.7187307e+04   4.8100000e+02
   3.7522380e-01   0.0000000e+00   2.7260413e+04   4.9400000e+02
   3.7489077e-01   0.0000000e+00   2.7292243e+04   4.9600000e+02
   3.6687834e-01   0.0000000e+00   2.7751683e+04   4.9700000e+02
   3.6687095e-01   0.0000000e+00   2.7810042e+04   4.9900000e+02
   3.6639578e-01   0.0000000e+00   2.7809611e+04   5.0100000e+02
   3.6582286e-01   0.0000000e+00   2.7700755e+04   5.0600000e+02
   3.6539007e-01   0.0000000e+00   2.7590901e+04   5.1200000e+02
   3.6464300e-01   0.0000000e+00   2.7875540e+04   5.1300000e+02
   3.5907568e-01   0.0000000e+00   2.7809403e+04   5.1400000e+02
   3.5887161e-01   0.0000000e+00   2.7850005e+04   5.1800000e+02
   3.7097803e-02   0.0000000e+00   2.7827074e+04   5.2100000e+02
   2.4284453e-02   0.0000000e+00   2.8525071e+04   5.2500000e+02
   2.3782951e-02   0.0000000e+00   2.8643633e+04   5.2800000e+02
   2.3777925e-02   0.0000000e+00   2.8692699e+04   5.2900000e+02
   1.9167165e-02   0.0000000e+00   2.8396728e+04   5.3100000e+02
   1.8642066e-02   0.0000000e+00   2.8092521e+04   5.3300000e+02
   0.0000000e+00   0.0000000e+00   2.8738444e+04   5.3500000e+02
   0.0000000e+00   0.0000000e+00   2.8696610e+04   5.3600000e+02
   0.0000000e+00   0.0000000e+00   2.8586311e+04   5.3900000e+02
   0.0000000e+00   0.0000000e+00   2.8339877e+04   5.4000000e+02
   0.0000000e+00   0.0000000e+00   2.8268814e+04   5.4100000e+02
   0.0000000e+00   0.0000000e+00   2.8019126e+04   5.4300000e+02
   0.0000000e+00   0.0000000e+00   2.7556568e+04   5.4500000e+02
   0.0000000e+00   0.0000000e+00   2.7454743e+04   5.4700000e+02
   0.0000000e+00   0.0000000e+00   2.7161874e+04   5.4900000e+02
   0.0000000e+00   0.0000000e+00   2.6973145e+04   5.5000000e+02
   0.0000000e+00   0.0000000e+00   2.6592732e+04   5.5200000e+02
   0.0000000e+00   0.0000000e+00   2.6500197e+04   5.5300000e+02
   0.0000000e+00   0.0000000e+00   2.6491796e+04   5.5500000e+02
   0.0000000e+00   0.0000000e+00   2.6207001e+04   5.5600000e+02
   0.0000000e+00   0.0000000e+00   2.5874871e+04   5.5700000e+02
   0.0000000e+00   0.0000000e+00   2.5795767e+04   5.5900000e+02
   0.0000000e+00   0.0000000e+00   2.5321832e+04   5.6100000e+02
   0.0000000e+00   0.0000000e+00   2.5124829e+04   5.6500000e+02
   0.0000000e+00   0.0000000e+00   2.5009650e+04   5.7600000e+02
   0.0000000e+00   0.0000000e+00   2.4991796e+04   5.8200000e+02
   0.0000000e+00   0.0000000e+00   2.4858002e+04   5.9200000e+02
   0.0000000e+00   0.0000000e+00   2.4671509e+04   5.9700000e+02
   0.0000000e+00   0.0000000e+00   2.4623154e+04   6.0100000e+02
   0.0000000e+00   0.0000000e+00   2.4189831e+04   6.0300000e+02
   0.0000000e+00   0.0000000e+00   2.4168877e+04   6.0900000e+02
   0.0000000e+00   0.0000000e+00   2.3640577e+04   6.1400000e+02
   0.0000000e+00   0.0000000e+00   2.3506344e+04   6.1700000e+02
   0.0000000e+00   0.0000000e+00   2.3485881e+04   6.1800000e+02
   0.0000000e+00   0.0000000e+00   2.3374206e+04   6.1900000e+02
   0.0000000e+00   0.0000000e+00   2.3159128e+04   6.2000000e+02
   0.0000000e+00   0.0000000e+00   2.3089247e+04   6.2500000e+02
   0.0000000e+00   0.0000000e+00   2.3001404e+04   6.2600000e+02
   0.0000000e+00   0.0000000e+00   2.2857843e+04   6.2800000e+02
   0.0000000e+00   0.0000000e+00   2.2823466e+04   6.3000000e+02
   0.0000000e+00   0.0000000e+00   2.2703122e+04   6.3100000e+02
   0.0000000e+00   0.0000000e+00   2.2480081e+04   6.3300000e+02
   0.0000000e+00   0.0000000e+00   2.2372450e+04   6.3700000e+02
   0.0000000e+00   0.0000000e+00   2.2113451e+04   6.3900000e+02
   0.0000000e+00   0.0000000e+00   2.2079310e+04   6.4100000e+02
   0.0000000e+00   0.0000000e+00   2.1988804e+04   6.4600000e+02
   0.0000000e+00   0.0000000e+00   2.1907313e+04   6.4700000e+02
   0.0000000e+00   0.0000000e+00   2.1641295e+04   6.5000000e+02
   0.0000000e+00   0.0000000e+00   2.1301628e+04   6.5900000e+02
   0.0000000e+00   0.0000000e+00   2.1050750e+04   6.6300000e+02
   0.0000000e+00   0.0000000e+00   2.0888901e+04   6.6500000e+02
   0.0000000e+00   0.0000000e+00   2.0668148e+04   6.7200000e+02
   0.0000000e+00   0.0000000e+00   2.0365609e+04   6.7400000e+02
   0.0000000e+00   0.0000000e+00   2.0341863e+04   6.7700000e+02
   0.0000000e+00   0.0000000e+00   2.0236685e+04   6.8100000e+02
   0.0000000e+00   0.0000000e+00   2.0021372e+04   6.8900000e+02
   0.0000000e+00   0.0000000e+00   1.9632124e+04   6.9500000e+02
   0.0000000e+00   0.0000000e+00   1.9592948e+04   7.0000000e+02
   0.0000000e+00   0.0000000e+00   1.9417214e+04   7.1300000e+02
   0.0000000e+00   0.0000000e+00   1.9271701e+04   7.1700000e+02
   0.0000000e+00   0.0000000e+00   1.9203202e+04   7.2100000e+02
   0.0000000e+00   0.0000000e+00   1.8995276e+04   7.2900000e+02
   0.0000000e+00   0.0000000e+00   1.8962435e+04   7.3000000e+02
   0.0000000e+00   0.0000000e+00   1.8761227e+04   7.3400000e+02
   0.0000000e+00   0.0000000e+00   1.8481957e+04   7.4100000e+02
   0.0000000e+00   0.0000000e+00   1.8408881e+04   7.4300000e+02
   0.0000000e+00   0.0000000e+00   1.8300636e+04   7.4600000e+02
   0.0000000e+00   0.0000000e+00   1.8212855e+04   7.5500000e+02
   0.0000000e+00   0.0000000e+00   1.8147828e+04   7.6000000e+02
   0.0000000e+00   0.0000000e+00   1.8082373e+04   7.7100000e+02
   0.0000000e+00   0.0000000e+00   1.8080862e+04   7.8500000e+02
   0.0000000e+00   0.0000000e+00   1.7984070e+04   7.9100000e+02
   0.0000000e+00   0.0000000e+00   1.7856833e+04   8.0200000e+02
   0.0000000e+00   0.0000000e+00   1.7808090e+04   8.0300000e+02
   0.0000000e+00   0.0000000e+00   1.7599624e+04   8.0500000e+02
   0.0000000e+00   0.0000000e+00   1.7406882e+04   8.0800000e+02
   0.0000000e+00   0.0000000e+00   1.7373303e+04   8.2200000e+02
   0.0000000e+00   0.0000000e+00   1.7304101e+04   8.2300000e+02
   0.0000000e+00   0.0000000e+00   1.7269098e+04   8.2500000e+02
   0.0000000e+00   0.0000000e+00   1.7217585e+04   8.2700000e+02
   0.0000000e+00   0.0000000e+00   1.7167239e+04   8.3000000e+02
   0.0000000e+00   0.0000000e+00   1.6948837e+04   8.3200000e+02
   0.0000000e+00   0.0000000e+00   1.6917920e+04   8.4200000e+02
   0.0000000e+00   0.0000000e+00   1.6734906e+04   8.4500000e+02
   0.0000000e+00   0.0000000e+00   1.6708833e+04   8.4600000e+02
   0.0000000e+00   0.0000000e+00   1.6697675e+04   8.5700000e+02
   0.0000000e+00   0.0000000e+00   1.6674044e+04   8.6900000e+02
   0.0000000e+00   0.0000000e+00   1.6651667e+04   8.8200000e+02
   0.0000000e+00   0.0000000e+00   1.6629549e+04   8.8300000e+02
   0.0000000e+00   0.0000000e+00   1.6614566e+04   8.9100000e+02
   0.0000000e+00   0.0000000e+00   1.6528387e+04   8.9600000e+02
   0.0000000e+00   0.0000000e+00   1.6493131e+04   9.0000000e+02
   0.0000000e+00   0.0000000e+00   1.6468828e+04   9.0700000e+02
   0.0000000e+00   0.0000000e+00   1.6227285e+04   9.0800000e+02
   0.0000000e+00   0.0000000e+00   1.6192402e+04   9.1400000e+02
   0.0000000e+00   0.0000000e+00   1.6138723e+04   9.1600000e+02
   0.0000000e+00   0.0000000e+00   1.6097751e+04   9.2400000e+02
   0.0000000e+00   0.0000000e+00   1.6071373e+04   9.2900000e+02
   0.0000000e+00   0.0000000e+00   1.5820045e+04   9.4900000e+02
   0.0000000e+00   0.0000000e+00   1.5750869e+04   9.6600000e+02
   0.0000000e+00   0.0000000e+00   1.5628136e+04   9.7800000e+02
   0.0000000e+00   0.0000000e+00   1.5471205e+04   9.9200000e+02
   0.0000000e+00   0.0000000e+00   1.5419379e+04   1.0020000e+03
   0.0000000e+00   0.0000000e+00   1.5406072e+04   1.0080000e+03
   0.0000000e+00   0.0000000e+00   1.5378846e+04   1.0120000e+03
   0.0000000e+00   0.0000000e+00   1.5269435e+04   1.0150000e+03
   0.0000000e+00   0.0000000e+00   1.5126476e+04   1.0200000e+03
   0.0000000e+00   0.0000000e+00   1.4937848e+04   1.0230000e+03
   0.0000000e+00   0.0000000e+00   1.4935777e+04   1.0250000e+03
   0.0000000e+00   0.0000000e+00   1.4884547e+04   1.0400000e+03
   0.0000000e+00   0.0000000e+00   1.4878243e+04   1.0470000e+03
   0.0000000e+00   0.0000000e+00   1.4762714e+04   1.0520000e+03
   0.0000000e+00   0.0000000e+00   1.4621953e+04   1.0530000e+03
   0.0000000e+00   0.0000000e+00   1.4562317e+04   1.0580000e+03
   0.0000000e+00   0.0000000e+00   1.4541072e+04   1.0600000e+03
   0.0000000e+00   0.0000000e+00   1.4337642e+04   1.0620000e+03
   0.0000000e+00   0.0000000e+00   1.4281417e+04   1.0690000e+03
   0.0000000e+00   0.0000000e+00   1.4264634e+04   1.0710000e+03
   0.0000000e+00   0.0000000e+00   1.4197256e+04   1.0790000e+03
   0.0000000e+00   0.0000000e+00   1.4015122e+04   1.0920000e+03
   0.0000000e+00   0.0000000e+00   1.3969827e+04   1.0930000e+03
   0.0000000e+00   0.0000000e+00   1.3969798e+04   1.0980000e+03
   0.0000000e+00   0.0000000e+00   1.3895749e+04   1.0990000e+03
   0.0000000e+00   0.0000000e+00   1.3768623e+04   1.1000000e+03
   0.0000000e+00   0.0000000e+00   1.3716508e+04   1.1050000e+03
   0.0000000e+00   0.0000000e+00   1.3680845e+04   1.1110000e+03
   0.0000000e+00   0.0000000e+00   1.3605898e+04   1.1220000e+03
   0.0000000e+00   0.0000000e+00   1.3554769e+04   1.1350000e+03
   0.0000000e+00   0.0000000e+00   1.3503330e+04   1.1380000e+03
   0.0000000e+00   0.0000000e+00   1.3460852e+04   1.1400000e+03
   0.0000000e+00   0.0000000e+00   1.3238116e+04   1.1420000e+03
   0.0000000e+00   0.0000000e+00   1.3196609e+04   1.1450000e+03
   0.0000000e+00   0.0000000e+00   1.3189256e+04   1.1470000e+03
   0.0000000e+00   0.0000000e+00   1.3185536e+04   1.1490000e+03
   0.0000000e+00   0.0000000e+00   1.3140981e+04   1.1500000e+03
   0.0000000e+00   0.0000000e+00   1.3117867e+04   1.1530000e+03
   0.0000000e+00   0.0000000e+00   1.3059040e+04   1.1550000e+03
   0.0000000e+00   0.0000000e+00   1.3044348e+04   1.1610000e+03
   0.0000000e+00   0.0000000e+00   1.3041851e+04   1.1730000e+03
   0.0000000e+00   0.0000000e+00   1.2996053e+04   1.1800000e+03
   0.0000000e+00   0.0000000e+00   1.2935137e+04   1.1960000e+03
   0.0000000e+00   0.0000000e+00   1.2872256e+04   1.1980000e+03
   0.0000000e+00   0.0000000e+00   1.2850957e+04   1.2060000e+03
   0.0000000e+00   0.0000000e+00   1.2803953e+04   1.2080000e+03
   0.0000000e+00   0.0000000e+00   1.2700546e+04   1.2240000e+03
   0.0000000e+00   0.0000000e+00   1.2581061e+04   1.2250000e+03
   0.0000000e+00   0.0000000e+00   1.2487741e+04   1.2280000e+03
   0.0000000e+00   0.0000000e+00   1.2468961e+04   1.2350000e+03
   0.0000000e+00   0.0000000e+00   1.2429362e+04   1.2380000e+03
   0.0000000e+00   0.0000000e+00   1.2366074e+04   1.2470000e+03
   0.0000000e+00   0.0000000e+00   1.2283897e+04   1.2490000e+03
   0.0000000e+00   0.0000000e+00   1.2217909e+04   1.2510000e+03
   0.0000000e+00   0.0000000e+00   1.2188986e+04   1.2530000e+03
   0.0000000e+00   0.0000000e+00   1.2146682e+04   1.2640000e+03
   0.0000000e+00   0.0000000e+00   1.2127571e+04   1.2650000e+03
   0.0000000e+00   0.0000000e+00   1.2045170e+04   1.2770000e+03
   0.0000000e+00   0.0000000e+00   1.1933505e+04   1.2860000e+03
   0.0000000e+00   0.0000000e+00   1.1902578e+04   1.3010000e+03
   0.0000000e+00   0.0000000e+00   1.1795509e+04   1.3030000e+03
   0.0000000e+00   0.0000000e+00   1.1768138e+04   1.3060000e+03
   0.0000000e+00   0.0000000e+00   1.1690094e+04   1.3160000e+03
   0.0000000e+00   0.0000000e+00   1.1625826e+04   1.3180000e+03
   0.0000000e+00   0.0000000e+00   1.1583890e+04   1.3330000e+03
   0.0000000e+00   0.0000000e+00   1.1567520e+04   1.3450000e+03
   0.0000000e+00   0.0000000e+00   1.1514303e+04   1.3460000e+03
   0.0000000e+00   0.0000000e+00   1.1454165e+04   1.3500000e+03
   0.0000000e+00   0.0000000e+00   1.1347325e+04   1.3570000e+03
   0.0000000e+00   0.0000000e+00   1.1341293e+04   1.3660000e+03
   0.0000000e+00   0.0000000e+00   1.1250211e+04   1.3790000e+03
   0.0000000e+00   0.0000000e+00   1.1248676e+04   1.3900000e+03
   0.0000000e+00   0.0000000e+00   1.1246558e+04   1.3950000e+03
   0.0000000e+00   0.0000000e+00   1.1145886e+04   1.3990000e+03
   0.0000000e+00   0.0000000e+00   1.1060873e+04   1.4050000e+03
   0.0000000e+00   0.0000000e+00   1.1034291e+04   1.4120000e+03
   0.0000000e+00   0.0000000e+00   1.1010516e+04   1.4230000e+03
   0.0000000e+00   0.0000000e+00   1.0984791e+04   1.4350000e+03
   0.0000000e+00   0.0000000e+00   1.0957948e+04   1.4370000e+03
   0.0000000e+00   0.0000000e+00   1.0932569e+04   1.4390000e+03
   0.0000000e+00   0.0000000e+00   1.0913813e+04   1.4500000e+03
   0.0000000e+00   0.0000000e+00   1.0827145e+04   1.4550000e+03
   0.0000000e+00   0.0000000e+00   1.0781581e+04   1.4660000e+03
   0.0000000e+00   0.0000000e+00   1.0781479e+04   1.4680000e+03
   0.0000000e+00   0.0000000e+00   1.0678569e+04   1.4930000e+03
   0.0000000e+00   0.0000000e+00   1.0657828e+04   1.4950000e+03
   0.0000000e+00   0.0000000e+00   1.0625421e+04   1.4980000e+03
   0.0000000e+00   0.0000000e+00   1.0564152e+04   1.4990000e+03
   0.0000000e+00   0.0000000e+00   1.0515203e+04   1.5040000e+03
   0.0000000e+00   0.0000000e+00   1.0502625e+04   1.5050000e+03
   0.0000000e+00   0.0000000e+00   1.0426028e+04   1.5080000e+03
   0.0000000e+00   0.0000000e+00   1.0267987e+04   1.5150000e+03
   0.0000000e+00   0.0000000e+00   1.0140084e+04   1.5190000e+03
   0.0000000e+00   0.0000000e+00   1.0056060e+04   1.5200000e+03
   0.0000000e+00   0.0000000e+00   9.8212252e+03   1.5280000e+03
   0.0000000e+00   0.0000000e+00   9.7587978e+03   1.5380000e+03
   0.0000000e+00   0.0000000e+00   9.7396079e+03   1.5410000e+03
   0.0000000e+00   0.0000000e+00   9.7352932e+03   1.5500000e+03
   0.0000000e+00   0.0000000e+00   9.7258253e+03   1.5550000e+03
   0.0000000e+00   0.0000000e+00   9.6590827e+03   1.5560000e+03
   0.0000000e+00   0.0000000e+00   9.6194202e+03   1.5600000e+03
   0.0000000e+00   0.0000000e+00   9.6094380e+03   1.5890000e+03
   0.0000000e+00   0.0000000e+00   9.5524397e+03   1.6000000e+03
   0.0000000e+00   0.0000000e+00   9.5154171e+03   1.6010000e+03
   0.0000000e+00   0.0000000e+00   9.4751172e+03   1.6020000e+03
   0.0000000e+00   0.0000000e+00   9.4192479e+03   1.6140000e+03
   0.0000000e+00   0.0000000e+00   9.4121579e+03   1.6230000e+03
   0.0000000e+00   0.0000000e+00   9.3992328e+03   1.6290000e+03
   0.0000000e+00   0.0000000e+00   9.3590236e+03   1.6400000e+03
   0.0000000e+00   0.0000000e+00   9.2907460e+03   1.6440000e+03
   0.0000000e+00   0.0000000e+00   9.2737792e+03   1.6560000e+03
   0.0000000e+00   0.0000000e+00   9.2479273e+03   1.6670000e+03
   0.0000000e+00   0.0000000e+00   9.2310226e+03   1.6920000e+03
   0.0000000e+00   0.0000000e+00   9.2058886e+03   1.7040000e+03
   0.0000000e+00   0.0000000e+00   9.1872857e+03   1.7220000e+03
   0.0000000e+00   0.0000000e+00   9.1514640e+03   1.7260000e+03
   0.0000000e+00   0.0000000e+00   9.0594224e+03   1.7270000e+03
   0.0000000e+00   0.0000000e+00   9.0525586e+03   1.7420000e+03
   0.0000000e+00   0.0000000e+00   9.0314548e+03   1.7450000e+03
   0.0000000e+00   0.0000000e+00   8.9386481e+03   1.7640000e+03
   0.0000000e+00   0.0000000e+00   8.8815485e+03   1.7820000e+03
   0.0000000e+00   0.0000000e+00   8.8705523e+03   1.7870000e+03
   0.0000000e+00   0.0000000e+00   8.8180295e+03   1.8000000e+03
   0.0000000e+00   0.0000000e+00   8.8121646e+03   1.8010000e+03
   0.0000000e+00   0.0000000e+00   8.6960683e+03   1.8150000e+03
   0.0000000e+00   0.0000000e+00   8.6938705e+03   1.8170000e+03
   0.0000000e+00   0.0000000e+00   8.5874585e+03   1.8220000e+03
   0.0000000e+00   0.0000000e+00   8.5632490e+03   1.8280000e+03
   0.0000000e+00   0.0000000e+00   8.5528352e+03   1.8310000e+03
   0.0000000e+00   0.0000000e+00   8.4941274e+03   1.8440000e+03
   0.0000000e+00   0.0000000e+00   8.4851219e+03   1.8570000e+03
   0.0000000e+00   0.0000000e+00   8.3905071e+03   1.8700000e+03
   0.0000000e+00   0.0000000e+00   8.3788012e+03   1.8720000e+03
   0.0000000e+00   0.0000000e+00   8.3298208e+03   1.8770000e+03
   0.0000000e+00   0.0000000e+00   8.3184949e+03   1.8890000e+03
   0.0000000e+00   0.0000000e+00   8.2751978e+03   1.8950000e+03
   0.0000000e+00   0.0000000e+00   8.2530243e+03   1.9020000e+03
   0.0000000e+00   0.0000000e+00   8.2307479e+03   1.9100000e+03
   0.0000000e+00   0.0000000e+00   8.2107688e+03   1.9450000e+03
   0.0000000e+00   0.0000000e+00   8.1641894e+03   1.9570000e+03
   0.0000000e+00   0.0000000e+00   8.1388118e+03   1.9750000e+03
   0.0000000e+00   0.0000000e+00   8.1131125e+03   1.9920000e+03
   0.0000000e+00   0.0000000e+00   8.0561712e+03   1.9940000e+03
   0.0000000e+00   0.0000000e+00   8.0490380e+03   2.0150000e+03
   0.0000000e+00   0.0000000e+00   8.0322189e+03   2.0230000e+03
   0.0000000e+00   0.0000000e+00   8.0087025e+03   2.0320000e+03
   0.0000000e+00   0.0000000e+00   8.0004121e+03   2.0510000e+03
   0.0000000e+00   0.0000000e+00   7.9968848e+03   2.1800000e+03
   0.0000000e+00   0.0000000e+00   7.9752493e+03   2.1960000e+03
   0.0000000e+00   0.0000000e+00   7.9693682e+03   2.2850000e+03
   0.0000000e+00   0.0000000e+00   7.9656081e+03   2.2860000e+03
   0.0000000e+00   0.0000000e+00   7.8910266e+03   2.2980000e+03
   0.0000000e+00   0.0000000e+00   7.8410979e+03   2.3860000e+03
   0.0000000e+00   0.0000000e+00   7.8376288e+03   2.4200000e+03
   0.0000000e+00   0.0000000e+00   7.8237755e+03   2.4220000e+03
   0.0000000e+00   0.0000000e+00   7.8207934e+03   2.5430000e+03
   0.0000000e+00   0.0000000e+00   7.8071691e+03   2.5900000e+03
   0.0000000e+00   0.0000000e+00   7.8047658e+03   2.6080000e+03
   0.0000000e+00   0.0000000e+00   7.7070070e+03   2.7420000e+03
   0.0000000e+00   0.0000000e+00   7.7057367e+03   2.7450000e+03
   0.0000000e+00   0.0000000e+00   7.6812105e+03   2.7940000e+03
   0.0000000e+00   0.0000000e+00   7.6464288e+03   2.8510000e+03
   0.0000000e+00   0.0000000e+00   7.6105510e+03   2.8560000e+03
   0.0000000e+00   0.0000000e+00   7.5542486e+03   2.8730000e+03
   0.0000000e+00   0.0000000e+00   7.5441871e+03   2.8850000e+03
   0.0000000e+00   0.0000000e+00   7.5207722e+03   2.8900000e+03
   0.0000000e+00   0.0000000e+00   7.5198411e+03   2.9380000e+03
   0.0000000e+00   0.0000000e+00   7.5081792e+03   2.9720000e+03
   0.0000000e+00   0.0000000e+00   7.4751268e+03   3.0260000e+03
   0.0000000e+00   0.0000000e+00   7.4562598e+03   3.0480000e+03
   0.0000000e+00   0.0000000e+00   7.4483917e+03   3.0710000e+03
   0.0000000e+00   0.0000000e+00   7.4392271e+03   3.1130000e+03
   0.0000000e+00   0.0000000e+00   7.4362824e+03   3.1400000e+03
   0.0000000e+00   0.0000000e+00   7.3981147e+03   3.1440000e+03
   0.0000000e+00   0.0000000e+00   7.3963835e+03   3.1870000e+03
   0.0000000e+00   0.0000000e+00   7.3927892e+03   3.1920000e+03
   0.0000000e+00   0.0000000e+00   7.3743244e+03   3.2220000e+03
   0.0000000e+00   0.0000000e+00   7.3539945e+03   3.2770000e+03
   0.0000000e+00   0.0000000e+00   7.3085542e+03   3.2790000e+03
   0.0000000e+00   0.0000000e+00   7.2881049e+03   3.3040000e+03
   0.0000000e+00   0.0000000e+00   7.2452639e+03   3.3580000e+03
   0.0000000e+00   0.0000000e+00   7.2155192e+03   3.3750000e+03
   0.0000000e+00   0.0000000e+00   7.1795669e+03   3.4350000e+03
   0.0000000e+00   0.0000000e+00   7.1693282e+03   3.4600000e+03
   0.0000000e+00   0.0000000e+00   7.1473825e+03   3.4640000e+03
   0.0000000e+00   0.0000000e+00   7.1012329e+03   3.4720000e+03
   0.0000000e+00   0.0000000e+00   7.0699548e+03   3.4750000e+03
   0.0000000e+00   0.0000000e+00   7.0480399e+03   3.5460000e+03
   0.0000000e+00   0.0000000e+00   7.0448710e+03   3.5780000e+03
   0.0000000e+00   0.0000000e+00   7.0422864e+03   3.5860000e+03
   0.0000000e+00   0.0000000e+00   7.0311041e+03   3.5920000e+03
   0.0000000e+00   0.0000000e+00   7.0269981e+03   3.6040000e+03
   0.0000000e+00   0.0000000e+00   7.0111343e+03   3.6820000e+03
   0.0000000e+00   0.0000000e+00   6.9947954e+03   3.6950000e+03
   0.0000000e+00   0.0000000e+00   6.9650254e+03   3.7210000e+03
   0.0000000e+00   0.0000000e+00   6.9617271e+03   3.7540000e+03
   0.0000000e+00   0.0000000e+00   6.9224172e+03   3.8070000e+03
   0.0000000e+00   0.0000000e+00   6.9077249e+03   3.8710000e+03
   0.0000000e+00   0.0000000e+00   6.8608619e+03   3.8910000e+03
   0.0000000e+00   0.0000000e+00   6.8596488e+03   3.9160000e+03
   0.0000000e+00   0.0000000e+00   6.8291326e+03   3.9230000e+03
   0.0000000e+00   0.0000000e+00   6.8135244e+03   4.1210000e+03
   0.0000000e+00   0.0000000e+00   6.7807586e+03   4.1850000e+03
   0.0000000e+00   0.0000000e+00   6.7734770e+03   4.3290000e+03
   0.0000000e+00   0.0000000e+00   6.7696077e+03   4.3560000e+03
   0.0000000e+00   0.0000000e+00   6.7343470e+03   4.3650000e+03
   0.0000000e+00   0.0000000e+00   6.7322976e+03   4.3690000e+03
   0.0000000e+00   0.0000000e+00   6.7168454e+03   4.3870000e+03
   0.0000000e+00   0.0000000e+00   6.7060492e+03   4.3890000e+03
   0.0000000e+00   0.0000000e+00   6.6658267e+03   4.4040000e+03
   0.0000000e+00   0.0000000e+00   6.6404320e+03   4.4120000e+03
   0.0000000e+00   0.0000000e+00   6.5881692e+03   4.4130000e+03
   0.0000000e+00   0.0000000e+00   6.5604066e+03   4.4360000e+03
   0.0000000e+00   0.0000000e+00   6.5459336e+03   4.4550000e+03
   0.0000000e+00   0.0000000e+00   6.5407905e+03   4.4560000e+03
   0.0000000e+00   0.0000000e+00   6.5270880e+03   4.4770000e+03
   0.0000000e+00   0.0000000e+00   6.5109855e+03   4.4920000e+03
   0.0000000e+00   0.0000000e+00   6.5036191e+03   4.5130000e+03
   0.0000000e+00   0.0000000e+00   6.4906828e+03   4.5510000e+03
   0.0000000e+00   0.0000000e+00   6.4749699e+03   4.6520000e+03
   0.0000000e+00   0.0000000e+00   6.4691763e+03   4.9010000e+03
   0.0000000e+00   0.0000000e+00   6.4686456e+03   5.0910000e+03
   0.0000000e+00   0.0000000e+00   6.4536244e+03   5.1540000e+03
   0.0000000e+00   0.0000000e+00   6.4356903e+03   5.2790000e+03
   0.0000000e+00   0.0000000e+00   6.4251263e+03   5.2970000e+03
   0.0000000e+00   0.0000000e+00   6.4180512e+03   5.3150000e+03
   0.0000000e+00   0.0000000e+00   6.4131459e+03   5.3350000e+03
   0.0000000e+00   0.0000000e+00   6.4039720e+03   5.3700000e+03
   0.0000000e+00   0.0000000e+00   6.4035259e+03   5.3810000e+03
   0.0000000e+00   0.0000000e+00   6.4012520e+03   5.4180000e+03
   0.0000000e+00   0.0000000e+00   6.3909552e+03   5.4280000e+03
   0.0000000e+00   0.0000000e+00   6.3848116e+03   5.4410000e+03
   0.0000000e+00   0.0000000e+00   6.3743984e+03   5.4440000e+03
   0.0000000e+00   0.0000000e+00   6.3683107e+03   5.4860000e+03
   0.0000000e+00   0.0000000e+00   6.3610275e+03   5.4900000e+03
   0.0000000e+00   0.0000000e+00   6.3250978e+03   5.5110000e+03
   0.0000000e+00   0.0000000e+00   6.3116592e+03   5.5350000e+03
   0.0000000e+00   0.0000000e+00   6.2874179e+03   5.6930000e+03
   0.0000000e+00   0.0000000e+00   6.2806036e+03   5.7080000e+03
   0.0000000e+00   0.0000000e+00   6.2637181e+03   5.7230000e+03
   0.0000000e+00   0.0000000e+00   6.2550583e+03   5.7800000e+03
   0.0000000e+00   0.0000000e+00   6.2427885e+03   5.7970000e+03
   0.0000000e+00   0.0000000e+00   6.2289841e+03   5.8490000e+03
   0.0000000e+00   0.0000000e+00   6.2206393e+03   5.9200000e+03
   0.0000000e+00   0.0000000e+00   6.2092310e+03   5.9220000e+03
   0.0000000e+00   0.0000000e+00   6.1819083e+03   6.1640000e+03
   0.0000000e+00   0.0000000e+00   6.1813303e+03   6.1690000e+03
   0.0000000e+00   0.0000000e+00   6.1799586e+03   6.1770000e+03
   0.0000000e+00   0.0000000e+00   6.1731430e+03   6.2690000e+03
   0.0000000e+00   0.0000000e+00   6.1506107e+03   6.3010000e+03
   0.0000000e+00   0.0000000e+00   6.1191389e+03   6.4830000e+03
   0.0000000e+00   0.0000000e+00   6.0942601e+03   6.5590000e+03
   0.0000000e+00   0.0000000e+00   6.0758985e+03   6.6770000e+03
   0.0000000e+00   0.0000000e+00   6.0751767e+03   6.8730000e+03
   0.0000000e+00   0.0000000e+00   6.0696480e+03   6.9020000e+03
   0.0000000e+00   0.0000000e+00   6.0683099e+03   6.9380000e+03
   0.0000000e+00   0.0000000e+00   6.0618406e+03   7.0000000e+03
   0.0000000e+00   0.0000000e+00   6.0582509e+03   7.0840000e+03
   0.0000000e+00   0.0000000e+00   6.0440965e+03   7.1620000e+03
   0.0000000e+00   0.0000000e+00   6.0422526e+03   7.3900000e+03
   0.0000000e+00   0.0000000e+00   6.0386051e+03   7.4080000e+03
   0.0000000e+00   0.0000000e+00   6.0196772e+03   7.7450000e+03
   0.0000000e+00   0.0000000e+00   6.0190056e+03   7.7560000e+03
   0.0000000e+00   0.0000000e+00   6.0143623e+03   7.7910000e+03
   0.0000000e+00   0.0000000e+00   6.0125457e+03   7.9390000e+03
   0.0000000e+00   0.0000000e+00   6.0044545e+03   8.0180000e+03
   0.0000000e+00   0.0000000e+00   6.0008491e+03   8.0780000e+03
   0.0000000e+00   0.0000000e+00   5.9981320e+03   8.2110000e+03
   0.0000000e+00   0.0000000e+00   5.9981320e+03   8.5290000e+03
   0.0000000e+00   0.0000000e+00   5.9938067e+03   8.5680000e+03
   0.0000000e+00   0.0000000e+00   5.9834232e+03   8.6000000e+03
   0.0000000e+00   0.0000000e+00   5.9611113e+03   8.6680000e+03
   0.0000000e+00   0.0000000e+00   5.9601220e+03   8.6960000e+03
   0.0000000e+00   0.0000000e+00   5.9543556e+03   8.7420000e+03
   0.0000000e+00   0.0000000e+00   5.9525491e+03   8.9650000e+03
   0.0000000e+00   0.0000000e+00   5.9453128e+03   9.0320000e+03
   0.0000000e+00   0.0000000e+00   5.9447416e+03   9.0430000e+03
   0.0000000e+00   0.0000000e+00   5.9087966e+03   9.0740000e+03
   0.0000000e+00   0.0000000e+00   5.9030304e+03   9.0780000e+03
   0.0000000e+00   0.0000000e+00   5.8979694e+03   9.1590000e+03
   0.0000000e+00   0.0000000e+00   5.8918459e+03   9.4240000e+03
   0.0000000e+00   0.0000000e+00   5.8839615e+03   9.5840000e+03
   0.0000000e+00   0.0000000e+00   5.8824220e+03   9.6170000e+03
   0.0000000e+00   0.0000000e+00   5.8730447e+03   9.6680000e+03
   0.0000000e+00   0.0000000e+00   5.8603514e+03   9.7370000e+03
   0.0000000e+00   0.0000000e+00   5.8469875e+03   9.8100000e+03
   0.0000000e+00   0.0000000e+00   5.8430256e+03   9.9040000e+03
   0.0000000e+00   0.0000000e+00   5.8374960e+03   9.9680000e+03
   0.0000000e+00   0.0000000e+00   5.8374960e+03   1.0020000e+04
   0.0000000e+00   0.0000000e+00   5.8340499e+03   1.0281000e+04
   0.0000000e+00   0.0000000e+00   5.8190147e+03   1.0297000e+04
   0.0000000e+00   0.0000000e+00   5.8097393e+03   1.0354000e+04
   0.0000000e+00   0.0000000e+00   5.8064545e+03   1.0434000e+04
   0.0000000e+00   0.0000000e+00   5.7995049e+03   1.0528000e+04
   0.0000000e+00   0.0000000e+00   5.7860761e+03   1.0531000e+04
   0.0000000e+00   0.0000000e+00   5.7845115e+03   1.0642000e+04
   0.0000000e+00   0.0000000e+00   5.7718497e+03   1.0749000e+04
   0.0000000e+00   0.0000000e+00   5.7451964e+03   1.0876000e+04
   0.0000000e+00   0.0000000e+00   5.7021248e+03   1.0914000e+04
   0.0000000e+00   0.0000000e+00   5.6978334e+03   1.1089000e+04
   0.0000000e+00   0.0000000e+00   5.6969249e+03   1.1168000e+04
   0.0000000e+00   0.0000000e+00   5.6912129e+03   1.1236000e+04
   0.0000000e+00   0.0000000e+00   5.6882853e+03   1.1358000e+04
   0.0000000e+00   0.0000000e+00   5.6858732e+03   1.1376000e+04
   0.0000000e+00   0.0000000e+00   5.6728288e+03   1.1422000e+04
   0.0000000e+00   0.0000000e+00   5.6620928e+03   1.1440000e+04
   0.0000000e+00   0.0000000e+00   5.6382542e+03   1.1453000e+04
   0.0000000e+00   0.0000000e+00   5.6316095e+03   1.1758000e+04
   0.0000000e+00   0.0000000e+00   5.6227360e+03   1.2007000e+04
   0.0000000e+00   0.0000000e+00   5.6128110e+03   1.2015000e+04
   0.0000000e+00   0.0000000e+00   5.5785703e+03   1.2026000e+04
   0.0000000e+00   0.0000000e+00   5.5760310e+03   1.2038000e+04
   0.0000000e+00   0.0000000e+00   5.5694395e+03   1.2173000e+04
   0.0000000e+00   0.0000000e+00   5.5658464e+03   1.2177000e+04
   0.0000000e+00   0.0000000e+00   5.5575270e+03   1.2267000e+04
   0.0000000e+00   0.0000000e+00   5.5411047e+03   1.2491000e+04
   0.0000000e+00   0.0000000e+00   5.5356835e+03   1.2764000e+04
   0.0000000e+00   0.0000000e+00   5.5234903e+03   1.3076000e+04
   0.0000000e+00   0.0000000e+00   5.5234903e+03   1.3393000e+04
   0.0000000e+00   0.0000000e+00   5.5189255e+03   1.3592000e+04
   0.0000000e+00   0.0000000e+00   5.5181993e+03   1.3692000e+04
   0.0000000e+00   0.0000000e+00   5.5181993e+03   1.3728000e+04
   0.0000000e+00   0.0000000e+00   5.5114950e+03   1.3937000e+04
   0.0000000e+00   0.0000000e+00   5.5102857e+03   1.4209000e+04
   0.0000000e+00   0.0000000e+00   5.5051988e+03   1.4394000e+04
   0.0000000e+00   0.0000000e+00   5.4995948e+03   1.4479000e+04
   0.0000000e+00   0.0000000e+00   5.4883544e+03   1.4839000e+04
   0.0000000e+00   0.0000000e+00   5.4791334e+03   1.4992000e+04
   0.0000000e+00   0.0000000e+00   5.4739074e+03   1.5062000e+04
   0.0000000e+00   0.0000000e+00   5.4708351e+03   1.5404000e+04
   0.0000000e+00   0.0000000e+00   5.4568817e+03   1.5430000e+04
   0.0000000e+00   0.0000000e+00   5.4443572e+03   1.6029000e+04
   0.0000000e+00   0.0000000e+00   5.4430364e+03   1.6074000e+04
   0.0000000e+00   0.0000000e+00   5.4369487e+03   1.6351000e+04
   0.0000000e+00   0.0000000e+00   5.4369487e+03   1.6467000e+04
   0.0000000e+00   0.0000000e+00   5.4369487e+03   1.6550000e+04
   0.0000000e+00   0.0000000e+00   5.4352569e+03   1.6882000e+04
   0.0000000e+00   0.0000000e+00   5.4326623e+03   1.6992000e+04
   0.0000000e+00   0.0000000e+00   5.4322363e+03   1.7191000e+04
   0.0000000e+00   0.0000000e+00   5.4206523e+03   1.7299000e+04
   0.0000000e+00   0.0000000e+00   5.4183851e+03   1.7334000e+04
   0.0000000e+00   0.0000000e+00   5.4180307e+03   1.7457000e+04
   0.0000000e+00   0.0000000e+00   5.4143541e+03   1.7547000e+04
   0.0000000e+00   0.0000000e+00   5.3986079e+03   1.7569000e+04
   0.0000000e+00   0.0000000e+00   5.3783907e+03   1.7617000e+04
   0.0000000e+00   0.0000000e+00   5.3783907e+03   1.7978000e+04
   0.0000000e+00   0.0000000e+00   5.3783907e+03   1.8357000e+04
   0.0000000e+00   0.0000000e+00   5.3699755e+03   1.9361000e+04
   0.0000000e+00   0.0000000e+00   5.3634393e+03   2.0141000e+04
   0.0000000e+00   0.0000000e+00   5.3549841e+03   2.0153000e+04
   0.0000000e+00   0.0000000e+00   5.3535295e+03   2.0340000e+04
   0.0000000e+00   0.0000000e+00   5.3535295e+03   2.2441000e+04
   0.0000000e+00   0.0000000e+00   5.3497545e+03   2.2561000e+04
   0.0000000e+00   0.0000000e+00   5.3497545e+03   2.3407000e+04
   0.0000000e+00   0.0000000e+00   5.3482998e+03   2.5106000e+04
   0.0000000e+00   0.0000000e+00   5.3476293e+03   2.7369000e+04
   0.0000000e+00   0.0000000e+00   5.3476293e+03   2.8007000e+04
   0.0000000e+00   0.0000000e+00   5.3476293e+03   2.8333000e+04
   0.0000000e+00   0.0000000e+00   5.3476293e+03   2.8858000e+04
   0.0000000e+00   0.0000000e+00   5.3476293e+03   3.1282000e+04
   0.0000000e+00   0.0000000e+00   5.3455624e+03   3.1605000e+04
   0.0000000e+00   0.0000000e+00   5.3441077e+03   3.1906000e+04
   0.0000000e+00   0.0000000e+00   5.3441077e+03   3.2960000e+04
   0.0000000e+00   0.0000000e+00   5.3441077e+03   3.5921000e+04
   0.0000000e+00   0.0000000e+00   5.3441077e+03   3.6203000e+04
   0.0000000e+00   0.0000000e+00   5.3426531e+03   3.6239000e+04
   0.0000000e+00   0.0000000e+00   5.3426531e+03   3.6643000e+04
   0.0000000e+00   0.0000000e+00   5.3426531e+03   3.7454000e+04
   0.0000000e+00   0.0000000e+00   5.3389266e+03   3.9012000e+04
   0.0000000e+00   0.0000000e+00   5.3389266e+03   3.9648000e+04
   0.0000000e+00   0.0000000e+00   5.3389266e+03   3.9864000e+04
   0.0000000e+00   0.0000000e+00   5.3364091e+03   4.0748000e+04
   0.0000000e+00   0.0000000e+00   5.3340705e+03   4.0849000e+04
   0.0000000e+00   0.0000000e+00   5.3334940e+03   4.1157000e+04
   0.0000000e+00   0.0000000e+00   5.3327099e+03   4.1750000e+04
   0.0000000e+00   0.0000000e+00   5.3308290e+03   4.1907000e+04
   0.0000000e+00   0.0000000e+00   5.3308290e+03   4.2078000e+04
   0.0000000e+00   0.0000000e+00   5.3308290e+03   4.2372000e+04
   0.0000000e+00   0.0000000e+00   5.3285939e+03   4.3484000e+04
   0.0000000e+00   0.0000000e+00   5.3272529e+03   4.4304000e+04
   0.0000000e+00   0.0000000e+00   5.3272529e+03   4.6403000e+04
   0.0000000e+00   0.0000000e+00   5.3272529e+03   4.8802000e+04
   0.0000000e+00   0.0000000e+00   5.3250178e+03   4.9347000e+04
   0.0000000e+00   0.0000000e+00   5.3250178e+03   5.1454000e+04
   0.0000000e+00   0.0000000e+00   5.3250178e+03   5.1567000e+04
   0.0000000e+00   0.0000000e+00   5.3250178e+03   5.1820000e+04
   0.0000000e+00   0.0000000e+00   5.3203035e+03   5.2814000e+04
   0.0000000e+00   0.0000000e+00   5.3180387e+03   5.3404000e+04
   0.0000000e+00   0.0000000e+00   5.3158036e+03   5.4208000e+04
   0.0000000e+00   0.0000000e+00   5.3107508e+03   5.4285000e+04
   0.0000000e+00   0.0000000e+00   5.3085049e+03   5.4467000e+04
   0.0000000e+00   0.0000000e+00   5.3085049e+03   5.5281000e+04
   0.0000000e+00   0.0000000e+00   5.3085049e+03   5.5911000e+04
   0.0000000e+00   0.0000000e+00   5.3085049e+03   5.7780000e+04
   0.0000000e+00   0.0000000e+00   5.3085049e+03   5.7982000e+04
   0.0000000e+00   0.0000000e+00   5.3085049e+03   5.9149000e+04
   0.0000000e+00   0.0000000e+00   5.3085049e+03   6.0480000e+04
   0.0000000e+00   0.0000000e+00   5.3085049e+03   6.1125000e+04
   0.0000000e+00   0.0000000e+00   5.3085049e+03   6.1216000e+04
   0.0000000e+00   0.0000000e+00   5.3085049e+03   6.1622000e+04
   0.0000000e+00   0.0000000e+00   5.3085049e+03   6.4356000e+04
   0.0000000e+00   0.0000000e+00   5.3085049e+03   6.4366000e+04
   0.0000000e+00   0.0000000e+00   5.3085049e+03   6.5147000e+04
   0.0000000e+00   0.0000000e+00   5.3085049e+03   6.5625000e+04
   0.0000000e+00   0.0000000e+00   5.3085049e+03   6.6773000e+04
   0.0000000e+00   0.0000000e+00   5.3072958e+03   6.6862000e+04
   0.0000000e+00   0.0000000e+00   5.3072958e+03   6.8355000e+04
   0.0000000e+00   0.0000000e+00   5.3072958e+03   6.8677000e+04
   0.0000000e+00   0.0000000e+00   5.3072958e+03   6.8743000e+04
   0.0000000e+00   0.0000000e+00   5.3072958e+03   6.8827000e+04
   0.0000000e+00   0.0000000e+00   5.3072958e+03   6.9186000e+04
   0.0000000e+00   0.0000000e+00   5.3072958e+03   6.9899000e+04
   0.0000000e+00   0.0000000e+00   5.3072958e+03   7.1612000e+04
   0.0000000e+00   0.0000000e+00   5.3072958e+03   7.1947000e+04
   0.0000000e+00   0.0000000e+00   5.3052055e+03   7.2522000e+04
   0.0000000e+00   0.0000000e+00   5.2995562e+03   7.2798000e+04
   0.0000000e+00   0.0000000e+00   5.2995562e+03   7.3071000e+04
   0.0000000e+00   0.0000000e+00   5.2995562e+03   7.5602000e+04
   0.0000000e+00   0.0000000e+00   5.2995562e+03   7.6570000e+04
   0.0000000e+00   0.0000000e+00   5.2995562e+03   7.7317000e+04
   0.0000000e+00   0.0000000e+00   5.2995562e+03   7.8855000e+04
   0.0000000e+00   0.0000000e+00   5.2995562e+03   8.0869000e+04
   0.0000000e+00   0.0000000e+00   5.2982152e+03   8.0957000e+04
   0.0000000e+00   0.0000000e+00   5.2982152e+03   8.1320000e+04
   0.0000000e+00   0.0000000e+00   5.2982152e+03   8.1811000e+04
   0.0000000e+00   0.0000000e+00   5.2982152e+03   8.3652000e+04
   0.0000000e+00   0.0000000e+00   5.2982152e+03   8.4874000e+04
   0.0000000e+00   0.0000000e+00   5.2982152e+03   8.6885000e+04
   0.0000000e+00   0.0000000e+00   5.2955332e+03   9.2197000e+04
   0.0000000e+00   0.0000000e+00   5.2955332e+03   9.2310000e+04
   0.0000000e+00   0.0000000e+00   5.2955332e+03   9.2962000e+04
   0.0000000e+00   0.0000000e+00   5.2955332e+03   9.3365000e+04
   0.0000000e+00   0.0000000e+00   5.2955332e+03   9.7524000e+04
   0.0000000e+00   0.0000000e+00   5.2955332e+03   9.8904000e+04
   0.0000000e+00   0.0000000e+00   5.2912998e+03   1.0030500e+05
   0.0000000e+00   0.0000000e+00   5.2912998e+03   1.0081600e+05
   0.0000000e+00   0.0000000e+00   5.2912998e+03   1.0114000e+05
   0.0000000e+00   0.0000000e+00   5.2912998e+03   1.0333700e+05
   0.0000000e+00   0.0000000e+00   5.2912998e+03   1.0495700e+05
   0.0000000e+00   0.0000000e+00   5.2912998e+03   1.0510400e+05
   0.0000000e+00   0.0000000e+00   5.2898452e+03   1.0522900e+05
   0.0000000e+00   0.0000000e+00   5.2898452e+03   1.0543800e+05
   0.0000000e+00   0.0000000e+00   5.2898452e+03   1.0791600e+05
   0.0000000e+00   0.0000000e+00   5.2898452e+03   1.0869500e+05
   0.0000000e+00   0.0000000e+00   5.2865102e+03   1.0904900e+05
   0.0000000e+00   0.0000000e+00   5.2854086e+03   1.0994000e+05
   0.0000000e+00   0.0000000e+00   5.2854086e+03   1.1016600e+05
   0.0000000e+00   0.0000000e+00   5.2854086e+03   1.1051800e+05
   0.0000000e+00   0.0000000e+00   5.2854086e+03   1.1250600e+05
   0.0000000e+00   0.0000000e+00   5.2854086e+03   1.1321600e+05
   0.0000000e+00   0.0000000e+00   5.2854086e+03   1.1335100e+05
   0.0000000e+00   0.0000000e+00   5.2854086e+03   1.1358300e+05
   0.0000000e+00   0.0000000e+00   5.2854086e+03   1.1501400e+05
   0.0000000e+00   0.0000000e+00   5.2854086e+03   1.1541200e+05
   0.0000000e+00   0.0000000e+00   5.2854086e+03   1.1553300e+05
   0.0000000e+00   0.0000000e+00   5.2854086e+03   1.1589100e+05
   0.0000000e+00   0.0000000e+00   5.2854086e+03   1.1610800e+05
   0.0000000e+00   0.0000000e+00   5.2854086e+03   1.1671200e+05
   0.0000000e+00   0.0000000e+00   5.2854086e+03   1.1745900e+05
   0.0000000e+00   0.0000000e+00   5.2840816e+03   1.2063300e+05
   0.0000000e+00   0.0000000e+00   5.2840816e+03   1.2084900e+05
   0.0000000e+00   0.0000000e+00   5.2840816e+03   1.2138700e+05
   0.0000000e+00   0.0000000e+00   5.2840816e+03   1.2265400e+05
   0.0000000e+00   0.0000000e+00   5.2840816e+03   1.2431800e+05
   0.0000000e+00   0.0000000e+00   5.2817104e+03   1.2438300e+05
   0.0000000e+00   0.0000000e+00   5.2767625e+03   1.2501400e+05
   0.0000000e+00   0.0000000e+00   5.2725761e+03   1.2576600e+05
   0.0000000e+00   0.0000000e+00   5.2690169e+03   1.2594000e+05
   0.0000000e+00   0.0000000e+00   5.2690169e+03   1.2704800e+05
   0.0000000e+00   0.0000000e+00   5.2643409e+03   1.2852100e+05
   0.0000000e+00   0.0000000e+00   5.2628982e+03   1.2884400e+05
   0.0000000e+00   0.0000000e+00   5.2628982e+03   1.2952100e+05
   0.0000000e+00   0.0000000e+00   5.2595237e+03   1.3127000e+05
   0.0000000e+00   0.0000000e+00   5.2595237e+03   1.3213400e+05
   0.0000000e+00   0.0000000e+00   5.2595237e+03   1.3227400e+05
   0.0000000e+00   0.0000000e+00   5.2595237e+03   1.3249800e+05
   0.0000000e+00   0.0000000e+00   5.2595237e+03   1.3395100e+05
   0.0000000e+00   0.0000000e+00   5.2595237e+03   1.3407400e+05
   0.0000000e+00   0.0000000e+00   5.2595237e+03   1.3707600e+05
   0.0000000e+00   0.0000000e+00   5.2595237e+03   1.3720700e+05
   0.0000000e+00   0.0000000e+00   5.2595237e+03   1.3825100e+05
   0.0000000e+00   0.0000000e+00   5.2595237e+03   1.3965100e+05
   0.0000000e+00   0.0000000e+00   5.2595237e+03   1.4046000e+05
   0.0000000e+00   0.0000000e+00   5.2567498e+03   1.4057400e+05
   0.0000000e+00   0.0000000e+00   5.2567498e+03   1.4099600e+05
   0.0000000e+00   0.0000000e+00   5.2567498e+03   1.4357500e+05
   0.0000000e+00   0.0000000e+00   5.2567498e+03   1.4505500e+05
   0.0000000e+00   0.0000000e+00   5.2567498e+03   1.4662200e+05
   0.0000000e+00   0.0000000e+00   5.2567498e+03   1.4694700e+05
   0.0000000e+00   0.0000000e+00   5.2567498e+03   1.4850800e+05
   0.0000000e+00   0.0000000e+00   5.2567498e+03   1.4879400e+05
   0.0000000e+00   0.0000000e+00   5.2567498e+03   1.4973800e+05
   0.0000000e+00   0.0000000e+00   5.2567498e+03   1.5009900e+05
   0.0000000e+00   0.0000000e+00   5.2567498e+03   1.5011200e+05
   0.0000000e+00   0.0000000e+00   5.2567498e+03   1.5297000e+05
   0.0000000e+00   0.0000000e+00   5.2567498e+03   1.5476700e+05
   0.0000000e+00   0.0000000e+00   5.2567498e+03   1.5854100e+05
   0.0000000e+00   0.0000000e+00   5.2567498e+03   1.5874800e+05
   0.0000000e+00   0.0000000e+00   5.2567498e+03   1.5906600e+05
   0.0000000e+00   0.0000000e+00   5.2567498e+03   1.5931700e+05
   0.0000000e+00   0.0000000e+00   5.2567498e+03   1.6054000e+05
   0.0000000e+00   0.0000000e+00   5.2528330e+03   1.6163200e+05
   0.0000000e+00   0.0000000e+00   5.2528330e+03   1.6336400e+05
   0.0000000e+00   0.0000000e+00   5.2528330e+03   1.6415400e+05
   0.0000000e+00   0.0000000e+00   5.2527386e+03   1.6816400e+05
   0.0000000e+00   0.0000000e+00   5.2516238e+03   1.6856700e+05
   0.0000000e+00   0.0000000e+00   5.2516238e+03   1.6884000e+05
   0.0000000e+00   0.0000000e+00   5.2503812e+03   1.6967900e+05
   0.0000000e+00   0.0000000e+00   5.2455449e+03   1.6972100e+05
   0.0000000e+00   0.0000000e+00   5.2455449e+03   1.6989500e+05
   0.0000000e+00   0.0000000e+00   5.2434869e+03   1.7041200e+05
   0.0000000e+00   0.0000000e+00   5.2434869e+03   1.7062300e+05
   0.0000000e+00   0.0000000e+00   5.2434869e+03   1.7112600e+05
   0.0000000e+00   0.0000000e+00   5.2434869e+03   1.7162300e+05
   0.0000000e+00   0.0000000e+00   5.2434869e+03   1.7190300e+05
   0.0000000e+00   0.0000000e+00   5.2434869e+03   1.7245300e+05
   0.0000000e+00   0.0000000e+00   5.2434869e+03   1.7246200e+05
   0.0000000e+00   0.0000000e+00   5.2434869e+03   1.7272800e+05
   0.0000000e+00   0.0000000e+00   5.2434869e+03   1.7468500e+05
   0.0000000e+00   0.0000000e+00   5.2389207e+03   1.7611000e+05
   0.0000000e+00   0.0000000e+00   5.2389207e+03   1.7687300e+05
   0.0000000e+00   0.0000000e+00   5.2389207e+03   1.7750700e+05
   0.0000000e+00   0.0000000e+00   5.2389207e+03   1.7769000e+05
   0.0000000e+00   0.0000000e+00   5.2389207e+03   1.7845200e+05
   0.0000000e+00   0.0000000e+00   5.2389207e+03   1.7857600e+05
   0.0000000e+00   0.0000000e+00   5.2389207e+03   1.7877300e+05
   0.0000000e+00   0.0000000e+00   5.2389207e+03   1.7951700e+05
   0.0000000e+00   0.0000000e+00   5.2389207e+03   1.7968800e+05
   0.0000000e+00   0.0000000e+00   5.2389207e+03   1.8050700e+05
   0.0000000e+00   0.0000000e+00   5.2389207e+03   1.8184400e+05
   0.0000000e+00   0.0000000e+00   5.2389207e+03   1.8194300e+05
   0.0000000e+00   0.0000000e+00   5.2389207e+03   1.8349500e+05
   0.0000000e+00   0.0000000e+00   5.2389207e+03   1.8350200e+05
   0.0000000e+00   0.0000000e+00   5.2389207e+03   1.8421600e+05
   0.0000000e+00   0.0000000e+00   5.2389207e+03   1.8494200e+05
   0.0000000e+00   0.0000000e+00   5.2389207e+03   1.8506200e+05
   0.0000000e+00   0.0000000e+00   5.2389207e+03   1.8515100e+05
   0.0000000e+00   0.0000000e+00   5.2389207e+03   1.8532000e+05
   0.0000000e+00   0.0000000e+00   5.2389207e+03   1.8547100e+05
   0.0000000e+00   0.0000000e+00   5.2389207e+03   1.8604400e+05
   0.0000000e+00   0.0000000e+00   5.2389207e+03   1.8886400e+05
   0.0000000e+00   0.0000000e+00   5.2389207e+03   1.8964400e+05
   0.0000000e+00   0.0000000e+00   5.2389207e+03   1.9169800e+05
   0.0000000e+00   0.0000000e+00   5.2389207e+03   1.9172700e+05
   0.0000000e+00   0.0000000e+00   5.2389207e+03   1.9222300e+05
   0.0000000e+00   0.0000000e+00   5.2389207e+03   1.9233600e+05
   0.0000000e+00   0.0000000e+00   5.2389207e+03   1.9237600e+05
   0.0000000e+00   0.0000000e+00   5.2381366e+03   1.9461100e+05
   0.0000000e+00   0.0000000e+00   5.2381366e+03   1.9487600e+05
   0.0000000e+00   0.0000000e+00   5.2381366e+03   1.9531500e+05
   0.0000000e+00   0.0000000e+00   5.2381366e+03   1.9553600e+05
   0.0000000e+00   0.0000000e+00   5.2350752e+03   1.9557500e+05
   0.0000000e+00   0.0000000e+00   5.2349177e+03   1.9672500e+05
   0.0000000e+00   0.0000000e+00   5.2268358e+03   1.9748600e+05
