   1.9944875e+02   8.3125107e+00   1.5027248e+04   2.0000000e+00
   1.5160942e+02   3.3217403e+00   2.2512726e+04   3.0000000e+00
   1.4127141e+02   3.9946466e+00   1.9879094e+04   7.0000000e+00
   1.2589922e+02   2.5761991e+00   2.0293816e+04   8.0000000e+00
   9.7758802e+01   3.4362815e+00   1.7454479e+04   1.1000000e+01
   9.6917513e+01   1.0075810e+01   1.5368120e+04   1.3000000e+01
   8.7940360e+01   6.8305033e+00   1.5951698e+04   1.6000000e+01
   6.8036716e+01   4.5747987e+00   1.4335142e+04   1.7000000e+01
   3.2840666e+01   1.0768680e+00   1.4803975e+04   1.8000000e+01
   2.1834357e+01   4.7854973e-01   1.4733094e+04   2.1000000e+01
   1.8368290e+01   5.1771900e-02   1.8790071e+04   2.2000000e+01
   1.7895999e+01   3.8183834e-02   1.8773945e+04   2.3000000e+01
   9.1458727e+00   0.0000000e+00   1.8140460e+04   2.4000000e+01
   7.3534785e+00   0.0000000e+00   1.8364381e+04   2.5000000e+01
   6.8713160e+00   0.0000000e+00   1.7045299e+04   2.6000000e+01
   4.9247738e+00   0.0000000e+00   1.5891569e+04   2.8000000e+01
   4.3378587e+00   0.0000000e+00   1.5889804e+04   2.9000000e+01
   4.1913279e+00   0.0000000e+00   1.5506742e+04   3.1000000e+01
   3.9917725e+00   0.0000000e+00   2.2149718e+04   3.2000000e+01
   1.2868368e+00   0.0000000e+00   2.1553671e+04   3.4000000e+01
   1.0978647e+00   0.0000000e+00   2.8353446e+04   3.5000000e+01
   5.9672757e-01   0.0000000e+00   2.9442855e+04   3.8000000e+01
   5.2823646e-01   0.0000000e+00   2.9230945e+04   3.9000000e+01
   4.6152687e-01   0.0000000e+00   2.9713646e+04   4.0000000e+01
   0.0000000e+00   0.0000000e+00   2.7798188e+04   4.3000000e+01
   0.0000000e+00   0.0000000e+00   2.4884691e+04   4.7000000e+01
   0.0000000e+00   0.0000000e+00   2.2127855e+04   5.0000000e+01
   0.0000000e+00   0.0000000e+00   2.0774231e+04   5.2000000e+01
   0.0000000e+00   0.0000000e+00   1.9841855e+04   5.4000000e+01
   0.0000000e+00   0.0000000e+00   1.9372961e+04   5.8000000e+01
   0.0000000e+00   0.0000000e+00   1.8817803e+04   5.9000000e+01
   0.0000000e+00   0.0000000e+00   1.7506124e+04   6.2000000e+01
   0.0000000e+00   0.0000000e+00   1.6622954e+04   6.3000000e+01
   0.0000000e+00   0.0000000e+00   1.6372465e+04   6.8000000e+01
   0.0000000e+00   0.0000000e+00   1.5817903e+04   7.1000000e+01
   0.0000000e+00   0.0000000e+00   1.4652410e+04   7.2000000e+01
   0.0000000e+00   0.0000000e+00   1.4360588e+04   8.1000000e+01
   0.0000000e+00   0.0000000e+00   1.3529026e+04   8.2000000e+01
   0.0000000e+00   0.0000000e+00   1.2795324e+04   1.0800000e+02
   0.0000000e+00   0.0000000e+00   1.2655468e+04   1.0900000e+02
   0.0000000e+00   0.0000000e+00   1.2621716e+04   1.1600000e+02
   0.0000000e+00   0.0000000e+00   1.1870118e+04   1.2600000e+02
   0.0000000e+00   0.0000000e+00   1.1344817e+04   1.4900000e+02
   0.0000000e+00   0.0000000e+00   1.0747162e+04   1.5000000e+02
   0.0000000e+00   0.0000000e+00   1.0378745e+04   1.6100000e+02
   0.0000000e+00   0.0000000e+00   1.0003239e+04   1.6200000e+02
   0.0000000e+00   0.0000000e+00   9.4145538e+03   1.6300000e+02
   0.0000000e+00   0.0000000e+00   9.0286488e+03   1.6700000e+02
   0.0000000e+00   0.0000000e+00   8.6700404e+03   1.7600000e+02
   0.0000000e+00   0.0000000e+00   8.3962989e+03   1.8600000e+02
   0.0000000e+00   0.0000000e+00   8.2474050e+03   1.9600000e+02
   0.0000000e+00   0.0000000e+00   8.0649810e+03   2.0900000e+02
   0.0000000e+00   0.0000000e+00   7.8930413e+03   2.3700000e+02
   0.0000000e+00   0.0000000e+00   7.8108614e+03   2.5000000e+02
   0.0000000e+00   0.0000000e+00   7.6727093e+03   3.3300000e+02
   0.0000000e+00   0.0000000e+00   7.6201524e+03   7.6500000e+02
   0.0000000e+00   0.0000000e+00   7.5916856e+03   9.4300000e+02
   0.0000000e+00   0.0000000e+00   7.5684577e+03   9.7600000e+02
   0.0000000e+00   0.0000000e+00   7.4812155e+03   9.8900000e+02
   0.0000000e+00   0.0000000e+00   7.4024903e+03   1.1860000e+03
   0.0000000e+00   0.0000000e+00   7.3985502e+03   1.4990000e+03
   0.0000000e+00   0.0000000e+00   7.3893221e+03   1.8080000e+03
   0.0000000e+00   0.0000000e+00   7.3747185e+03   3.9530000e+03
   0.0000000e+00   0.0000000e+00   7.3662656e+03   4.4560000e+03
   0.0000000e+00   0.0000000e+00   7.3493700e+03   4.5350000e+03
   0.0000000e+00   0.0000000e+00   7.3434940e+03   4.8570000e+03
   0.0000000e+00   0.0000000e+00   7.3350940e+03   4.8720000e+03
   0.0000000e+00   0.0000000e+00   7.3281119e+03   7.1740000e+03
   0.0000000e+00   0.0000000e+00   7.3265659e+03   5.8356000e+04
   0.0000000e+00   0.0000000e+00   7.2878711e+03   5.8359000e+04
   0.0000000e+00   0.0000000e+00   7.2781252e+03   5.8427000e+04
   0.0000000e+00   0.0000000e+00   7.2519171e+03   5.8475000e+04
   0.0000000e+00   0.0000000e+00   7.2241907e+03   5.8485000e+04
   0.0000000e+00   0.0000000e+00   7.2059529e+03   5.8801000e+04
   0.0000000e+00   0.0000000e+00   7.2036883e+03   6.3048000e+04
   0.0000000e+00   0.0000000e+00   7.1923186e+03   6.3127000e+04
   0.0000000e+00   0.0000000e+00   7.1893831e+03   6.6151000e+04
   0.0000000e+00   0.0000000e+00   7.1820421e+03   6.7063000e+04
   0.0000000e+00   0.0000000e+00   7.1816245e+03   6.9942000e+04
   0.0000000e+00   0.0000000e+00   7.1790804e+03   7.3148000e+04
   0.0000000e+00   0.0000000e+00   7.1610332e+03   7.3258000e+04
   0.0000000e+00   0.0000000e+00   7.1538824e+03   7.3444000e+04
   0.0000000e+00   0.0000000e+00   7.1409429e+03   7.4168000e+04
   0.0000000e+00   0.0000000e+00   7.1396264e+03   7.4754000e+04
   0.0000000e+00   0.0000000e+00   7.1319748e+03   8.4984000e+04
