   2.0462987e+02   8.8649015e+00   1.4997015e+04   2.0000000e+00
   1.5774621e+02   6.5316502e+00   1.4378987e+04   3.0000000e+00
   1.4270203e+02   6.0940983e+00   1.3995986e+04   5.0000000e+00
   1.1929363e+02   3.0768488e+00   1.7632316e+04   6.0000000e+00
   8.8998542e+01   7.3946782e-01   1.7170488e+04   7.0000000e+00
   3.5356390e+01   0.0000000e+00   2.2606230e+04   8.0000000e+00
   3.5044869e+01   4.8239779e-02   2.0929741e+04   9.0000000e+00
   3.4470460e+01   0.0000000e+00   2.1189895e+04   1.4000000e+01
   3.4466895e+01   0.0000000e+00   1.9143833e+04   1.5000000e+01
   2.5550047e+01   0.0000000e+00   2.0080190e+04   1.7000000e+01
   2.4466474e+01   0.0000000e+00   1.9692775e+04   1.8000000e+01
   2.4334478e+01   0.0000000e+00   1.7934412e+04   2.3000000e+01
   2.2352971e+01   0.0000000e+00   1.7561474e+04   2.4000000e+01
   1.9366335e+01   0.0000000e+00   2.0568337e+04   2.6000000e+01
   1.7276771e+01   0.0000000e+00   2.0774234e+04   2.8000000e+01
   1.4880683e+01   0.0000000e+00   2.3152343e+04   3.0000000e+01
   1.2302044e+01   0.0000000e+00   2.0957550e+04   3.3000000e+01
   1.0155025e+01   0.0000000e+00   2.1524151e+04   3.4000000e+01
   8.2546777e+00   0.0000000e+00   2.1392701e+04   3.8000000e+01
   3.9909537e+00   0.0000000e+00   1.9504578e+04   4.0000000e+01
   2.8371033e+00   0.0000000e+00   1.9219192e+04   4.1000000e+01
   1.1036602e+00   0.0000000e+00   2.3752653e+04   4.4000000e+01
   1.0768074e+00   0.0000000e+00   2.2930643e+04   4.5000000e+01
   7.2526650e-01   0.0000000e+00   2.5533824e+04   5.4000000e+01
   7.2086710e-01   0.0000000e+00   2.3378561e+04   5.9000000e+01
   6.0081850e-01   0.0000000e+00   2.6235571e+04   6.2000000e+01
   5.7772416e-01   0.0000000e+00   2.6554403e+04   6.4000000e+01
   5.6574996e-01   0.0000000e+00   2.5085281e+04   6.8000000e+01
   7.7943673e-02   0.0000000e+00   2.6157070e+04   7.0000000e+01
   1.1577122e-02   0.0000000e+00   2.6570451e+04   7.1000000e+01
   0.0000000e+00   0.0000000e+00   2.9347732e+04   7.3000000e+01
   0.0000000e+00   0.0000000e+00   2.7512997e+04   7.4000000e+01
   0.0000000e+00   0.0000000e+00   2.5993496e+04   8.1000000e+01
   0.0000000e+00   0.0000000e+00   2.5091223e+04   8.8000000e+01
   0.0000000e+00   0.0000000e+00   2.4426062e+04   9.3000000e+01
   0.0000000e+00   0.0000000e+00   2.3128927e+04   9.4000000e+01
   0.0000000e+00   0.0000000e+00   2.2184394e+04   1.0400000e+02
   0.0000000e+00   0.0000000e+00   2.1005598e+04   1.2100000e+02
   0.0000000e+00   0.0000000e+00   2.0439879e+04   1.2900000e+02
   0.0000000e+00   0.0000000e+00   2.0301649e+04   1.3100000e+02
   0.0000000e+00   0.0000000e+00   2.0170021e+04   1.3400000e+02
   0.0000000e+00   0.0000000e+00   1.9324466e+04   1.3600000e+02
   0.0000000e+00   0.0000000e+00   1.8047503e+04   1.3700000e+02
   0.0000000e+00   0.0000000e+00   1.7310537e+04   1.4200000e+02
   0.0000000e+00   0.0000000e+00   1.6923917e+04   1.4600000e+02
   0.0000000e+00   0.0000000e+00   1.6224202e+04   1.4800000e+02
   0.0000000e+00   0.0000000e+00   1.5697404e+04   1.5100000e+02
   0.0000000e+00   0.0000000e+00   1.5144067e+04   1.6500000e+02
   0.0000000e+00   0.0000000e+00   1.4248760e+04   1.7500000e+02
   0.0000000e+00   0.0000000e+00   1.4109094e+04   1.8200000e+02
   0.0000000e+00   0.0000000e+00   1.3706267e+04   1.8500000e+02
   0.0000000e+00   0.0000000e+00   1.2997720e+04   2.0200000e+02
   0.0000000e+00   0.0000000e+00   1.2764673e+04   2.2300000e+02
   0.0000000e+00   0.0000000e+00   1.2152701e+04   2.2600000e+02
   0.0000000e+00   0.0000000e+00   1.2150824e+04   2.2700000e+02
   0.0000000e+00   0.0000000e+00   1.1625364e+04   2.2900000e+02
   0.0000000e+00   0.0000000e+00   1.1064682e+04   2.3300000e+02
   0.0000000e+00   0.0000000e+00   1.0420649e+04   2.3500000e+02
   0.0000000e+00   0.0000000e+00   1.0291623e+04   2.5400000e+02
   0.0000000e+00   0.0000000e+00   1.0192988e+04   2.7100000e+02
   0.0000000e+00   0.0000000e+00   9.6678096e+03   2.7900000e+02
   0.0000000e+00   0.0000000e+00   9.4418484e+03   2.8300000e+02
   0.0000000e+00   0.0000000e+00   9.1717408e+03   2.8400000e+02
   0.0000000e+00   0.0000000e+00   8.9566880e+03   2.9800000e+02
   0.0000000e+00   0.0000000e+00   8.8050236e+03   3.0200000e+02
   0.0000000e+00   0.0000000e+00   8.7732364e+03   3.1300000e+02
   0.0000000e+00   0.0000000e+00   8.5967369e+03   3.1400000e+02
   0.0000000e+00   0.0000000e+00   8.4302777e+03   3.1800000e+02
   0.0000000e+00   0.0000000e+00   8.3640800e+03   3.2000000e+02
   0.0000000e+00   0.0000000e+00   8.2244963e+03   3.2200000e+02
   0.0000000e+00   0.0000000e+00   8.1212721e+03   3.2400000e+02
   0.0000000e+00   0.0000000e+00   8.0390188e+03   3.3100000e+02
   0.0000000e+00   0.0000000e+00   7.9795470e+03   3.4400000e+02
   0.0000000e+00   0.0000000e+00   7.8823113e+03   3.6400000e+02
   0.0000000e+00   0.0000000e+00   7.8380581e+03   3.8000000e+02
   0.0000000e+00   0.0000000e+00   7.7654120e+03   4.1500000e+02
   0.0000000e+00   0.0000000e+00   7.6635461e+03   4.2500000e+02
   0.0000000e+00   0.0000000e+00   7.5397642e+03   4.8100000e+02
   0.0000000e+00   0.0000000e+00   7.4194371e+03   4.9900000e+02
   0.0000000e+00   0.0000000e+00   7.4023975e+03   5.8700000e+02
   0.0000000e+00   0.0000000e+00   7.3822565e+03   5.9700000e+02
   0.0000000e+00   0.0000000e+00   7.3588846e+03   6.1400000e+02
   0.0000000e+00   0.0000000e+00   7.3199850e+03   6.2300000e+02
   0.0000000e+00   0.0000000e+00   7.3143055e+03   6.3700000e+02
   0.0000000e+00   0.0000000e+00   7.2924257e+03   7.6100000e+02
   0.0000000e+00   0.0000000e+00   7.2638862e+03   8.7300000e+02
   0.0000000e+00   0.0000000e+00   7.2573295e+03   9.9200000e+02
   0.0000000e+00   0.0000000e+00   7.2138090e+03   2.2760000e+03
   0.0000000e+00   0.0000000e+00   7.2136903e+03   2.4090000e+03
   0.0000000e+00   0.0000000e+00   7.2107732e+03   2.5750000e+03
   0.0000000e+00   0.0000000e+00   7.2067607e+03   3.0450000e+03
   0.0000000e+00   0.0000000e+00   7.2019534e+03   3.2230000e+03
   0.0000000e+00   0.0000000e+00   7.1748056e+03   3.4350000e+03
   0.0000000e+00   0.0000000e+00   7.1692541e+03   3.4410000e+03
   0.0000000e+00   0.0000000e+00   7.1660740e+03   3.4770000e+03
   0.0000000e+00   0.0000000e+00   7.1550909e+03   3.7790000e+03
   0.0000000e+00   0.0000000e+00   7.1540959e+03   3.8780000e+03
   0.0000000e+00   0.0000000e+00   7.1512946e+03   5.8220000e+03
   0.0000000e+00   0.0000000e+00   7.1436693e+03   9.7130000e+03
   0.0000000e+00   0.0000000e+00   7.1385666e+03   1.0343000e+04
