   1.6745161e+02   5.4870521e+00   1.5064144e+04   2.0000000e+00
   1.3598763e+02   2.7821845e+00   1.8874208e+04   4.0000000e+00
   9.7752127e+01   7.6395121e-01   1.8713792e+04   5.0000000e+00
   3.9305572e+01   0.0000000e+00   1.8371134e+04   6.0000000e+00
   2.5793022e+01   0.0000000e+00   1.6789685e+04   7.0000000e+00
   1.4842188e+01   0.0000000e+00   1.6729097e+04   8.0000000e+00
   1.0184057e+01   0.0000000e+00   2.1255756e+04   1.0000000e+01
   8.1423092e+00   0.0000000e+00   1.9717098e+04   1.2000000e+01
   7.1690695e+00   0.0000000e+00   1.7335552e+04   1.5000000e+01
   6.2474268e+00   0.0000000e+00   1.6043002e+04   1.6000000e+01
   5.0134255e+00   0.0000000e+00   1.9091815e+04   1.7000000e+01
   4.8044165e+00   0.0000000e+00   2.3523184e+04   1.9000000e+01
   6.9248076e-02   0.0000000e+00   2.7931133e+04   2.1000000e+01
   5.3973203e-02   0.0000000e+00   2.8975593e+04   2.3000000e+01
   3.5565155e-02   0.0000000e+00   3.2420091e+04   2.5000000e+01
   2.5911237e-02   0.0000000e+00   3.6366799e+04   2.7000000e+01
   0.0000000e+00   0.0000000e+00   4.1851002e+04   2.8000000e+01
   0.0000000e+00   0.0000000e+00   3.7165949e+04   2.9000000e+01
   0.0000000e+00   0.0000000e+00   3.3783811e+04   3.0000000e+01
   0.0000000e+00   0.0000000e+00   3.1072953e+04   3.5000000e+01
   0.0000000e+00   0.0000000e+00   2.7576701e+04   3.7000000e+01
   0.0000000e+00   0.0000000e+00   2.3570401e+04   4.0000000e+01
   0.0000000e+00   0.0000000e+00   2.3187043e+04   4.1000000e+01
   0.0000000e+00   0.0000000e+00   2.1194340e+04   4.2000000e+01
   0.0000000e+00   0.0000000e+00   1.9979518e+04   4.3000000e+01
   0.0000000e+00   0.0000000e+00   1.8862960e+04   4.4000000e+01
   0.0000000e+00   0.0000000e+00   1.7098897e+04   4.5000000e+01
   0.0000000e+00   0.0000000e+00   1.5807640e+04   5.3000000e+01
   0.0000000e+00   0.0000000e+00   1.4952852e+04   5.7000000e+01
   0.0000000e+00   0.0000000e+00   1.3499043e+04   5.9000000e+01
   0.0000000e+00   0.0000000e+00   1.2863158e+04   6.5000000e+01
   0.0000000e+00   0.0000000e+00   1.1709038e+04   7.6000000e+01
   0.0000000e+00   0.0000000e+00   1.1475422e+04   8.2000000e+01
   0.0000000e+00   0.0000000e+00   1.0879800e+04   9.3000000e+01
   0.0000000e+00   0.0000000e+00   1.0760371e+04   1.1200000e+02
   0.0000000e+00   0.0000000e+00   1.0163326e+04   1.2400000e+02
   0.0000000e+00   0.0000000e+00   1.0142890e+04   1.3500000e+02
   0.0000000e+00   0.0000000e+00   9.9825751e+03   1.3600000e+02
   0.0000000e+00   0.0000000e+00   9.7908884e+03   1.7000000e+02
   0.0000000e+00   0.0000000e+00   9.5397778e+03   1.9100000e+02
   0.0000000e+00   0.0000000e+00   9.4815976e+03   2.0000000e+02
   0.0000000e+00   0.0000000e+00   9.0580426e+03   2.1100000e+02
   0.0000000e+00   0.0000000e+00   8.7794863e+03   2.2100000e+02
   0.0000000e+00   0.0000000e+00   8.5553185e+03   2.2300000e+02
   0.0000000e+00   0.0000000e+00   8.4319337e+03   2.7200000e+02
   0.0000000e+00   0.0000000e+00   8.2283258e+03   2.8200000e+02
   0.0000000e+00   0.0000000e+00   8.0284687e+03   2.8400000e+02
   0.0000000e+00   0.0000000e+00   7.9141894e+03   2.8700000e+02
   0.0000000e+00   0.0000000e+00   7.8289448e+03   3.2700000e+02
   0.0000000e+00   0.0000000e+00   7.7195913e+03   3.3000000e+02
   0.0000000e+00   0.0000000e+00   7.5816323e+03   3.6300000e+02
   0.0000000e+00   0.0000000e+00   7.4905339e+03   3.8600000e+02
   0.0000000e+00   0.0000000e+00   7.4177197e+03   4.8700000e+02
   0.0000000e+00   0.0000000e+00   7.3676816e+03   1.7430000e+03
   0.0000000e+00   0.0000000e+00   7.3433012e+03   2.6770000e+03
   0.0000000e+00   0.0000000e+00   7.3020979e+03   2.9320000e+03
   0.0000000e+00   0.0000000e+00   7.2688169e+03   3.8650000e+03
   0.0000000e+00   0.0000000e+00   7.2378899e+03   5.2060000e+03
   0.0000000e+00   0.0000000e+00   7.2235104e+03   5.6870000e+03
   0.0000000e+00   0.0000000e+00   7.2180416e+03   6.4960000e+03
   0.0000000e+00   0.0000000e+00   7.1890236e+03   7.8990000e+03
   0.0000000e+00   0.0000000e+00   7.1816370e+03   8.6010000e+03
   0.0000000e+00   0.0000000e+00   7.1744666e+03   1.0975000e+04
   0.0000000e+00   0.0000000e+00   7.1683380e+03   1.2981000e+04
   0.0000000e+00   0.0000000e+00   7.1647664e+03   1.5338000e+04
   0.0000000e+00   0.0000000e+00   7.1570586e+03   1.9834000e+04
   0.0000000e+00   0.0000000e+00   7.1541633e+03   2.6216000e+04
   0.0000000e+00   0.0000000e+00   7.1504176e+03   2.8775000e+04
   0.0000000e+00   0.0000000e+00   7.1466440e+03   2.9699000e+04
   0.0000000e+00   0.0000000e+00   7.1466440e+03   3.1018000e+04
   0.0000000e+00   0.0000000e+00   7.1431124e+03   3.8799000e+04
   0.0000000e+00   0.0000000e+00   7.1431124e+03   3.9173000e+04
   0.0000000e+00   0.0000000e+00   7.1431124e+03   4.0878000e+04
   0.0000000e+00   0.0000000e+00   7.1431124e+03   4.1269000e+04
   0.0000000e+00   0.0000000e+00   7.1431124e+03   4.1874000e+04
   0.0000000e+00   0.0000000e+00   7.1431124e+03   4.3074000e+04
   0.0000000e+00   0.0000000e+00   7.1431124e+03   4.6933000e+04
   0.0000000e+00   0.0000000e+00   7.1431124e+03   4.7638000e+04
   0.0000000e+00   0.0000000e+00   7.1431124e+03   4.9920000e+04
   0.0000000e+00   0.0000000e+00   7.1431124e+03   5.4432000e+04
   0.0000000e+00   0.0000000e+00   7.1431124e+03   5.4726000e+04
   0.0000000e+00   0.0000000e+00   7.1431124e+03   5.5948000e+04
   0.0000000e+00   0.0000000e+00   7.1431124e+03   5.7423000e+04
   0.0000000e+00   0.0000000e+00   7.1431124e+03   5.8577000e+04
   0.0000000e+00   0.0000000e+00   7.1431124e+03   6.4999000e+04
   0.0000000e+00   0.0000000e+00   7.1431124e+03   6.9764000e+04
   0.0000000e+00   0.0000000e+00   7.1431124e+03   7.0647000e+04
   0.0000000e+00   0.0000000e+00   7.1431124e+03   7.2502000e+04
   0.0000000e+00   0.0000000e+00   7.1431124e+03   7.4489000e+04
   0.0000000e+00   0.0000000e+00   7.1431124e+03   7.4872000e+04
   0.0000000e+00   0.0000000e+00   7.1431124e+03   7.4960000e+04
   0.0000000e+00   0.0000000e+00   7.1431124e+03   7.5484000e+04
   0.0000000e+00   0.0000000e+00   7.1431124e+03   7.7810000e+04
   0.0000000e+00   0.0000000e+00   7.1431124e+03   7.8229000e+04
   0.0000000e+00   0.0000000e+00   7.1431124e+03   8.1188000e+04
   0.0000000e+00   0.0000000e+00   7.1431124e+03   8.1233000e+04
   0.0000000e+00   0.0000000e+00   7.1431124e+03   8.1877000e+04
   0.0000000e+00   0.0000000e+00   7.1431124e+03   8.3050000e+04
   0.0000000e+00   0.0000000e+00   7.1431124e+03   9.2630000e+04
   0.0000000e+00   0.0000000e+00   7.1431124e+03   9.4759000e+04
   0.0000000e+00   0.0000000e+00   7.1431124e+03   9.5128000e+04
   0.0000000e+00   0.0000000e+00   7.1431124e+03   9.5756000e+04
   0.0000000e+00   0.0000000e+00   7.1431124e+03   9.8416000e+04
   0.0000000e+00   0.0000000e+00   7.1431124e+03   1.1079700e+05
   0.0000000e+00   0.0000000e+00   7.1431124e+03   1.1208100e+05
   0.0000000e+00   0.0000000e+00   7.1431124e+03   1.1402700e+05
   0.0000000e+00   0.0000000e+00   7.1431124e+03   1.1410300e+05
   0.0000000e+00   0.0000000e+00   7.1431124e+03   1.1517800e+05
   0.0000000e+00   0.0000000e+00   7.1431124e+03   1.1648300e+05
   0.0000000e+00   0.0000000e+00   7.1431124e+03   1.2287300e+05
   0.0000000e+00   0.0000000e+00   7.1431124e+03   1.2604400e+05
   0.0000000e+00   0.0000000e+00   7.1431124e+03   1.2627000e+05
   0.0000000e+00   0.0000000e+00   7.1431124e+03   1.3066000e+05
   0.0000000e+00   0.0000000e+00   7.1431124e+03   1.3392000e+05
   0.0000000e+00   0.0000000e+00   7.1431124e+03   1.3863600e+05
   0.0000000e+00   0.0000000e+00   7.1431124e+03   1.4043400e+05
   0.0000000e+00   0.0000000e+00   7.1431124e+03   1.4893000e+05
   0.0000000e+00   0.0000000e+00   7.1431124e+03   1.5509100e+05
   0.0000000e+00   0.0000000e+00   7.1431124e+03   1.5730000e+05
   0.0000000e+00   0.0000000e+00   7.1431124e+03   1.5992800e+05
   0.0000000e+00   0.0000000e+00   7.1431124e+03   1.6000400e+05
   0.0000000e+00   0.0000000e+00   7.1431124e+03   1.6018900e+05
   0.0000000e+00   0.0000000e+00   7.1431124e+03   1.6057500e+05
   0.0000000e+00   0.0000000e+00   7.1431124e+03   1.6328900e+05
   0.0000000e+00   0.0000000e+00   7.1431124e+03   1.6329300e+05
   0.0000000e+00   0.0000000e+00   7.1431124e+03   1.6670300e+05
   0.0000000e+00   0.0000000e+00   7.1431124e+03   1.6796100e+05
   0.0000000e+00   0.0000000e+00   7.1431124e+03   1.6910500e+05
   0.0000000e+00   0.0000000e+00   7.1431124e+03   1.7014300e+05
   0.0000000e+00   0.0000000e+00   7.1431124e+03   1.7429400e+05
   0.0000000e+00   0.0000000e+00   7.1431124e+03   1.7498900e+05
   0.0000000e+00   0.0000000e+00   7.1431124e+03   1.8145300e+05
   0.0000000e+00   0.0000000e+00   7.1431124e+03   1.8215600e+05
   0.0000000e+00   0.0000000e+00   7.1431124e+03   1.8218900e+05
   0.0000000e+00   0.0000000e+00   7.1431124e+03   1.8243000e+05
   0.0000000e+00   0.0000000e+00   7.1431124e+03   1.8339300e+05
   0.0000000e+00   0.0000000e+00   7.1431124e+03   1.8542600e+05
   0.0000000e+00   0.0000000e+00   7.1431124e+03   1.8574200e+05
   0.0000000e+00   0.0000000e+00   7.1431124e+03   1.8602600e+05
   0.0000000e+00   0.0000000e+00   7.1431124e+03   1.8765900e+05
   0.0000000e+00   0.0000000e+00   7.1431124e+03   1.8868100e+05
   0.0000000e+00   0.0000000e+00   7.1431124e+03   1.9003500e+05
   0.0000000e+00   0.0000000e+00   7.1431124e+03   1.9198300e+05
   0.0000000e+00   0.0000000e+00   7.1431124e+03   1.9805400e+05
