   1.4896461e+02   1.1117764e+00   1.6613830e+04   2.0000000e+00
   1.4839572e+02   1.0950649e+00   1.6231607e+04   3.0000000e+00
   1.4231286e+02   9.1547692e-01   1.6548424e+04   4.0000000e+00
   1.4117300e+02   8.9186857e-01   1.6655790e+04   5.0000000e+00
   1.4077769e+02   8.2905596e-01   1.6792301e+04   7.0000000e+00
   1.3313108e+02   7.6618524e-01   1.6898210e+04   8.0000000e+00
   1.2871585e+02   7.8768859e-01   1.6853174e+04   9.0000000e+00
   1.2593035e+02   6.6330209e-01   1.7221361e+04   1.0000000e+01
   1.1929792e+02   5.9037131e-01   1.7240819e+04   1.1000000e+01
   1.0770986e+02   5.7983145e-01   1.7121235e+04   1.2000000e+01
   1.0523639e+02   4.7558266e-01   1.7005533e+04   1.4000000e+01
   1.0443492e+02   4.6976980e-01   1.7415744e+04   1.7000000e+01
   1.0050125e+02   2.9857294e-01   1.7369307e+04   2.1000000e+01
   9.5126495e+01   2.7266585e-01   1.7244131e+04   2.2000000e+01
   9.1751691e+01   2.4361109e-01   1.7778017e+04   2.3000000e+01
   8.9606811e+01   1.0632592e-01   1.8205375e+04   2.6000000e+01
   8.9468170e+01   8.0066007e-02   1.8485556e+04   2.9000000e+01
   8.7694310e+01   8.0831399e-02   1.8653971e+04   3.0000000e+01
   7.6555679e+01   8.4689757e-02   1.8904157e+04   3.1000000e+01
   6.8329310e+01   8.1137472e-02   1.8919988e+04   3.8000000e+01
   6.8325217e+01   8.0623912e-02   1.8891039e+04   4.0000000e+01
   6.8202033e+01   9.5588743e-02   1.8826063e+04   4.2000000e+01
   6.7189784e+01   9.4692600e-02   1.9376366e+04   4.4000000e+01
   6.6967886e+01   1.2519013e-01   1.9209730e+04   4.5000000e+01
   6.3168143e+01   4.2385107e-02   1.9877715e+04   4.6000000e+01
   6.2868908e+01   4.0135350e-02   1.9849333e+04   4.7000000e+01
   5.7242035e+01   4.9840577e-02   1.9770753e+04   4.8000000e+01
   5.4480286e+01   5.9739798e-02   1.9595120e+04   4.9000000e+01
   5.3816360e+01   5.9456230e-02   1.9632253e+04   5.0000000e+01
   5.1916308e+01   6.0818487e-02   1.9936119e+04   5.1000000e+01
   4.8039590e+01   0.0000000e+00   2.0108382e+04   5.6000000e+01
   4.7023302e+01   0.0000000e+00   2.0079632e+04   5.8000000e+01
   4.6281697e+01   0.0000000e+00   2.0383282e+04   6.1000000e+01
   4.5615753e+01   8.1232879e-03   1.9944891e+04   6.2000000e+01
   4.3751668e+01   0.0000000e+00   2.0437252e+04   6.5000000e+01
   3.8915122e+01   0.0000000e+00   2.0666163e+04   6.6000000e+01
   3.7251951e+01   0.0000000e+00   2.0488266e+04   6.8000000e+01
   3.2304067e+01   0.0000000e+00   2.0709737e+04   7.0000000e+01
   3.1325538e+01   0.0000000e+00   2.0554015e+04   7.1000000e+01
   3.0966246e+01   0.0000000e+00   2.0862124e+04   7.2000000e+01
   3.0937339e+01   0.0000000e+00   2.0637523e+04   7.3000000e+01
   3.0175451e+01   0.0000000e+00   2.0796965e+04   7.5000000e+01
   3.0146701e+01   0.0000000e+00   2.0427777e+04   7.7000000e+01
   2.9706526e+01   0.0000000e+00   2.0456312e+04   7.8000000e+01
   2.9546260e+01   0.0000000e+00   2.0698490e+04   7.9000000e+01
   2.8737137e+01   0.0000000e+00   2.0805554e+04   8.0000000e+01
   2.8605272e+01   0.0000000e+00   2.0884098e+04   8.3000000e+01
   2.7788000e+01   0.0000000e+00   2.0909441e+04   8.6000000e+01
   2.5066072e+01   0.0000000e+00   2.0778157e+04   8.8000000e+01
   2.4581098e+01   0.0000000e+00   2.1066763e+04   8.9000000e+01
   2.4423051e+01   0.0000000e+00   2.0881242e+04   9.1000000e+01
   2.1715887e+01   0.0000000e+00   2.0731049e+04   9.6000000e+01
   2.1234480e+01   0.0000000e+00   2.0904398e+04   9.8000000e+01
   2.1133503e+01   0.0000000e+00   2.0792267e+04   1.0400000e+02
   2.0785865e+01   0.0000000e+00   2.0721701e+04   1.0700000e+02
   1.7188490e+01   0.0000000e+00   2.0863054e+04   1.0900000e+02
   1.6330753e+01   0.0000000e+00   2.0717298e+04   1.1000000e+02
   1.6005052e+01   0.0000000e+00   2.0741053e+04   1.1100000e+02
   1.5834522e+01   0.0000000e+00   2.0815209e+04   1.1200000e+02
   1.4092643e+01   0.0000000e+00   2.1155522e+04   1.1700000e+02
   1.4063611e+01   0.0000000e+00   2.1178806e+04   1.2000000e+02
   1.3468602e+01   0.0000000e+00   2.1806512e+04   1.2400000e+02
   1.2849815e+01   0.0000000e+00   2.2267618e+04   1.2900000e+02
   1.2130252e+01   0.0000000e+00   2.2676874e+04   1.3000000e+02
   1.2005533e+01   0.0000000e+00   2.2510568e+04   1.3100000e+02
   1.1761985e+01   0.0000000e+00   2.2832291e+04   1.3300000e+02
   1.0805475e+01   0.0000000e+00   2.2931686e+04   1.3500000e+02
   9.6308283e+00   0.0000000e+00   2.2974696e+04   1.3600000e+02
   9.4850001e+00   0.0000000e+00   2.3240157e+04   1.3700000e+02
   9.1906654e+00   0.0000000e+00   2.3137875e+04   1.4100000e+02
   8.8126705e+00   0.0000000e+00   2.3485923e+04   1.4300000e+02
   8.4184397e+00   0.0000000e+00   2.3828975e+04   1.4500000e+02
   8.3240822e+00   0.0000000e+00   2.3749483e+04   1.5000000e+02
   8.2268582e+00   0.0000000e+00   2.4402895e+04   1.5500000e+02
   7.7804220e+00   0.0000000e+00   2.4411001e+04   1.5800000e+02
   5.5162544e+00   0.0000000e+00   2.4180172e+04   1.5900000e+02
   5.4905965e+00   0.0000000e+00   2.4264390e+04   1.6000000e+02
   5.4791517e+00   0.0000000e+00   2.4216194e+04   1.6400000e+02
   4.4547642e+00   0.0000000e+00   2.4474836e+04   1.6900000e+02
   4.4125563e+00   0.0000000e+00   2.4918547e+04   1.7000000e+02
   4.4112172e+00   0.0000000e+00   2.4940380e+04   1.7200000e+02
   4.2754018e+00   0.0000000e+00   2.5103766e+04   1.8600000e+02
   4.2569666e+00   0.0000000e+00   2.5064126e+04   1.8900000e+02
   4.2564820e+00   0.0000000e+00   2.5003110e+04   1.9000000e+02
   4.1728755e+00   0.0000000e+00   2.5301387e+04   1.9200000e+02
   4.1508097e+00   0.0000000e+00   2.5266933e+04   1.9600000e+02
   4.0929220e+00   0.0000000e+00   2.5438151e+04   2.0300000e+02
   4.0900864e+00   0.0000000e+00   2.5260532e+04   2.0500000e+02
   4.0694648e+00   0.0000000e+00   2.5150142e+04   2.0700000e+02
   3.3114081e+00   0.0000000e+00   2.5110924e+04   2.1000000e+02
   3.2645109e+00   0.0000000e+00   2.5748997e+04   2.1500000e+02
   3.2385940e+00   0.0000000e+00   2.5983602e+04   2.1800000e+02
   3.2316091e+00   0.0000000e+00   2.5726806e+04   2.2000000e+02
   3.1864648e+00   0.0000000e+00   2.5368131e+04   2.2500000e+02
   3.1121851e+00   0.0000000e+00   2.5626932e+04   2.2600000e+02
   2.9229966e+00   0.0000000e+00   2.5698646e+04   2.4800000e+02
   2.9174163e+00   0.0000000e+00   2.5707210e+04   2.4900000e+02
   2.8753833e+00   0.0000000e+00   2.5959736e+04   2.5100000e+02
   2.7452342e+00   0.0000000e+00   2.5811035e+04   2.5600000e+02
   2.7301749e+00   0.0000000e+00   2.5601739e+04   2.6200000e+02
   2.7049863e+00   0.0000000e+00   2.5530803e+04   2.6300000e+02
   2.6733006e+00   0.0000000e+00   2.5563547e+04   2.6500000e+02
   2.5864243e+00   0.0000000e+00   2.5366333e+04   2.6600000e+02
   2.5607041e+00   0.0000000e+00   2.5357841e+04   2.6800000e+02
   2.5358932e+00   0.0000000e+00   2.5130794e+04   2.7000000e+02
   2.4718373e+00   0.0000000e+00   2.5010490e+04   2.7600000e+02
   2.4470187e+00   0.0000000e+00   2.5142396e+04   2.7900000e+02
   2.4301207e+00   0.0000000e+00   2.5364796e+04   2.8500000e+02
   2.4293916e+00   0.0000000e+00   2.5748755e+04   2.8700000e+02
   2.4286620e+00   0.0000000e+00   2.5777074e+04   2.8800000e+02
   2.4257343e+00   0.0000000e+00   2.5564433e+04   2.9000000e+02
   2.3682514e+00   0.0000000e+00   2.6283090e+04   2.9700000e+02
   2.3177279e+00   0.0000000e+00   2.6692429e+04   3.0200000e+02
   4.1152987e-01   0.0000000e+00   2.6552987e+04   3.1400000e+02
   3.9611014e-01   0.0000000e+00   2.6443839e+04   3.1500000e+02
   3.8627261e-01   0.0000000e+00   2.6717267e+04   3.1700000e+02
   3.8427888e-01   0.0000000e+00   2.6784947e+04   3.2000000e+02
   3.7106214e-01   0.0000000e+00   2.7003129e+04   3.2200000e+02
   3.7092945e-01   0.0000000e+00   2.7163190e+04   3.2400000e+02
   3.6770581e-01   0.0000000e+00   2.7082827e+04   3.2500000e+02
   3.6380796e-01   0.0000000e+00   2.7063841e+04   3.2800000e+02
   3.5673327e-01   0.0000000e+00   2.6733074e+04   3.2900000e+02
   3.2916712e-01   0.0000000e+00   2.6754835e+04   3.3500000e+02
   3.1831483e-01   0.0000000e+00   2.6436249e+04   3.4100000e+02
   2.4703521e-01   0.0000000e+00   2.6494227e+04   3.4400000e+02
   2.3832221e-01   0.0000000e+00   2.6145161e+04   3.4900000e+02
   2.2918030e-01   0.0000000e+00   2.6577330e+04   3.5200000e+02
   2.1683601e-01   0.0000000e+00   2.6524217e+04   3.6000000e+02
   2.0826190e-01   0.0000000e+00   2.6539914e+04   3.6100000e+02
   1.9396619e-01   0.0000000e+00   2.6346900e+04   3.6300000e+02
   1.9293655e-01   0.0000000e+00   2.6265854e+04   3.7000000e+02
   1.3663696e-01   0.0000000e+00   2.6090747e+04   3.7100000e+02
   1.3129904e-01   0.0000000e+00   2.6035996e+04   3.7200000e+02
   1.2577946e-01   0.0000000e+00   2.5793400e+04   3.7400000e+02
   1.1548540e-01   0.0000000e+00   2.6187522e+04   3.8000000e+02
   1.0812057e-01   0.0000000e+00   2.6476927e+04   3.8200000e+02
   1.0040701e-01   0.0000000e+00   2.6304187e+04   3.8400000e+02
   1.0019538e-01   0.0000000e+00   2.6317574e+04   3.8600000e+02
   7.7746198e-02   0.0000000e+00   2.6547833e+04   3.8700000e+02
   5.8585491e-03   0.0000000e+00   2.6444898e+04   3.9200000e+02
   0.0000000e+00   0.0000000e+00   2.6289917e+04   3.9900000e+02
   0.0000000e+00   0.0000000e+00   2.6178162e+04   4.0100000e+02
   0.0000000e+00   0.0000000e+00   2.6023012e+04   4.0200000e+02
   0.0000000e+00   0.0000000e+00   2.6000331e+04   4.0300000e+02
   0.0000000e+00   0.0000000e+00   2.5846647e+04   4.1000000e+02
   0.0000000e+00   0.0000000e+00   2.5778635e+04   4.1100000e+02
   0.0000000e+00   0.0000000e+00   2.5719333e+04   4.1300000e+02
   0.0000000e+00   0.0000000e+00   2.5686317e+04   4.1400000e+02
   0.0000000e+00   0.0000000e+00   2.5504364e+04   4.1500000e+02
   0.0000000e+00   0.0000000e+00   2.4930008e+04   4.1600000e+02
   0.0000000e+00   0.0000000e+00   2.4673724e+04   4.2700000e+02
   0.0000000e+00   0.0000000e+00   2.4460775e+04   4.2800000e+02
   0.0000000e+00   0.0000000e+00   2.4115183e+04   4.3200000e+02
   0.0000000e+00   0.0000000e+00   2.4056344e+04   4.3300000e+02
   0.0000000e+00   0.0000000e+00   2.3791317e+04   4.3900000e+02
   0.0000000e+00   0.0000000e+00   2.3609881e+04   4.4200000e+02
   0.0000000e+00   0.0000000e+00   2.3380759e+04   4.4300000e+02
   0.0000000e+00   0.0000000e+00   2.3345068e+04   4.4400000e+02
   0.0000000e+00   0.0000000e+00   2.3185036e+04   4.4500000e+02
   0.0000000e+00   0.0000000e+00   2.3090492e+04   4.5100000e+02
   0.0000000e+00   0.0000000e+00   2.2974461e+04   4.5200000e+02
   0.0000000e+00   0.0000000e+00   2.2626311e+04   4.5500000e+02
   0.0000000e+00   0.0000000e+00   2.2596633e+04   4.5600000e+02
   0.0000000e+00   0.0000000e+00   2.2596270e+04   4.5800000e+02
   0.0000000e+00   0.0000000e+00   2.2578902e+04   4.6100000e+02
   0.0000000e+00   0.0000000e+00   2.2287647e+04   4.6400000e+02
   0.0000000e+00   0.0000000e+00   2.2123768e+04   4.6800000e+02
   0.0000000e+00   0.0000000e+00   2.1972103e+04   4.7000000e+02
   0.0000000e+00   0.0000000e+00   2.1735675e+04   4.7300000e+02
   0.0000000e+00   0.0000000e+00   2.1625972e+04   4.7700000e+02
   0.0000000e+00   0.0000000e+00   2.1470267e+04   4.8000000e+02
   0.0000000e+00   0.0000000e+00   2.1141172e+04   4.9000000e+02
   0.0000000e+00   0.0000000e+00   2.1043298e+04   4.9200000e+02
   0.0000000e+00   0.0000000e+00   2.1040394e+04   4.9300000e+02
   0.0000000e+00   0.0000000e+00   2.1030430e+04   5.0000000e+02
   0.0000000e+00   0.0000000e+00   2.0928592e+04   5.0200000e+02
   0.0000000e+00   0.0000000e+00   2.0750241e+04   5.0300000e+02
   0.0000000e+00   0.0000000e+00   2.0689787e+04   5.0600000e+02
   0.0000000e+00   0.0000000e+00   2.0653294e+04   5.0700000e+02
   0.0000000e+00   0.0000000e+00   2.0419754e+04   5.0800000e+02
   0.0000000e+00   0.0000000e+00   2.0317520e+04   5.1600000e+02
   0.0000000e+00   0.0000000e+00   2.0187315e+04   5.1700000e+02
   0.0000000e+00   0.0000000e+00   1.9991894e+04   5.2000000e+02
   0.0000000e+00   0.0000000e+00   1.9827949e+04   5.2600000e+02
   0.0000000e+00   0.0000000e+00   1.9751280e+04   5.3000000e+02
   0.0000000e+00   0.0000000e+00   1.9724804e+04   5.4000000e+02
   0.0000000e+00   0.0000000e+00   1.9702426e+04   5.4200000e+02
   0.0000000e+00   0.0000000e+00   1.9585724e+04   5.4400000e+02
   0.0000000e+00   0.0000000e+00   1.9506055e+04   5.4700000e+02
   0.0000000e+00   0.0000000e+00   1.9479042e+04   5.5100000e+02
   0.0000000e+00   0.0000000e+00   1.9421816e+04   5.5400000e+02
   0.0000000e+00   0.0000000e+00   1.9225841e+04   5.5500000e+02
   0.0000000e+00   0.0000000e+00   1.8990666e+04   5.6000000e+02
   0.0000000e+00   0.0000000e+00   1.8848447e+04   5.6200000e+02
   0.0000000e+00   0.0000000e+00   1.8739777e+04   5.7500000e+02
   0.0000000e+00   0.0000000e+00   1.8668161e+04   5.7700000e+02
   0.0000000e+00   0.0000000e+00   1.8448818e+04   5.7800000e+02
   0.0000000e+00   0.0000000e+00   1.8126319e+04   5.7900000e+02
   0.0000000e+00   0.0000000e+00   1.8028509e+04   5.8000000e+02
   0.0000000e+00   0.0000000e+00   1.7882769e+04   5.8100000e+02
   0.0000000e+00   0.0000000e+00   1.7738639e+04   5.8300000e+02
   0.0000000e+00   0.0000000e+00   1.7693903e+04   5.8500000e+02
   0.0000000e+00   0.0000000e+00   1.7515432e+04   5.8600000e+02
   0.0000000e+00   0.0000000e+00   1.7489173e+04   5.8800000e+02
   0.0000000e+00   0.0000000e+00   1.7435205e+04   5.8900000e+02
   0.0000000e+00   0.0000000e+00   1.7418842e+04   6.0500000e+02
   0.0000000e+00   0.0000000e+00   1.7349238e+04   6.0600000e+02
   0.0000000e+00   0.0000000e+00   1.7119363e+04   6.1300000e+02
   0.0000000e+00   0.0000000e+00   1.7093754e+04   6.1500000e+02
   0.0000000e+00   0.0000000e+00   1.7072072e+04   6.3000000e+02
   0.0000000e+00   0.0000000e+00   1.6896244e+04   6.3300000e+02
   0.0000000e+00   0.0000000e+00   1.6881726e+04   6.4200000e+02
   0.0000000e+00   0.0000000e+00   1.6733951e+04   6.4400000e+02
   0.0000000e+00   0.0000000e+00   1.6629552e+04   6.4900000e+02
   0.0000000e+00   0.0000000e+00   1.6528390e+04   6.5100000e+02
   0.0000000e+00   0.0000000e+00   1.6522843e+04   6.5200000e+02
   0.0000000e+00   0.0000000e+00   1.6273859e+04   6.5700000e+02
   0.0000000e+00   0.0000000e+00   1.6182140e+04   6.6600000e+02
   0.0000000e+00   0.0000000e+00   1.6138850e+04   6.7300000e+02
   0.0000000e+00   0.0000000e+00   1.6114498e+04   6.7600000e+02
   0.0000000e+00   0.0000000e+00   1.6071635e+04   6.7800000e+02
   0.0000000e+00   0.0000000e+00   1.6059203e+04   6.8300000e+02
   0.0000000e+00   0.0000000e+00   1.6030245e+04   6.9700000e+02
   0.0000000e+00   0.0000000e+00   1.6016820e+04   6.9800000e+02
   0.0000000e+00   0.0000000e+00   1.5896958e+04   7.0000000e+02
   0.0000000e+00   0.0000000e+00   1.5856363e+04   7.0100000e+02
   0.0000000e+00   0.0000000e+00   1.5640499e+04   7.0500000e+02
   0.0000000e+00   0.0000000e+00   1.5638701e+04   7.0800000e+02
   0.0000000e+00   0.0000000e+00   1.5438649e+04   7.0900000e+02
   0.0000000e+00   0.0000000e+00   1.5192185e+04   7.1000000e+02
   0.0000000e+00   0.0000000e+00   1.5139867e+04   7.1500000e+02
   0.0000000e+00   0.0000000e+00   1.5039980e+04   7.1600000e+02
   0.0000000e+00   0.0000000e+00   1.4965951e+04   7.2000000e+02
   0.0000000e+00   0.0000000e+00   1.4744840e+04   7.2200000e+02
   0.0000000e+00   0.0000000e+00   1.4696592e+04   7.2400000e+02
   0.0000000e+00   0.0000000e+00   1.4665004e+04   7.2500000e+02
   0.0000000e+00   0.0000000e+00   1.4603194e+04   7.2700000e+02
   0.0000000e+00   0.0000000e+00   1.4603092e+04   7.2800000e+02
   0.0000000e+00   0.0000000e+00   1.4550045e+04   7.3200000e+02
   0.0000000e+00   0.0000000e+00   1.4512438e+04   7.3400000e+02
   0.0000000e+00   0.0000000e+00   1.4279931e+04   7.3500000e+02
   0.0000000e+00   0.0000000e+00   1.4262738e+04   7.4200000e+02
   0.0000000e+00   0.0000000e+00   1.4221817e+04   7.4600000e+02
   0.0000000e+00   0.0000000e+00   1.4178979e+04   7.4800000e+02
   0.0000000e+00   0.0000000e+00   1.4147986e+04   7.6000000e+02
   0.0000000e+00   0.0000000e+00   1.4137649e+04   7.8500000e+02
   0.0000000e+00   0.0000000e+00   1.4050805e+04   7.8900000e+02
   0.0000000e+00   0.0000000e+00   1.3921545e+04   7.9300000e+02
   0.0000000e+00   0.0000000e+00   1.3879435e+04   7.9400000e+02
   0.0000000e+00   0.0000000e+00   1.3814559e+04   7.9600000e+02
   0.0000000e+00   0.0000000e+00   1.3775638e+04   7.9700000e+02
   0.0000000e+00   0.0000000e+00   1.3693360e+04   8.0000000e+02
   0.0000000e+00   0.0000000e+00   1.3685017e+04   8.0400000e+02
   0.0000000e+00   0.0000000e+00   1.3554725e+04   8.1200000e+02
   0.0000000e+00   0.0000000e+00   1.3342380e+04   8.2400000e+02
   0.0000000e+00   0.0000000e+00   1.3305548e+04   8.2800000e+02
   0.0000000e+00   0.0000000e+00   1.3202060e+04   8.3200000e+02
   0.0000000e+00   0.0000000e+00   1.3143838e+04   8.3900000e+02
   0.0000000e+00   0.0000000e+00   1.3110934e+04   8.4300000e+02
   0.0000000e+00   0.0000000e+00   1.2826178e+04   8.4400000e+02
   0.0000000e+00   0.0000000e+00   1.2767373e+04   8.5500000e+02
   0.0000000e+00   0.0000000e+00   1.2760684e+04   8.5900000e+02
   0.0000000e+00   0.0000000e+00   1.2695494e+04   8.6500000e+02
   0.0000000e+00   0.0000000e+00   1.2690536e+04   8.6600000e+02
   0.0000000e+00   0.0000000e+00   1.2688789e+04   8.6900000e+02
   0.0000000e+00   0.0000000e+00   1.2635384e+04   8.7500000e+02
   0.0000000e+00   0.0000000e+00   1.2602098e+04   8.7700000e+02
   0.0000000e+00   0.0000000e+00   1.2597113e+04   8.8000000e+02
   0.0000000e+00   0.0000000e+00   1.2550240e+04   8.9900000e+02
   0.0000000e+00   0.0000000e+00   1.2536421e+04   9.0000000e+02
   0.0000000e+00   0.0000000e+00   1.2415165e+04   9.0400000e+02
   0.0000000e+00   0.0000000e+00   1.2344788e+04   9.0800000e+02
   0.0000000e+00   0.0000000e+00   1.2276511e+04   9.0900000e+02
   0.0000000e+00   0.0000000e+00   1.2227795e+04   9.1300000e+02
   0.0000000e+00   0.0000000e+00   1.2126215e+04   9.2000000e+02
   0.0000000e+00   0.0000000e+00   1.2119221e+04   9.7000000e+02
   0.0000000e+00   0.0000000e+00   1.2024549e+04   9.7500000e+02
   0.0000000e+00   0.0000000e+00   1.2002256e+04   9.8000000e+02
   0.0000000e+00   0.0000000e+00   1.1972989e+04   9.8600000e+02
   0.0000000e+00   0.0000000e+00   1.1937066e+04   9.8800000e+02
   0.0000000e+00   0.0000000e+00   1.1884189e+04   9.9300000e+02
   0.0000000e+00   0.0000000e+00   1.1880590e+04   9.9900000e+02
   0.0000000e+00   0.0000000e+00   1.1879067e+04   1.0030000e+03
   0.0000000e+00   0.0000000e+00   1.1788561e+04   1.0140000e+03
   0.0000000e+00   0.0000000e+00   1.1642951e+04   1.0150000e+03
   0.0000000e+00   0.0000000e+00   1.1556987e+04   1.0160000e+03
   0.0000000e+00   0.0000000e+00   1.1547172e+04   1.0170000e+03
   0.0000000e+00   0.0000000e+00   1.1481934e+04   1.0300000e+03
   0.0000000e+00   0.0000000e+00   1.1470476e+04   1.0320000e+03
   0.0000000e+00   0.0000000e+00   1.1463737e+04   1.0330000e+03
   0.0000000e+00   0.0000000e+00   1.1358959e+04   1.0420000e+03
   0.0000000e+00   0.0000000e+00   1.1318160e+04   1.0430000e+03
   0.0000000e+00   0.0000000e+00   1.1310825e+04   1.0450000e+03
   0.0000000e+00   0.0000000e+00   1.1185823e+04   1.0490000e+03
   0.0000000e+00   0.0000000e+00   1.1144500e+04   1.0610000e+03
   0.0000000e+00   0.0000000e+00   1.1133779e+04   1.0630000e+03
   0.0000000e+00   0.0000000e+00   1.1081288e+04   1.0840000e+03
   0.0000000e+00   0.0000000e+00   1.0985529e+04   1.0920000e+03
   0.0000000e+00   0.0000000e+00   1.0968548e+04   1.0950000e+03
   0.0000000e+00   0.0000000e+00   1.0903109e+04   1.1070000e+03
   0.0000000e+00   0.0000000e+00   1.0901526e+04   1.1160000e+03
   0.0000000e+00   0.0000000e+00   1.0766575e+04   1.1220000e+03
   0.0000000e+00   0.0000000e+00   1.0748014e+04   1.1230000e+03
   0.0000000e+00   0.0000000e+00   1.0639289e+04   1.1240000e+03
   0.0000000e+00   0.0000000e+00   1.0555495e+04   1.1330000e+03
   0.0000000e+00   0.0000000e+00   1.0530341e+04   1.1450000e+03
   0.0000000e+00   0.0000000e+00   1.0290995e+04   1.1550000e+03
   0.0000000e+00   0.0000000e+00   1.0272408e+04   1.1650000e+03
   0.0000000e+00   0.0000000e+00   1.0234848e+04   1.1840000e+03
   0.0000000e+00   0.0000000e+00   1.0226126e+04   1.2220000e+03
   0.0000000e+00   0.0000000e+00   1.0200634e+04   1.2330000e+03
   0.0000000e+00   0.0000000e+00   1.0167570e+04   1.2430000e+03
   0.0000000e+00   0.0000000e+00   1.0165222e+04   1.2510000e+03
   0.0000000e+00   0.0000000e+00   1.0115480e+04   1.2620000e+03
   0.0000000e+00   0.0000000e+00   1.0094905e+04   1.2680000e+03
   0.0000000e+00   0.0000000e+00   1.0093491e+04   1.2790000e+03
   0.0000000e+00   0.0000000e+00   1.0046842e+04   1.2950000e+03
   0.0000000e+00   0.0000000e+00   1.0041251e+04   1.2980000e+03
   0.0000000e+00   0.0000000e+00   9.9606178e+03   1.3050000e+03
   0.0000000e+00   0.0000000e+00   9.9037872e+03   1.3060000e+03
   0.0000000e+00   0.0000000e+00   9.8829010e+03   1.3180000e+03
   0.0000000e+00   0.0000000e+00   9.7896052e+03   1.3550000e+03
   0.0000000e+00   0.0000000e+00   9.7822306e+03   1.3630000e+03
   0.0000000e+00   0.0000000e+00   9.6116633e+03   1.3670000e+03
   0.0000000e+00   0.0000000e+00   9.5162176e+03   1.3740000e+03
   0.0000000e+00   0.0000000e+00   9.4499080e+03   1.3750000e+03
   0.0000000e+00   0.0000000e+00   9.3366498e+03   1.3810000e+03
   0.0000000e+00   0.0000000e+00   9.3144652e+03   1.4620000e+03
   0.0000000e+00   0.0000000e+00   9.3037225e+03   1.4730000e+03
   0.0000000e+00   0.0000000e+00   9.1739909e+03   1.4760000e+03
   0.0000000e+00   0.0000000e+00   9.0892487e+03   1.4850000e+03
   0.0000000e+00   0.0000000e+00   9.0748229e+03   1.4960000e+03
   0.0000000e+00   0.0000000e+00   8.9067072e+03   1.5690000e+03
   0.0000000e+00   0.0000000e+00   8.8816701e+03   1.5970000e+03
   0.0000000e+00   0.0000000e+00   8.8299895e+03   1.5980000e+03
   0.0000000e+00   0.0000000e+00   8.8198880e+03   1.6250000e+03
   0.0000000e+00   0.0000000e+00   8.8164236e+03   1.6330000e+03
   0.0000000e+00   0.0000000e+00   8.8144031e+03   1.6530000e+03
   0.0000000e+00   0.0000000e+00   8.7786754e+03   1.6540000e+03
   0.0000000e+00   0.0000000e+00   8.7522800e+03   1.6590000e+03
   0.0000000e+00   0.0000000e+00   8.7400851e+03   1.6600000e+03
   0.0000000e+00   0.0000000e+00   8.7076665e+03   1.6610000e+03
   0.0000000e+00   0.0000000e+00   8.6906489e+03   1.6880000e+03
   0.0000000e+00   0.0000000e+00   8.6695710e+03   1.7260000e+03
   0.0000000e+00   0.0000000e+00   8.6614733e+03   1.7660000e+03
   0.0000000e+00   0.0000000e+00   8.6551965e+03   1.8350000e+03
   0.0000000e+00   0.0000000e+00   8.6532947e+03   1.8400000e+03
   0.0000000e+00   0.0000000e+00   8.6518107e+03   1.8500000e+03
   0.0000000e+00   0.0000000e+00   8.6046723e+03   1.9000000e+03
   0.0000000e+00   0.0000000e+00   8.6031657e+03   1.9180000e+03
   0.0000000e+00   0.0000000e+00   8.6026353e+03   1.9340000e+03
   0.0000000e+00   0.0000000e+00   8.5563778e+03   1.9460000e+03
   0.0000000e+00   0.0000000e+00   8.5043627e+03   1.9690000e+03
   0.0000000e+00   0.0000000e+00   8.5038699e+03   2.0010000e+03
   0.0000000e+00   0.0000000e+00   8.4830556e+03   2.0210000e+03
   0.0000000e+00   0.0000000e+00   8.4654993e+03   2.0800000e+03
   0.0000000e+00   0.0000000e+00   8.4106149e+03   2.1050000e+03
   0.0000000e+00   0.0000000e+00   8.3697930e+03   2.1160000e+03
   0.0000000e+00   0.0000000e+00   8.3451696e+03   2.1230000e+03
   0.0000000e+00   0.0000000e+00   8.3282343e+03   2.1270000e+03
   0.0000000e+00   0.0000000e+00   8.3045411e+03   2.1290000e+03
   0.0000000e+00   0.0000000e+00   8.2325938e+03   2.1710000e+03
   0.0000000e+00   0.0000000e+00   8.2303511e+03   2.1740000e+03
   0.0000000e+00   0.0000000e+00   8.2013585e+03   2.1830000e+03
   0.0000000e+00   0.0000000e+00   8.1010070e+03   2.1940000e+03
   0.0000000e+00   0.0000000e+00   8.0763807e+03   2.2010000e+03
   0.0000000e+00   0.0000000e+00   8.0325830e+03   2.2240000e+03
   0.0000000e+00   0.0000000e+00   8.0222859e+03   2.2260000e+03
   0.0000000e+00   0.0000000e+00   7.9453065e+03   2.2320000e+03
   0.0000000e+00   0.0000000e+00   7.9128393e+03   2.2410000e+03
   0.0000000e+00   0.0000000e+00   7.8612564e+03   2.2480000e+03
   0.0000000e+00   0.0000000e+00   7.7961816e+03   2.2530000e+03
   0.0000000e+00   0.0000000e+00   7.7776531e+03   2.2560000e+03
   0.0000000e+00   0.0000000e+00   7.7577500e+03   2.2660000e+03
   0.0000000e+00   0.0000000e+00   7.7129505e+03   2.3220000e+03
   0.0000000e+00   0.0000000e+00   7.6841520e+03   2.3270000e+03
   0.0000000e+00   0.0000000e+00   7.6598121e+03   2.3360000e+03
   0.0000000e+00   0.0000000e+00   7.6410276e+03   2.3420000e+03
   0.0000000e+00   0.0000000e+00   7.6077508e+03   2.3660000e+03
   0.0000000e+00   0.0000000e+00   7.5449758e+03   2.3720000e+03
   0.0000000e+00   0.0000000e+00   7.5403833e+03   2.3810000e+03
   0.0000000e+00   0.0000000e+00   7.5317772e+03   2.3860000e+03
   0.0000000e+00   0.0000000e+00   7.4786506e+03   2.4150000e+03
   0.0000000e+00   0.0000000e+00   7.4624219e+03   2.4760000e+03
   0.0000000e+00   0.0000000e+00   7.4592648e+03   2.5010000e+03
   0.0000000e+00   0.0000000e+00   7.4085928e+03   2.5050000e+03
   0.0000000e+00   0.0000000e+00   7.4064929e+03   2.5320000e+03
   0.0000000e+00   0.0000000e+00   7.3992874e+03   2.5900000e+03
   0.0000000e+00   0.0000000e+00   7.3953770e+03   2.6000000e+03
   0.0000000e+00   0.0000000e+00   7.3920087e+03   2.6010000e+03
   0.0000000e+00   0.0000000e+00   7.3888805e+03   2.6110000e+03
   0.0000000e+00   0.0000000e+00   7.3762353e+03   2.6530000e+03
   0.0000000e+00   0.0000000e+00   7.3720960e+03   2.7750000e+03
   0.0000000e+00   0.0000000e+00   7.2966668e+03   2.8150000e+03
   0.0000000e+00   0.0000000e+00   7.2899598e+03   2.8190000e+03
   0.0000000e+00   0.0000000e+00   7.2749370e+03   2.8460000e+03
   0.0000000e+00   0.0000000e+00   7.2446226e+03   2.8470000e+03
   0.0000000e+00   0.0000000e+00   7.2000397e+03   2.8670000e+03
   0.0000000e+00   0.0000000e+00   7.1998450e+03   2.9110000e+03
   0.0000000e+00   0.0000000e+00   7.1901856e+03   2.9480000e+03
   0.0000000e+00   0.0000000e+00   7.1668587e+03   3.0020000e+03
   0.0000000e+00   0.0000000e+00   7.1532199e+03   3.0150000e+03
   0.0000000e+00   0.0000000e+00   7.1528065e+03   3.0720000e+03
   0.0000000e+00   0.0000000e+00   7.1425723e+03   3.1940000e+03
   0.0000000e+00   0.0000000e+00   7.1329801e+03   3.2130000e+03
   0.0000000e+00   0.0000000e+00   7.1079044e+03   3.2450000e+03
   0.0000000e+00   0.0000000e+00   7.0947114e+03   3.2900000e+03
   0.0000000e+00   0.0000000e+00   7.0925755e+03   3.3090000e+03
   0.0000000e+00   0.0000000e+00   7.0716112e+03   3.3580000e+03
   0.0000000e+00   0.0000000e+00   7.0506726e+03   3.3840000e+03
   0.0000000e+00   0.0000000e+00   7.0410980e+03   3.3970000e+03
   0.0000000e+00   0.0000000e+00   7.0407251e+03   3.4260000e+03
   0.0000000e+00   0.0000000e+00   7.0401515e+03   3.4780000e+03
   0.0000000e+00   0.0000000e+00   7.0313364e+03   3.5280000e+03
   0.0000000e+00   0.0000000e+00   7.0044402e+03   3.5330000e+03
   0.0000000e+00   0.0000000e+00   6.9880079e+03   3.5500000e+03
   0.0000000e+00   0.0000000e+00   6.9806577e+03   3.6120000e+03
   0.0000000e+00   0.0000000e+00   6.9774632e+03   3.7530000e+03
   0.0000000e+00   0.0000000e+00   6.9745888e+03   3.8100000e+03
   0.0000000e+00   0.0000000e+00   6.9707600e+03   3.9570000e+03
   0.0000000e+00   0.0000000e+00   6.9609682e+03   4.0950000e+03
   0.0000000e+00   0.0000000e+00   6.9495664e+03   4.3020000e+03
   0.0000000e+00   0.0000000e+00   6.9443893e+03   4.7230000e+03
   0.0000000e+00   0.0000000e+00   6.9190474e+03   5.0650000e+03
   0.0000000e+00   0.0000000e+00   6.9097850e+03   5.0680000e+03
   0.0000000e+00   0.0000000e+00   6.9013453e+03   5.0900000e+03
   0.0000000e+00   0.0000000e+00   6.9008307e+03   5.1030000e+03
   0.0000000e+00   0.0000000e+00   6.8675197e+03   5.1900000e+03
   0.0000000e+00   0.0000000e+00   6.8505751e+03   5.2180000e+03
   0.0000000e+00   0.0000000e+00   6.8504156e+03   5.2640000e+03
   0.0000000e+00   0.0000000e+00   6.8416159e+03   5.3020000e+03
   0.0000000e+00   0.0000000e+00   6.8344269e+03   5.4510000e+03
   0.0000000e+00   0.0000000e+00   6.8343386e+03   5.4570000e+03
   0.0000000e+00   0.0000000e+00   6.8230610e+03   5.5110000e+03
   0.0000000e+00   0.0000000e+00   6.8193019e+03   5.5300000e+03
   0.0000000e+00   0.0000000e+00   6.8037800e+03   5.5350000e+03
   0.0000000e+00   0.0000000e+00   6.7579004e+03   5.5420000e+03
   0.0000000e+00   0.0000000e+00   6.7454348e+03   5.5620000e+03
   0.0000000e+00   0.0000000e+00   6.6987414e+03   5.6650000e+03
   0.0000000e+00   0.0000000e+00   6.6977581e+03   5.8300000e+03
   0.0000000e+00   0.0000000e+00   6.6824309e+03   5.9220000e+03
   0.0000000e+00   0.0000000e+00   6.6712330e+03   5.9480000e+03
   0.0000000e+00   0.0000000e+00   6.6517223e+03   5.9510000e+03
   0.0000000e+00   0.0000000e+00   6.6404271e+03   5.9900000e+03
   0.0000000e+00   0.0000000e+00   6.6333659e+03   6.0410000e+03
   0.0000000e+00   0.0000000e+00   6.6233561e+03   6.0490000e+03
   0.0000000e+00   0.0000000e+00   6.6179153e+03   6.0770000e+03
   0.0000000e+00   0.0000000e+00   6.6174516e+03   6.2320000e+03
   0.0000000e+00   0.0000000e+00   6.6125642e+03   6.3020000e+03
   0.0000000e+00   0.0000000e+00   6.6105736e+03   6.3180000e+03
   0.0000000e+00   0.0000000e+00   6.6052740e+03   6.3290000e+03
   0.0000000e+00   0.0000000e+00   6.5908016e+03   6.3610000e+03
   0.0000000e+00   0.0000000e+00   6.5511760e+03   6.4090000e+03
   0.0000000e+00   0.0000000e+00   6.5469755e+03   6.4350000e+03
   0.0000000e+00   0.0000000e+00   6.5423254e+03   6.4970000e+03
   0.0000000e+00   0.0000000e+00   6.5281676e+03   6.5060000e+03
   0.0000000e+00   0.0000000e+00   6.5218963e+03   6.5660000e+03
   0.0000000e+00   0.0000000e+00   6.5160998e+03   6.5750000e+03
   0.0000000e+00   0.0000000e+00   6.5118747e+03   6.5910000e+03
   0.0000000e+00   0.0000000e+00   6.4957910e+03   6.6550000e+03
   0.0000000e+00   0.0000000e+00   6.4879687e+03   6.8020000e+03
   0.0000000e+00   0.0000000e+00   6.4801584e+03   6.8460000e+03
   0.0000000e+00   0.0000000e+00   6.4652725e+03   7.0960000e+03
   0.0000000e+00   0.0000000e+00   6.4490770e+03   7.1220000e+03
   0.0000000e+00   0.0000000e+00   6.4477365e+03   7.1450000e+03
   0.0000000e+00   0.0000000e+00   6.4377884e+03   7.3240000e+03
   0.0000000e+00   0.0000000e+00   6.3979000e+03   8.1100000e+03
   0.0000000e+00   0.0000000e+00   6.3967788e+03   8.1640000e+03
   0.0000000e+00   0.0000000e+00   6.3885591e+03   8.2180000e+03
   0.0000000e+00   0.0000000e+00   6.3770308e+03   8.5330000e+03
   0.0000000e+00   0.0000000e+00   6.3685507e+03   8.5750000e+03
   0.0000000e+00   0.0000000e+00   6.3591406e+03   8.6270000e+03
   0.0000000e+00   0.0000000e+00   6.3585704e+03   8.9830000e+03
   0.0000000e+00   0.0000000e+00   6.3553279e+03   9.7390000e+03
   0.0000000e+00   0.0000000e+00   6.3497991e+03   9.7500000e+03
   0.0000000e+00   0.0000000e+00   6.3417979e+03   1.0068000e+04
   0.0000000e+00   0.0000000e+00   6.3262767e+03   1.0353000e+04
   0.0000000e+00   0.0000000e+00   6.3169548e+03   1.0591000e+04
   0.0000000e+00   0.0000000e+00   6.3163934e+03   1.0745000e+04
   0.0000000e+00   0.0000000e+00   6.3146026e+03   1.0901000e+04
   0.0000000e+00   0.0000000e+00   6.2817313e+03   1.0977000e+04
   0.0000000e+00   0.0000000e+00   6.2720753e+03   1.1044000e+04
   0.0000000e+00   0.0000000e+00   6.2661850e+03   1.1262000e+04
   0.0000000e+00   0.0000000e+00   6.2617519e+03   1.1423000e+04
   0.0000000e+00   0.0000000e+00   6.2594203e+03   1.1474000e+04
   0.0000000e+00   0.0000000e+00   6.2445783e+03   1.1586000e+04
   0.0000000e+00   0.0000000e+00   6.2303504e+03   1.1635000e+04
   0.0000000e+00   0.0000000e+00   6.2076714e+03   1.1693000e+04
   0.0000000e+00   0.0000000e+00   6.2006729e+03   1.1783000e+04
   0.0000000e+00   0.0000000e+00   6.1906805e+03   1.1805000e+04
   0.0000000e+00   0.0000000e+00   6.1784670e+03   1.1878000e+04
   0.0000000e+00   0.0000000e+00   6.1783911e+03   1.2099000e+04
   0.0000000e+00   0.0000000e+00   6.1763220e+03   1.2580000e+04
   0.0000000e+00   0.0000000e+00   6.1405612e+03   1.2924000e+04
   0.0000000e+00   0.0000000e+00   6.1107079e+03   1.2991000e+04
   0.0000000e+00   0.0000000e+00   6.0919234e+03   1.3007000e+04
   0.0000000e+00   0.0000000e+00   6.0774863e+03   1.3010000e+04
   0.0000000e+00   0.0000000e+00   6.0771030e+03   1.3068000e+04
   0.0000000e+00   0.0000000e+00   6.0553125e+03   1.3385000e+04
   0.0000000e+00   0.0000000e+00   6.0297106e+03   1.3542000e+04
   0.0000000e+00   0.0000000e+00   6.0295212e+03   1.3846000e+04
   0.0000000e+00   0.0000000e+00   6.0222648e+03   1.3910000e+04
   0.0000000e+00   0.0000000e+00   6.0191786e+03   1.3926000e+04
   0.0000000e+00   0.0000000e+00   6.0132627e+03   1.3998000e+04
   0.0000000e+00   0.0000000e+00   6.0129501e+03   1.4004000e+04
   0.0000000e+00   0.0000000e+00   5.9968733e+03   1.4077000e+04
   0.0000000e+00   0.0000000e+00   5.9968691e+03   1.4167000e+04
   0.0000000e+00   0.0000000e+00   5.9915697e+03   1.4264000e+04
   0.0000000e+00   0.0000000e+00   5.9878931e+03   1.4329000e+04
   0.0000000e+00   0.0000000e+00   5.9859690e+03   1.4347000e+04
   0.0000000e+00   0.0000000e+00   5.9762644e+03   1.4363000e+04
   0.0000000e+00   0.0000000e+00   5.9736728e+03   1.4369000e+04
   0.0000000e+00   0.0000000e+00   5.9675850e+03   1.4402000e+04
   0.0000000e+00   0.0000000e+00   5.9618105e+03   1.4572000e+04
   0.0000000e+00   0.0000000e+00   5.9618105e+03   1.4592000e+04
   0.0000000e+00   0.0000000e+00   5.9545965e+03   1.4775000e+04
   0.0000000e+00   0.0000000e+00   5.9529100e+03   1.4776000e+04
   0.0000000e+00   0.0000000e+00   5.9501739e+03   1.5538000e+04
   0.0000000e+00   0.0000000e+00   5.9486383e+03   1.6067000e+04
   0.0000000e+00   0.0000000e+00   5.9297657e+03   1.6396000e+04
   0.0000000e+00   0.0000000e+00   5.9241178e+03   1.6627000e+04
   0.0000000e+00   0.0000000e+00   5.9188131e+03   1.6805000e+04
   0.0000000e+00   0.0000000e+00   5.9153862e+03   1.7144000e+04
   0.0000000e+00   0.0000000e+00   5.9113133e+03   1.7181000e+04
   0.0000000e+00   0.0000000e+00   5.9111070e+03   1.7204000e+04
   0.0000000e+00   0.0000000e+00   5.9111070e+03   1.7250000e+04
   0.0000000e+00   0.0000000e+00   5.9085124e+03   1.7316000e+04
   0.0000000e+00   0.0000000e+00   5.9018875e+03   1.8109000e+04
   0.0000000e+00   0.0000000e+00   5.8940452e+03   1.8226000e+04
   0.0000000e+00   0.0000000e+00   5.8825538e+03   1.8232000e+04
   0.0000000e+00   0.0000000e+00   5.8798930e+03   1.8450000e+04
   0.0000000e+00   0.0000000e+00   5.8776578e+03   1.8769000e+04
   0.0000000e+00   0.0000000e+00   5.8773660e+03   1.9004000e+04
   0.0000000e+00   0.0000000e+00   5.8773660e+03   1.9070000e+04
   0.0000000e+00   0.0000000e+00   5.8623653e+03   1.9436000e+04
   0.0000000e+00   0.0000000e+00   5.8565991e+03   1.9516000e+04
   0.0000000e+00   0.0000000e+00   5.8482465e+03   1.9643000e+04
   0.0000000e+00   0.0000000e+00   5.8444206e+03   1.9827000e+04
   0.0000000e+00   0.0000000e+00   5.8257578e+03   2.0488000e+04
   0.0000000e+00   0.0000000e+00   5.8227178e+03   2.1491000e+04
   0.0000000e+00   0.0000000e+00   5.8212632e+03   2.1742000e+04
   0.0000000e+00   0.0000000e+00   5.8202889e+03   2.1892000e+04
   0.0000000e+00   0.0000000e+00   5.8164842e+03   2.2092000e+04
   0.0000000e+00   0.0000000e+00   5.8140126e+03   2.2222000e+04
   0.0000000e+00   0.0000000e+00   5.8128780e+03   2.2523000e+04
   0.0000000e+00   0.0000000e+00   5.8087289e+03   2.2671000e+04
   0.0000000e+00   0.0000000e+00   5.8043708e+03   2.2762000e+04
   0.0000000e+00   0.0000000e+00   5.8014387e+03   2.2982000e+04
   0.0000000e+00   0.0000000e+00   5.7999652e+03   2.3010000e+04
   0.0000000e+00   0.0000000e+00   5.7923866e+03   2.3024000e+04
   0.0000000e+00   0.0000000e+00   5.7915873e+03   2.3116000e+04
   0.0000000e+00   0.0000000e+00   5.7902867e+03   2.3209000e+04
   0.0000000e+00   0.0000000e+00   5.7766341e+03   2.3255000e+04
   0.0000000e+00   0.0000000e+00   5.7725607e+03   2.3338000e+04
   0.0000000e+00   0.0000000e+00   5.7680878e+03   2.3452000e+04
   0.0000000e+00   0.0000000e+00   5.7678408e+03   2.3657000e+04
   0.0000000e+00   0.0000000e+00   5.7316976e+03   2.3783000e+04
   0.0000000e+00   0.0000000e+00   5.7259478e+03   2.4058000e+04
   0.0000000e+00   0.0000000e+00   5.7222053e+03   2.4381000e+04
   0.0000000e+00   0.0000000e+00   5.7162981e+03   2.4712000e+04
   0.0000000e+00   0.0000000e+00   5.7125454e+03   2.4877000e+04
   0.0000000e+00   0.0000000e+00   5.7047838e+03   2.4892000e+04
   0.0000000e+00   0.0000000e+00   5.6836248e+03   2.5219000e+04
   0.0000000e+00   0.0000000e+00   5.6810845e+03   2.5556000e+04
   0.0000000e+00   0.0000000e+00   5.6810845e+03   2.5856000e+04
   0.0000000e+00   0.0000000e+00   5.6771226e+03   2.6359000e+04
   0.0000000e+00   0.0000000e+00   5.6757193e+03   2.6378000e+04
   0.0000000e+00   0.0000000e+00   5.6714096e+03   2.6692000e+04
   0.0000000e+00   0.0000000e+00   5.6639708e+03   2.7314000e+04
   0.0000000e+00   0.0000000e+00   5.6639708e+03   2.7789000e+04
   0.0000000e+00   0.0000000e+00   5.6638065e+03   2.7819000e+04
   0.0000000e+00   0.0000000e+00   5.6564936e+03   2.8095000e+04
   0.0000000e+00   0.0000000e+00   5.6426035e+03   2.8292000e+04
   0.0000000e+00   0.0000000e+00   5.6342266e+03   3.0857000e+04
   0.0000000e+00   0.0000000e+00   5.6284570e+03   3.2117000e+04
   0.0000000e+00   0.0000000e+00   5.6236614e+03   3.3438000e+04
   0.0000000e+00   0.0000000e+00   5.6144414e+03   3.3497000e+04
   0.0000000e+00   0.0000000e+00   5.6080982e+03   3.3596000e+04
   0.0000000e+00   0.0000000e+00   5.6060078e+03   3.3722000e+04
   0.0000000e+00   0.0000000e+00   5.5972603e+03   3.3907000e+04
   0.0000000e+00   0.0000000e+00   5.5882987e+03   3.4995000e+04
   0.0000000e+00   0.0000000e+00   5.5817753e+03   3.5432000e+04
   0.0000000e+00   0.0000000e+00   5.5816805e+03   3.6268000e+04
   0.0000000e+00   0.0000000e+00   5.5785093e+03   3.6270000e+04
   0.0000000e+00   0.0000000e+00   5.5785093e+03   3.6587000e+04
   0.0000000e+00   0.0000000e+00   5.5744884e+03   3.6986000e+04
   0.0000000e+00   0.0000000e+00   5.5600900e+03   3.8041000e+04
   0.0000000e+00   0.0000000e+00   5.5583201e+03   3.8193000e+04
   0.0000000e+00   0.0000000e+00   5.5564664e+03   3.8398000e+04
   0.0000000e+00   0.0000000e+00   5.5391632e+03   3.8804000e+04
   0.0000000e+00   0.0000000e+00   5.5272559e+03   3.8862000e+04
   0.0000000e+00   0.0000000e+00   5.5254874e+03   3.9145000e+04
   0.0000000e+00   0.0000000e+00   5.5144765e+03   4.0181000e+04
   0.0000000e+00   0.0000000e+00   5.5102217e+03   4.0483000e+04
   0.0000000e+00   0.0000000e+00   5.5063259e+03   4.0582000e+04
   0.0000000e+00   0.0000000e+00   5.5048713e+03   4.0981000e+04
   0.0000000e+00   0.0000000e+00   5.5029407e+03   4.1018000e+04
   0.0000000e+00   0.0000000e+00   5.5025895e+03   4.1086000e+04
   0.0000000e+00   0.0000000e+00   5.4849570e+03   4.1573000e+04
   0.0000000e+00   0.0000000e+00   5.4812804e+03   4.1711000e+04
   0.0000000e+00   0.0000000e+00   5.4764336e+03   4.1843000e+04
   0.0000000e+00   0.0000000e+00   5.4717576e+03   4.2023000e+04
   0.0000000e+00   0.0000000e+00   5.4717308e+03   4.2571000e+04
   0.0000000e+00   0.0000000e+00   5.4694957e+03   4.2627000e+04
   0.0000000e+00   0.0000000e+00   5.4694957e+03   4.3711000e+04
   0.0000000e+00   0.0000000e+00   5.4694957e+03   4.3945000e+04
   0.0000000e+00   0.0000000e+00   5.4563990e+03   4.4558000e+04
   0.0000000e+00   0.0000000e+00   5.4452656e+03   4.4720000e+04
   0.0000000e+00   0.0000000e+00   5.4299594e+03   4.4842000e+04
   0.0000000e+00   0.0000000e+00   5.4259160e+03   4.5226000e+04
   0.0000000e+00   0.0000000e+00   5.4214224e+03   4.5614000e+04
   0.0000000e+00   0.0000000e+00   5.4214224e+03   4.6185000e+04
   0.0000000e+00   0.0000000e+00   5.4193696e+03   4.6734000e+04
   0.0000000e+00   0.0000000e+00   5.4116842e+03   4.6857000e+04
   0.0000000e+00   0.0000000e+00   5.3986001e+03   4.6909000e+04
   0.0000000e+00   0.0000000e+00   5.3924478e+03   4.7182000e+04
   0.0000000e+00   0.0000000e+00   5.3916637e+03   4.7455000e+04
   0.0000000e+00   0.0000000e+00   5.3916637e+03   4.7569000e+04
   0.0000000e+00   0.0000000e+00   5.3915120e+03   4.7869000e+04
   0.0000000e+00   0.0000000e+00   5.3882269e+03   4.8094000e+04
   0.0000000e+00   0.0000000e+00   5.3795549e+03   4.8348000e+04
   0.0000000e+00   0.0000000e+00   5.3723340e+03   4.8509000e+04
   0.0000000e+00   0.0000000e+00   5.3723235e+03   4.8783000e+04
   0.0000000e+00   0.0000000e+00   5.3628400e+03   4.9420000e+04
   0.0000000e+00   0.0000000e+00   5.3571907e+03   4.9853000e+04
   0.0000000e+00   0.0000000e+00   5.3422608e+03   5.0608000e+04
   0.0000000e+00   0.0000000e+00   5.3399779e+03   5.1175000e+04
   0.0000000e+00   0.0000000e+00   5.3389598e+03   5.1589000e+04
   0.0000000e+00   0.0000000e+00   5.3351339e+03   5.3161000e+04
   0.0000000e+00   0.0000000e+00   5.3345484e+03   5.3485000e+04
   0.0000000e+00   0.0000000e+00   5.3242653e+03   5.3521000e+04
   0.0000000e+00   0.0000000e+00   5.3178743e+03   5.4069000e+04
   0.0000000e+00   0.0000000e+00   5.3119956e+03   5.5139000e+04
   0.0000000e+00   0.0000000e+00   5.3119956e+03   5.5466000e+04
   0.0000000e+00   0.0000000e+00   5.3087707e+03   5.5639000e+04
   0.0000000e+00   0.0000000e+00   5.3050941e+03   5.6436000e+04
   0.0000000e+00   0.0000000e+00   5.3050941e+03   5.6976000e+04
   0.0000000e+00   0.0000000e+00   5.3050941e+03   5.8739000e+04
   0.0000000e+00   0.0000000e+00   5.3050941e+03   5.9135000e+04
   0.0000000e+00   0.0000000e+00   5.3045175e+03   5.9270000e+04
   0.0000000e+00   0.0000000e+00   5.3045175e+03   6.0111000e+04
   0.0000000e+00   0.0000000e+00   5.2994466e+03   6.0491000e+04
   0.0000000e+00   0.0000000e+00   5.2994466e+03   6.1267000e+04
   0.0000000e+00   0.0000000e+00   5.2994466e+03   6.1507000e+04
   0.0000000e+00   0.0000000e+00   5.2994466e+03   6.2140000e+04
   0.0000000e+00   0.0000000e+00   5.2994466e+03   6.3897000e+04
   0.0000000e+00   0.0000000e+00   5.2994466e+03   6.4206000e+04
   0.0000000e+00   0.0000000e+00   5.2994466e+03   6.5124000e+04
   0.0000000e+00   0.0000000e+00   5.2994466e+03   6.6385000e+04
   0.0000000e+00   0.0000000e+00   5.2994466e+03   6.6836000e+04
   0.0000000e+00   0.0000000e+00   5.2994466e+03   6.7897000e+04
   0.0000000e+00   0.0000000e+00   5.2994466e+03   6.7942000e+04
   0.0000000e+00   0.0000000e+00   5.2994466e+03   6.8534000e+04
   0.0000000e+00   0.0000000e+00   5.2994466e+03   6.9879000e+04
   0.0000000e+00   0.0000000e+00   5.2994466e+03   7.0560000e+04
   0.0000000e+00   0.0000000e+00   5.2966850e+03   7.1931000e+04
   0.0000000e+00   0.0000000e+00   5.2966850e+03   7.2906000e+04
   0.0000000e+00   0.0000000e+00   5.2966850e+03   7.3687000e+04
   0.0000000e+00   0.0000000e+00   5.2959425e+03   7.5415000e+04
   0.0000000e+00   0.0000000e+00   5.2959425e+03   7.5473000e+04
   0.0000000e+00   0.0000000e+00   5.2954494e+03   7.5793000e+04
   0.0000000e+00   0.0000000e+00   5.2890520e+03   7.6632000e+04
   0.0000000e+00   0.0000000e+00   5.2842889e+03   7.7299000e+04
   0.0000000e+00   0.0000000e+00   5.2842889e+03   7.7880000e+04
   0.0000000e+00   0.0000000e+00   5.2842889e+03   7.9291000e+04
   0.0000000e+00   0.0000000e+00   5.2747794e+03   8.1149000e+04
   0.0000000e+00   0.0000000e+00   5.2686828e+03   8.2190000e+04
   0.0000000e+00   0.0000000e+00   5.2686828e+03   8.3434000e+04
   0.0000000e+00   0.0000000e+00   5.2686828e+03   8.4438000e+04
   0.0000000e+00   0.0000000e+00   5.2686828e+03   8.4790000e+04
   0.0000000e+00   0.0000000e+00   5.2686828e+03   8.7157000e+04
   0.0000000e+00   0.0000000e+00   5.2686828e+03   8.7902000e+04
   0.0000000e+00   0.0000000e+00   5.2686828e+03   8.8082000e+04
   0.0000000e+00   0.0000000e+00   5.2667698e+03   9.3523000e+04
   0.0000000e+00   0.0000000e+00   5.2667698e+03   9.4085000e+04
   0.0000000e+00   0.0000000e+00   5.2667698e+03   9.4585000e+04
   0.0000000e+00   0.0000000e+00   5.2667698e+03   9.5223000e+04
   0.0000000e+00   0.0000000e+00   5.2667698e+03   9.6083000e+04
   0.0000000e+00   0.0000000e+00   5.2667698e+03   9.7020000e+04
   0.0000000e+00   0.0000000e+00   5.2667698e+03   9.7989000e+04
   0.0000000e+00   0.0000000e+00   5.2667698e+03   9.8189000e+04
   0.0000000e+00   0.0000000e+00   5.2667698e+03   9.8486000e+04
   0.0000000e+00   0.0000000e+00   5.2667698e+03   9.9535000e+04
   0.0000000e+00   0.0000000e+00   5.2667698e+03   1.0056800e+05
   0.0000000e+00   0.0000000e+00   5.2667698e+03   1.0154600e+05
   0.0000000e+00   0.0000000e+00   5.2614951e+03   1.0327300e+05
   0.0000000e+00   0.0000000e+00   5.2614951e+03   1.0367500e+05
   0.0000000e+00   0.0000000e+00   5.2614951e+03   1.0607600e+05
   0.0000000e+00   0.0000000e+00   5.2614951e+03   1.0756000e+05
   0.0000000e+00   0.0000000e+00   5.2614951e+03   1.0954200e+05
   0.0000000e+00   0.0000000e+00   5.2614951e+03   1.1152800e+05
   0.0000000e+00   0.0000000e+00   5.2614951e+03   1.1180800e+05
   0.0000000e+00   0.0000000e+00   5.2614951e+03   1.1215400e+05
   0.0000000e+00   0.0000000e+00   5.2600405e+03   1.1657300e+05
   0.0000000e+00   0.0000000e+00   5.2600405e+03   1.1669000e+05
   0.0000000e+00   0.0000000e+00   5.2600405e+03   1.1792800e+05
   0.0000000e+00   0.0000000e+00   5.2600405e+03   1.1893500e+05
   0.0000000e+00   0.0000000e+00   5.2600405e+03   1.1909500e+05
   0.0000000e+00   0.0000000e+00   5.2585859e+03   1.2144500e+05
   0.0000000e+00   0.0000000e+00   5.2585859e+03   1.2260200e+05
   0.0000000e+00   0.0000000e+00   5.2585859e+03   1.2316800e+05
   0.0000000e+00   0.0000000e+00   5.2585859e+03   1.2334100e+05
   0.0000000e+00   0.0000000e+00   5.2585859e+03   1.2543800e+05
   0.0000000e+00   0.0000000e+00   5.2585859e+03   1.2681500e+05
   0.0000000e+00   0.0000000e+00   5.2585859e+03   1.2942200e+05
   0.0000000e+00   0.0000000e+00   5.2585859e+03   1.3120000e+05
   0.0000000e+00   0.0000000e+00   5.2585859e+03   1.3124100e+05
   0.0000000e+00   0.0000000e+00   5.2585859e+03   1.3170000e+05
   0.0000000e+00   0.0000000e+00   5.2585859e+03   1.3173000e+05
   0.0000000e+00   0.0000000e+00   5.2585859e+03   1.3200000e+05
   0.0000000e+00   0.0000000e+00   5.2585859e+03   1.3228000e+05
   0.0000000e+00   0.0000000e+00   5.2582391e+03   1.3346500e+05
   0.0000000e+00   0.0000000e+00   5.2582391e+03   1.3350800e+05
   0.0000000e+00   0.0000000e+00   5.2582391e+03   1.3632000e+05
   0.0000000e+00   0.0000000e+00   5.2582391e+03   1.3633000e+05
   0.0000000e+00   0.0000000e+00   5.2582391e+03   1.3823100e+05
   0.0000000e+00   0.0000000e+00   5.2582391e+03   1.3972300e+05
   0.0000000e+00   0.0000000e+00   5.2582391e+03   1.4272100e+05
   0.0000000e+00   0.0000000e+00   5.2582391e+03   1.4371100e+05
   0.0000000e+00   0.0000000e+00   5.2582391e+03   1.4376600e+05
   0.0000000e+00   0.0000000e+00   5.2582391e+03   1.4510000e+05
   0.0000000e+00   0.0000000e+00   5.2582391e+03   1.4690500e+05
   0.0000000e+00   0.0000000e+00   5.2582391e+03   1.4766100e+05
   0.0000000e+00   0.0000000e+00   5.2582391e+03   1.4776500e+05
   0.0000000e+00   0.0000000e+00   5.2582391e+03   1.5598300e+05
   0.0000000e+00   0.0000000e+00   5.2582391e+03   1.5797500e+05
   0.0000000e+00   0.0000000e+00   5.2582391e+03   1.6182800e+05
   0.0000000e+00   0.0000000e+00   5.2582391e+03   1.6362700e+05
   0.0000000e+00   0.0000000e+00   5.2582391e+03   1.6371200e+05
   0.0000000e+00   0.0000000e+00   5.2582391e+03   1.6392200e+05
   0.0000000e+00   0.0000000e+00   5.2582391e+03   1.6515300e+05
   0.0000000e+00   0.0000000e+00   5.2582391e+03   1.6820800e+05
   0.0000000e+00   0.0000000e+00   5.2582391e+03   1.6861000e+05
   0.0000000e+00   0.0000000e+00   5.2582391e+03   1.6969200e+05
   0.0000000e+00   0.0000000e+00   5.2582391e+03   1.6980000e+05
   0.0000000e+00   0.0000000e+00   5.2582391e+03   1.7021200e+05
   0.0000000e+00   0.0000000e+00   5.2582391e+03   1.7064900e+05
   0.0000000e+00   0.0000000e+00   5.2582391e+03   1.7208300e+05
   0.0000000e+00   0.0000000e+00   5.2582391e+03   1.7394400e+05
   0.0000000e+00   0.0000000e+00   5.2582391e+03   1.7503000e+05
   0.0000000e+00   0.0000000e+00   5.2582391e+03   1.7536500e+05
   0.0000000e+00   0.0000000e+00   5.2582391e+03   1.7582400e+05
   0.0000000e+00   0.0000000e+00   5.2582391e+03   1.7801500e+05
   0.0000000e+00   0.0000000e+00   5.2582391e+03   1.7816500e+05
   0.0000000e+00   0.0000000e+00   5.2582391e+03   1.7859500e+05
   0.0000000e+00   0.0000000e+00   5.2582391e+03   1.7861100e+05
   0.0000000e+00   0.0000000e+00   5.2582391e+03   1.8032500e+05
   0.0000000e+00   0.0000000e+00   5.2582391e+03   1.8266300e+05
   0.0000000e+00   0.0000000e+00   5.2582391e+03   1.8458900e+05
   0.0000000e+00   0.0000000e+00   5.2582391e+03   1.8466100e+05
   0.0000000e+00   0.0000000e+00   5.2582391e+03   1.8598600e+05
   0.0000000e+00   0.0000000e+00   5.2582391e+03   1.8798900e+05
   0.0000000e+00   0.0000000e+00   5.2582391e+03   1.8800900e+05
   0.0000000e+00   0.0000000e+00   5.2582391e+03   1.9014300e+05
   0.0000000e+00   0.0000000e+00   5.2582391e+03   1.9108000e+05
   0.0000000e+00   0.0000000e+00   5.2582391e+03   1.9141400e+05
   0.0000000e+00   0.0000000e+00   5.2582391e+03   1.9560500e+05
   0.0000000e+00   0.0000000e+00   5.2582391e+03   1.9635100e+05
   0.0000000e+00   0.0000000e+00   5.2582391e+03   1.9995300e+05
