   1.5508664e+02   4.8917714e+00   1.4879719e+04   2.0000000e+00
   1.1622759e+02   2.2253460e+00   1.6353334e+04   3.0000000e+00
   3.7749730e+01   1.8234710e-01   1.6538182e+04   5.0000000e+00
   3.1583565e+01   3.1826519e-01   1.4452905e+04   6.0000000e+00
   1.9401503e+01   0.0000000e+00   1.6819790e+04   7.0000000e+00
   1.6138975e+01   0.0000000e+00   1.5166357e+04   8.0000000e+00
   1.1445568e+01   0.0000000e+00   1.9278280e+04   9.0000000e+00
   7.7651011e+00   0.0000000e+00   1.7069344e+04   1.1000000e+01
   7.5969524e+00   0.0000000e+00   1.5534020e+04   1.2000000e+01
   4.9654426e+00   0.0000000e+00   1.3923967e+04   1.4000000e+01
   2.8039513e+00   0.0000000e+00   1.3449034e+04   1.5000000e+01
   2.1966016e+00   0.0000000e+00   1.4181294e+04   1.7000000e+01
   2.1431673e-01   0.0000000e+00   1.9495563e+04   1.8000000e+01
   2.0981873e-01   0.0000000e+00   1.8579243e+04   2.1000000e+01
   2.0388894e-01   0.0000000e+00   1.8006749e+04   2.3000000e+01
   0.0000000e+00   0.0000000e+00   2.6272588e+04   2.6000000e+01
   0.0000000e+00   0.0000000e+00   2.4730872e+04   2.7000000e+01
   0.0000000e+00   0.0000000e+00   2.3448209e+04   2.8000000e+01
   0.0000000e+00   0.0000000e+00   2.0214852e+04   3.5000000e+01
   0.0000000e+00   0.0000000e+00   1.8623873e+04   3.8000000e+01
   0.0000000e+00   0.0000000e+00   1.8302962e+04   4.0000000e+01
   0.0000000e+00   0.0000000e+00   1.6627493e+04   4.1000000e+01
   0.0000000e+00   0.0000000e+00   1.5647492e+04   4.2000000e+01
   0.0000000e+00   0.0000000e+00   1.4649381e+04   5.0000000e+01
   0.0000000e+00   0.0000000e+00   1.4564234e+04   6.1000000e+01
   0.0000000e+00   0.0000000e+00   1.3268020e+04   6.6000000e+01
   0.0000000e+00   0.0000000e+00   1.2265674e+04   6.8000000e+01
   0.0000000e+00   0.0000000e+00   1.2050820e+04   7.1000000e+01
   0.0000000e+00   0.0000000e+00   1.1358669e+04   7.6000000e+01
   0.0000000e+00   0.0000000e+00   1.1171439e+04   8.5000000e+01
   0.0000000e+00   0.0000000e+00   1.0441508e+04   9.1000000e+01
   0.0000000e+00   0.0000000e+00   1.0048260e+04   9.3000000e+01
   0.0000000e+00   0.0000000e+00   9.9916060e+03   9.9000000e+01
   0.0000000e+00   0.0000000e+00   9.8125784e+03   1.1500000e+02
   0.0000000e+00   0.0000000e+00   8.9126405e+03   1.2900000e+02
   0.0000000e+00   0.0000000e+00   8.5810514e+03   1.3000000e+02
   0.0000000e+00   0.0000000e+00   8.2960478e+03   1.3400000e+02
   0.0000000e+00   0.0000000e+00   8.2709450e+03   1.3500000e+02
   0.0000000e+00   0.0000000e+00   8.0350048e+03   1.5900000e+02
   0.0000000e+00   0.0000000e+00   7.8529882e+03   1.6500000e+02
   0.0000000e+00   0.0000000e+00   7.6919903e+03   1.7500000e+02
   0.0000000e+00   0.0000000e+00   7.5047740e+03   1.8900000e+02
   0.0000000e+00   0.0000000e+00   7.4352123e+03   2.3300000e+02
   0.0000000e+00   0.0000000e+00   7.3510500e+03   2.3800000e+02
   0.0000000e+00   0.0000000e+00   7.2998527e+03   2.4200000e+02
   0.0000000e+00   0.0000000e+00   7.2400786e+03   5.5500000e+02
   0.0000000e+00   0.0000000e+00   7.2302768e+03   6.0600000e+02
   0.0000000e+00   0.0000000e+00   7.2212479e+03   6.2000000e+02
   0.0000000e+00   0.0000000e+00   7.1638147e+03   6.8300000e+02
   0.0000000e+00   0.0000000e+00   7.1541055e+03   7.3500000e+02
   0.0000000e+00   0.0000000e+00   7.1380247e+03   7.4100000e+02
   0.0000000e+00   0.0000000e+00   7.1355691e+03   7.9300000e+02
   0.0000000e+00   0.0000000e+00   7.1268016e+03   1.3010000e+03
   0.0000000e+00   0.0000000e+00   7.1267471e+03   1.4150000e+03
   0.0000000e+00   0.0000000e+00   7.1201023e+03   1.8380000e+03
   0.0000000e+00   0.0000000e+00   7.1066668e+03   2.2280000e+03
   0.0000000e+00   0.0000000e+00   7.1018488e+03   3.1990000e+03
   0.0000000e+00   0.0000000e+00   7.0991815e+03   3.7170000e+03
   0.0000000e+00   0.0000000e+00   7.0980946e+03   3.8480000e+03
   0.0000000e+00   0.0000000e+00   7.0806118e+03   4.4000000e+03
