   1.3937860e+02   5.0297543e+00   1.4240495e+04   2.0000000e+00
   1.0826872e+02   2.6444214e+00   1.4182114e+04   3.0000000e+00
   8.7184525e+01   9.0264208e-01   1.9033644e+04   5.0000000e+00
   5.7823959e+01   9.3817678e-02   2.3019862e+04   7.0000000e+00
   2.8381746e+01   9.8115367e-04   1.9944612e+04   8.0000000e+00
   2.1155749e+01   0.0000000e+00   2.3695182e+04   9.0000000e+00
   1.5485457e+01   0.0000000e+00   2.4085070e+04   1.0000000e+01
   3.1579717e+00   0.0000000e+00   2.9183113e+04   1.1000000e+01
   4.2335348e-01   0.0000000e+00   2.8164253e+04   1.3000000e+01
   3.3284223e-01   0.0000000e+00   2.4316375e+04   1.6000000e+01
   2.4118580e-01   0.0000000e+00   2.2336290e+04   1.7000000e+01
   1.8688040e-01   0.0000000e+00   2.1083168e+04   2.0000000e+01
   1.2626606e-01   0.0000000e+00   2.7247088e+04   2.5000000e+01
   1.6413703e-02   0.0000000e+00   2.2849974e+04   2.9000000e+01
   0.0000000e+00   0.0000000e+00   2.3960275e+04   3.0000000e+01
   0.0000000e+00   0.0000000e+00   2.2234575e+04   3.4000000e+01
   0.0000000e+00   0.0000000e+00   2.1232433e+04   3.8000000e+01
   0.0000000e+00   0.0000000e+00   1.7986877e+04   4.2000000e+01
   0.0000000e+00   0.0000000e+00   1.6646256e+04   4.9000000e+01
   0.0000000e+00   0.0000000e+00   1.6218029e+04   6.5000000e+01
   0.0000000e+00   0.0000000e+00   1.4389669e+04   6.7000000e+01
   0.0000000e+00   0.0000000e+00   1.4284364e+04   7.1000000e+01
   0.0000000e+00   0.0000000e+00   1.4185453e+04   9.6000000e+01
   0.0000000e+00   0.0000000e+00   1.2918810e+04   9.7000000e+01
   0.0000000e+00   0.0000000e+00   1.2035371e+04   1.0800000e+02
   0.0000000e+00   0.0000000e+00   1.1804588e+04   1.1400000e+02
   0.0000000e+00   0.0000000e+00   1.0625836e+04   1.1600000e+02
   0.0000000e+00   0.0000000e+00   1.0327324e+04   1.1900000e+02
   0.0000000e+00   0.0000000e+00   1.0035663e+04   1.2300000e+02
   0.0000000e+00   0.0000000e+00   9.5072415e+03   1.2900000e+02
   0.0000000e+00   0.0000000e+00   8.9266625e+03   1.3100000e+02
   0.0000000e+00   0.0000000e+00   8.3894444e+03   1.3800000e+02
   0.0000000e+00   0.0000000e+00   8.0018921e+03   1.4300000e+02
   0.0000000e+00   0.0000000e+00   7.7100973e+03   1.5600000e+02
   0.0000000e+00   0.0000000e+00   7.5753963e+03   1.5900000e+02
   0.0000000e+00   0.0000000e+00   7.4759782e+03   1.6400000e+02
   0.0000000e+00   0.0000000e+00   7.3843967e+03   1.6700000e+02
   0.0000000e+00   0.0000000e+00   7.3195142e+03   2.7700000e+02
   0.0000000e+00   0.0000000e+00   7.2946307e+03   5.6700000e+02
   0.0000000e+00   0.0000000e+00   7.2915332e+03   6.0500000e+02
   0.0000000e+00   0.0000000e+00   7.2312308e+03   6.0600000e+02
   0.0000000e+00   0.0000000e+00   7.2198624e+03   8.1400000e+02
   0.0000000e+00   0.0000000e+00   7.1968753e+03   8.9900000e+02
   0.0000000e+00   0.0000000e+00   7.1866631e+03   9.5300000e+02
   0.0000000e+00   0.0000000e+00   7.1794406e+03   1.1770000e+03
   0.0000000e+00   0.0000000e+00   7.1683902e+03   1.4390000e+03
   0.0000000e+00   0.0000000e+00   7.1606317e+03   1.5950000e+03
   0.0000000e+00   0.0000000e+00   7.1539526e+03   1.8400000e+03
   0.0000000e+00   0.0000000e+00   7.1531414e+03   2.7620000e+03
   0.0000000e+00   0.0000000e+00   7.1526345e+03   3.1430000e+03
   0.0000000e+00   0.0000000e+00   7.1445516e+03   3.8080000e+03
   0.0000000e+00   0.0000000e+00   7.1376818e+03   4.4490000e+03
   0.0000000e+00   0.0000000e+00   7.1318797e+03   1.0043000e+04
   0.0000000e+00   0.0000000e+00   7.1283956e+03   1.4521300e+05
   0.0000000e+00   0.0000000e+00   7.1252689e+03   1.8398300e+05
