   1.4265746e+02   5.0484516e+00   1.4307708e+04   2.0000000e+00
   1.2617490e+02   5.5692764e+00   1.2990925e+04   3.0000000e+00
   5.4209336e+01   3.7002317e-01   2.1126547e+04   4.0000000e+00
   3.5187409e+01   0.0000000e+00   2.2211679e+04   6.0000000e+00
   2.9610830e+01   0.0000000e+00   2.4648555e+04   1.0000000e+01
   2.8157694e+01   0.0000000e+00   2.2324153e+04   1.1000000e+01
   2.7654601e+01   4.5811276e-03   1.8325070e+04   1.4000000e+01
   2.4139226e+01   0.0000000e+00   2.1964005e+04   1.5000000e+01
   1.9873720e+01   0.0000000e+00   2.0291544e+04   1.6000000e+01
   1.9618349e+01   0.0000000e+00   1.8379776e+04   1.7000000e+01
   1.6665274e+00   0.0000000e+00   2.4101573e+04   1.8000000e+01
   1.2447089e+00   0.0000000e+00   2.3678992e+04   2.1000000e+01
   6.8470707e-01   0.0000000e+00   2.7637820e+04   2.4000000e+01
   3.9235929e-01   0.0000000e+00   3.1362245e+04   2.6000000e+01
   0.0000000e+00   0.0000000e+00   2.7834598e+04   2.7000000e+01
   0.0000000e+00   0.0000000e+00   2.7791743e+04   3.0000000e+01
   0.0000000e+00   0.0000000e+00   2.2856153e+04   3.1000000e+01
   0.0000000e+00   0.0000000e+00   2.0040095e+04   3.4000000e+01
   0.0000000e+00   0.0000000e+00   1.9236756e+04   3.7000000e+01
   0.0000000e+00   0.0000000e+00   1.7395575e+04   4.0000000e+01
   0.0000000e+00   0.0000000e+00   1.7335633e+04   4.2000000e+01
   0.0000000e+00   0.0000000e+00   1.6508711e+04   4.3000000e+01
   0.0000000e+00   0.0000000e+00   1.4729368e+04   5.4000000e+01
   0.0000000e+00   0.0000000e+00   1.2960363e+04   5.8000000e+01
   0.0000000e+00   0.0000000e+00   1.1550343e+04   6.3000000e+01
   0.0000000e+00   0.0000000e+00   1.0700966e+04   6.5000000e+01
   0.0000000e+00   0.0000000e+00   9.7864527e+03   7.3000000e+01
   0.0000000e+00   0.0000000e+00   9.2861705e+03   7.4000000e+01
   0.0000000e+00   0.0000000e+00   8.8260764e+03   7.9000000e+01
   0.0000000e+00   0.0000000e+00   8.4754801e+03   1.1600000e+02
   0.0000000e+00   0.0000000e+00   8.1648985e+03   1.2600000e+02
   0.0000000e+00   0.0000000e+00   7.9710750e+03   1.4900000e+02
   0.0000000e+00   0.0000000e+00   7.7188415e+03   3.2500000e+02
   0.0000000e+00   0.0000000e+00   7.6619014e+03   3.3200000e+02
   0.0000000e+00   0.0000000e+00   7.6073139e+03   4.0900000e+02
   0.0000000e+00   0.0000000e+00   7.5853977e+03   4.2200000e+02
   0.0000000e+00   0.0000000e+00   7.5233872e+03   5.1000000e+02
   0.0000000e+00   0.0000000e+00   7.5035542e+03   1.5530000e+03
   0.0000000e+00   0.0000000e+00   7.4866986e+03   1.6530000e+03
   0.0000000e+00   0.0000000e+00   7.4759781e+03   4.9750000e+03
   0.0000000e+00   0.0000000e+00   7.4115204e+03   4.9970000e+03
   0.0000000e+00   0.0000000e+00   7.3445140e+03   6.6030000e+03
   0.0000000e+00   0.0000000e+00   7.2734054e+03   7.0450000e+03
   0.0000000e+00   0.0000000e+00   7.2648059e+03   1.0400000e+04
   0.0000000e+00   0.0000000e+00   7.2126326e+03   1.6595000e+04
   0.0000000e+00   0.0000000e+00   7.2075188e+03   2.3591000e+04
   0.0000000e+00   0.0000000e+00   7.2073053e+03   3.2591000e+04
   0.0000000e+00   0.0000000e+00   7.2001764e+03   3.4293000e+04
   0.0000000e+00   0.0000000e+00   7.1813486e+03   4.0840000e+04
   0.0000000e+00   0.0000000e+00   7.1348253e+03   4.1076000e+04
   0.0000000e+00   0.0000000e+00   7.1261554e+03   4.2762000e+04
   0.0000000e+00   0.0000000e+00   7.1241564e+03   4.3451000e+04
   0.0000000e+00   0.0000000e+00   7.1204190e+03   4.4614000e+04
   0.0000000e+00   0.0000000e+00   7.1168631e+03   4.5692000e+04
   0.0000000e+00   0.0000000e+00   7.1123895e+03   4.9406000e+04
   0.0000000e+00   0.0000000e+00   7.1084867e+03   5.1083000e+04
   0.0000000e+00   0.0000000e+00   7.1043315e+03   5.1131000e+04
   0.0000000e+00   0.0000000e+00   7.1043315e+03   5.2209000e+04
   0.0000000e+00   0.0000000e+00   7.1043315e+03   5.2372000e+04
   0.0000000e+00   0.0000000e+00   7.1043315e+03   5.2769000e+04
   0.0000000e+00   0.0000000e+00   7.1043315e+03   5.3516000e+04
   0.0000000e+00   0.0000000e+00   7.1043315e+03   5.4564000e+04
   0.0000000e+00   0.0000000e+00   7.1043315e+03   6.6061000e+04
   0.0000000e+00   0.0000000e+00   7.1043315e+03   7.0665000e+04
   0.0000000e+00   0.0000000e+00   7.1043315e+03   7.0805000e+04
   0.0000000e+00   0.0000000e+00   7.1043315e+03   7.5744000e+04
   0.0000000e+00   0.0000000e+00   7.1043315e+03   7.6673000e+04
   0.0000000e+00   0.0000000e+00   7.1043315e+03   7.8743000e+04
   0.0000000e+00   0.0000000e+00   7.1043315e+03   7.9236000e+04
   0.0000000e+00   0.0000000e+00   7.1043315e+03   7.9663000e+04
   0.0000000e+00   0.0000000e+00   7.1043315e+03   8.6037000e+04
   0.0000000e+00   0.0000000e+00   7.1043315e+03   1.0245900e+05
   0.0000000e+00   0.0000000e+00   7.1043315e+03   1.0963200e+05
   0.0000000e+00   0.0000000e+00   7.1043315e+03   1.1621700e+05
   0.0000000e+00   0.0000000e+00   7.1043315e+03   1.2500000e+05
   0.0000000e+00   0.0000000e+00   7.1043315e+03   1.5183800e+05
   0.0000000e+00   0.0000000e+00   7.1043315e+03   1.5630500e+05
   0.0000000e+00   0.0000000e+00   7.1043315e+03   1.5900600e+05
   0.0000000e+00   0.0000000e+00   7.1043315e+03   1.6293200e+05
   0.0000000e+00   0.0000000e+00   7.1043315e+03   1.6336500e+05
   0.0000000e+00   0.0000000e+00   7.1043315e+03   1.6925900e+05
