   2.3121369e+02   8.9256807e+00   1.7366169e+04   3.0000000e+00
   2.2950545e+02   8.7599262e+00   1.7383721e+04   6.0000000e+00
   2.2800130e+02   8.7055311e+00   1.7372864e+04   7.0000000e+00
   2.2602153e+02   8.5313781e+00   1.7841128e+04   8.0000000e+00
   2.2074064e+02   8.5171902e+00   1.7780143e+04   1.0000000e+01
   2.1224727e+02   9.3705295e+00   1.7709180e+04   1.5000000e+01
   2.1090741e+02   8.6170204e+00   1.7810842e+04   1.6000000e+01
   1.6704153e+02   7.1422661e+00   1.7805511e+04   1.7000000e+01
   1.0951903e+02   1.2750492e+00   1.7786212e+04   1.9000000e+01
   1.0275761e+02   1.3046417e+00   1.7827055e+04   2.0000000e+01
   1.0261607e+02   1.2877820e+00   1.8181949e+04   2.3000000e+01
   1.0167133e+02   1.2924264e+00   1.8090941e+04   2.5000000e+01
   1.0159996e+02   1.2956690e+00   1.7858367e+04   2.6000000e+01
   1.0134901e+02   1.3404442e+00   1.7809023e+04   2.9000000e+01
   8.2760910e+01   8.9924542e-01   1.8168226e+04   3.1000000e+01
   8.1834707e+01   7.4015069e-01   1.8565067e+04   3.3000000e+01
   8.1423391e+01   7.4918110e-01   1.8675461e+04   3.5000000e+01
   7.2070811e+01   6.3973852e-01   1.8891053e+04   3.6000000e+01
   6.5680087e+01   2.9802687e-01   1.9332759e+04   3.8000000e+01
   6.5284825e+01   4.7454403e-01   1.9322693e+04   3.9000000e+01
   6.4735017e+01   4.7081830e-01   1.9233674e+04   4.6000000e+01
   6.1026142e+01   4.6601193e-01   1.9340526e+04   4.7000000e+01
   5.9878164e+01   4.5939137e-01   1.9564407e+04   4.8000000e+01
   5.9571896e+01   4.5545719e-01   1.9421748e+04   4.9000000e+01
   5.9436004e+01   4.0198703e-01   1.9800688e+04   5.0000000e+01
   5.5989109e+01   3.0944746e-01   1.9843581e+04   5.1000000e+01
   5.5510787e+01   3.2404208e-01   1.9691984e+04   5.2000000e+01
   5.4594945e+01   3.2272442e-01   2.0140263e+04   5.3000000e+01
   4.9155539e+01   2.7905945e-01   2.0075443e+04   5.4000000e+01
   4.7928958e+01   2.7193248e-01   2.0627644e+04   5.5000000e+01
   4.7900897e+01   2.6483195e-01   2.0581006e+04   5.6000000e+01
   4.4650911e+01   1.6643216e-01   2.0945400e+04   5.7000000e+01
   4.4450419e+01   1.2546425e-01   2.0751105e+04   5.8000000e+01
   4.2615094e+01   1.2512220e-01   2.0761201e+04   6.0000000e+01
   4.1895714e+01   1.1916114e-01   2.0819541e+04   6.1000000e+01
   4.1523443e+01   1.1079195e-01   2.0925923e+04   6.2000000e+01
   4.1464991e+01   1.1113136e-01   2.1496428e+04   6.5000000e+01
   4.1118849e+01   1.2166544e-01   2.1378790e+04   6.6000000e+01
   4.1039976e+01   1.2005052e-01   2.1245766e+04   6.8000000e+01
   3.9146866e+01   1.6244544e-01   2.1046219e+04   7.0000000e+01
   3.9076236e+01   1.6350150e-01   2.1108749e+04   7.1000000e+01
   3.8044324e+01   1.4722074e-01   2.1181625e+04   7.2000000e+01
   3.7909397e+01   1.4627348e-01   2.1184599e+04   7.3000000e+01
   3.6722787e+01   1.3563788e-01   2.1703307e+04   7.4000000e+01
   3.2813867e+01   1.5749945e-01   2.2078274e+04   7.5000000e+01
   3.2627191e+01   1.0910780e-01   2.1991583e+04   7.7000000e+01
   3.2581272e+01   1.1359352e-01   2.1653567e+04   8.2000000e+01
   1.9881991e+01   1.1701702e-01   2.2342315e+04   8.3000000e+01
   1.9766461e+01   1.1798204e-01   2.2371093e+04   8.4000000e+01
   1.9393558e+01   1.1494554e-01   2.2488723e+04   8.5000000e+01
   1.9343010e+01   1.1475554e-01   2.2391120e+04   8.6000000e+01
   1.8383101e+01   6.7902643e-02   2.2385971e+04   9.1000000e+01
   1.8034054e+01   6.2820421e-02   2.2260633e+04   9.3000000e+01
   1.6808962e+01   5.1938133e-02   2.2205592e+04   9.5000000e+01
   1.6679009e+01   4.9357178e-02   2.3090260e+04   9.8000000e+01
   1.6426445e+01   4.9254744e-02   2.3353125e+04   1.0500000e+02
   1.6336595e+01   4.7396088e-02   2.3457531e+04   1.0600000e+02
   1.6272772e+01   2.3679320e-02   2.3863730e+04   1.0700000e+02
   1.6269275e+01   2.3965101e-02   2.3792572e+04   1.1100000e+02
   1.2584483e+01   3.0970453e-02   2.3700184e+04   1.1200000e+02
   1.2537214e+01   2.9094638e-02   2.3654438e+04   1.1400000e+02
   1.1433996e+01   0.0000000e+00   2.3849673e+04   1.1600000e+02
   1.1423497e+01   0.0000000e+00   2.3654911e+04   1.1700000e+02
   1.1380037e+01   0.0000000e+00   2.3613617e+04   1.1800000e+02
   1.0871606e+01   0.0000000e+00   2.3542362e+04   1.2000000e+02
   1.0421589e+01   0.0000000e+00   2.3541833e+04   1.2300000e+02
   1.0408164e+01   0.0000000e+00   2.3087123e+04   1.2500000e+02
   9.9115474e+00   0.0000000e+00   2.3254243e+04   1.2900000e+02
   8.8240830e+00   0.0000000e+00   2.3167657e+04   1.3600000e+02
   8.7609786e+00   0.0000000e+00   2.2982723e+04   1.4200000e+02
   8.7447604e+00   0.0000000e+00   2.3223333e+04   1.4400000e+02
   8.5667005e+00   0.0000000e+00   2.3410835e+04   1.4800000e+02
   8.2571707e+00   0.0000000e+00   2.3729750e+04   1.5000000e+02
   8.0911462e+00   0.0000000e+00   2.4128615e+04   1.5800000e+02
   7.8716317e+00   0.0000000e+00   2.4497062e+04   1.5900000e+02
   7.7083374e+00   0.0000000e+00   2.4609081e+04   1.6100000e+02
   7.7047126e+00   0.0000000e+00   2.4709623e+04   1.6800000e+02
   7.6532763e+00   0.0000000e+00   2.4807769e+04   1.7000000e+02
   7.4481983e+00   0.0000000e+00   2.5108210e+04   1.7100000e+02
   7.4273200e+00   0.0000000e+00   2.5107759e+04   1.7400000e+02
   7.3967206e+00   0.0000000e+00   2.5074871e+04   1.7700000e+02
   7.3728778e+00   0.0000000e+00   2.4909867e+04   1.7800000e+02
   7.3412704e+00   0.0000000e+00   2.4722925e+04   1.7900000e+02
   7.3225747e+00   0.0000000e+00   2.4954837e+04   1.8000000e+02
   6.8146987e+00   0.0000000e+00   2.5133072e+04   1.8100000e+02
   6.8141843e+00   0.0000000e+00   2.5143554e+04   1.8200000e+02
   6.6559025e+00   0.0000000e+00   2.5419608e+04   1.8500000e+02
   6.6441670e+00   0.0000000e+00   2.5389700e+04   1.8600000e+02
   5.0111647e+00   0.0000000e+00   2.5143457e+04   1.8800000e+02
   4.9131681e+00   0.0000000e+00   2.5249752e+04   1.9000000e+02
   4.8081599e+00   0.0000000e+00   2.5215096e+04   1.9100000e+02
   4.5155567e+00   0.0000000e+00   2.5147571e+04   1.9200000e+02
   4.5054489e+00   0.0000000e+00   2.5314489e+04   1.9600000e+02
   4.4447525e+00   0.0000000e+00   2.5546970e+04   2.0200000e+02
   4.4445285e+00   0.0000000e+00   2.5563041e+04   2.0500000e+02
   4.4358638e+00   0.0000000e+00   2.5517701e+04   2.0600000e+02
   4.4332258e+00   0.0000000e+00   2.5379881e+04   2.0700000e+02
   4.3130543e+00   0.0000000e+00   2.5678982e+04   2.0800000e+02
   4.1910242e+00   0.0000000e+00   2.6019762e+04   2.1000000e+02
   4.1909954e+00   0.0000000e+00   2.6243853e+04   2.1100000e+02
   4.0483179e+00   0.0000000e+00   2.6333006e+04   2.1200000e+02
   4.0432635e+00   0.0000000e+00   2.6246861e+04   2.1400000e+02
   3.9401978e+00   0.0000000e+00   2.6532634e+04   2.1500000e+02
   3.9293113e+00   0.0000000e+00   2.6650329e+04   2.2100000e+02
   2.9178006e+00   0.0000000e+00   2.6617073e+04   2.2300000e+02
   2.9153734e+00   0.0000000e+00   2.6831762e+04   2.3000000e+02
   2.5420198e+00   0.0000000e+00   2.6410558e+04   2.3100000e+02
   2.4123978e+00   0.0000000e+00   2.6266773e+04   2.3400000e+02
   2.3915014e+00   0.0000000e+00   2.6148730e+04   2.3700000e+02
   2.1904032e+00   0.0000000e+00   2.6053738e+04   2.3800000e+02
   1.8983674e+00   0.0000000e+00   2.5912169e+04   2.4200000e+02
   1.8908474e+00   0.0000000e+00   2.5650239e+04   2.4600000e+02
   1.8855203e+00   0.0000000e+00   2.5943679e+04   2.4700000e+02
   1.8783788e+00   0.0000000e+00   2.5894064e+04   2.5000000e+02
   1.8758776e+00   0.0000000e+00   2.5826391e+04   2.5200000e+02
   1.8394167e+00   0.0000000e+00   2.6089604e+04   2.5300000e+02
   1.8340353e+00   0.0000000e+00   2.6100376e+04   2.5400000e+02
   1.7964347e+00   0.0000000e+00   2.6423744e+04   2.5800000e+02
   1.7859128e+00   0.0000000e+00   2.6797330e+04   2.6100000e+02
   1.7583216e+00   0.0000000e+00   2.6637708e+04   2.6300000e+02
   1.7579902e+00   0.0000000e+00   2.6567388e+04   2.6500000e+02
   1.7571761e+00   0.0000000e+00   2.6840851e+04   2.7200000e+02
   1.6649951e+00   0.0000000e+00   2.6355779e+04   2.7300000e+02
   1.6110251e+00   0.0000000e+00   2.6171796e+04   2.8200000e+02
   1.6050361e+00   0.0000000e+00   2.5819066e+04   2.8300000e+02
   1.5849609e+00   0.0000000e+00   2.6075904e+04   2.8400000e+02
   1.5684675e+00   0.0000000e+00   2.6036629e+04   2.8600000e+02
   1.5472980e+00   0.0000000e+00   2.5833711e+04   2.8800000e+02
   1.5462897e+00   0.0000000e+00   2.5585472e+04   2.9000000e+02
   1.5448024e+00   0.0000000e+00   2.5734955e+04   2.9100000e+02
   1.4807625e+00   0.0000000e+00   2.5929235e+04   2.9300000e+02
   1.4800238e+00   0.0000000e+00   2.6128611e+04   2.9900000e+02
   1.4193678e+00   0.0000000e+00   2.5968641e+04   3.0300000e+02
   1.3590478e+00   0.0000000e+00   2.6004821e+04   3.0500000e+02
   1.3427519e+00   0.0000000e+00   2.5917650e+04   3.1200000e+02
   8.2929597e-01   0.0000000e+00   2.5872726e+04   3.1800000e+02
   8.2782676e-01   0.0000000e+00   2.6395974e+04   3.1900000e+02
   8.2780659e-01   0.0000000e+00   2.6400362e+04   3.2100000e+02
   7.6355763e-01   0.0000000e+00   2.6605350e+04   3.2200000e+02
   7.6217192e-01   0.0000000e+00   2.6402415e+04   3.2500000e+02
   7.6051354e-01   0.0000000e+00   2.6374514e+04   3.2600000e+02
   7.5895876e-01   0.0000000e+00   2.6226181e+04   3.2700000e+02
   6.6543422e-01   0.0000000e+00   2.6695983e+04   3.2800000e+02
   6.4517629e-01   0.0000000e+00   2.6696812e+04   3.3400000e+02
   6.3556133e-01   0.0000000e+00   2.6534990e+04   3.3600000e+02
   6.3483584e-01   0.0000000e+00   2.6655850e+04   3.4200000e+02
   6.2644874e-01   0.0000000e+00   2.6414404e+04   3.4400000e+02
   6.0140424e-01   0.0000000e+00   2.6216797e+04   3.4500000e+02
   4.1704879e-01   0.0000000e+00   2.5685103e+04   3.4700000e+02
   4.1149047e-01   0.0000000e+00   2.5491603e+04   3.5000000e+02
   3.8020702e-01   0.0000000e+00   2.5831230e+04   3.5100000e+02
   3.7861066e-01   0.0000000e+00   2.5953348e+04   3.5800000e+02
   3.2875635e-01   0.0000000e+00   2.6140531e+04   3.6600000e+02
   3.2703486e-01   0.0000000e+00   2.5951740e+04   3.6700000e+02
   3.2696605e-01   0.0000000e+00   2.6080963e+04   3.7500000e+02
   3.2689612e-01   0.0000000e+00   2.6395465e+04   3.7600000e+02
   2.8109477e-01   0.0000000e+00   2.6244664e+04   3.7700000e+02
   1.8504170e-01   0.0000000e+00   2.6071409e+04   3.8600000e+02
   1.7886103e-01   0.0000000e+00   2.5894516e+04   3.9200000e+02
   1.7855734e-01   0.0000000e+00   2.6044617e+04   3.9300000e+02
   1.6696269e-01   0.0000000e+00   2.5826432e+04   3.9900000e+02
   1.6140570e-01   0.0000000e+00   2.6086868e+04   4.0500000e+02
   1.5781076e-01   0.0000000e+00   2.5902861e+04   4.2900000e+02
   1.5543873e-01   0.0000000e+00   2.6316867e+04   4.3300000e+02
   1.5488110e-01   0.0000000e+00   2.6303645e+04   4.4000000e+02
   1.5405936e-01   0.0000000e+00   2.6551257e+04   4.4400000e+02
   1.4950219e-01   0.0000000e+00   2.6366671e+04   4.4500000e+02
   1.4834498e-01   0.0000000e+00   2.6435532e+04   4.5300000e+02
   1.4706396e-01   0.0000000e+00   2.6914145e+04   4.5700000e+02
   1.1443546e-01   0.0000000e+00   2.7271528e+04   4.7800000e+02
   1.1356411e-01   0.0000000e+00   2.7124227e+04   4.8000000e+02
   1.1231505e-01   0.0000000e+00   2.6944389e+04   4.8700000e+02
   1.1197323e-01   0.0000000e+00   2.6666459e+04   5.1100000e+02
   1.1164324e-01   0.0000000e+00   2.7162190e+04   5.1300000e+02
   1.0954809e-01   0.0000000e+00   2.7595763e+04   5.1500000e+02
   1.0480298e-01   0.0000000e+00   2.8033674e+04   5.1900000e+02
   1.0166672e-01   0.0000000e+00   2.7902365e+04   5.2100000e+02
   1.0115483e-01   0.0000000e+00   2.7774943e+04   5.2500000e+02
   1.0094648e-01   0.0000000e+00   2.7985321e+04   5.2800000e+02
   1.0093781e-01   0.0000000e+00   2.7912503e+04   5.3000000e+02
   9.9506611e-02   0.0000000e+00   2.7654041e+04   5.3400000e+02
   9.7357213e-02   0.0000000e+00   2.7379751e+04   5.3600000e+02
   9.7318686e-02   0.0000000e+00   2.7534887e+04   5.3700000e+02
   9.4971037e-02   0.0000000e+00   2.7522331e+04   5.4200000e+02
   9.4480425e-02   0.0000000e+00   2.7367274e+04   5.4600000e+02
   9.4468317e-02   0.0000000e+00   2.7421468e+04   5.4800000e+02
   8.9033009e-02   0.0000000e+00   2.7544283e+04   5.6600000e+02
   8.8676791e-02   0.0000000e+00   2.7336451e+04   5.6700000e+02
   8.8196906e-02   0.0000000e+00   2.7205849e+04   5.6800000e+02
   7.7767483e-02   0.0000000e+00   2.7025938e+04   5.7300000e+02
   7.7702136e-02   0.0000000e+00   2.7448480e+04   5.7500000e+02
   7.7403362e-02   0.0000000e+00   2.7694368e+04   5.8100000e+02
   7.5711663e-02   0.0000000e+00   2.8085022e+04   5.8200000e+02
   6.7367392e-02   0.0000000e+00   2.8284673e+04   5.8300000e+02
   5.7336494e-02   0.0000000e+00   2.8502070e+04   5.8400000e+02
   5.4267344e-02   0.0000000e+00   2.8676801e+04   5.8500000e+02
   4.6045694e-02   0.0000000e+00   2.8838145e+04   5.8700000e+02
   3.9376398e-02   0.0000000e+00   2.8651757e+04   5.8900000e+02
   2.6449285e-02   0.0000000e+00   2.8639345e+04   5.9500000e+02
   1.3575732e-02   0.0000000e+00   2.8640520e+04   5.9700000e+02
   0.0000000e+00   0.0000000e+00   2.8332415e+04   5.9800000e+02
   0.0000000e+00   0.0000000e+00   2.8228490e+04   6.1400000e+02
   0.0000000e+00   0.0000000e+00   2.8092056e+04   6.1800000e+02
   0.0000000e+00   0.0000000e+00   2.8040494e+04   6.2100000e+02
   0.0000000e+00   0.0000000e+00   2.7847357e+04   6.2600000e+02
   0.0000000e+00   0.0000000e+00   2.7601592e+04   6.2800000e+02
   0.0000000e+00   0.0000000e+00   2.7341242e+04   6.3500000e+02
   0.0000000e+00   0.0000000e+00   2.7059078e+04   6.3900000e+02
   0.0000000e+00   0.0000000e+00   2.6952419e+04   6.4300000e+02
   0.0000000e+00   0.0000000e+00   2.6770529e+04   6.5000000e+02
   0.0000000e+00   0.0000000e+00   2.6187444e+04   6.5400000e+02
   0.0000000e+00   0.0000000e+00   2.6187345e+04   6.5900000e+02
   0.0000000e+00   0.0000000e+00   2.6067740e+04   6.6400000e+02
   0.0000000e+00   0.0000000e+00   2.5904288e+04   6.7800000e+02
   0.0000000e+00   0.0000000e+00   2.5617182e+04   6.9200000e+02
   0.0000000e+00   0.0000000e+00   2.5323723e+04   6.9700000e+02
   0.0000000e+00   0.0000000e+00   2.5037713e+04   7.0000000e+02
   0.0000000e+00   0.0000000e+00   2.5021488e+04   7.0200000e+02
   0.0000000e+00   0.0000000e+00   2.5008725e+04   7.0400000e+02
   0.0000000e+00   0.0000000e+00   2.4899638e+04   7.0500000e+02
   0.0000000e+00   0.0000000e+00   2.4776632e+04   7.0700000e+02
   0.0000000e+00   0.0000000e+00   2.4695008e+04   7.2200000e+02
   0.0000000e+00   0.0000000e+00   2.4664487e+04   7.2300000e+02
   0.0000000e+00   0.0000000e+00   2.4576329e+04   7.2500000e+02
   0.0000000e+00   0.0000000e+00   2.4348521e+04   7.2700000e+02
   0.0000000e+00   0.0000000e+00   2.4038556e+04   7.3900000e+02
   0.0000000e+00   0.0000000e+00   2.3991199e+04   7.5000000e+02
   0.0000000e+00   0.0000000e+00   2.3768733e+04   7.5300000e+02
   0.0000000e+00   0.0000000e+00   2.3651710e+04   7.5400000e+02
   0.0000000e+00   0.0000000e+00   2.3634009e+04   7.6400000e+02
   0.0000000e+00   0.0000000e+00   2.3513488e+04   7.7000000e+02
   0.0000000e+00   0.0000000e+00   2.3182200e+04   7.7500000e+02
   0.0000000e+00   0.0000000e+00   2.3111429e+04   7.7900000e+02
   0.0000000e+00   0.0000000e+00   2.2878168e+04   7.8700000e+02
   0.0000000e+00   0.0000000e+00   2.2695632e+04   7.9300000e+02
   0.0000000e+00   0.0000000e+00   2.2560501e+04   7.9800000e+02
   0.0000000e+00   0.0000000e+00   2.2425190e+04   8.0100000e+02
   0.0000000e+00   0.0000000e+00   2.2204486e+04   8.0300000e+02
   0.0000000e+00   0.0000000e+00   2.2169103e+04   8.2100000e+02
   0.0000000e+00   0.0000000e+00   2.2120159e+04   8.2300000e+02
   0.0000000e+00   0.0000000e+00   2.1982286e+04   8.2600000e+02
   0.0000000e+00   0.0000000e+00   2.1845516e+04   8.3400000e+02
   0.0000000e+00   0.0000000e+00   2.1832177e+04   8.4100000e+02
   0.0000000e+00   0.0000000e+00   2.1766643e+04   8.4500000e+02
   0.0000000e+00   0.0000000e+00   2.1583429e+04   8.7200000e+02
   0.0000000e+00   0.0000000e+00   2.1459693e+04   8.7300000e+02
   0.0000000e+00   0.0000000e+00   2.1445826e+04   8.8700000e+02
   0.0000000e+00   0.0000000e+00   2.1385912e+04   8.9100000e+02
   0.0000000e+00   0.0000000e+00   2.1362050e+04   9.0300000e+02
   0.0000000e+00   0.0000000e+00   2.1301170e+04   9.0500000e+02
   0.0000000e+00   0.0000000e+00   2.1175757e+04   9.0900000e+02
   0.0000000e+00   0.0000000e+00   2.1112658e+04   9.1300000e+02
   0.0000000e+00   0.0000000e+00   2.0891181e+04   9.2200000e+02
   0.0000000e+00   0.0000000e+00   2.0802617e+04   9.2800000e+02
   0.0000000e+00   0.0000000e+00   2.0607240e+04   9.3200000e+02
   0.0000000e+00   0.0000000e+00   2.0568895e+04   9.3600000e+02
   0.0000000e+00   0.0000000e+00   2.0498913e+04   9.4400000e+02
   0.0000000e+00   0.0000000e+00   2.0465266e+04   9.4900000e+02
   0.0000000e+00   0.0000000e+00   2.0392278e+04   9.5700000e+02
   0.0000000e+00   0.0000000e+00   2.0295503e+04   9.6200000e+02
   0.0000000e+00   0.0000000e+00   2.0226687e+04   9.6700000e+02
   0.0000000e+00   0.0000000e+00   2.0053407e+04   9.7400000e+02
   0.0000000e+00   0.0000000e+00   1.9909207e+04   9.7700000e+02
   0.0000000e+00   0.0000000e+00   1.9878998e+04   9.8000000e+02
   0.0000000e+00   0.0000000e+00   1.9777187e+04   9.8300000e+02
   0.0000000e+00   0.0000000e+00   1.9754545e+04   9.8400000e+02
   0.0000000e+00   0.0000000e+00   1.9574473e+04   9.8900000e+02
   0.0000000e+00   0.0000000e+00   1.9567800e+04   1.0020000e+03
   0.0000000e+00   0.0000000e+00   1.9403575e+04   1.0200000e+03
   0.0000000e+00   0.0000000e+00   1.9351338e+04   1.0220000e+03
   0.0000000e+00   0.0000000e+00   1.9322981e+04   1.0320000e+03
   0.0000000e+00   0.0000000e+00   1.9040522e+04   1.0380000e+03
   0.0000000e+00   0.0000000e+00   1.8797352e+04   1.0460000e+03
   0.0000000e+00   0.0000000e+00   1.8722997e+04   1.0490000e+03
   0.0000000e+00   0.0000000e+00   1.8597727e+04   1.0510000e+03
   0.0000000e+00   0.0000000e+00   1.8433262e+04   1.0540000e+03
   0.0000000e+00   0.0000000e+00   1.8415806e+04   1.0620000e+03
   0.0000000e+00   0.0000000e+00   1.8359478e+04   1.0700000e+03
   0.0000000e+00   0.0000000e+00   1.8212519e+04   1.0750000e+03
   0.0000000e+00   0.0000000e+00   1.8196125e+04   1.0780000e+03
   0.0000000e+00   0.0000000e+00   1.8079350e+04   1.0810000e+03
   0.0000000e+00   0.0000000e+00   1.8005271e+04   1.0820000e+03
   0.0000000e+00   0.0000000e+00   1.8001180e+04   1.0830000e+03
   0.0000000e+00   0.0000000e+00   1.7844701e+04   1.1070000e+03
   0.0000000e+00   0.0000000e+00   1.7646929e+04   1.1080000e+03
   0.0000000e+00   0.0000000e+00   1.7548315e+04   1.1220000e+03
   0.0000000e+00   0.0000000e+00   1.7370573e+04   1.1320000e+03
   0.0000000e+00   0.0000000e+00   1.7354772e+04   1.1330000e+03
   0.0000000e+00   0.0000000e+00   1.7314433e+04   1.1400000e+03
   0.0000000e+00   0.0000000e+00   1.7171215e+04   1.1410000e+03
   0.0000000e+00   0.0000000e+00   1.7127331e+04   1.1540000e+03
   0.0000000e+00   0.0000000e+00   1.7020921e+04   1.1680000e+03
   0.0000000e+00   0.0000000e+00   1.6854189e+04   1.1730000e+03
   0.0000000e+00   0.0000000e+00   1.6853465e+04   1.1760000e+03
   0.0000000e+00   0.0000000e+00   1.6829593e+04   1.1770000e+03
   0.0000000e+00   0.0000000e+00   1.6748951e+04   1.1840000e+03
   0.0000000e+00   0.0000000e+00   1.6714706e+04   1.1850000e+03
   0.0000000e+00   0.0000000e+00   1.6704183e+04   1.1890000e+03
   0.0000000e+00   0.0000000e+00   1.6519668e+04   1.2030000e+03
   0.0000000e+00   0.0000000e+00   1.6458662e+04   1.2060000e+03
   0.0000000e+00   0.0000000e+00   1.6269333e+04   1.2120000e+03
   0.0000000e+00   0.0000000e+00   1.6153541e+04   1.2170000e+03
   0.0000000e+00   0.0000000e+00   1.5994562e+04   1.2300000e+03
   0.0000000e+00   0.0000000e+00   1.5831545e+04   1.2370000e+03
   0.0000000e+00   0.0000000e+00   1.5708440e+04   1.2410000e+03
   0.0000000e+00   0.0000000e+00   1.5652740e+04   1.2440000e+03
   0.0000000e+00   0.0000000e+00   1.5635896e+04   1.2700000e+03
   0.0000000e+00   0.0000000e+00   1.5595414e+04   1.2850000e+03
   0.0000000e+00   0.0000000e+00   1.5538210e+04   1.2900000e+03
   0.0000000e+00   0.0000000e+00   1.5479595e+04   1.2950000e+03
   0.0000000e+00   0.0000000e+00   1.5424467e+04   1.2970000e+03
   0.0000000e+00   0.0000000e+00   1.5373491e+04   1.3010000e+03
   0.0000000e+00   0.0000000e+00   1.5344976e+04   1.3120000e+03
   0.0000000e+00   0.0000000e+00   1.5311723e+04   1.3300000e+03
   0.0000000e+00   0.0000000e+00   1.5228617e+04   1.3390000e+03
   0.0000000e+00   0.0000000e+00   1.5129314e+04   1.3400000e+03
   0.0000000e+00   0.0000000e+00   1.5095353e+04   1.3440000e+03
   0.0000000e+00   0.0000000e+00   1.5002067e+04   1.3580000e+03
   0.0000000e+00   0.0000000e+00   1.4971629e+04   1.3600000e+03
   0.0000000e+00   0.0000000e+00   1.4890641e+04   1.3810000e+03
   0.0000000e+00   0.0000000e+00   1.4890026e+04   1.3880000e+03
   0.0000000e+00   0.0000000e+00   1.4845339e+04   1.4080000e+03
   0.0000000e+00   0.0000000e+00   1.4827968e+04   1.4610000e+03
   0.0000000e+00   0.0000000e+00   1.4815169e+04   1.5010000e+03
   0.0000000e+00   0.0000000e+00   1.4810808e+04   1.7460000e+03
   0.0000000e+00   0.0000000e+00   1.4690932e+04   1.7580000e+03
   0.0000000e+00   0.0000000e+00   1.4678571e+04   1.7620000e+03
   0.0000000e+00   0.0000000e+00   1.4673674e+04   1.7730000e+03
   0.0000000e+00   0.0000000e+00   1.4646484e+04   1.7740000e+03
   0.0000000e+00   0.0000000e+00   1.4588321e+04   1.8100000e+03
   0.0000000e+00   0.0000000e+00   1.4501887e+04   1.8410000e+03
   0.0000000e+00   0.0000000e+00   1.4492166e+04   1.8450000e+03
   0.0000000e+00   0.0000000e+00   1.4468787e+04   1.8610000e+03
   0.0000000e+00   0.0000000e+00   1.4461747e+04   1.8640000e+03
   0.0000000e+00   0.0000000e+00   1.4403638e+04   1.8810000e+03
   0.0000000e+00   0.0000000e+00   1.4319081e+04   1.8820000e+03
   0.0000000e+00   0.0000000e+00   1.4253322e+04   1.8840000e+03
   0.0000000e+00   0.0000000e+00   1.4145357e+04   1.8870000e+03
   0.0000000e+00   0.0000000e+00   1.4125756e+04   1.8920000e+03
   0.0000000e+00   0.0000000e+00   1.4014434e+04   1.8930000e+03
   0.0000000e+00   0.0000000e+00   1.3941355e+04   1.9010000e+03
   0.0000000e+00   0.0000000e+00   1.3937627e+04   1.9500000e+03
   0.0000000e+00   0.0000000e+00   1.3854924e+04   2.0200000e+03
   0.0000000e+00   0.0000000e+00   1.3819377e+04   2.0260000e+03
   0.0000000e+00   0.0000000e+00   1.3755445e+04   2.0290000e+03
   0.0000000e+00   0.0000000e+00   1.3727827e+04   2.0340000e+03
   0.0000000e+00   0.0000000e+00   1.3724739e+04   2.0370000e+03
   0.0000000e+00   0.0000000e+00   1.3596413e+04   2.0450000e+03
   0.0000000e+00   0.0000000e+00   1.3544031e+04   2.0520000e+03
   0.0000000e+00   0.0000000e+00   1.3533308e+04   2.0530000e+03
   0.0000000e+00   0.0000000e+00   1.3518014e+04   2.0660000e+03
   0.0000000e+00   0.0000000e+00   1.3489449e+04   2.0720000e+03
   0.0000000e+00   0.0000000e+00   1.3436647e+04   2.0770000e+03
   0.0000000e+00   0.0000000e+00   1.3433537e+04   2.0790000e+03
   0.0000000e+00   0.0000000e+00   1.3426429e+04   2.0810000e+03
   0.0000000e+00   0.0000000e+00   1.3419917e+04   2.0860000e+03
   0.0000000e+00   0.0000000e+00   1.3405808e+04   2.0870000e+03
   0.0000000e+00   0.0000000e+00   1.3387553e+04   2.1290000e+03
   0.0000000e+00   0.0000000e+00   1.3383661e+04   2.1330000e+03
   0.0000000e+00   0.0000000e+00   1.3296129e+04   2.1680000e+03
   0.0000000e+00   0.0000000e+00   1.3287086e+04   2.1700000e+03
   0.0000000e+00   0.0000000e+00   1.3272360e+04   2.1890000e+03
   0.0000000e+00   0.0000000e+00   1.3255986e+04   2.1910000e+03
   0.0000000e+00   0.0000000e+00   1.3216305e+04   2.1920000e+03
   0.0000000e+00   0.0000000e+00   1.3124694e+04   2.2020000e+03
   0.0000000e+00   0.0000000e+00   1.3102867e+04   2.2240000e+03
   0.0000000e+00   0.0000000e+00   1.3041461e+04   2.2260000e+03
   0.0000000e+00   0.0000000e+00   1.2978572e+04   2.2270000e+03
   0.0000000e+00   0.0000000e+00   1.2936951e+04   2.2290000e+03
   0.0000000e+00   0.0000000e+00   1.2917011e+04   2.2380000e+03
   0.0000000e+00   0.0000000e+00   1.2871243e+04   2.2460000e+03
   0.0000000e+00   0.0000000e+00   1.2743879e+04   2.2570000e+03
   0.0000000e+00   0.0000000e+00   1.2696427e+04   2.2620000e+03
   0.0000000e+00   0.0000000e+00   1.2641695e+04   2.2880000e+03
   0.0000000e+00   0.0000000e+00   1.2588499e+04   2.2900000e+03
   0.0000000e+00   0.0000000e+00   1.2582829e+04   2.3150000e+03
   0.0000000e+00   0.0000000e+00   1.2566529e+04   2.3190000e+03
   0.0000000e+00   0.0000000e+00   1.2487908e+04   2.3320000e+03
   0.0000000e+00   0.0000000e+00   1.2430184e+04   2.3400000e+03
   0.0000000e+00   0.0000000e+00   1.2407441e+04   2.3620000e+03
   0.0000000e+00   0.0000000e+00   1.2402439e+04   2.3700000e+03
   0.0000000e+00   0.0000000e+00   1.2396322e+04   2.3970000e+03
   0.0000000e+00   0.0000000e+00   1.2393852e+04   2.3980000e+03
   0.0000000e+00   0.0000000e+00   1.2369301e+04   2.4260000e+03
   0.0000000e+00   0.0000000e+00   1.2332992e+04   2.4340000e+03
   0.0000000e+00   0.0000000e+00   1.2273070e+04   2.4380000e+03
   0.0000000e+00   0.0000000e+00   1.2172299e+04   2.4460000e+03
   0.0000000e+00   0.0000000e+00   1.2136322e+04   2.4470000e+03
   0.0000000e+00   0.0000000e+00   1.2132865e+04   2.4580000e+03
   0.0000000e+00   0.0000000e+00   1.2113585e+04   2.5360000e+03
   0.0000000e+00   0.0000000e+00   1.2081736e+04   2.5410000e+03
   0.0000000e+00   0.0000000e+00   1.2073302e+04   2.6020000e+03
   0.0000000e+00   0.0000000e+00   1.1935355e+04   2.6150000e+03
   0.0000000e+00   0.0000000e+00   1.1876274e+04   2.6540000e+03
   0.0000000e+00   0.0000000e+00   1.1867361e+04   2.6640000e+03
   0.0000000e+00   0.0000000e+00   1.1859841e+04   2.7020000e+03
   0.0000000e+00   0.0000000e+00   1.1829715e+04   2.7120000e+03
   0.0000000e+00   0.0000000e+00   1.1827079e+04   2.7230000e+03
   0.0000000e+00   0.0000000e+00   1.1795563e+04   2.7290000e+03
   0.0000000e+00   0.0000000e+00   1.1685575e+04   2.7380000e+03
   0.0000000e+00   0.0000000e+00   1.1679033e+04   2.7400000e+03
   0.0000000e+00   0.0000000e+00   1.1559103e+04   2.7410000e+03
   0.0000000e+00   0.0000000e+00   1.1554937e+04   2.7630000e+03
   0.0000000e+00   0.0000000e+00   1.1512607e+04   2.7650000e+03
   0.0000000e+00   0.0000000e+00   1.1510727e+04   2.7700000e+03
   0.0000000e+00   0.0000000e+00   1.1487582e+04   2.7790000e+03
   0.0000000e+00   0.0000000e+00   1.1484047e+04   2.7800000e+03
   0.0000000e+00   0.0000000e+00   1.1476803e+04   2.7880000e+03
   0.0000000e+00   0.0000000e+00   1.1415566e+04   2.7930000e+03
   0.0000000e+00   0.0000000e+00   1.1390590e+04   2.8030000e+03
   0.0000000e+00   0.0000000e+00   1.1341994e+04   2.9010000e+03
   0.0000000e+00   0.0000000e+00   1.1334501e+04   2.9020000e+03
   0.0000000e+00   0.0000000e+00   1.1306095e+04   2.9220000e+03
   0.0000000e+00   0.0000000e+00   1.1243102e+04   2.9340000e+03
   0.0000000e+00   0.0000000e+00   1.1162870e+04   2.9390000e+03
   0.0000000e+00   0.0000000e+00   1.1154741e+04   2.9610000e+03
   0.0000000e+00   0.0000000e+00   1.1147663e+04   2.9960000e+03
   0.0000000e+00   0.0000000e+00   1.1145713e+04   2.9990000e+03
   0.0000000e+00   0.0000000e+00   1.1115311e+04   3.0450000e+03
   0.0000000e+00   0.0000000e+00   1.1088829e+04   3.0570000e+03
   0.0000000e+00   0.0000000e+00   1.1010383e+04   3.0850000e+03
   0.0000000e+00   0.0000000e+00   1.0956595e+04   3.0910000e+03
   0.0000000e+00   0.0000000e+00   1.0948792e+04   3.1480000e+03
   0.0000000e+00   0.0000000e+00   1.0920714e+04   3.1650000e+03
   0.0000000e+00   0.0000000e+00   1.0909912e+04   3.1850000e+03
   0.0000000e+00   0.0000000e+00   1.0740422e+04   3.2030000e+03
   0.0000000e+00   0.0000000e+00   1.0730850e+04   3.2650000e+03
   0.0000000e+00   0.0000000e+00   1.0726072e+04   3.2880000e+03
   0.0000000e+00   0.0000000e+00   1.0723049e+04   3.3030000e+03
   0.0000000e+00   0.0000000e+00   1.0659307e+04   3.3060000e+03
   0.0000000e+00   0.0000000e+00   1.0602971e+04   3.3210000e+03
   0.0000000e+00   0.0000000e+00   1.0597814e+04   3.3370000e+03
   0.0000000e+00   0.0000000e+00   1.0574669e+04   3.3680000e+03
   0.0000000e+00   0.0000000e+00   1.0555384e+04   3.3890000e+03
   0.0000000e+00   0.0000000e+00   1.0552366e+04   3.3970000e+03
   0.0000000e+00   0.0000000e+00   1.0549648e+04   3.4090000e+03
   0.0000000e+00   0.0000000e+00   1.0521118e+04   3.4540000e+03
   0.0000000e+00   0.0000000e+00   1.0504919e+04   3.4810000e+03
   0.0000000e+00   0.0000000e+00   1.0473414e+04   3.6040000e+03
   0.0000000e+00   0.0000000e+00   1.0419114e+04   3.6220000e+03
   0.0000000e+00   0.0000000e+00   1.0402682e+04   3.6280000e+03
   0.0000000e+00   0.0000000e+00   1.0381463e+04   3.6430000e+03
   0.0000000e+00   0.0000000e+00   1.0332465e+04   3.6940000e+03
   0.0000000e+00   0.0000000e+00   1.0317997e+04   3.7160000e+03
   0.0000000e+00   0.0000000e+00   1.0313828e+04   3.7800000e+03
   0.0000000e+00   0.0000000e+00   1.0298420e+04   3.9020000e+03
   0.0000000e+00   0.0000000e+00   1.0297634e+04   3.9230000e+03
   0.0000000e+00   0.0000000e+00   1.0180539e+04   4.2610000e+03
   0.0000000e+00   0.0000000e+00   1.0175062e+04   4.2800000e+03
   0.0000000e+00   0.0000000e+00   1.0129911e+04   4.2870000e+03
   0.0000000e+00   0.0000000e+00   1.0104510e+04   4.3160000e+03
   0.0000000e+00   0.0000000e+00   1.0045974e+04   4.3400000e+03
   0.0000000e+00   0.0000000e+00   1.0040324e+04   4.3610000e+03
   0.0000000e+00   0.0000000e+00   1.0037933e+04   4.4020000e+03
   0.0000000e+00   0.0000000e+00   1.0014548e+04   4.4070000e+03
   0.0000000e+00   0.0000000e+00   9.9927366e+03   4.4650000e+03
   0.0000000e+00   0.0000000e+00   9.9822696e+03   4.4680000e+03
   0.0000000e+00   0.0000000e+00   9.9472022e+03   4.5250000e+03
   0.0000000e+00   0.0000000e+00   9.9108554e+03   4.5280000e+03
   0.0000000e+00   0.0000000e+00   9.8675252e+03   4.5330000e+03
   0.0000000e+00   0.0000000e+00   9.8325342e+03   4.5650000e+03
   0.0000000e+00   0.0000000e+00   9.7904503e+03   4.6040000e+03
   0.0000000e+00   0.0000000e+00   9.7650546e+03   4.6120000e+03
   0.0000000e+00   0.0000000e+00   9.7346070e+03   4.6830000e+03
   0.0000000e+00   0.0000000e+00   9.7219527e+03   4.9230000e+03
   0.0000000e+00   0.0000000e+00   9.7110511e+03   4.9770000e+03
   0.0000000e+00   0.0000000e+00   9.7066794e+03   4.9860000e+03
   0.0000000e+00   0.0000000e+00   9.7050196e+03   4.9950000e+03
   0.0000000e+00   0.0000000e+00   9.6668742e+03   5.0870000e+03
   0.0000000e+00   0.0000000e+00   9.6121426e+03   5.1000000e+03
   0.0000000e+00   0.0000000e+00   9.5845340e+03   5.1260000e+03
   0.0000000e+00   0.0000000e+00   9.5550259e+03   5.1350000e+03
   0.0000000e+00   0.0000000e+00   9.5496297e+03   5.1510000e+03
   0.0000000e+00   0.0000000e+00   9.5363047e+03   5.1900000e+03
   0.0000000e+00   0.0000000e+00   9.5271140e+03   5.2310000e+03
   0.0000000e+00   0.0000000e+00   9.5210852e+03   5.2370000e+03
   0.0000000e+00   0.0000000e+00   9.4498562e+03   5.2460000e+03
   0.0000000e+00   0.0000000e+00   9.4339427e+03   5.3520000e+03
   0.0000000e+00   0.0000000e+00   9.4098189e+03   5.3720000e+03
   0.0000000e+00   0.0000000e+00   9.4012519e+03   5.5610000e+03
   0.0000000e+00   0.0000000e+00   9.3938638e+03   5.5640000e+03
   0.0000000e+00   0.0000000e+00   9.3904077e+03   5.5770000e+03
   0.0000000e+00   0.0000000e+00   9.3887527e+03   5.6020000e+03
   0.0000000e+00   0.0000000e+00   9.3446181e+03   5.7450000e+03
   0.0000000e+00   0.0000000e+00   9.3338499e+03   5.7610000e+03
   0.0000000e+00   0.0000000e+00   9.3009977e+03   5.8040000e+03
   0.0000000e+00   0.0000000e+00   9.2863022e+03   5.8850000e+03
   0.0000000e+00   0.0000000e+00   9.2643940e+03   5.9010000e+03
   0.0000000e+00   0.0000000e+00   9.2513784e+03   5.9710000e+03
   0.0000000e+00   0.0000000e+00   9.2346362e+03   5.9990000e+03
   0.0000000e+00   0.0000000e+00   9.2060051e+03   6.0300000e+03
   0.0000000e+00   0.0000000e+00   9.1915901e+03   6.0850000e+03
   0.0000000e+00   0.0000000e+00   9.1850596e+03   6.1260000e+03
   0.0000000e+00   0.0000000e+00   9.1611185e+03   6.1350000e+03
   0.0000000e+00   0.0000000e+00   9.1531698e+03   6.1510000e+03
   0.0000000e+00   0.0000000e+00   9.1488810e+03   6.1520000e+03
   0.0000000e+00   0.0000000e+00   9.1259430e+03   6.2160000e+03
   0.0000000e+00   0.0000000e+00   9.1224054e+03   6.2390000e+03
   0.0000000e+00   0.0000000e+00   9.1107320e+03   6.3080000e+03
   0.0000000e+00   0.0000000e+00   9.1049665e+03   6.3500000e+03
   0.0000000e+00   0.0000000e+00   9.1039297e+03   6.3810000e+03
   0.0000000e+00   0.0000000e+00   9.0956474e+03   6.4530000e+03
   0.0000000e+00   0.0000000e+00   9.0717013e+03   6.4700000e+03
   0.0000000e+00   0.0000000e+00   9.0071114e+03   6.4770000e+03
   0.0000000e+00   0.0000000e+00   8.9915460e+03   6.4820000e+03
   0.0000000e+00   0.0000000e+00   8.9904822e+03   6.4880000e+03
   0.0000000e+00   0.0000000e+00   8.9735507e+03   6.5280000e+03
   0.0000000e+00   0.0000000e+00   8.9434963e+03   6.5510000e+03
   0.0000000e+00   0.0000000e+00   8.9423089e+03   6.7730000e+03
   0.0000000e+00   0.0000000e+00   8.9243895e+03   6.7890000e+03
   0.0000000e+00   0.0000000e+00   8.9094131e+03   6.8590000e+03
   0.0000000e+00   0.0000000e+00   8.9030739e+03   6.9220000e+03
   0.0000000e+00   0.0000000e+00   8.9018586e+03   7.0520000e+03
   0.0000000e+00   0.0000000e+00   8.8804033e+03   7.1020000e+03
   0.0000000e+00   0.0000000e+00   8.8804033e+03   7.1540000e+03
   0.0000000e+00   0.0000000e+00   8.8619223e+03   7.1590000e+03
   0.0000000e+00   0.0000000e+00   8.8180920e+03   7.1960000e+03
   0.0000000e+00   0.0000000e+00   8.8041819e+03   7.2430000e+03
   0.0000000e+00   0.0000000e+00   8.7631387e+03   7.3400000e+03
   0.0000000e+00   0.0000000e+00   8.7574964e+03   7.4460000e+03
   0.0000000e+00   0.0000000e+00   8.7134168e+03   7.5700000e+03
   0.0000000e+00   0.0000000e+00   8.6948536e+03   7.7000000e+03
   0.0000000e+00   0.0000000e+00   8.6802033e+03   7.7100000e+03
   0.0000000e+00   0.0000000e+00   8.6621234e+03   7.7660000e+03
   0.0000000e+00   0.0000000e+00   8.6498749e+03   7.9560000e+03
   0.0000000e+00   0.0000000e+00   8.6330840e+03   8.0330000e+03
   0.0000000e+00   0.0000000e+00   8.6161022e+03   8.0950000e+03
   0.0000000e+00   0.0000000e+00   8.5850575e+03   8.1280000e+03
   0.0000000e+00   0.0000000e+00   8.5642586e+03   8.1880000e+03
   0.0000000e+00   0.0000000e+00   8.5637020e+03   8.2040000e+03
   0.0000000e+00   0.0000000e+00   8.5600924e+03   8.2360000e+03
   0.0000000e+00   0.0000000e+00   8.5533815e+03   8.3040000e+03
   0.0000000e+00   0.0000000e+00   8.5345484e+03   8.4960000e+03
   0.0000000e+00   0.0000000e+00   8.5317463e+03   8.6940000e+03
   0.0000000e+00   0.0000000e+00   8.5296515e+03   9.0620000e+03
   0.0000000e+00   0.0000000e+00   8.5044812e+03   9.1710000e+03
   0.0000000e+00   0.0000000e+00   8.4923350e+03   9.1760000e+03
   0.0000000e+00   0.0000000e+00   8.4895562e+03   9.2070000e+03
   0.0000000e+00   0.0000000e+00   8.4803823e+03   9.2390000e+03
   0.0000000e+00   0.0000000e+00   8.4676519e+03   9.2520000e+03
   0.0000000e+00   0.0000000e+00   8.4558869e+03   9.7530000e+03
   0.0000000e+00   0.0000000e+00   8.4470981e+03   9.8630000e+03
   0.0000000e+00   0.0000000e+00   8.4367217e+03   1.0132000e+04
   0.0000000e+00   0.0000000e+00   8.4073372e+03   1.0335000e+04
   0.0000000e+00   0.0000000e+00   8.3949278e+03   1.0374000e+04
   0.0000000e+00   0.0000000e+00   8.3729566e+03   1.0402000e+04
   0.0000000e+00   0.0000000e+00   8.3728173e+03   1.0417000e+04
   0.0000000e+00   0.0000000e+00   8.3510252e+03   1.0638000e+04
   0.0000000e+00   0.0000000e+00   8.3485351e+03   1.0870000e+04
   0.0000000e+00   0.0000000e+00   8.3450885e+03   1.0982000e+04
   0.0000000e+00   0.0000000e+00   8.3402714e+03   1.0994000e+04
   0.0000000e+00   0.0000000e+00   8.3248281e+03   1.1126000e+04
   0.0000000e+00   0.0000000e+00   8.3215376e+03   1.1168000e+04
   0.0000000e+00   0.0000000e+00   8.3178889e+03   1.1270000e+04
   0.0000000e+00   0.0000000e+00   8.3149565e+03   1.1528000e+04
   0.0000000e+00   0.0000000e+00   8.2938958e+03   1.1533000e+04
   0.0000000e+00   0.0000000e+00   8.2740089e+03   1.1570000e+04
   0.0000000e+00   0.0000000e+00   8.2533995e+03   1.1830000e+04
   0.0000000e+00   0.0000000e+00   8.2318460e+03   1.1909000e+04
   0.0000000e+00   0.0000000e+00   8.2270193e+03   1.1982000e+04
   0.0000000e+00   0.0000000e+00   8.2228942e+03   1.1995000e+04
   0.0000000e+00   0.0000000e+00   8.2147394e+03   1.2013000e+04
   0.0000000e+00   0.0000000e+00   8.2015570e+03   1.2256000e+04
   0.0000000e+00   0.0000000e+00   8.1954692e+03   1.2548000e+04
   0.0000000e+00   0.0000000e+00   8.1773260e+03   1.2917000e+04
   0.0000000e+00   0.0000000e+00   8.1721187e+03   1.2943000e+04
   0.0000000e+00   0.0000000e+00   8.1605157e+03   1.3360000e+04
   0.0000000e+00   0.0000000e+00   8.1585080e+03   1.3489000e+04
   0.0000000e+00   0.0000000e+00   8.1574114e+03   1.3629000e+04
   0.0000000e+00   0.0000000e+00   8.1416098e+03   1.4060000e+04
   0.0000000e+00   0.0000000e+00   8.1365389e+03   1.4079000e+04
   0.0000000e+00   0.0000000e+00   8.1224099e+03   1.4736000e+04
   0.0000000e+00   0.0000000e+00   8.1224099e+03   1.5055000e+04
   0.0000000e+00   0.0000000e+00   8.1209507e+03   1.5618000e+04
   0.0000000e+00   0.0000000e+00   8.1125803e+03   1.5659000e+04
   0.0000000e+00   0.0000000e+00   8.1125803e+03   1.5816000e+04
   0.0000000e+00   0.0000000e+00   8.1125803e+03   1.6155000e+04
   0.0000000e+00   0.0000000e+00   8.1116189e+03   1.6520000e+04
   0.0000000e+00   0.0000000e+00   8.1055311e+03   1.7505000e+04
   0.0000000e+00   0.0000000e+00   8.1012215e+03   1.7625000e+04
   0.0000000e+00   0.0000000e+00   8.0936935e+03   1.7661000e+04
   0.0000000e+00   0.0000000e+00   8.0849885e+03   1.8110000e+04
   0.0000000e+00   0.0000000e+00   8.0840141e+03   1.8466000e+04
   0.0000000e+00   0.0000000e+00   8.0840141e+03   1.9464000e+04
   0.0000000e+00   0.0000000e+00   8.0792184e+03   1.9653000e+04
   0.0000000e+00   0.0000000e+00   8.0696849e+03   2.0013000e+04
   0.0000000e+00   0.0000000e+00   8.0519851e+03   2.0155000e+04
   0.0000000e+00   0.0000000e+00   8.0511061e+03   2.0221000e+04
   0.0000000e+00   0.0000000e+00   8.0469197e+03   2.0385000e+04
   0.0000000e+00   0.0000000e+00   8.0452754e+03   2.2062000e+04
   0.0000000e+00   0.0000000e+00   8.0357105e+03   2.2067000e+04
   0.0000000e+00   0.0000000e+00   8.0332151e+03   2.2185000e+04
   0.0000000e+00   0.0000000e+00   8.0241852e+03   2.2648000e+04
   0.0000000e+00   0.0000000e+00   8.0204325e+03   2.3174000e+04
   0.0000000e+00   0.0000000e+00   8.0186367e+03   2.3256000e+04
   0.0000000e+00   0.0000000e+00   8.0123806e+03   2.4494000e+04
   0.0000000e+00   0.0000000e+00   8.0097881e+03   2.5415000e+04
   0.0000000e+00   0.0000000e+00   8.0077221e+03   2.6119000e+04
   0.0000000e+00   0.0000000e+00   8.0077221e+03   2.6612000e+04
   0.0000000e+00   0.0000000e+00   8.0077221e+03   2.6924000e+04
   0.0000000e+00   0.0000000e+00   8.0077221e+03   2.7139000e+04
   0.0000000e+00   0.0000000e+00   7.9973356e+03   2.7160000e+04
   0.0000000e+00   0.0000000e+00   7.9932202e+03   2.7564000e+04
   0.0000000e+00   0.0000000e+00   7.9907843e+03   2.8301000e+04
   0.0000000e+00   0.0000000e+00   7.9902790e+03   2.8466000e+04
   0.0000000e+00   0.0000000e+00   7.9902790e+03   2.8887000e+04
   0.0000000e+00   0.0000000e+00   7.9880879e+03   2.9248000e+04
   0.0000000e+00   0.0000000e+00   7.9832905e+03   3.0160000e+04
   0.0000000e+00   0.0000000e+00   7.9832905e+03   3.0310000e+04
   0.0000000e+00   0.0000000e+00   7.9832110e+03   3.0681000e+04
   0.0000000e+00   0.0000000e+00   7.9727225e+03   3.0983000e+04
   0.0000000e+00   0.0000000e+00   7.9712679e+03   3.1509000e+04
   0.0000000e+00   0.0000000e+00   7.9712679e+03   3.1843000e+04
   0.0000000e+00   0.0000000e+00   7.9700968e+03   3.1903000e+04
   0.0000000e+00   0.0000000e+00   7.9665973e+03   3.2052000e+04
   0.0000000e+00   0.0000000e+00   7.9665973e+03   3.2180000e+04
   0.0000000e+00   0.0000000e+00   7.9629267e+03   3.2372000e+04
   0.0000000e+00   0.0000000e+00   7.9629267e+03   3.3195000e+04
   0.0000000e+00   0.0000000e+00   7.9629267e+03   3.3412000e+04
   0.0000000e+00   0.0000000e+00   7.9537236e+03   3.3847000e+04
   0.0000000e+00   0.0000000e+00   7.9287533e+03   3.3963000e+04
   0.0000000e+00   0.0000000e+00   7.9278884e+03   3.4121000e+04
   0.0000000e+00   0.0000000e+00   7.9196143e+03   3.4284000e+04
   0.0000000e+00   0.0000000e+00   7.9196143e+03   3.4304000e+04
   0.0000000e+00   0.0000000e+00   7.9145099e+03   3.5517000e+04
   0.0000000e+00   0.0000000e+00   7.9142705e+03   3.5750000e+04
   0.0000000e+00   0.0000000e+00   7.9116297e+03   3.5844000e+04
   0.0000000e+00   0.0000000e+00   7.9090350e+03   3.6064000e+04
   0.0000000e+00   0.0000000e+00   7.9018553e+03   3.6267000e+04
   0.0000000e+00   0.0000000e+00   7.9001667e+03   3.6461000e+04
   0.0000000e+00   0.0000000e+00   7.9001667e+03   3.6662000e+04
   0.0000000e+00   0.0000000e+00   7.8898832e+03   3.8703000e+04
   0.0000000e+00   0.0000000e+00   7.8815595e+03   3.9135000e+04
   0.0000000e+00   0.0000000e+00   7.8790250e+03   3.9198000e+04
   0.0000000e+00   0.0000000e+00   7.8655839e+03   3.9740000e+04
   0.0000000e+00   0.0000000e+00   7.8655839e+03   4.0050000e+04
   0.0000000e+00   0.0000000e+00   7.8489521e+03   4.0482000e+04
   0.0000000e+00   0.0000000e+00   7.8489521e+03   4.0554000e+04
   0.0000000e+00   0.0000000e+00   7.8361922e+03   4.0678000e+04
   0.0000000e+00   0.0000000e+00   7.8352862e+03   4.0891000e+04
   0.0000000e+00   0.0000000e+00   7.8322783e+03   4.2030000e+04
   0.0000000e+00   0.0000000e+00   7.8244912e+03   4.2043000e+04
   0.0000000e+00   0.0000000e+00   7.8207385e+03   4.2515000e+04
   0.0000000e+00   0.0000000e+00   7.8183507e+03   4.2802000e+04
   0.0000000e+00   0.0000000e+00   7.8138236e+03   4.3232000e+04
   0.0000000e+00   0.0000000e+00   7.8138236e+03   4.3544000e+04
   0.0000000e+00   0.0000000e+00   7.8138236e+03   4.3641000e+04
   0.0000000e+00   0.0000000e+00   7.8063480e+03   4.4685000e+04
   0.0000000e+00   0.0000000e+00   7.8063480e+03   4.5192000e+04
   0.0000000e+00   0.0000000e+00   7.8047803e+03   4.5542000e+04
   0.0000000e+00   0.0000000e+00   7.8047803e+03   4.6117000e+04
   0.0000000e+00   0.0000000e+00   7.7973682e+03   4.6859000e+04
   0.0000000e+00   0.0000000e+00   7.7950308e+03   4.7608000e+04
   0.0000000e+00   0.0000000e+00   7.7936907e+03   4.7877000e+04
   0.0000000e+00   0.0000000e+00   7.7919327e+03   4.7885000e+04
   0.0000000e+00   0.0000000e+00   7.7904780e+03   4.8252000e+04
   0.0000000e+00   0.0000000e+00   7.7904780e+03   4.8354000e+04
   0.0000000e+00   0.0000000e+00   7.7724738e+03   4.8540000e+04
   0.0000000e+00   0.0000000e+00   7.7724738e+03   4.8740000e+04
   0.0000000e+00   0.0000000e+00   7.7697937e+03   4.8963000e+04
   0.0000000e+00   0.0000000e+00   7.7653555e+03   4.9524000e+04
   0.0000000e+00   0.0000000e+00   7.7634313e+03   4.9720000e+04
   0.0000000e+00   0.0000000e+00   7.7591320e+03   5.0023000e+04
   0.0000000e+00   0.0000000e+00   7.7509652e+03   5.0055000e+04
   0.0000000e+00   0.0000000e+00   7.7450728e+03   5.0139000e+04
   0.0000000e+00   0.0000000e+00   7.7450728e+03   5.0274000e+04
   0.0000000e+00   0.0000000e+00   7.7442651e+03   5.3773000e+04
   0.0000000e+00   0.0000000e+00   7.7388551e+03   5.4500000e+04
   0.0000000e+00   0.0000000e+00   7.7334083e+03   5.5437000e+04
   0.0000000e+00   0.0000000e+00   7.7334083e+03   5.6249000e+04
   0.0000000e+00   0.0000000e+00   7.7334083e+03   5.7341000e+04
   0.0000000e+00   0.0000000e+00   7.7305986e+03   5.8866000e+04
   0.0000000e+00   0.0000000e+00   7.7230967e+03   6.0161000e+04
   0.0000000e+00   0.0000000e+00   7.7171106e+03   6.0716000e+04
   0.0000000e+00   0.0000000e+00   7.7167830e+03   6.5002000e+04
   0.0000000e+00   0.0000000e+00   7.7131064e+03   6.5449000e+04
   0.0000000e+00   0.0000000e+00   7.7116458e+03   6.5509000e+04
   0.0000000e+00   0.0000000e+00   7.7116458e+03   6.5676000e+04
   0.0000000e+00   0.0000000e+00   7.7096566e+03   6.5772000e+04
   0.0000000e+00   0.0000000e+00   7.7096566e+03   6.6200000e+04
   0.0000000e+00   0.0000000e+00   7.7055181e+03   6.6735000e+04
   0.0000000e+00   0.0000000e+00   7.7037774e+03   6.6983000e+04
   0.0000000e+00   0.0000000e+00   7.7007694e+03   6.7574000e+04
   0.0000000e+00   0.0000000e+00   7.7007694e+03   6.7819000e+04
   0.0000000e+00   0.0000000e+00   7.6934315e+03   6.8099000e+04
   0.0000000e+00   0.0000000e+00   7.6922538e+03   6.8577000e+04
   0.0000000e+00   0.0000000e+00   7.6833552e+03   6.8663000e+04
   0.0000000e+00   0.0000000e+00   7.6822375e+03   6.9232000e+04
   0.0000000e+00   0.0000000e+00   7.6807829e+03   6.9394000e+04
   0.0000000e+00   0.0000000e+00   7.6755113e+03   7.1707000e+04
   0.0000000e+00   0.0000000e+00   7.6755113e+03   7.2335000e+04
   0.0000000e+00   0.0000000e+00   7.6755113e+03   7.2822000e+04
   0.0000000e+00   0.0000000e+00   7.6702938e+03   7.3508000e+04
   0.0000000e+00   0.0000000e+00   7.6681167e+03   7.8022000e+04
   0.0000000e+00   0.0000000e+00   7.6669687e+03   7.9935000e+04
   0.0000000e+00   0.0000000e+00   7.6669687e+03   8.0386000e+04
   0.0000000e+00   0.0000000e+00   7.6642648e+03   8.0682000e+04
   0.0000000e+00   0.0000000e+00   7.6587600e+03   8.0909000e+04
   0.0000000e+00   0.0000000e+00   7.6569304e+03   8.2960000e+04
   0.0000000e+00   0.0000000e+00   7.6539299e+03   8.3555000e+04
   0.0000000e+00   0.0000000e+00   7.6524753e+03   8.3702000e+04
   0.0000000e+00   0.0000000e+00   7.6497683e+03   8.3824000e+04
   0.0000000e+00   0.0000000e+00   7.6442887e+03   8.4158000e+04
   0.0000000e+00   0.0000000e+00   7.6378225e+03   8.4497000e+04
   0.0000000e+00   0.0000000e+00   7.6372636e+03   8.6331000e+04
   0.0000000e+00   0.0000000e+00   7.6311528e+03   8.6524000e+04
   0.0000000e+00   0.0000000e+00   7.6208985e+03   8.7911000e+04
   0.0000000e+00   0.0000000e+00   7.6191930e+03   8.8091000e+04
   0.0000000e+00   0.0000000e+00   7.6126939e+03   8.8761000e+04
   0.0000000e+00   0.0000000e+00   7.6036109e+03   8.8965000e+04
   0.0000000e+00   0.0000000e+00   7.5996489e+03   8.9289000e+04
   0.0000000e+00   0.0000000e+00   7.5115394e+03   9.0228000e+04
   0.0000000e+00   0.0000000e+00   7.4837875e+03   9.0323000e+04
   0.0000000e+00   0.0000000e+00   7.4837875e+03   9.0491000e+04
   0.0000000e+00   0.0000000e+00   7.4833400e+03   9.1042000e+04
   0.0000000e+00   0.0000000e+00   7.4735162e+03   9.1176000e+04
   0.0000000e+00   0.0000000e+00   7.4725954e+03   9.1728000e+04
   0.0000000e+00   0.0000000e+00   7.4677263e+03   9.2044000e+04
   0.0000000e+00   0.0000000e+00   7.4556163e+03   9.2298000e+04
   0.0000000e+00   0.0000000e+00   7.4474948e+03   9.2663000e+04
   0.0000000e+00   0.0000000e+00   7.4458001e+03   9.2703000e+04
   0.0000000e+00   0.0000000e+00   7.4389403e+03   9.3037000e+04
   0.0000000e+00   0.0000000e+00   7.4317450e+03   9.3237000e+04
   0.0000000e+00   0.0000000e+00   7.4317450e+03   9.5363000e+04
   0.0000000e+00   0.0000000e+00   7.4317450e+03   9.6396000e+04
   0.0000000e+00   0.0000000e+00   7.4317450e+03   9.8416000e+04
   0.0000000e+00   0.0000000e+00   7.4294481e+03   1.0062100e+05
   0.0000000e+00   0.0000000e+00   7.4268535e+03   1.0562700e+05
   0.0000000e+00   0.0000000e+00   7.4261475e+03   1.0858200e+05
   0.0000000e+00   0.0000000e+00   7.4240267e+03   1.0928000e+05
   0.0000000e+00   0.0000000e+00   7.4203501e+03   1.0973000e+05
   0.0000000e+00   0.0000000e+00   7.4203501e+03   1.1077100e+05
   0.0000000e+00   0.0000000e+00   7.4186004e+03   1.1257100e+05
   0.0000000e+00   0.0000000e+00   7.4095532e+03   1.1312800e+05
   0.0000000e+00   0.0000000e+00   7.4082122e+03   1.1621800e+05
   0.0000000e+00   0.0000000e+00   7.4058747e+03   1.1862400e+05
   0.0000000e+00   0.0000000e+00   7.4058747e+03   1.2035200e+05
   0.0000000e+00   0.0000000e+00   7.4058747e+03   1.2325800e+05
   0.0000000e+00   0.0000000e+00   7.4058747e+03   1.2352200e+05
   0.0000000e+00   0.0000000e+00   7.4012533e+03   1.2520800e+05
   0.0000000e+00   0.0000000e+00   7.4010493e+03   1.2531400e+05
   0.0000000e+00   0.0000000e+00   7.3979061e+03   1.2645300e+05
   0.0000000e+00   0.0000000e+00   7.3979061e+03   1.2770400e+05
   0.0000000e+00   0.0000000e+00   7.3898881e+03   1.2779200e+05
   0.0000000e+00   0.0000000e+00   7.3898881e+03   1.2779800e+05
   0.0000000e+00   0.0000000e+00   7.3842244e+03   1.2948400e+05
   0.0000000e+00   0.0000000e+00   7.3842244e+03   1.3056300e+05
   0.0000000e+00   0.0000000e+00   7.3842244e+03   1.3076800e+05
   0.0000000e+00   0.0000000e+00   7.3822926e+03   1.3317500e+05
   0.0000000e+00   0.0000000e+00   7.3800846e+03   1.3422200e+05
   0.0000000e+00   0.0000000e+00   7.3800846e+03   1.3427000e+05
   0.0000000e+00   0.0000000e+00   7.3800846e+03   1.3677800e+05
   0.0000000e+00   0.0000000e+00   7.3800846e+03   1.3872700e+05
   0.0000000e+00   0.0000000e+00   7.3800846e+03   1.3888600e+05
   0.0000000e+00   0.0000000e+00   7.3800846e+03   1.3966400e+05
   0.0000000e+00   0.0000000e+00   7.3800846e+03   1.3970200e+05
   0.0000000e+00   0.0000000e+00   7.3701480e+03   1.4025500e+05
   0.0000000e+00   0.0000000e+00   7.3701480e+03   1.4046700e+05
   0.0000000e+00   0.0000000e+00   7.3687119e+03   1.4121500e+05
   0.0000000e+00   0.0000000e+00   7.3662030e+03   1.4194600e+05
   0.0000000e+00   0.0000000e+00   7.3662030e+03   1.4259000e+05
   0.0000000e+00   0.0000000e+00   7.3625543e+03   1.4340800e+05
   0.0000000e+00   0.0000000e+00   7.3564577e+03   1.4345500e+05
   0.0000000e+00   0.0000000e+00   7.3564577e+03   1.4810800e+05
   0.0000000e+00   0.0000000e+00   7.3462347e+03   1.4950800e+05
   0.0000000e+00   0.0000000e+00   7.3441095e+03   1.4976800e+05
   0.0000000e+00   0.0000000e+00   7.3371151e+03   1.4986500e+05
   0.0000000e+00   0.0000000e+00   7.3371151e+03   1.5041100e+05
   0.0000000e+00   0.0000000e+00   7.3358037e+03   1.5125200e+05
   0.0000000e+00   0.0000000e+00   7.3335215e+03   1.5185200e+05
   0.0000000e+00   0.0000000e+00   7.3288808e+03   1.5292100e+05
   0.0000000e+00   0.0000000e+00   7.3261168e+03   1.5322800e+05
   0.0000000e+00   0.0000000e+00   7.3254463e+03   1.5428700e+05
   0.0000000e+00   0.0000000e+00   7.3251946e+03   1.6095100e+05
   0.0000000e+00   0.0000000e+00   7.3235060e+03   1.6112400e+05
   0.0000000e+00   0.0000000e+00   7.3235060e+03   1.6172500e+05
   0.0000000e+00   0.0000000e+00   7.3235060e+03   1.6596200e+05
   0.0000000e+00   0.0000000e+00   7.3235060e+03   1.6701800e+05
   0.0000000e+00   0.0000000e+00   7.3235060e+03   1.6849500e+05
   0.0000000e+00   0.0000000e+00   7.3235060e+03   1.6858900e+05
   0.0000000e+00   0.0000000e+00   7.3235060e+03   1.7063500e+05
   0.0000000e+00   0.0000000e+00   7.3212709e+03   1.7131900e+05
   0.0000000e+00   0.0000000e+00   7.3212709e+03   1.7804300e+05
   0.0000000e+00   0.0000000e+00   7.3212709e+03   1.8001600e+05
   0.0000000e+00   0.0000000e+00   7.3212709e+03   1.8252400e+05
   0.0000000e+00   0.0000000e+00   7.3212709e+03   1.8385200e+05
   0.0000000e+00   0.0000000e+00   7.3212709e+03   1.8421600e+05
   0.0000000e+00   0.0000000e+00   7.3212709e+03   1.8561600e+05
   0.0000000e+00   0.0000000e+00   7.3212709e+03   1.8822700e+05
   0.0000000e+00   0.0000000e+00   7.3185477e+03   1.8993600e+05
   0.0000000e+00   0.0000000e+00   7.3185477e+03   1.9030900e+05
   0.0000000e+00   0.0000000e+00   7.3185477e+03   1.9112300e+05
   0.0000000e+00   0.0000000e+00   7.3185477e+03   1.9160300e+05
   0.0000000e+00   0.0000000e+00   7.3185477e+03   1.9286100e+05
   0.0000000e+00   0.0000000e+00   7.3172283e+03   1.9396500e+05
   0.0000000e+00   0.0000000e+00   7.3172283e+03   1.9470800e+05
   0.0000000e+00   0.0000000e+00   7.3171983e+03   1.9491800e+05
   0.0000000e+00   0.0000000e+00   7.3147838e+03   1.9603100e+05
   0.0000000e+00   0.0000000e+00   7.3058073e+03   1.9640800e+05
   0.0000000e+00   0.0000000e+00   7.3058073e+03   1.9706900e+05
   0.0000000e+00   0.0000000e+00   7.2989868e+03   1.9851600e+05
   0.0000000e+00   0.0000000e+00   7.2947657e+03   1.9864900e+05
   0.0000000e+00   0.0000000e+00   7.2932073e+03   1.9937600e+05
   0.0000000e+00   0.0000000e+00   7.2896092e+03   1.9982400e+05
