   2.0560720e+02   8.6465533e+00   1.5110890e+04   2.0000000e+00
   1.8684308e+02   6.5528987e+00   1.5696004e+04   4.0000000e+00
   1.7894853e+02   7.9411776e+00   1.4746116e+04   5.0000000e+00
   1.5841598e+02   5.4613431e+00   1.4748813e+04   7.0000000e+00
   1.3075128e+02   2.9441085e+00   1.4269540e+04   8.0000000e+00
   1.0306880e+02   2.3705351e+00   1.3590338e+04   9.0000000e+00
   9.3883622e+01   9.4377321e-01   1.6737941e+04   1.2000000e+01
   7.6930867e+01   6.6406574e-01   1.7808399e+04   1.3000000e+01
   7.3279428e+01   4.9949362e-01   1.7472737e+04   1.4000000e+01
   7.1234910e+01   3.6824996e-01   1.7081570e+04   1.6000000e+01
   6.1667292e+01   3.2304103e-01   1.8648754e+04   1.8000000e+01
   4.5712812e+01   1.4492278e-01   1.7385650e+04   2.0000000e+01
   4.4278559e+01   4.6091017e-02   1.8791418e+04   2.1000000e+01
   4.1420849e+01   7.3491531e-03   1.8296243e+04   2.2000000e+01
   3.8841416e+01   0.0000000e+00   2.1475050e+04   2.3000000e+01
   3.8841237e+01   5.5244887e-02   2.0713140e+04   2.7000000e+01
   3.7400369e+01   0.0000000e+00   2.2858358e+04   3.1000000e+01
   3.7091759e+01   2.7490421e-03   2.1836760e+04   3.3000000e+01
   3.1623769e+01   0.0000000e+00   2.2331667e+04   3.4000000e+01
   2.7051349e+01   0.0000000e+00   2.2489005e+04   3.5000000e+01
   1.9278882e+01   0.0000000e+00   2.2570179e+04   3.8000000e+01
   1.8711018e+01   0.0000000e+00   2.3398644e+04   3.9000000e+01
   2.8929809e+00   0.0000000e+00   2.1655944e+04   4.0000000e+01
   1.5536907e+00   0.0000000e+00   2.4243574e+04   4.8000000e+01
   1.4197256e+00   0.0000000e+00   2.3534070e+04   4.9000000e+01
   7.9949119e-01   0.0000000e+00   2.3031838e+04   5.0000000e+01
   3.3627280e-01   0.0000000e+00   2.7216295e+04   5.3000000e+01
   0.0000000e+00   0.0000000e+00   2.5436172e+04   5.6000000e+01
   0.0000000e+00   0.0000000e+00   2.3979559e+04   5.8000000e+01
   0.0000000e+00   0.0000000e+00   2.2476114e+04   6.1000000e+01
   0.0000000e+00   0.0000000e+00   2.1566720e+04   6.2000000e+01
   0.0000000e+00   0.0000000e+00   2.0073019e+04   6.7000000e+01
   0.0000000e+00   0.0000000e+00   1.8922878e+04   6.8000000e+01
   0.0000000e+00   0.0000000e+00   1.7971664e+04   7.0000000e+01
   0.0000000e+00   0.0000000e+00   1.7664443e+04   8.0000000e+01
   0.0000000e+00   0.0000000e+00   1.6446294e+04   8.3000000e+01
   0.0000000e+00   0.0000000e+00   1.5722924e+04   8.7000000e+01
   0.0000000e+00   0.0000000e+00   1.5574452e+04   8.9000000e+01
   0.0000000e+00   0.0000000e+00   1.5480340e+04   9.9000000e+01
   0.0000000e+00   0.0000000e+00   1.4432140e+04   1.0100000e+02
   0.0000000e+00   0.0000000e+00   1.4073090e+04   1.0300000e+02
   0.0000000e+00   0.0000000e+00   1.3821434e+04   1.1100000e+02
   0.0000000e+00   0.0000000e+00   1.3662196e+04   1.1600000e+02
   0.0000000e+00   0.0000000e+00   1.3557154e+04   1.1900000e+02
   0.0000000e+00   0.0000000e+00   1.2918398e+04   1.2500000e+02
   0.0000000e+00   0.0000000e+00   1.2851076e+04   1.2600000e+02
   0.0000000e+00   0.0000000e+00   1.2539366e+04   1.2800000e+02
   0.0000000e+00   0.0000000e+00   1.1994518e+04   1.3200000e+02
   0.0000000e+00   0.0000000e+00   1.1617120e+04   1.3400000e+02
   0.0000000e+00   0.0000000e+00   1.1380270e+04   1.3500000e+02
   0.0000000e+00   0.0000000e+00   1.0810006e+04   1.3700000e+02
   0.0000000e+00   0.0000000e+00   1.0797017e+04   1.4200000e+02
   0.0000000e+00   0.0000000e+00   1.0616951e+04   1.9600000e+02
   0.0000000e+00   0.0000000e+00   1.0474745e+04   2.0000000e+02
   0.0000000e+00   0.0000000e+00   9.8558613e+03   2.0400000e+02
   0.0000000e+00   0.0000000e+00   9.4805567e+03   2.0900000e+02
   0.0000000e+00   0.0000000e+00   9.3982346e+03   2.2100000e+02
   0.0000000e+00   0.0000000e+00   9.0740980e+03   2.5900000e+02
   0.0000000e+00   0.0000000e+00   8.8897221e+03   2.6400000e+02
   0.0000000e+00   0.0000000e+00   8.7548558e+03   2.6900000e+02
   0.0000000e+00   0.0000000e+00   8.7101067e+03   2.7900000e+02
   0.0000000e+00   0.0000000e+00   8.6613698e+03   3.2500000e+02
   0.0000000e+00   0.0000000e+00   8.5419528e+03   3.3400000e+02
   0.0000000e+00   0.0000000e+00   8.3936235e+03   3.5900000e+02
   0.0000000e+00   0.0000000e+00   8.3116879e+03   3.6100000e+02
   0.0000000e+00   0.0000000e+00   8.0293735e+03   3.6800000e+02
   0.0000000e+00   0.0000000e+00   7.9678061e+03   3.7000000e+02
   0.0000000e+00   0.0000000e+00   7.9053454e+03   3.7400000e+02
   0.0000000e+00   0.0000000e+00   7.8339073e+03   3.7900000e+02
   0.0000000e+00   0.0000000e+00   7.7198335e+03   3.8700000e+02
   0.0000000e+00   0.0000000e+00   7.7072410e+03   3.8900000e+02
   0.0000000e+00   0.0000000e+00   7.6613769e+03   4.0400000e+02
   0.0000000e+00   0.0000000e+00   7.6087253e+03   5.1200000e+02
   0.0000000e+00   0.0000000e+00   7.5811125e+03   5.4800000e+02
   0.0000000e+00   0.0000000e+00   7.5602623e+03   5.4900000e+02
   0.0000000e+00   0.0000000e+00   7.5278201e+03   6.1700000e+02
   0.0000000e+00   0.0000000e+00   7.5107115e+03   6.7500000e+02
   0.0000000e+00   0.0000000e+00   7.4530448e+03   6.9800000e+02
   0.0000000e+00   0.0000000e+00   7.4257309e+03   7.0200000e+02
   0.0000000e+00   0.0000000e+00   7.3900297e+03   7.8700000e+02
   0.0000000e+00   0.0000000e+00   7.3565369e+03   8.7500000e+02
   0.0000000e+00   0.0000000e+00   7.3119064e+03   1.0860000e+03
   0.0000000e+00   0.0000000e+00   7.3032240e+03   1.4610000e+03
   0.0000000e+00   0.0000000e+00   7.2993021e+03   1.4890000e+03
   0.0000000e+00   0.0000000e+00   7.2844245e+03   1.5790000e+03
   0.0000000e+00   0.0000000e+00   7.2760733e+03   1.7750000e+03
   0.0000000e+00   0.0000000e+00   7.2667144e+03   1.8210000e+03
   0.0000000e+00   0.0000000e+00   7.2657268e+03   1.8780000e+03
   0.0000000e+00   0.0000000e+00   7.2505272e+03   1.8960000e+03
   0.0000000e+00   0.0000000e+00   7.2481778e+03   2.1670000e+03
   0.0000000e+00   0.0000000e+00   7.2452473e+03   2.2240000e+03
   0.0000000e+00   0.0000000e+00   7.2416049e+03   2.4090000e+03
   0.0000000e+00   0.0000000e+00   7.2380650e+03   2.6190000e+03
   0.0000000e+00   0.0000000e+00   7.2337901e+03   2.8450000e+03
   0.0000000e+00   0.0000000e+00   7.2302899e+03   3.5420000e+03
   0.0000000e+00   0.0000000e+00   7.2299618e+03   3.5750000e+03
   0.0000000e+00   0.0000000e+00   7.2277019e+03   3.7970000e+03
   0.0000000e+00   0.0000000e+00   7.1724686e+03   4.3730000e+03
   0.0000000e+00   0.0000000e+00   7.1669081e+03   4.4410000e+03
   0.0000000e+00   0.0000000e+00   7.1663955e+03   4.6330000e+03
   0.0000000e+00   0.0000000e+00   7.1621082e+03   4.6360000e+03
   0.0000000e+00   0.0000000e+00   7.1422819e+03   4.7530000e+03
   0.0000000e+00   0.0000000e+00   7.1401866e+03   4.8190000e+03
   0.0000000e+00   0.0000000e+00   7.1379819e+03   5.2450000e+03
   0.0000000e+00   0.0000000e+00   7.1337092e+03   5.4560000e+03
   0.0000000e+00   0.0000000e+00   7.1331123e+03   5.7890000e+03
   0.0000000e+00   0.0000000e+00   7.1293796e+03   5.9580000e+03
   0.0000000e+00   0.0000000e+00   7.1264783e+03   6.2440000e+03
   0.0000000e+00   0.0000000e+00   7.1245767e+03   6.2870000e+03
   0.0000000e+00   0.0000000e+00   7.1211673e+03   9.2440000e+03
   0.0000000e+00   0.0000000e+00   7.1191701e+03   1.3163000e+04
   0.0000000e+00   0.0000000e+00   7.1180505e+03   3.0468000e+04
   0.0000000e+00   0.0000000e+00   7.1174320e+03   5.2723000e+04
   0.0000000e+00   0.0000000e+00   7.1159896e+03   7.2214000e+04
   0.0000000e+00   0.0000000e+00   7.1147423e+03   7.7067000e+04
   0.0000000e+00   0.0000000e+00   7.1135287e+03   8.2773000e+04
   0.0000000e+00   0.0000000e+00   7.1134578e+03   8.3125000e+04
   0.0000000e+00   0.0000000e+00   7.1123567e+03   1.0667300e+05
