   2.4319223e+02   1.0475149e+01   1.5449814e+04   2.0000000e+00
   2.4257249e+02   1.2592564e+01   1.5102085e+04   3.0000000e+00
   2.1399604e+02   1.0909608e+01   1.5349975e+04   4.0000000e+00
   2.1018818e+02   1.0577592e+01   1.5284530e+04   7.0000000e+00
   2.0986046e+02   1.0497302e+01   1.5402530e+04   9.0000000e+00
   1.8041030e+02   7.2661457e+00   1.6246844e+04   1.1000000e+01
   1.7143390e+02   7.2614072e+00   1.6107180e+04   1.2000000e+01
   1.7141689e+02   7.4315969e+00   1.6040754e+04   1.4000000e+01
   1.6168944e+02   6.8087438e+00   1.6215946e+04   1.5000000e+01
   1.6020442e+02   6.6460567e+00   1.6679363e+04   1.6000000e+01
   1.5939538e+02   6.5084830e+00   1.6974501e+04   1.7000000e+01
   1.5650902e+02   5.9664225e+00   1.7050308e+04   1.8000000e+01
   1.5582463e+02   6.0106468e+00   1.6951920e+04   1.9000000e+01
   1.5551007e+02   5.9072706e+00   1.7053125e+04   2.0000000e+01
   1.5420972e+02   5.3417286e+00   1.7257239e+04   2.1000000e+01
   1.5256851e+02   5.3912151e+00   1.7069058e+04   2.2000000e+01
   1.4458984e+02   5.0342793e+00   1.7082894e+04   2.3000000e+01
   1.4263461e+02   4.5908214e+00   1.7082938e+04   2.4000000e+01
   1.4204080e+02   4.5285067e+00   1.7381491e+04   2.5000000e+01
   1.3938354e+02   4.2208611e+00   1.8011909e+04   2.6000000e+01
   1.3916170e+02   4.2754261e+00   1.7798304e+04   3.1000000e+01
   1.3304794e+02   3.9806276e+00   1.8403922e+04   3.3000000e+01
   1.3162149e+02   4.1952979e+00   1.8010602e+04   3.4000000e+01
   1.0809592e+02   2.1816450e+00   1.8049327e+04   3.6000000e+01
   1.0700377e+02   2.1988591e+00   1.8093746e+04   3.7000000e+01
   1.0576422e+02   2.0399751e+00   1.8889430e+04   4.2000000e+01
   1.0439434e+02   2.0059986e+00   1.9659847e+04   4.3000000e+01
   9.8068305e+01   2.0430944e+00   1.9608158e+04   4.4000000e+01
   9.8068204e+01   2.0525548e+00   1.9488970e+04   4.6000000e+01
   8.6897206e+01   1.5271448e+00   1.9405233e+04   4.8000000e+01
   8.6478732e+01   1.5565729e+00   1.9231630e+04   5.0000000e+01
   8.6314805e+01   1.4982764e+00   1.9252443e+04   5.1000000e+01
   8.6213246e+01   1.5409031e+00   1.8894291e+04   5.2000000e+01
   7.6963956e+01   1.3720402e+00   1.9281313e+04   5.5000000e+01
   7.2331669e+01   1.2583761e+00   1.9269506e+04   5.6000000e+01
   7.1314557e+01   1.2186980e+00   1.9613986e+04   5.7000000e+01
   6.5188581e+01   1.1591589e+00   1.9738817e+04   6.1000000e+01
   6.0834489e+01   1.1209323e+00   1.9932870e+04   6.4000000e+01
   6.0219078e+01   1.0030245e+00   2.0003613e+04   6.8000000e+01
   6.0133699e+01   9.9016692e-01   1.9887313e+04   6.9000000e+01
   5.8023086e+01   9.6106935e-01   1.9952884e+04   7.1000000e+01
   5.6925824e+01   9.9133487e-01   1.9567849e+04   7.2000000e+01
   5.6604269e+01   9.2537952e-01   2.0053858e+04   7.3000000e+01
   5.4843519e+01   8.6567107e-01   2.0215020e+04   7.4000000e+01
   5.4623898e+01   7.8039586e-01   2.0025796e+04   7.6000000e+01
   4.2491190e+01   5.6273581e-01   1.9919422e+04   7.7000000e+01
   3.9684425e+01   4.8727220e-01   1.9824878e+04   7.8000000e+01
   3.9201105e+01   4.8545603e-01   1.9704102e+04   8.0000000e+01
   3.9053351e+01   3.8330206e-01   1.9689681e+04   8.2000000e+01
   3.9028736e+01   3.5457618e-01   1.9966103e+04   8.5000000e+01
   3.8971199e+01   4.5477607e-01   1.9734714e+04   9.1000000e+01
   3.5782865e+01   4.3501186e-01   2.0495547e+04   9.2000000e+01
   3.5134644e+01   4.2766429e-01   2.0533197e+04   9.3000000e+01
   3.3730011e+01   3.0516645e-01   2.0363717e+04   9.4000000e+01
   2.8386012e+01   2.6956768e-01   2.0176857e+04   1.0100000e+02
   2.5451238e+01   2.1549834e-01   2.0077777e+04   1.0300000e+02
   2.4275036e+01   2.0973338e-01   1.9847964e+04   1.0400000e+02
   2.4189389e+01   1.9817894e-01   1.9680809e+04   1.0700000e+02
   2.3594613e+01   2.2379563e-01   1.9621052e+04   1.0800000e+02
   2.3281308e+01   2.1926537e-01   1.9633802e+04   1.0900000e+02
   2.3248681e+01   2.1284410e-01   1.9939136e+04   1.1100000e+02
   2.3229709e+01   2.6573451e-01   1.9876957e+04   1.1300000e+02
   2.3126556e+01   2.4507760e-01   2.0082463e+04   1.1600000e+02
   2.2807587e+01   2.1204406e-01   2.0570919e+04   1.1700000e+02
   2.2246205e+01   2.7651857e-01   2.0319450e+04   1.1800000e+02
   2.1856172e+01   2.5314747e-01   2.0704432e+04   1.2100000e+02
   2.0800393e+01   2.3188338e-01   2.0537212e+04   1.2200000e+02
   2.0681097e+01   2.3252352e-01   2.0409026e+04   1.2300000e+02
   2.0522147e+01   2.3373914e-01   2.0405460e+04   1.2600000e+02
   1.9687918e+01   2.5149779e-01   2.0228231e+04   1.2700000e+02
   1.9218740e+01   2.4404969e-01   2.0827456e+04   1.3000000e+02
   1.8620767e+01   2.3355555e-01   2.1336210e+04   1.3200000e+02
   1.8538108e+01   2.3082711e-01   2.1676952e+04   1.3400000e+02
   1.8116973e+01   2.4830844e-01   2.1421238e+04   1.3600000e+02
   1.7855092e+01   2.2935958e-01   2.1400016e+04   1.3800000e+02
   1.7815275e+01   2.1375717e-01   2.1322781e+04   1.3900000e+02
   1.7812620e+01   2.1319909e-01   2.1285762e+04   1.4000000e+02
   1.7180124e+01   1.8046129e-01   2.1218728e+04   1.4100000e+02
   1.6915699e+01   1.6872951e-01   2.0833639e+04   1.4200000e+02
   1.6481265e+01   1.7015615e-01   2.0748671e+04   1.4400000e+02
   1.4863235e+01   1.3909892e-01   2.1006567e+04   1.4500000e+02
   1.3521564e+01   7.1385815e-02   2.0759247e+04   1.4600000e+02
   1.3148209e+01   5.2884994e-02   2.1040642e+04   1.4700000e+02
   1.3125111e+01   5.2212629e-02   2.1401288e+04   1.4800000e+02
   1.2048761e+01   3.1448068e-02   2.1562272e+04   1.5000000e+02
   5.9265425e+00   0.0000000e+00   2.1373740e+04   1.5100000e+02
   5.5739338e+00   0.0000000e+00   2.1857410e+04   1.5200000e+02
   5.5214236e+00   0.0000000e+00   2.1877851e+04   1.6000000e+02
   5.1122448e+00   0.0000000e+00   2.1469681e+04   1.6500000e+02
   5.0998623e+00   0.0000000e+00   2.1408488e+04   1.6700000e+02
   5.0805296e+00   0.0000000e+00   2.1835397e+04   1.7100000e+02
   4.9324309e+00   0.0000000e+00   2.1541158e+04   1.7700000e+02
   4.8642428e+00   0.0000000e+00   2.1504613e+04   1.7900000e+02
   4.8120748e+00   0.0000000e+00   2.1464510e+04   1.8000000e+02
   4.6781183e+00   0.0000000e+00   2.1342686e+04   1.8200000e+02
   4.6742320e+00   0.0000000e+00   2.1355646e+04   1.8400000e+02
   4.6521663e+00   0.0000000e+00   2.1297020e+04   1.8500000e+02
   4.3898652e+00   0.0000000e+00   2.1434523e+04   1.8800000e+02
   2.6957558e+00   0.0000000e+00   2.1300572e+04   1.8900000e+02
   2.6641579e+00   0.0000000e+00   2.1643546e+04   1.9000000e+02
   2.6417939e+00   0.0000000e+00   2.1464678e+04   1.9200000e+02
   2.3003067e+00   0.0000000e+00   2.1297785e+04   1.9500000e+02
   2.2270488e+00   0.0000000e+00   2.1611942e+04   1.9700000e+02
   2.1925762e+00   0.0000000e+00   2.2042685e+04   2.0000000e+02
   2.1825632e+00   0.0000000e+00   2.1977035e+04   2.0100000e+02
   2.1646444e+00   0.0000000e+00   2.2408652e+04   2.0200000e+02
   1.9212902e+00   0.0000000e+00   2.2754963e+04   2.0500000e+02
   1.9181692e+00   0.0000000e+00   2.2678901e+04   2.0600000e+02
   1.8933149e+00   0.0000000e+00   2.2551109e+04   2.0800000e+02
   1.8890365e+00   0.0000000e+00   2.2389349e+04   2.1000000e+02
   1.7915301e+00   0.0000000e+00   2.2401245e+04   2.1100000e+02
   1.7832890e+00   0.0000000e+00   2.2150711e+04   2.1400000e+02
   1.7643774e+00   0.0000000e+00   2.2488832e+04   2.1600000e+02
   1.7407094e+00   0.0000000e+00   2.2375403e+04   2.1700000e+02
   1.6880357e+00   0.0000000e+00   2.2014207e+04   2.2000000e+02
   1.2966050e+00   0.0000000e+00   2.1859274e+04   2.2300000e+02
   1.2377932e+00   0.0000000e+00   2.1668123e+04   2.2500000e+02
   1.1399692e+00   0.0000000e+00   2.1299730e+04   2.2700000e+02
   6.5971421e-01   0.0000000e+00   2.0998629e+04   2.3200000e+02
   4.8650983e-01   0.0000000e+00   2.1344432e+04   2.3300000e+02
   4.8334642e-01   0.0000000e+00   2.1495252e+04   2.3500000e+02
   4.8025060e-01   0.0000000e+00   2.1427531e+04   2.3800000e+02
   4.4739487e-01   0.0000000e+00   2.1888383e+04   2.4400000e+02
   1.9874836e-01   0.0000000e+00   2.2250390e+04   2.4500000e+02
   1.3582234e-01   0.0000000e+00   2.2736511e+04   2.4800000e+02
   1.3407487e-01   0.0000000e+00   2.2703525e+04   2.5400000e+02
   1.5657487e-03   0.0000000e+00   2.2993235e+04   2.5500000e+02
   4.4737522e-04   0.0000000e+00   2.3207336e+04   2.5600000e+02
   0.0000000e+00   0.0000000e+00   2.3067771e+04   2.5900000e+02
   0.0000000e+00   0.0000000e+00   2.2824452e+04   2.6100000e+02
   0.0000000e+00   0.0000000e+00   2.2797777e+04   2.6300000e+02
   0.0000000e+00   0.0000000e+00   2.2527789e+04   2.6600000e+02
   0.0000000e+00   0.0000000e+00   2.2495050e+04   2.6900000e+02
   0.0000000e+00   0.0000000e+00   2.2237400e+04   2.7200000e+02
   0.0000000e+00   0.0000000e+00   2.2051979e+04   2.7400000e+02
   0.0000000e+00   0.0000000e+00   2.2014401e+04   2.7500000e+02
   0.0000000e+00   0.0000000e+00   2.1996149e+04   2.7600000e+02
   0.0000000e+00   0.0000000e+00   2.1870401e+04   2.7800000e+02
   0.0000000e+00   0.0000000e+00   2.1548989e+04   2.7900000e+02
   0.0000000e+00   0.0000000e+00   2.1440308e+04   2.8000000e+02
   0.0000000e+00   0.0000000e+00   2.1045549e+04   2.8400000e+02
   0.0000000e+00   0.0000000e+00   2.0940842e+04   2.8500000e+02
   0.0000000e+00   0.0000000e+00   2.0701492e+04   2.8600000e+02
   0.0000000e+00   0.0000000e+00   2.0527201e+04   3.0100000e+02
   0.0000000e+00   0.0000000e+00   2.0497643e+04   3.0200000e+02
   0.0000000e+00   0.0000000e+00   2.0319291e+04   3.0300000e+02
   0.0000000e+00   0.0000000e+00   2.0102126e+04   3.0600000e+02
   0.0000000e+00   0.0000000e+00   1.9749824e+04   3.0700000e+02
   0.0000000e+00   0.0000000e+00   1.9595812e+04   3.0800000e+02
   0.0000000e+00   0.0000000e+00   1.9412172e+04   3.1500000e+02
   0.0000000e+00   0.0000000e+00   1.9261145e+04   3.1600000e+02
   0.0000000e+00   0.0000000e+00   1.8900286e+04   3.2100000e+02
   0.0000000e+00   0.0000000e+00   1.8892906e+04   3.2300000e+02
   0.0000000e+00   0.0000000e+00   1.8864486e+04   3.2600000e+02
   0.0000000e+00   0.0000000e+00   1.8645189e+04   3.3000000e+02
   0.0000000e+00   0.0000000e+00   1.8611514e+04   3.3100000e+02
   0.0000000e+00   0.0000000e+00   1.8369947e+04   3.3200000e+02
   0.0000000e+00   0.0000000e+00   1.8332759e+04   3.3400000e+02
   0.0000000e+00   0.0000000e+00   1.8247966e+04   3.4300000e+02
   0.0000000e+00   0.0000000e+00   1.8238286e+04   3.4400000e+02
   0.0000000e+00   0.0000000e+00   1.7966193e+04   3.5200000e+02
   0.0000000e+00   0.0000000e+00   1.7910288e+04   3.5500000e+02
   0.0000000e+00   0.0000000e+00   1.7851525e+04   3.5700000e+02
   0.0000000e+00   0.0000000e+00   1.7779738e+04   3.5800000e+02
   0.0000000e+00   0.0000000e+00   1.7632179e+04   3.6400000e+02
   0.0000000e+00   0.0000000e+00   1.7527031e+04   3.6600000e+02
   0.0000000e+00   0.0000000e+00   1.7225980e+04   3.6700000e+02
   0.0000000e+00   0.0000000e+00   1.7066608e+04   3.7000000e+02
   0.0000000e+00   0.0000000e+00   1.7047420e+04   3.7100000e+02
   0.0000000e+00   0.0000000e+00   1.6555281e+04   3.7600000e+02
   0.0000000e+00   0.0000000e+00   1.6549060e+04   3.8100000e+02
   0.0000000e+00   0.0000000e+00   1.6366241e+04   3.8700000e+02
   0.0000000e+00   0.0000000e+00   1.6250232e+04   3.8800000e+02
   0.0000000e+00   0.0000000e+00   1.6160276e+04   3.9100000e+02
   0.0000000e+00   0.0000000e+00   1.6044290e+04   3.9600000e+02
   0.0000000e+00   0.0000000e+00   1.6016684e+04   4.0400000e+02
   0.0000000e+00   0.0000000e+00   1.5934410e+04   4.0600000e+02
   0.0000000e+00   0.0000000e+00   1.5902791e+04   4.0800000e+02
   0.0000000e+00   0.0000000e+00   1.5881953e+04   4.1100000e+02
   0.0000000e+00   0.0000000e+00   1.5836857e+04   4.1200000e+02
   0.0000000e+00   0.0000000e+00   1.5725296e+04   4.1800000e+02
   0.0000000e+00   0.0000000e+00   1.5704246e+04   4.2500000e+02
   0.0000000e+00   0.0000000e+00   1.5609028e+04   4.2600000e+02
   0.0000000e+00   0.0000000e+00   1.5543009e+04   4.3000000e+02
   0.0000000e+00   0.0000000e+00   1.5509353e+04   4.3100000e+02
   0.0000000e+00   0.0000000e+00   1.5310931e+04   4.3300000e+02
   0.0000000e+00   0.0000000e+00   1.5260545e+04   4.4200000e+02
   0.0000000e+00   0.0000000e+00   1.5223455e+04   4.4300000e+02
   0.0000000e+00   0.0000000e+00   1.5098448e+04   4.5000000e+02
   0.0000000e+00   0.0000000e+00   1.4957939e+04   4.5100000e+02
   0.0000000e+00   0.0000000e+00   1.4907406e+04   4.5300000e+02
   0.0000000e+00   0.0000000e+00   1.4746773e+04   4.5600000e+02
   0.0000000e+00   0.0000000e+00   1.4722232e+04   4.5700000e+02
   0.0000000e+00   0.0000000e+00   1.4639682e+04   4.5800000e+02
   0.0000000e+00   0.0000000e+00   1.4484393e+04   4.6100000e+02
   0.0000000e+00   0.0000000e+00   1.4440144e+04   4.6400000e+02
   0.0000000e+00   0.0000000e+00   1.4227229e+04   4.6500000e+02
   0.0000000e+00   0.0000000e+00   1.4104894e+04   4.6600000e+02
   0.0000000e+00   0.0000000e+00   1.3977805e+04   4.6800000e+02
   0.0000000e+00   0.0000000e+00   1.3882684e+04   4.7300000e+02
   0.0000000e+00   0.0000000e+00   1.3816557e+04   4.7400000e+02
   0.0000000e+00   0.0000000e+00   1.3718330e+04   4.7600000e+02
   0.0000000e+00   0.0000000e+00   1.3630825e+04   4.8300000e+02
   0.0000000e+00   0.0000000e+00   1.3588761e+04   4.8900000e+02
   0.0000000e+00   0.0000000e+00   1.3251836e+04   4.9000000e+02
   0.0000000e+00   0.0000000e+00   1.3103214e+04   4.9100000e+02
   0.0000000e+00   0.0000000e+00   1.3018924e+04   4.9200000e+02
   0.0000000e+00   0.0000000e+00   1.2937169e+04   4.9500000e+02
   0.0000000e+00   0.0000000e+00   1.2921417e+04   5.0000000e+02
   0.0000000e+00   0.0000000e+00   1.2859276e+04   5.0200000e+02
   0.0000000e+00   0.0000000e+00   1.2711916e+04   5.0300000e+02
   0.0000000e+00   0.0000000e+00   1.2650883e+04   5.1200000e+02
   0.0000000e+00   0.0000000e+00   1.2582098e+04   5.1300000e+02
   0.0000000e+00   0.0000000e+00   1.2525218e+04   5.1900000e+02
   0.0000000e+00   0.0000000e+00   1.2485536e+04   5.2400000e+02
   0.0000000e+00   0.0000000e+00   1.2319396e+04   5.3700000e+02
   0.0000000e+00   0.0000000e+00   1.2284757e+04   5.3800000e+02
   0.0000000e+00   0.0000000e+00   1.2210846e+04   5.4500000e+02
   0.0000000e+00   0.0000000e+00   1.2169499e+04   5.6300000e+02
   0.0000000e+00   0.0000000e+00   1.2156910e+04   5.6900000e+02
   0.0000000e+00   0.0000000e+00   1.2097242e+04   5.7100000e+02
   0.0000000e+00   0.0000000e+00   1.1796390e+04   5.7800000e+02
   0.0000000e+00   0.0000000e+00   1.1666312e+04   5.8400000e+02
   0.0000000e+00   0.0000000e+00   1.1484799e+04   5.9400000e+02
   0.0000000e+00   0.0000000e+00   1.1419424e+04   5.9800000e+02
   0.0000000e+00   0.0000000e+00   1.1336847e+04   6.0800000e+02
   0.0000000e+00   0.0000000e+00   1.1277205e+04   6.1100000e+02
   0.0000000e+00   0.0000000e+00   1.1265160e+04   6.1500000e+02
   0.0000000e+00   0.0000000e+00   1.1178556e+04   6.1700000e+02
   0.0000000e+00   0.0000000e+00   1.1176077e+04   6.2000000e+02
   0.0000000e+00   0.0000000e+00   1.0999146e+04   6.2600000e+02
   0.0000000e+00   0.0000000e+00   1.0982486e+04   6.3400000e+02
   0.0000000e+00   0.0000000e+00   1.0900928e+04   6.3600000e+02
   0.0000000e+00   0.0000000e+00   1.0882645e+04   6.4800000e+02
   0.0000000e+00   0.0000000e+00   1.0876074e+04   6.7900000e+02
   0.0000000e+00   0.0000000e+00   1.0709202e+04   6.9500000e+02
   0.0000000e+00   0.0000000e+00   1.0707339e+04   7.0300000e+02
   0.0000000e+00   0.0000000e+00   1.0667553e+04   7.2200000e+02
   0.0000000e+00   0.0000000e+00   1.0633779e+04   7.3100000e+02
   0.0000000e+00   0.0000000e+00   1.0595779e+04   7.3200000e+02
   0.0000000e+00   0.0000000e+00   1.0549040e+04   7.3700000e+02
   0.0000000e+00   0.0000000e+00   1.0469041e+04   7.4600000e+02
   0.0000000e+00   0.0000000e+00   1.0394145e+04   7.5000000e+02
   0.0000000e+00   0.0000000e+00   1.0302676e+04   7.6400000e+02
   0.0000000e+00   0.0000000e+00   1.0281301e+04   7.6700000e+02
   0.0000000e+00   0.0000000e+00   1.0237453e+04   7.7200000e+02
   0.0000000e+00   0.0000000e+00   1.0225409e+04   7.9600000e+02
   0.0000000e+00   0.0000000e+00   1.0214474e+04   8.0100000e+02
   0.0000000e+00   0.0000000e+00   1.0120289e+04   8.0400000e+02
   0.0000000e+00   0.0000000e+00   1.0118658e+04   8.0900000e+02
   0.0000000e+00   0.0000000e+00   9.9310194e+03   8.2100000e+02
   0.0000000e+00   0.0000000e+00   9.9263192e+03   8.2500000e+02
   0.0000000e+00   0.0000000e+00   9.8826418e+03   8.2700000e+02
   0.0000000e+00   0.0000000e+00   9.8461004e+03   8.3700000e+02
   0.0000000e+00   0.0000000e+00   9.8456620e+03   8.3800000e+02
   0.0000000e+00   0.0000000e+00   9.7983022e+03   8.5200000e+02
   0.0000000e+00   0.0000000e+00   9.7644888e+03   8.5400000e+02
   0.0000000e+00   0.0000000e+00   9.7216222e+03   8.5800000e+02
   0.0000000e+00   0.0000000e+00   9.7144914e+03   8.6800000e+02
   0.0000000e+00   0.0000000e+00   9.6992988e+03   8.7100000e+02
   0.0000000e+00   0.0000000e+00   9.6919300e+03   8.7600000e+02
   0.0000000e+00   0.0000000e+00   9.5946103e+03   8.9300000e+02
   0.0000000e+00   0.0000000e+00   9.3976765e+03   9.0000000e+02
   0.0000000e+00   0.0000000e+00   9.3026159e+03   9.0800000e+02
   0.0000000e+00   0.0000000e+00   9.1622960e+03   9.1100000e+02
   0.0000000e+00   0.0000000e+00   9.1403198e+03   9.3500000e+02
   0.0000000e+00   0.0000000e+00   9.1292405e+03   9.3900000e+02
   0.0000000e+00   0.0000000e+00   9.0783823e+03   9.4300000e+02
   0.0000000e+00   0.0000000e+00   9.0414931e+03   9.6500000e+02
   0.0000000e+00   0.0000000e+00   9.0054240e+03   9.6900000e+02
   0.0000000e+00   0.0000000e+00   8.9966039e+03   9.7400000e+02
   0.0000000e+00   0.0000000e+00   8.9493706e+03   9.8700000e+02
   0.0000000e+00   0.0000000e+00   8.9085404e+03   9.9300000e+02
   0.0000000e+00   0.0000000e+00   8.8366256e+03   1.0290000e+03
   0.0000000e+00   0.0000000e+00   8.7834670e+03   1.0420000e+03
   0.0000000e+00   0.0000000e+00   8.7291402e+03   1.0500000e+03
   0.0000000e+00   0.0000000e+00   8.6760494e+03   1.0510000e+03
   0.0000000e+00   0.0000000e+00   8.6530075e+03   1.0600000e+03
   0.0000000e+00   0.0000000e+00   8.5942177e+03   1.0610000e+03
   0.0000000e+00   0.0000000e+00   8.5837911e+03   1.0660000e+03
   0.0000000e+00   0.0000000e+00   8.5812824e+03   1.0840000e+03
   0.0000000e+00   0.0000000e+00   8.5777146e+03   1.0920000e+03
   0.0000000e+00   0.0000000e+00   8.5267633e+03   1.0940000e+03
   0.0000000e+00   0.0000000e+00   8.5253658e+03   1.0950000e+03
   0.0000000e+00   0.0000000e+00   8.5032607e+03   1.0980000e+03
   0.0000000e+00   0.0000000e+00   8.4860201e+03   1.1000000e+03
   0.0000000e+00   0.0000000e+00   8.3998942e+03   1.1170000e+03
   0.0000000e+00   0.0000000e+00   8.3832708e+03   1.1240000e+03
   0.0000000e+00   0.0000000e+00   8.3534499e+03   1.1370000e+03
   0.0000000e+00   0.0000000e+00   8.3022640e+03   1.1570000e+03
   0.0000000e+00   0.0000000e+00   8.2895956e+03   1.1660000e+03
   0.0000000e+00   0.0000000e+00   8.2407064e+03   1.1700000e+03
   0.0000000e+00   0.0000000e+00   8.2164757e+03   1.1830000e+03
   0.0000000e+00   0.0000000e+00   8.1711712e+03   1.2150000e+03
   0.0000000e+00   0.0000000e+00   8.1666406e+03   1.2430000e+03
   0.0000000e+00   0.0000000e+00   8.1511658e+03   1.2460000e+03
   0.0000000e+00   0.0000000e+00   8.1436405e+03   1.2530000e+03
   0.0000000e+00   0.0000000e+00   8.1428689e+03   1.2920000e+03
   0.0000000e+00   0.0000000e+00   8.1368145e+03   1.3000000e+03
   0.0000000e+00   0.0000000e+00   8.1202207e+03   1.3400000e+03
   0.0000000e+00   0.0000000e+00   8.0943258e+03   1.3450000e+03
   0.0000000e+00   0.0000000e+00   8.0360764e+03   1.3490000e+03
   0.0000000e+00   0.0000000e+00   8.0218584e+03   1.3500000e+03
   0.0000000e+00   0.0000000e+00   7.9913448e+03   1.3570000e+03
   0.0000000e+00   0.0000000e+00   7.9555502e+03   1.3770000e+03
   0.0000000e+00   0.0000000e+00   7.9227194e+03   1.3860000e+03
   0.0000000e+00   0.0000000e+00   7.8435777e+03   1.4060000e+03
   0.0000000e+00   0.0000000e+00   7.8396598e+03   1.4110000e+03
   0.0000000e+00   0.0000000e+00   7.7980324e+03   1.4380000e+03
   0.0000000e+00   0.0000000e+00   7.7906017e+03   1.4830000e+03
   0.0000000e+00   0.0000000e+00   7.7716581e+03   1.4860000e+03
   0.0000000e+00   0.0000000e+00   7.7447132e+03   1.5010000e+03
   0.0000000e+00   0.0000000e+00   7.7140970e+03   1.5390000e+03
   0.0000000e+00   0.0000000e+00   7.7074867e+03   1.5460000e+03
   0.0000000e+00   0.0000000e+00   7.6919306e+03   1.5470000e+03
   0.0000000e+00   0.0000000e+00   7.6785705e+03   1.5500000e+03
   0.0000000e+00   0.0000000e+00   7.6584967e+03   1.5570000e+03
   0.0000000e+00   0.0000000e+00   7.6358710e+03   1.5790000e+03
   0.0000000e+00   0.0000000e+00   7.6139117e+03   1.6350000e+03
   0.0000000e+00   0.0000000e+00   7.5449898e+03   1.6640000e+03
   0.0000000e+00   0.0000000e+00   7.4835979e+03   1.6670000e+03
   0.0000000e+00   0.0000000e+00   7.4828485e+03   1.6890000e+03
   0.0000000e+00   0.0000000e+00   7.4744174e+03   1.7430000e+03
   0.0000000e+00   0.0000000e+00   7.4528100e+03   1.7590000e+03
   0.0000000e+00   0.0000000e+00   7.3715507e+03   1.7850000e+03
   0.0000000e+00   0.0000000e+00   7.3701483e+03   1.7950000e+03
   0.0000000e+00   0.0000000e+00   7.3493815e+03   1.7980000e+03
   0.0000000e+00   0.0000000e+00   7.3490738e+03   1.8540000e+03
   0.0000000e+00   0.0000000e+00   7.3391348e+03   1.8650000e+03
   0.0000000e+00   0.0000000e+00   7.3347443e+03   1.8690000e+03
   0.0000000e+00   0.0000000e+00   7.3337214e+03   1.8820000e+03
   0.0000000e+00   0.0000000e+00   7.3040595e+03   1.9450000e+03
   0.0000000e+00   0.0000000e+00   7.2852849e+03   2.0760000e+03
   0.0000000e+00   0.0000000e+00   7.2385450e+03   2.1000000e+03
   0.0000000e+00   0.0000000e+00   7.2276330e+03   2.1060000e+03
   0.0000000e+00   0.0000000e+00   7.2212783e+03   2.1190000e+03
   0.0000000e+00   0.0000000e+00   7.2132974e+03   2.1380000e+03
   0.0000000e+00   0.0000000e+00   7.2033821e+03   2.1500000e+03
   0.0000000e+00   0.0000000e+00   7.1702777e+03   2.2030000e+03
   0.0000000e+00   0.0000000e+00   7.1606223e+03   2.2330000e+03
   0.0000000e+00   0.0000000e+00   7.1531261e+03   2.2400000e+03
   0.0000000e+00   0.0000000e+00   7.1447362e+03   2.2550000e+03
   0.0000000e+00   0.0000000e+00   7.1270004e+03   2.2800000e+03
   0.0000000e+00   0.0000000e+00   7.0973728e+03   2.3230000e+03
   0.0000000e+00   0.0000000e+00   7.0698042e+03   2.3420000e+03
   0.0000000e+00   0.0000000e+00   7.0248781e+03   2.3550000e+03
   0.0000000e+00   0.0000000e+00   6.9964717e+03   2.4890000e+03
   0.0000000e+00   0.0000000e+00   6.9635384e+03   2.4940000e+03
   0.0000000e+00   0.0000000e+00   6.9389617e+03   2.5160000e+03
   0.0000000e+00   0.0000000e+00   6.9163674e+03   2.5240000e+03
   0.0000000e+00   0.0000000e+00   6.9085126e+03   2.5500000e+03
   0.0000000e+00   0.0000000e+00   6.8829185e+03   2.5570000e+03
   0.0000000e+00   0.0000000e+00   6.8720481e+03   2.6160000e+03
   0.0000000e+00   0.0000000e+00   6.8507243e+03   2.8340000e+03
   0.0000000e+00   0.0000000e+00   6.8487448e+03   2.9690000e+03
   0.0000000e+00   0.0000000e+00   6.8123396e+03   3.1090000e+03
   0.0000000e+00   0.0000000e+00   6.8035462e+03   3.2650000e+03
   0.0000000e+00   0.0000000e+00   6.7960316e+03   3.3050000e+03
   0.0000000e+00   0.0000000e+00   6.7949250e+03   3.4680000e+03
   0.0000000e+00   0.0000000e+00   6.7474801e+03   3.4720000e+03
   0.0000000e+00   0.0000000e+00   6.7391735e+03   3.9430000e+03
   0.0000000e+00   0.0000000e+00   6.7219078e+03   4.1230000e+03
   0.0000000e+00   0.0000000e+00   6.7121844e+03   4.2040000e+03
   0.0000000e+00   0.0000000e+00   6.6905925e+03   4.2190000e+03
   0.0000000e+00   0.0000000e+00   6.6811256e+03   4.2260000e+03
   0.0000000e+00   0.0000000e+00   6.6730485e+03   4.3960000e+03
   0.0000000e+00   0.0000000e+00   6.6687589e+03   4.5010000e+03
   0.0000000e+00   0.0000000e+00   6.6438307e+03   4.5570000e+03
   0.0000000e+00   0.0000000e+00   6.5981917e+03   4.7190000e+03
   0.0000000e+00   0.0000000e+00   6.5906634e+03   4.7380000e+03
   0.0000000e+00   0.0000000e+00   6.5760776e+03   4.8880000e+03
   0.0000000e+00   0.0000000e+00   6.5228404e+03   5.0220000e+03
   0.0000000e+00   0.0000000e+00   6.5159277e+03   5.1280000e+03
   0.0000000e+00   0.0000000e+00   6.4947997e+03   5.1300000e+03
   0.0000000e+00   0.0000000e+00   6.4879603e+03   5.1890000e+03
   0.0000000e+00   0.0000000e+00   6.4778943e+03   5.2550000e+03
   0.0000000e+00   0.0000000e+00   6.4766898e+03   6.1420000e+03
   0.0000000e+00   0.0000000e+00   6.4731182e+03   6.4190000e+03
   0.0000000e+00   0.0000000e+00   6.4477336e+03   6.7400000e+03
   0.0000000e+00   0.0000000e+00   6.4429907e+03   6.7950000e+03
   0.0000000e+00   0.0000000e+00   6.4374620e+03   7.1370000e+03
   0.0000000e+00   0.0000000e+00   6.4369227e+03   7.7610000e+03
   0.0000000e+00   0.0000000e+00   6.4165341e+03   8.3650000e+03
   0.0000000e+00   0.0000000e+00   6.3956577e+03   8.7550000e+03
   0.0000000e+00   0.0000000e+00   6.3743542e+03   9.0130000e+03
   0.0000000e+00   0.0000000e+00   6.3675577e+03   9.3450000e+03
   0.0000000e+00   0.0000000e+00   6.3569229e+03   9.4250000e+03
   0.0000000e+00   0.0000000e+00   6.3407179e+03   9.6110000e+03
   0.0000000e+00   0.0000000e+00   6.3387376e+03   9.6210000e+03
   0.0000000e+00   0.0000000e+00   6.3374457e+03   9.9270000e+03
   0.0000000e+00   0.0000000e+00   6.3268251e+03   1.0273000e+04
   0.0000000e+00   0.0000000e+00   6.3071806e+03   1.0519000e+04
   0.0000000e+00   0.0000000e+00   6.2974332e+03   1.1414000e+04
   0.0000000e+00   0.0000000e+00   6.2798080e+03   1.1606000e+04
   0.0000000e+00   0.0000000e+00   6.2778223e+03   1.1887000e+04
   0.0000000e+00   0.0000000e+00   6.2710247e+03   1.2429000e+04
   0.0000000e+00   0.0000000e+00   6.2684333e+03   1.3785000e+04
   0.0000000e+00   0.0000000e+00   6.2612855e+03   1.4334000e+04
   0.0000000e+00   0.0000000e+00   6.2610417e+03   1.4470000e+04
   0.0000000e+00   0.0000000e+00   6.2547297e+03   1.4601000e+04
   0.0000000e+00   0.0000000e+00   6.2493085e+03   1.5848000e+04
   0.0000000e+00   0.0000000e+00   6.2472978e+03   1.5983000e+04
   0.0000000e+00   0.0000000e+00   6.2438803e+03   1.5992000e+04
   0.0000000e+00   0.0000000e+00   6.2316079e+03   1.9143000e+04
   0.0000000e+00   0.0000000e+00   6.2257592e+03   2.0192000e+04
   0.0000000e+00   0.0000000e+00   6.2160649e+03   2.3097000e+04
   0.0000000e+00   0.0000000e+00   6.2160649e+03   2.4639000e+04
   0.0000000e+00   0.0000000e+00   6.2125249e+03   2.4844000e+04
   0.0000000e+00   0.0000000e+00   6.2094344e+03   2.5227000e+04
   0.0000000e+00   0.0000000e+00   6.2092418e+03   2.9333000e+04
   0.0000000e+00   0.0000000e+00   6.2042167e+03   3.1731000e+04
   0.0000000e+00   0.0000000e+00   6.2017889e+03   3.3442000e+04
   0.0000000e+00   0.0000000e+00   6.1910553e+03   3.3767000e+04
   0.0000000e+00   0.0000000e+00   6.1908621e+03   3.4112000e+04
   0.0000000e+00   0.0000000e+00   6.1798824e+03   3.5181000e+04
   0.0000000e+00   0.0000000e+00   6.1675924e+03   3.6628000e+04
   0.0000000e+00   0.0000000e+00   6.1670546e+03   3.9381000e+04
   0.0000000e+00   0.0000000e+00   6.1644630e+03   3.9550000e+04
   0.0000000e+00   0.0000000e+00   6.1620690e+03   4.0070000e+04
   0.0000000e+00   0.0000000e+00   6.1513199e+03   4.0149000e+04
   0.0000000e+00   0.0000000e+00   6.1481665e+03   4.0813000e+04
   0.0000000e+00   0.0000000e+00   6.1365215e+03   4.1056000e+04
   0.0000000e+00   0.0000000e+00   6.1233927e+03   4.1081000e+04
   0.0000000e+00   0.0000000e+00   6.1172062e+03   4.1255000e+04
   0.0000000e+00   0.0000000e+00   6.1115569e+03   4.1404000e+04
   0.0000000e+00   0.0000000e+00   6.1031603e+03   4.2783000e+04
   0.0000000e+00   0.0000000e+00   6.0939199e+03   4.4962000e+04
   0.0000000e+00   0.0000000e+00   6.0676332e+03   4.5538000e+04
   0.0000000e+00   0.0000000e+00   6.0588324e+03   4.5610000e+04
   0.0000000e+00   0.0000000e+00   6.0510425e+03   4.5659000e+04
   0.0000000e+00   0.0000000e+00   6.0414872e+03   4.6297000e+04
   0.0000000e+00   0.0000000e+00   6.0384185e+03   4.6568000e+04
   0.0000000e+00   0.0000000e+00   6.0341985e+03   4.7115000e+04
   0.0000000e+00   0.0000000e+00   6.0288334e+03   4.7354000e+04
   0.0000000e+00   0.0000000e+00   6.0222259e+03   4.7616000e+04
   0.0000000e+00   0.0000000e+00   6.0110640e+03   4.8139000e+04
   0.0000000e+00   0.0000000e+00   6.0009485e+03   4.8426000e+04
   0.0000000e+00   0.0000000e+00   5.9921009e+03   4.8984000e+04
   0.0000000e+00   0.0000000e+00   5.9673694e+03   4.9009000e+04
   0.0000000e+00   0.0000000e+00   5.9641749e+03   5.0099000e+04
   0.0000000e+00   0.0000000e+00   5.9405103e+03   5.0218000e+04
   0.0000000e+00   0.0000000e+00   5.9399112e+03   5.0933000e+04
   0.0000000e+00   0.0000000e+00   5.9379599e+03   5.2032000e+04
   0.0000000e+00   0.0000000e+00   5.9181922e+03   5.2815000e+04
   0.0000000e+00   0.0000000e+00   5.9175900e+03   5.3240000e+04
   0.0000000e+00   0.0000000e+00   5.9111687e+03   5.3392000e+04
   0.0000000e+00   0.0000000e+00   5.9111593e+03   5.5219000e+04
   0.0000000e+00   0.0000000e+00   5.9078686e+03   5.6358000e+04
   0.0000000e+00   0.0000000e+00   5.9027015e+03   5.6456000e+04
   0.0000000e+00   0.0000000e+00   5.8996146e+03   5.7429000e+04
   0.0000000e+00   0.0000000e+00   5.8984195e+03   5.7453000e+04
   0.0000000e+00   0.0000000e+00   5.8977483e+03   5.7727000e+04
   0.0000000e+00   0.0000000e+00   5.8963897e+03   5.8158000e+04
   0.0000000e+00   0.0000000e+00   5.8898257e+03   5.8799000e+04
   0.0000000e+00   0.0000000e+00   5.8774454e+03   5.9647000e+04
   0.0000000e+00   0.0000000e+00   5.8566617e+03   6.0232000e+04
   0.0000000e+00   0.0000000e+00   5.8503586e+03   6.1197000e+04
   0.0000000e+00   0.0000000e+00   5.8450599e+03   6.1214000e+04
   0.0000000e+00   0.0000000e+00   5.8296078e+03   6.3369000e+04
   0.0000000e+00   0.0000000e+00   5.8279109e+03   6.3649000e+04
   0.0000000e+00   0.0000000e+00   5.8238875e+03   6.3653000e+04
   0.0000000e+00   0.0000000e+00   5.7948321e+03   6.4023000e+04
   0.0000000e+00   0.0000000e+00   5.7647447e+03   6.4475000e+04
   0.0000000e+00   0.0000000e+00   5.7631254e+03   6.4782000e+04
   0.0000000e+00   0.0000000e+00   5.7558551e+03   6.4814000e+04
   0.0000000e+00   0.0000000e+00   5.7525036e+03   6.5220000e+04
   0.0000000e+00   0.0000000e+00   5.7473713e+03   6.6615000e+04
   0.0000000e+00   0.0000000e+00   5.7410172e+03   6.6771000e+04
   0.0000000e+00   0.0000000e+00   5.7379783e+03   6.6790000e+04
   0.0000000e+00   0.0000000e+00   5.7346363e+03   6.7795000e+04
   0.0000000e+00   0.0000000e+00   5.7228242e+03   6.7934000e+04
   0.0000000e+00   0.0000000e+00   5.7219182e+03   6.9203000e+04
   0.0000000e+00   0.0000000e+00   5.7173372e+03   6.9618000e+04
   0.0000000e+00   0.0000000e+00   5.7122471e+03   7.0137000e+04
   0.0000000e+00   0.0000000e+00   5.7109729e+03   7.1307000e+04
   0.0000000e+00   0.0000000e+00   5.7105848e+03   7.1891000e+04
   0.0000000e+00   0.0000000e+00   5.7030664e+03   7.3352000e+04
   0.0000000e+00   0.0000000e+00   5.6990001e+03   7.5143000e+04
   0.0000000e+00   0.0000000e+00   5.6966724e+03   7.9925000e+04
   0.0000000e+00   0.0000000e+00   5.6905015e+03   8.0109000e+04
   0.0000000e+00   0.0000000e+00   5.6899295e+03   8.0523000e+04
   0.0000000e+00   0.0000000e+00   5.6833611e+03   8.1200000e+04
   0.0000000e+00   0.0000000e+00   5.6782289e+03   8.1291000e+04
   0.0000000e+00   0.0000000e+00   5.6776484e+03   8.1455000e+04
   0.0000000e+00   0.0000000e+00   5.6749166e+03   8.2093000e+04
   0.0000000e+00   0.0000000e+00   5.6672659e+03   8.2458000e+04
   0.0000000e+00   0.0000000e+00   5.6643572e+03   8.3326000e+04
   0.0000000e+00   0.0000000e+00   5.6572566e+03   8.3590000e+04
   0.0000000e+00   0.0000000e+00   5.6476134e+03   8.4205000e+04
   0.0000000e+00   0.0000000e+00   5.6466705e+03   8.5362000e+04
   0.0000000e+00   0.0000000e+00   5.6371772e+03   8.5552000e+04
   0.0000000e+00   0.0000000e+00   5.6266896e+03   8.6017000e+04
   0.0000000e+00   0.0000000e+00   5.6238956e+03   8.6132000e+04
   0.0000000e+00   0.0000000e+00   5.6209893e+03   8.6986000e+04
   0.0000000e+00   0.0000000e+00   5.6209893e+03   8.9034000e+04
   0.0000000e+00   0.0000000e+00   5.6111941e+03   9.2580000e+04
   0.0000000e+00   0.0000000e+00   5.5996661e+03   9.5668000e+04
   0.0000000e+00   0.0000000e+00   5.5983777e+03   1.0145500e+05
   0.0000000e+00   0.0000000e+00   5.5925525e+03   1.0150600e+05
   0.0000000e+00   0.0000000e+00   5.5573651e+03   1.0195500e+05
   0.0000000e+00   0.0000000e+00   5.5534618e+03   1.0195800e+05
   0.0000000e+00   0.0000000e+00   5.5517658e+03   1.0197000e+05
   0.0000000e+00   0.0000000e+00   5.5513134e+03   1.0218800e+05
   0.0000000e+00   0.0000000e+00   5.5484426e+03   1.0229300e+05
   0.0000000e+00   0.0000000e+00   5.5484426e+03   1.0243800e+05
   0.0000000e+00   0.0000000e+00   5.5434246e+03   1.0305500e+05
   0.0000000e+00   0.0000000e+00   5.5382934e+03   1.0314300e+05
   0.0000000e+00   0.0000000e+00   5.5353122e+03   1.0383400e+05
   0.0000000e+00   0.0000000e+00   5.5330132e+03   1.0932500e+05
   0.0000000e+00   0.0000000e+00   5.5322120e+03   1.1069500e+05
   0.0000000e+00   0.0000000e+00   5.5322120e+03   1.1826300e+05
   0.0000000e+00   0.0000000e+00   5.5322120e+03   1.1913200e+05
   0.0000000e+00   0.0000000e+00   5.5253829e+03   1.2379700e+05
   0.0000000e+00   0.0000000e+00   5.5238062e+03   1.2823300e+05
   0.0000000e+00   0.0000000e+00   5.5196275e+03   1.2955900e+05
   0.0000000e+00   0.0000000e+00   5.5188471e+03   1.4395200e+05
   0.0000000e+00   0.0000000e+00   5.5083127e+03   1.5024900e+05
   0.0000000e+00   0.0000000e+00   5.5042497e+03   1.5036600e+05
   0.0000000e+00   0.0000000e+00   5.5016867e+03   1.5220100e+05
   0.0000000e+00   0.0000000e+00   5.4981853e+03   1.5692600e+05
   0.0000000e+00   0.0000000e+00   5.4960950e+03   1.6049700e+05
   0.0000000e+00   0.0000000e+00   5.4920695e+03   1.6185400e+05
   0.0000000e+00   0.0000000e+00   5.4900968e+03   1.6942600e+05
   0.0000000e+00   0.0000000e+00   5.4806620e+03   1.6987400e+05
   0.0000000e+00   0.0000000e+00   5.4777802e+03   1.7064500e+05
   0.0000000e+00   0.0000000e+00   5.4768741e+03   1.7068300e+05
   0.0000000e+00   0.0000000e+00   5.4676272e+03   1.7250700e+05
   0.0000000e+00   0.0000000e+00   5.4668085e+03   1.7294900e+05
   0.0000000e+00   0.0000000e+00   5.4628465e+03   1.8001100e+05
   0.0000000e+00   0.0000000e+00   5.4593808e+03   1.8240400e+05
   0.0000000e+00   0.0000000e+00   5.4506369e+03   1.8348800e+05
