   1.4241293e+02   5.0482155e+00   1.4477249e+04   2.0000000e+00
   1.1307401e+02   1.9703225e+00   2.0648676e+04   3.0000000e+00
   1.1264653e+02   5.8857784e+00   1.6806663e+04   5.0000000e+00
   7.1909793e+01   9.2327362e-01   1.8745813e+04   6.0000000e+00
   4.1894625e+01   3.0751966e-01   1.6987842e+04   7.0000000e+00
   3.4897517e+01   2.3762476e-01   1.5801139e+04   9.0000000e+00
   3.1937804e+01   1.9376707e-01   1.4667766e+04   1.1000000e+01
   1.1340481e+01   7.7993307e-02   1.3482358e+04   1.2000000e+01
   5.2352967e+00   3.6722805e-02   1.2891380e+04   1.5000000e+01
   6.5678081e-01   0.0000000e+00   1.3838857e+04   1.6000000e+01
   5.5760569e-01   0.0000000e+00   1.4629404e+04   1.7000000e+01
   4.9237671e-01   0.0000000e+00   1.3024986e+04   1.8000000e+01
   2.5048267e-01   0.0000000e+00   1.3986354e+04   2.0000000e+01
   0.0000000e+00   0.0000000e+00   2.3999991e+04   2.2000000e+01
   0.0000000e+00   0.0000000e+00   2.2990127e+04   2.3000000e+01
   0.0000000e+00   0.0000000e+00   2.1775006e+04   2.8000000e+01
   0.0000000e+00   0.0000000e+00   2.1771451e+04   2.9000000e+01
   0.0000000e+00   0.0000000e+00   1.9696029e+04   3.1000000e+01
   0.0000000e+00   0.0000000e+00   1.7734314e+04   3.2000000e+01
   0.0000000e+00   0.0000000e+00   1.5598093e+04   3.3000000e+01
   0.0000000e+00   0.0000000e+00   1.4694651e+04   3.9000000e+01
   0.0000000e+00   0.0000000e+00   1.3710538e+04   4.2000000e+01
   0.0000000e+00   0.0000000e+00   1.3183345e+04   5.1000000e+01
   0.0000000e+00   0.0000000e+00   1.2132176e+04   5.3000000e+01
   0.0000000e+00   0.0000000e+00   1.1076468e+04   5.7000000e+01
   0.0000000e+00   0.0000000e+00   1.0327206e+04   8.5000000e+01
   0.0000000e+00   0.0000000e+00   1.0286854e+04   1.0000000e+02
   0.0000000e+00   0.0000000e+00   9.5103453e+03   1.0800000e+02
   0.0000000e+00   0.0000000e+00   8.7731326e+03   1.1200000e+02
   0.0000000e+00   0.0000000e+00   8.4082710e+03   1.1800000e+02
   0.0000000e+00   0.0000000e+00   8.1354079e+03   1.3500000e+02
   0.0000000e+00   0.0000000e+00   7.8637366e+03   1.4000000e+02
   0.0000000e+00   0.0000000e+00   7.6696097e+03   1.9100000e+02
   0.0000000e+00   0.0000000e+00   7.5155316e+03   2.0200000e+02
   0.0000000e+00   0.0000000e+00   7.4124861e+03   2.2300000e+02
   0.0000000e+00   0.0000000e+00   7.3012506e+03   5.1700000e+02
   0.0000000e+00   0.0000000e+00   7.2610360e+03   3.1960000e+03
   0.0000000e+00   0.0000000e+00   7.2287282e+03   3.2070000e+03
   0.0000000e+00   0.0000000e+00   7.2223520e+03   3.4310000e+03
   0.0000000e+00   0.0000000e+00   7.1899486e+03   3.8340000e+03
   0.0000000e+00   0.0000000e+00   7.1801919e+03   4.4480000e+03
   0.0000000e+00   0.0000000e+00   7.1769039e+03   9.3050000e+03
   0.0000000e+00   0.0000000e+00   7.1769039e+03   1.1793000e+04
   0.0000000e+00   0.0000000e+00   7.1735474e+03   5.2622000e+04
   0.0000000e+00   0.0000000e+00   7.1735474e+03   6.0810000e+04
   0.0000000e+00   0.0000000e+00   7.1735474e+03   6.1332000e+04
   0.0000000e+00   0.0000000e+00   7.1735474e+03   6.5356000e+04
   0.0000000e+00   0.0000000e+00   7.1735474e+03   7.8116000e+04
   0.0000000e+00   0.0000000e+00   7.1735474e+03   8.2068000e+04
   0.0000000e+00   0.0000000e+00   7.1735474e+03   8.6555000e+04
   0.0000000e+00   0.0000000e+00   7.1735474e+03   8.7002000e+04
   0.0000000e+00   0.0000000e+00   7.1735474e+03   9.3343000e+04
   0.0000000e+00   0.0000000e+00   7.1735474e+03   1.0288000e+05
   0.0000000e+00   0.0000000e+00   7.1735474e+03   1.0387100e+05
   0.0000000e+00   0.0000000e+00   7.1735474e+03   1.0411600e+05
   0.0000000e+00   0.0000000e+00   7.1735474e+03   1.0435200e+05
   0.0000000e+00   0.0000000e+00   7.1735474e+03   1.0818700e+05
   0.0000000e+00   0.0000000e+00   7.1735474e+03   1.1624000e+05
   0.0000000e+00   0.0000000e+00   7.1735474e+03   1.1748900e+05
   0.0000000e+00   0.0000000e+00   7.1735474e+03   1.3566900e+05
   0.0000000e+00   0.0000000e+00   7.1735474e+03   1.3697300e+05
   0.0000000e+00   0.0000000e+00   7.1735474e+03   1.4536900e+05
   0.0000000e+00   0.0000000e+00   7.1735474e+03   1.4576100e+05
   0.0000000e+00   0.0000000e+00   7.1735474e+03   1.7423500e+05
   0.0000000e+00   0.0000000e+00   7.1735474e+03   1.7520200e+05
   0.0000000e+00   0.0000000e+00   7.1735474e+03   1.7522000e+05
   0.0000000e+00   0.0000000e+00   7.1735474e+03   1.7822200e+05
   0.0000000e+00   0.0000000e+00   7.1735474e+03   1.7996300e+05
   0.0000000e+00   0.0000000e+00   7.1735474e+03   1.8335200e+05
   0.0000000e+00   0.0000000e+00   7.1735474e+03   1.8359700e+05
