   1.4022929e+02   4.9889864e+00   1.4345879e+04   2.0000000e+00
   1.1250388e+02   1.5828705e+00   2.0096159e+04   3.0000000e+00
   8.4811979e+01   2.0370299e+00   1.7590650e+04   7.0000000e+00
   3.2395205e+01   0.0000000e+00   2.6692916e+04   8.0000000e+00
   2.7405114e+01   0.0000000e+00   2.3770971e+04   1.1000000e+01
   5.1904462e+00   0.0000000e+00   2.7743432e+04   1.2000000e+01
   3.6166089e+00   0.0000000e+00   2.6851672e+04   1.3000000e+01
   3.1240640e+00   0.0000000e+00   3.2261600e+04   1.5000000e+01
   1.1725622e+00   0.0000000e+00   2.9553799e+04   1.6000000e+01
   9.1660069e-01   0.0000000e+00   2.8861430e+04   1.8000000e+01
   5.8232526e-01   0.0000000e+00   3.0533421e+04   2.1000000e+01
   5.6074549e-01   0.0000000e+00   2.5466535e+04   2.5000000e+01
   0.0000000e+00   0.0000000e+00   2.5607863e+04   2.7000000e+01
   0.0000000e+00   0.0000000e+00   2.2438296e+04   3.0000000e+01
   0.0000000e+00   0.0000000e+00   2.0219971e+04   3.4000000e+01
   0.0000000e+00   0.0000000e+00   1.8846568e+04   3.5000000e+01
   0.0000000e+00   0.0000000e+00   1.6619009e+04   3.9000000e+01
   0.0000000e+00   0.0000000e+00   1.4848043e+04   4.3000000e+01
   0.0000000e+00   0.0000000e+00   1.4570293e+04   5.0000000e+01
   0.0000000e+00   0.0000000e+00   1.2796679e+04   5.3000000e+01
   0.0000000e+00   0.0000000e+00   1.1854728e+04   5.7000000e+01
   0.0000000e+00   0.0000000e+00   1.0764511e+04   8.0000000e+01
   0.0000000e+00   0.0000000e+00   1.0452941e+04   8.8000000e+01
   0.0000000e+00   0.0000000e+00   1.0035631e+04   1.0500000e+02
   0.0000000e+00   0.0000000e+00   9.2109085e+03   1.1100000e+02
   0.0000000e+00   0.0000000e+00   8.9520444e+03   1.2100000e+02
   0.0000000e+00   0.0000000e+00   8.6691975e+03   1.2400000e+02
   0.0000000e+00   0.0000000e+00   8.3604014e+03   1.4500000e+02
   0.0000000e+00   0.0000000e+00   8.1442177e+03   1.5400000e+02
   0.0000000e+00   0.0000000e+00   7.8765540e+03   1.7000000e+02
   0.0000000e+00   0.0000000e+00   7.7123578e+03   2.1300000e+02
   0.0000000e+00   0.0000000e+00   7.4795218e+03   4.1000000e+02
   0.0000000e+00   0.0000000e+00   7.3388377e+03   6.0700000e+02
   0.0000000e+00   0.0000000e+00   7.2687233e+03   1.4700000e+03
   0.0000000e+00   0.0000000e+00   7.2472529e+03   1.6650000e+03
   0.0000000e+00   0.0000000e+00   7.2260958e+03   2.3450000e+03
   0.0000000e+00   0.0000000e+00   7.2156538e+03   3.8590000e+03
   0.0000000e+00   0.0000000e+00   7.2141406e+03   4.6220000e+03
   0.0000000e+00   0.0000000e+00   7.1818583e+03   6.3000000e+03
   0.0000000e+00   0.0000000e+00   7.1814628e+03   7.3120000e+03
   0.0000000e+00   0.0000000e+00   7.1734870e+03   7.4820000e+03
   0.0000000e+00   0.0000000e+00   7.1734870e+03   1.5487000e+04
   0.0000000e+00   0.0000000e+00   7.1650426e+03   1.7892000e+04
   0.0000000e+00   0.0000000e+00   7.1639370e+03   2.1581000e+04
   0.0000000e+00   0.0000000e+00   7.1639370e+03   4.0140000e+04
   0.0000000e+00   0.0000000e+00   7.1639370e+03   7.1053000e+04
   0.0000000e+00   0.0000000e+00   7.1639370e+03   1.1390900e+05
   0.0000000e+00   0.0000000e+00   7.1639370e+03   1.2288100e+05
