   2.4215487e+02   1.0427358e+01   1.5476433e+04   2.0000000e+00
   2.2099735e+02   1.1792299e+01   1.4986192e+04   3.0000000e+00
   2.1982932e+02   1.1889271e+01   1.4736564e+04   4.0000000e+00
   2.0873851e+02   1.1312393e+01   1.5760210e+04   9.0000000e+00
   2.0310006e+02   1.0309221e+01   1.5548910e+04   1.0000000e+01
   2.0204241e+02   1.0225982e+01   1.5523742e+04   1.1000000e+01
   2.0034035e+02   1.0062639e+01   1.5477104e+04   1.3000000e+01
   1.9775243e+02   9.2298360e+00   1.5827263e+04   1.4000000e+01
   1.9547742e+02   9.4368305e+00   1.5661566e+04   1.7000000e+01
   1.8579815e+02   8.5904171e+00   1.5702564e+04   1.8000000e+01
   1.7842369e+02   7.7084567e+00   1.6578020e+04   2.0000000e+01
   1.7701869e+02   7.1483143e+00   1.7247798e+04   2.2000000e+01
   1.7537749e+02   8.1528451e+00   1.6774701e+04   2.4000000e+01
   1.6657328e+02   7.3682269e+00   1.6885593e+04   2.5000000e+01
   1.6516386e+02   7.6606070e+00   1.6502134e+04   2.6000000e+01
   1.6047642e+02   6.3683122e+00   1.6416524e+04   2.7000000e+01
   1.4749019e+02   5.2221897e+00   1.6387449e+04   2.8000000e+01
   1.3946269e+02   4.3786961e+00   1.6331611e+04   3.1000000e+01
   1.1902804e+02   2.8222494e+00   1.7518990e+04   3.2000000e+01
   1.1005630e+02   2.7385706e+00   1.7156517e+04   3.4000000e+01
   1.0798750e+02   2.5658089e+00   1.7305568e+04   3.5000000e+01
   1.0421076e+02   2.2169707e+00   1.7297360e+04   3.7000000e+01
   1.0045698e+02   2.0781139e+00   1.7112239e+04   3.8000000e+01
   1.0030250e+02   2.0305020e+00   1.7366804e+04   3.9000000e+01
   9.8710573e+01   2.0840952e+00   1.6962943e+04   4.3000000e+01
   9.2270272e+01   1.9673161e+00   1.7056439e+04   4.4000000e+01
   9.1048114e+01   1.8548787e+00   1.7273736e+04   4.5000000e+01
   8.5282606e+01   1.7771184e+00   1.8350222e+04   4.6000000e+01
   8.3939354e+01   1.5882960e+00   1.8402059e+04   5.3000000e+01
   8.1546523e+01   1.2555211e+00   1.8591579e+04   5.4000000e+01
   8.0287114e+01   1.2459699e+00   1.8648621e+04   5.6000000e+01
   7.8766721e+01   1.1354862e+00   1.8624618e+04   5.9000000e+01
   6.8665947e+01   9.5957637e-01   1.9536226e+04   6.0000000e+01
   6.8184966e+01   9.5055216e-01   1.9416467e+04   6.1000000e+01
   6.7294868e+01   7.9432310e-01   1.9280835e+04   6.2000000e+01
   4.4622956e+01   5.9441682e-01   1.9006558e+04   6.6000000e+01
   4.4349658e+01   5.3550550e-01   1.9258741e+04   6.8000000e+01
   4.4110697e+01   4.8975115e-01   1.9871642e+04   6.9000000e+01
   4.2009104e+01   4.3830722e-01   2.0146244e+04   7.0000000e+01
   3.4008580e+01   4.3252229e-01   2.0370130e+04   7.6000000e+01
   3.1102507e+01   4.2303870e-01   2.0318872e+04   7.8000000e+01
   2.9539450e+01   4.2502713e-01   2.0342203e+04   8.1000000e+01
   2.9343488e+01   4.2758555e-01   1.9921746e+04   8.3000000e+01
   2.9243227e+01   4.1730023e-01   1.9785457e+04   8.4000000e+01
   2.7701682e+01   4.1985837e-01   1.9710333e+04   8.7000000e+01
   2.7655492e+01   3.8090453e-01   2.0025203e+04   8.8000000e+01
   2.6328741e+01   3.6080475e-01   1.9940837e+04   9.0000000e+01
   2.3951259e+01   3.7370339e-01   1.9820982e+04   9.4000000e+01
   2.3854684e+01   3.8811022e-01   1.9505397e+04   9.6000000e+01
   2.2486708e+01   2.9885270e-01   2.0321637e+04   9.8000000e+01
   2.2436528e+01   2.8737140e-01   2.0643713e+04   1.0100000e+02
   2.2418575e+01   3.5039709e-01   2.0346336e+04   1.0300000e+02
   2.2031857e+01   3.3670759e-01   2.0427780e+04   1.0500000e+02
   2.1960324e+01   3.1660842e-01   2.0887921e+04   1.0800000e+02
   2.0997554e+01   3.1159613e-01   2.0895942e+04   1.0900000e+02
   2.0565414e+01   2.6676837e-01   2.0917289e+04   1.1000000e+02
   2.0559418e+01   2.6738531e-01   2.0790524e+04   1.1200000e+02
   2.0271732e+01   2.4434971e-01   2.0863088e+04   1.1300000e+02
   1.0500793e+01   0.0000000e+00   2.0843483e+04   1.1400000e+02
   9.7192639e+00   0.0000000e+00   2.1704949e+04   1.1500000e+02
   9.6916023e+00   0.0000000e+00   2.1374415e+04   1.1600000e+02
   7.4595729e+00   0.0000000e+00   2.1047582e+04   1.1700000e+02
   7.2345246e+00   0.0000000e+00   2.0820412e+04   1.1900000e+02
   7.0509787e+00   0.0000000e+00   2.0741520e+04   1.2300000e+02
   6.7546399e+00   0.0000000e+00   2.1276146e+04   1.2900000e+02
   6.5504033e+00   0.0000000e+00   2.2354373e+04   1.3000000e+02
   6.0541737e+00   0.0000000e+00   2.2631859e+04   1.3200000e+02
   6.0237015e+00   0.0000000e+00   2.2438980e+04   1.3700000e+02
   6.0026602e+00   0.0000000e+00   2.2544446e+04   1.3800000e+02
   5.9546343e+00   0.0000000e+00   2.2551623e+04   1.4100000e+02
   4.1951332e+00   0.0000000e+00   2.3114135e+04   1.4200000e+02
   3.9572694e+00   0.0000000e+00   2.3628045e+04   1.4300000e+02
   3.4784738e+00   0.0000000e+00   2.4115041e+04   1.4500000e+02
   3.4293061e+00   0.0000000e+00   2.4199293e+04   1.4900000e+02
   2.9511255e+00   0.0000000e+00   2.4016104e+04   1.5000000e+02
   2.9100210e+00   0.0000000e+00   2.3881229e+04   1.5100000e+02
   2.8383053e+00   0.0000000e+00   2.4430523e+04   1.5200000e+02
   2.8210101e+00   0.0000000e+00   2.4964245e+04   1.5400000e+02
   2.3328912e+00   0.0000000e+00   2.4947269e+04   1.5500000e+02
   1.7747897e+00   0.0000000e+00   2.4760688e+04   1.5600000e+02
   1.6365631e+00   0.0000000e+00   2.4572485e+04   1.5800000e+02
   1.6241047e+00   0.0000000e+00   2.4017494e+04   1.6100000e+02
   1.6232766e+00   0.0000000e+00   2.4028647e+04   1.6200000e+02
   1.0885447e+00   0.0000000e+00   2.4739678e+04   1.6900000e+02
   1.0714808e+00   0.0000000e+00   2.5327503e+04   1.7400000e+02
   4.9438829e-01   0.0000000e+00   2.5308490e+04   1.7900000e+02
   4.9112641e-01   0.0000000e+00   2.4964910e+04   1.8100000e+02
   4.9082833e-01   0.0000000e+00   2.5039764e+04   1.8200000e+02
   4.9014140e-01   0.0000000e+00   2.4512781e+04   1.8400000e+02
   4.8793646e-01   0.0000000e+00   2.4695578e+04   1.8800000e+02
   4.8515028e-01   0.0000000e+00   2.4535678e+04   1.9000000e+02
   4.8508821e-01   0.0000000e+00   2.4120591e+04   1.9500000e+02
   4.8493115e-01   0.0000000e+00   2.3919302e+04   2.0400000e+02
   4.3944369e-01   0.0000000e+00   2.4704111e+04   2.0800000e+02
   4.3911933e-01   0.0000000e+00   2.4677092e+04   2.0900000e+02
   0.0000000e+00   0.0000000e+00   2.4731471e+04   2.1100000e+02
   0.0000000e+00   0.0000000e+00   2.4226770e+04   2.1300000e+02
   0.0000000e+00   0.0000000e+00   2.3865709e+04   2.1400000e+02
   0.0000000e+00   0.0000000e+00   2.3622471e+04   2.1500000e+02
   0.0000000e+00   0.0000000e+00   2.3447913e+04   2.1700000e+02
   0.0000000e+00   0.0000000e+00   2.3309920e+04   2.2100000e+02
   0.0000000e+00   0.0000000e+00   2.3282425e+04   2.2400000e+02
   0.0000000e+00   0.0000000e+00   2.2982807e+04   2.2500000e+02
   0.0000000e+00   0.0000000e+00   2.2780322e+04   2.2600000e+02
   0.0000000e+00   0.0000000e+00   2.2681530e+04   2.2700000e+02
   0.0000000e+00   0.0000000e+00   2.2162500e+04   2.2800000e+02
   0.0000000e+00   0.0000000e+00   2.1847986e+04   2.3000000e+02
   0.0000000e+00   0.0000000e+00   2.1519461e+04   2.3100000e+02
   0.0000000e+00   0.0000000e+00   2.1386427e+04   2.3200000e+02
   0.0000000e+00   0.0000000e+00   2.1195995e+04   2.3700000e+02
   0.0000000e+00   0.0000000e+00   2.1179418e+04   2.4000000e+02
   0.0000000e+00   0.0000000e+00   2.0672881e+04   2.4800000e+02
   0.0000000e+00   0.0000000e+00   2.0212756e+04   2.5700000e+02
   0.0000000e+00   0.0000000e+00   2.0052033e+04   2.5800000e+02
   0.0000000e+00   0.0000000e+00   1.9570226e+04   2.6400000e+02
   0.0000000e+00   0.0000000e+00   1.9313967e+04   2.6700000e+02
   0.0000000e+00   0.0000000e+00   1.9270382e+04   2.6900000e+02
   0.0000000e+00   0.0000000e+00   1.9054808e+04   2.7000000e+02
   0.0000000e+00   0.0000000e+00   1.9017054e+04   2.7300000e+02
   0.0000000e+00   0.0000000e+00   1.8907908e+04   2.7500000e+02
   0.0000000e+00   0.0000000e+00   1.8813729e+04   2.8500000e+02
   0.0000000e+00   0.0000000e+00   1.8581748e+04   2.8600000e+02
   0.0000000e+00   0.0000000e+00   1.8427367e+04   2.9100000e+02
   0.0000000e+00   0.0000000e+00   1.8356551e+04   2.9200000e+02
   0.0000000e+00   0.0000000e+00   1.8269710e+04   3.0100000e+02
   0.0000000e+00   0.0000000e+00   1.8045760e+04   3.0500000e+02
   0.0000000e+00   0.0000000e+00   1.7862034e+04   3.0600000e+02
   0.0000000e+00   0.0000000e+00   1.7629666e+04   3.1700000e+02
   0.0000000e+00   0.0000000e+00   1.7497844e+04   3.3200000e+02
   0.0000000e+00   0.0000000e+00   1.7333087e+04   3.3300000e+02
   0.0000000e+00   0.0000000e+00   1.6932656e+04   3.3800000e+02
   0.0000000e+00   0.0000000e+00   1.6798543e+04   3.4400000e+02
   0.0000000e+00   0.0000000e+00   1.6682407e+04   3.4600000e+02
   0.0000000e+00   0.0000000e+00   1.6565492e+04   3.4800000e+02
   0.0000000e+00   0.0000000e+00   1.6210585e+04   3.5000000e+02
   0.0000000e+00   0.0000000e+00   1.6100295e+04   3.5800000e+02
   0.0000000e+00   0.0000000e+00   1.6037412e+04   3.6400000e+02
   0.0000000e+00   0.0000000e+00   1.6019348e+04   3.6600000e+02
   0.0000000e+00   0.0000000e+00   1.5863289e+04   3.6700000e+02
   0.0000000e+00   0.0000000e+00   1.5806985e+04   3.7400000e+02
   0.0000000e+00   0.0000000e+00   1.5688124e+04   3.7700000e+02
   0.0000000e+00   0.0000000e+00   1.5363910e+04   3.8100000e+02
   0.0000000e+00   0.0000000e+00   1.5263054e+04   3.8400000e+02
   0.0000000e+00   0.0000000e+00   1.5015007e+04   3.8700000e+02
   0.0000000e+00   0.0000000e+00   1.4660409e+04   3.8800000e+02
   0.0000000e+00   0.0000000e+00   1.4485094e+04   3.9100000e+02
   0.0000000e+00   0.0000000e+00   1.4455792e+04   3.9400000e+02
   0.0000000e+00   0.0000000e+00   1.4376416e+04   3.9700000e+02
   0.0000000e+00   0.0000000e+00   1.4279895e+04   3.9900000e+02
   0.0000000e+00   0.0000000e+00   1.4153119e+04   4.0000000e+02
   0.0000000e+00   0.0000000e+00   1.3994895e+04   4.0400000e+02
   0.0000000e+00   0.0000000e+00   1.3925219e+04   4.0900000e+02
   0.0000000e+00   0.0000000e+00   1.3889414e+04   4.1100000e+02
   0.0000000e+00   0.0000000e+00   1.3848592e+04   4.1300000e+02
   0.0000000e+00   0.0000000e+00   1.3712622e+04   4.1800000e+02
   0.0000000e+00   0.0000000e+00   1.3535681e+04   4.2500000e+02
   0.0000000e+00   0.0000000e+00   1.3460086e+04   4.2600000e+02
   0.0000000e+00   0.0000000e+00   1.3427554e+04   4.2900000e+02
   0.0000000e+00   0.0000000e+00   1.3124452e+04   4.3300000e+02
   0.0000000e+00   0.0000000e+00   1.2955335e+04   4.3400000e+02
   0.0000000e+00   0.0000000e+00   1.2629429e+04   4.3800000e+02
   0.0000000e+00   0.0000000e+00   1.2471454e+04   4.4400000e+02
   0.0000000e+00   0.0000000e+00   1.2405773e+04   4.4800000e+02
   0.0000000e+00   0.0000000e+00   1.2339928e+04   4.4900000e+02
   0.0000000e+00   0.0000000e+00   1.2219869e+04   4.5300000e+02
   0.0000000e+00   0.0000000e+00   1.2215961e+04   4.5400000e+02
   0.0000000e+00   0.0000000e+00   1.2173246e+04   4.5500000e+02
   0.0000000e+00   0.0000000e+00   1.2172478e+04   4.6000000e+02
   0.0000000e+00   0.0000000e+00   1.2050183e+04   4.6200000e+02
   0.0000000e+00   0.0000000e+00   1.2028208e+04   4.6400000e+02
   0.0000000e+00   0.0000000e+00   1.1942648e+04   4.6800000e+02
   0.0000000e+00   0.0000000e+00   1.1892306e+04   4.7000000e+02
   0.0000000e+00   0.0000000e+00   1.1843185e+04   4.8500000e+02
   0.0000000e+00   0.0000000e+00   1.1833309e+04   4.8600000e+02
   0.0000000e+00   0.0000000e+00   1.1778720e+04   4.8700000e+02
   0.0000000e+00   0.0000000e+00   1.1754109e+04   4.8900000e+02
   0.0000000e+00   0.0000000e+00   1.1684133e+04   4.9000000e+02
   0.0000000e+00   0.0000000e+00   1.1560521e+04   4.9200000e+02
   0.0000000e+00   0.0000000e+00   1.1391354e+04   5.0000000e+02
   0.0000000e+00   0.0000000e+00   1.1262138e+04   5.0300000e+02
   0.0000000e+00   0.0000000e+00   1.1163221e+04   5.0900000e+02
   0.0000000e+00   0.0000000e+00   1.1073893e+04   5.1300000e+02
   0.0000000e+00   0.0000000e+00   1.1007565e+04   5.3400000e+02
   0.0000000e+00   0.0000000e+00   1.0790696e+04   5.3600000e+02
   0.0000000e+00   0.0000000e+00   1.0681059e+04   5.4500000e+02
   0.0000000e+00   0.0000000e+00   1.0546321e+04   5.4800000e+02
   0.0000000e+00   0.0000000e+00   1.0534930e+04   5.6400000e+02
   0.0000000e+00   0.0000000e+00   1.0413487e+04   5.6900000e+02
   0.0000000e+00   0.0000000e+00   1.0313648e+04   5.8200000e+02
   0.0000000e+00   0.0000000e+00   1.0241048e+04   5.8500000e+02
   0.0000000e+00   0.0000000e+00   1.0134612e+04   5.8700000e+02
   0.0000000e+00   0.0000000e+00   1.0028417e+04   5.8800000e+02
   0.0000000e+00   0.0000000e+00   1.0009358e+04   5.9300000e+02
   0.0000000e+00   0.0000000e+00   9.9514197e+03   6.0700000e+02
   0.0000000e+00   0.0000000e+00   9.9271712e+03   6.1700000e+02
   0.0000000e+00   0.0000000e+00   9.8880702e+03   6.2200000e+02
   0.0000000e+00   0.0000000e+00   9.7439447e+03   6.3400000e+02
   0.0000000e+00   0.0000000e+00   9.5698622e+03   6.4400000e+02
   0.0000000e+00   0.0000000e+00   9.5533063e+03   6.6500000e+02
   0.0000000e+00   0.0000000e+00   9.4496896e+03   6.7800000e+02
   0.0000000e+00   0.0000000e+00   9.3485399e+03   6.8700000e+02
   0.0000000e+00   0.0000000e+00   9.2964952e+03   6.9000000e+02
   0.0000000e+00   0.0000000e+00   9.2774628e+03   7.0800000e+02
   0.0000000e+00   0.0000000e+00   9.2366718e+03   7.1400000e+02
   0.0000000e+00   0.0000000e+00   9.2139265e+03   7.5900000e+02
   0.0000000e+00   0.0000000e+00   9.0751906e+03   7.6500000e+02
   0.0000000e+00   0.0000000e+00   8.9910275e+03   7.7400000e+02
   0.0000000e+00   0.0000000e+00   8.9369981e+03   7.7600000e+02
   0.0000000e+00   0.0000000e+00   8.9161167e+03   7.8200000e+02
   0.0000000e+00   0.0000000e+00   8.8693983e+03   7.8400000e+02
   0.0000000e+00   0.0000000e+00   8.8643197e+03   7.9000000e+02
   0.0000000e+00   0.0000000e+00   8.8220253e+03   7.9900000e+02
   0.0000000e+00   0.0000000e+00   8.8194683e+03   8.0000000e+02
   0.0000000e+00   0.0000000e+00   8.7946525e+03   8.0700000e+02
   0.0000000e+00   0.0000000e+00   8.7751976e+03   8.2400000e+02
   0.0000000e+00   0.0000000e+00   8.6992144e+03   8.6600000e+02
   0.0000000e+00   0.0000000e+00   8.6837275e+03   8.7000000e+02
   0.0000000e+00   0.0000000e+00   8.6405397e+03   8.7800000e+02
   0.0000000e+00   0.0000000e+00   8.5867473e+03   8.7900000e+02
   0.0000000e+00   0.0000000e+00   8.5496470e+03   8.8600000e+02
   0.0000000e+00   0.0000000e+00   8.5266931e+03   8.9500000e+02
   0.0000000e+00   0.0000000e+00   8.4987077e+03   9.1300000e+02
   0.0000000e+00   0.0000000e+00   8.4411593e+03   9.2800000e+02
   0.0000000e+00   0.0000000e+00   8.4161239e+03   9.3200000e+02
   0.0000000e+00   0.0000000e+00   8.3542190e+03   9.4500000e+02
   0.0000000e+00   0.0000000e+00   8.1918938e+03   9.5400000e+02
   0.0000000e+00   0.0000000e+00   8.1629017e+03   9.5500000e+02
   0.0000000e+00   0.0000000e+00   8.1262916e+03   9.7200000e+02
   0.0000000e+00   0.0000000e+00   8.0994503e+03   1.0020000e+03
   0.0000000e+00   0.0000000e+00   8.0787839e+03   1.0060000e+03
   0.0000000e+00   0.0000000e+00   8.0782287e+03   1.0090000e+03
   0.0000000e+00   0.0000000e+00   7.9576538e+03   1.0230000e+03
   0.0000000e+00   0.0000000e+00   7.7260985e+03   1.0480000e+03
   0.0000000e+00   0.0000000e+00   7.6183179e+03   1.1600000e+03
   0.0000000e+00   0.0000000e+00   7.5980296e+03   1.2190000e+03
   0.0000000e+00   0.0000000e+00   7.5535642e+03   1.2350000e+03
   0.0000000e+00   0.0000000e+00   7.4922084e+03   1.2390000e+03
   0.0000000e+00   0.0000000e+00   7.4609979e+03   1.2520000e+03
   0.0000000e+00   0.0000000e+00   7.4178207e+03   1.2800000e+03
   0.0000000e+00   0.0000000e+00   7.4177552e+03   1.2840000e+03
   0.0000000e+00   0.0000000e+00   7.3972560e+03   1.3130000e+03
   0.0000000e+00   0.0000000e+00   7.3962239e+03   1.3600000e+03
   0.0000000e+00   0.0000000e+00   7.3810996e+03   1.3790000e+03
   0.0000000e+00   0.0000000e+00   7.3720167e+03   1.4070000e+03
   0.0000000e+00   0.0000000e+00   7.3669183e+03   1.4740000e+03
   0.0000000e+00   0.0000000e+00   7.3333409e+03   1.5080000e+03
   0.0000000e+00   0.0000000e+00   7.2885254e+03   1.5550000e+03
   0.0000000e+00   0.0000000e+00   7.2355791e+03   1.5970000e+03
   0.0000000e+00   0.0000000e+00   7.1831570e+03   1.6020000e+03
   0.0000000e+00   0.0000000e+00   7.1831171e+03   1.6110000e+03
   0.0000000e+00   0.0000000e+00   7.1831155e+03   1.7050000e+03
   0.0000000e+00   0.0000000e+00   7.1764131e+03   1.7460000e+03
   0.0000000e+00   0.0000000e+00   7.1716486e+03   1.7730000e+03
   0.0000000e+00   0.0000000e+00   7.1313794e+03   1.8250000e+03
   0.0000000e+00   0.0000000e+00   7.1299938e+03   1.8920000e+03
   0.0000000e+00   0.0000000e+00   7.1160089e+03   1.9130000e+03
   0.0000000e+00   0.0000000e+00   7.1050302e+03   1.9200000e+03
   0.0000000e+00   0.0000000e+00   7.0890287e+03   2.0130000e+03
   0.0000000e+00   0.0000000e+00   7.0754632e+03   2.0300000e+03
   0.0000000e+00   0.0000000e+00   7.0691651e+03   2.0590000e+03
   0.0000000e+00   0.0000000e+00   7.0566253e+03   2.0690000e+03
   0.0000000e+00   0.0000000e+00   7.0389831e+03   2.0850000e+03
   0.0000000e+00   0.0000000e+00   7.0335203e+03   2.3600000e+03
   0.0000000e+00   0.0000000e+00   7.0203886e+03   2.4030000e+03
   0.0000000e+00   0.0000000e+00   7.0071285e+03   3.0930000e+03
   0.0000000e+00   0.0000000e+00   7.0031866e+03   3.1770000e+03
   0.0000000e+00   0.0000000e+00   7.0005082e+03   4.1230000e+03
   0.0000000e+00   0.0000000e+00   6.9754705e+03   4.2300000e+03
   0.0000000e+00   0.0000000e+00   6.9455552e+03   4.2600000e+03
   0.0000000e+00   0.0000000e+00   6.9284629e+03   4.2880000e+03
   0.0000000e+00   0.0000000e+00   6.9248128e+03   4.4040000e+03
   0.0000000e+00   0.0000000e+00   6.9109248e+03   4.5920000e+03
   0.0000000e+00   0.0000000e+00   6.9040776e+03   4.6510000e+03
   0.0000000e+00   0.0000000e+00   6.8799675e+03   4.6640000e+03
   0.0000000e+00   0.0000000e+00   6.8795961e+03   5.2000000e+03
   0.0000000e+00   0.0000000e+00   6.8598751e+03   5.3810000e+03
   0.0000000e+00   0.0000000e+00   6.7979101e+03   5.4270000e+03
   0.0000000e+00   0.0000000e+00   6.7615339e+03   5.4420000e+03
   0.0000000e+00   0.0000000e+00   6.7519343e+03   5.4620000e+03
   0.0000000e+00   0.0000000e+00   6.7308856e+03   5.6850000e+03
   0.0000000e+00   0.0000000e+00   6.7129517e+03   5.7200000e+03
   0.0000000e+00   0.0000000e+00   6.7095828e+03   5.7900000e+03
   0.0000000e+00   0.0000000e+00   6.7047328e+03   5.8080000e+03
   0.0000000e+00   0.0000000e+00   6.6917556e+03   5.8430000e+03
   0.0000000e+00   0.0000000e+00   6.6796088e+03   7.3550000e+03
   0.0000000e+00   0.0000000e+00   6.6715264e+03   9.7190000e+03
   0.0000000e+00   0.0000000e+00   6.6644938e+03   9.8160000e+03
   0.0000000e+00   0.0000000e+00   6.6236311e+03   9.9550000e+03
   0.0000000e+00   0.0000000e+00   6.6093023e+03   1.0274000e+04
   0.0000000e+00   0.0000000e+00   6.5742425e+03   1.0417000e+04
   0.0000000e+00   0.0000000e+00   6.5454216e+03   1.0431000e+04
   0.0000000e+00   0.0000000e+00   6.5298834e+03   1.0556000e+04
   0.0000000e+00   0.0000000e+00   6.5108017e+03   1.0789000e+04
   0.0000000e+00   0.0000000e+00   6.4840701e+03   1.0884000e+04
   0.0000000e+00   0.0000000e+00   6.4489806e+03   1.0893000e+04
   0.0000000e+00   0.0000000e+00   6.4442624e+03   1.1325000e+04
   0.0000000e+00   0.0000000e+00   6.4321474e+03   1.1352000e+04
   0.0000000e+00   0.0000000e+00   6.3978971e+03   1.1368000e+04
   0.0000000e+00   0.0000000e+00   6.3932265e+03   1.1414000e+04
   0.0000000e+00   0.0000000e+00   6.3670533e+03   1.1451000e+04
   0.0000000e+00   0.0000000e+00   6.3304703e+03   1.1839000e+04
   0.0000000e+00   0.0000000e+00   6.3263185e+03   1.2405000e+04
   0.0000000e+00   0.0000000e+00   6.3069116e+03   1.2749000e+04
   0.0000000e+00   0.0000000e+00   6.3049678e+03   1.3298000e+04
   0.0000000e+00   0.0000000e+00   6.3045114e+03   1.3488000e+04
   0.0000000e+00   0.0000000e+00   6.3020659e+03   1.3545000e+04
   0.0000000e+00   0.0000000e+00   6.2730716e+03   1.3717000e+04
   0.0000000e+00   0.0000000e+00   6.2623010e+03   1.3723000e+04
   0.0000000e+00   0.0000000e+00   6.2555461e+03   1.3923000e+04
   0.0000000e+00   0.0000000e+00   6.2390158e+03   1.3950000e+04
   0.0000000e+00   0.0000000e+00   6.2281179e+03   1.3982000e+04
   0.0000000e+00   0.0000000e+00   6.2188129e+03   1.4060000e+04
   0.0000000e+00   0.0000000e+00   6.2163020e+03   1.4092000e+04
   0.0000000e+00   0.0000000e+00   6.1760686e+03   1.4096000e+04
   0.0000000e+00   0.0000000e+00   6.1743893e+03   1.4225000e+04
   0.0000000e+00   0.0000000e+00   6.1695552e+03   1.4257000e+04
   0.0000000e+00   0.0000000e+00   6.1587998e+03   1.4369000e+04
   0.0000000e+00   0.0000000e+00   6.1224447e+03   1.4420000e+04
   0.0000000e+00   0.0000000e+00   6.1186267e+03   1.4826000e+04
   0.0000000e+00   0.0000000e+00   6.1179439e+03   1.5117000e+04
   0.0000000e+00   0.0000000e+00   6.1153378e+03   1.5147000e+04
   0.0000000e+00   0.0000000e+00   6.1134500e+03   1.6682000e+04
   0.0000000e+00   0.0000000e+00   6.1104081e+03   1.7763000e+04
   0.0000000e+00   0.0000000e+00   6.1074056e+03   1.7966000e+04
   0.0000000e+00   0.0000000e+00   6.1057092e+03   1.8653000e+04
   0.0000000e+00   0.0000000e+00   6.0969853e+03   1.8675000e+04
   0.0000000e+00   0.0000000e+00   6.0949470e+03   1.8922000e+04
   0.0000000e+00   0.0000000e+00   6.0847715e+03   1.9700000e+04
   0.0000000e+00   0.0000000e+00   6.0815280e+03   1.9800000e+04
   0.0000000e+00   0.0000000e+00   6.0815280e+03   2.0066000e+04
   0.0000000e+00   0.0000000e+00   6.0794962e+03   2.0865000e+04
   0.0000000e+00   0.0000000e+00   6.0770594e+03   2.1202000e+04
   0.0000000e+00   0.0000000e+00   6.0722581e+03   2.1263000e+04
   0.0000000e+00   0.0000000e+00   6.0650460e+03   2.1532000e+04
   0.0000000e+00   0.0000000e+00   6.0610080e+03   2.1603000e+04
   0.0000000e+00   0.0000000e+00   6.0443171e+03   2.1636000e+04
   0.0000000e+00   0.0000000e+00   6.0379433e+03   2.1910000e+04
   0.0000000e+00   0.0000000e+00   6.0215724e+03   2.3010000e+04
   0.0000000e+00   0.0000000e+00   6.0165098e+03   2.4481000e+04
   0.0000000e+00   0.0000000e+00   6.0051153e+03   2.4565000e+04
   0.0000000e+00   0.0000000e+00   5.9925120e+03   2.5096000e+04
   0.0000000e+00   0.0000000e+00   5.9919961e+03   2.5284000e+04
   0.0000000e+00   0.0000000e+00   5.9919961e+03   2.6186000e+04
   0.0000000e+00   0.0000000e+00   5.9901157e+03   2.6349000e+04
   0.0000000e+00   0.0000000e+00   5.9875982e+03   2.7050000e+04
   0.0000000e+00   0.0000000e+00   5.9855029e+03   2.7233000e+04
   0.0000000e+00   0.0000000e+00   5.9729213e+03   2.7654000e+04
   0.0000000e+00   0.0000000e+00   5.9540840e+03   2.7983000e+04
   0.0000000e+00   0.0000000e+00   5.9419057e+03   2.8408000e+04
   0.0000000e+00   0.0000000e+00   5.9388260e+03   2.8664000e+04
   0.0000000e+00   0.0000000e+00   5.9309450e+03   2.8789000e+04
   0.0000000e+00   0.0000000e+00   5.9255009e+03   2.9360000e+04
   0.0000000e+00   0.0000000e+00   5.9219800e+03   2.9653000e+04
   0.0000000e+00   0.0000000e+00   5.9155018e+03   2.9663000e+04
   0.0000000e+00   0.0000000e+00   5.9042994e+03   2.9829000e+04
   0.0000000e+00   0.0000000e+00   5.8969187e+03   2.9886000e+04
   0.0000000e+00   0.0000000e+00   5.8828819e+03   3.0128000e+04
   0.0000000e+00   0.0000000e+00   5.8772646e+03   3.0231000e+04
   0.0000000e+00   0.0000000e+00   5.8639072e+03   3.1098000e+04
   0.0000000e+00   0.0000000e+00   5.8626033e+03   3.5294000e+04
   0.0000000e+00   0.0000000e+00   5.8577243e+03   3.6863000e+04
   0.0000000e+00   0.0000000e+00   5.8577243e+03   4.1108000e+04
   0.0000000e+00   0.0000000e+00   5.8577243e+03   4.1911000e+04
   0.0000000e+00   0.0000000e+00   5.8558439e+03   4.2391000e+04
   0.0000000e+00   0.0000000e+00   5.8513416e+03   4.4803000e+04
   0.0000000e+00   0.0000000e+00   5.8461106e+03   4.6877000e+04
   0.0000000e+00   0.0000000e+00   5.8374027e+03   4.7007000e+04
   0.0000000e+00   0.0000000e+00   5.8365473e+03   4.8952000e+04
   0.0000000e+00   0.0000000e+00   5.8365473e+03   5.6085000e+04
   0.0000000e+00   0.0000000e+00   5.8323318e+03   5.8546000e+04
   0.0000000e+00   0.0000000e+00   5.8321217e+03   5.9035000e+04
   0.0000000e+00   0.0000000e+00   5.8270002e+03   5.9453000e+04
   0.0000000e+00   0.0000000e+00   5.8201429e+03   6.0411000e+04
   0.0000000e+00   0.0000000e+00   5.8137328e+03   6.2364000e+04
   0.0000000e+00   0.0000000e+00   5.8137328e+03   6.4022000e+04
   0.0000000e+00   0.0000000e+00   5.8080325e+03   6.5240000e+04
   0.0000000e+00   0.0000000e+00   5.8080325e+03   6.5829000e+04
   0.0000000e+00   0.0000000e+00   5.8021986e+03   7.1023000e+04
   0.0000000e+00   0.0000000e+00   5.7958640e+03   7.4104000e+04
   0.0000000e+00   0.0000000e+00   5.7916853e+03   7.8526000e+04
   0.0000000e+00   0.0000000e+00   5.7916853e+03   7.9353000e+04
   0.0000000e+00   0.0000000e+00   5.7903886e+03   8.9226000e+04
   0.0000000e+00   0.0000000e+00   5.7882628e+03   9.3185000e+04
   0.0000000e+00   0.0000000e+00   5.7882628e+03   9.3815000e+04
   0.0000000e+00   0.0000000e+00   5.7853036e+03   1.0418900e+05
   0.0000000e+00   0.0000000e+00   5.7778581e+03   1.0857000e+05
   0.0000000e+00   0.0000000e+00   5.7778581e+03   1.1066600e+05
   0.0000000e+00   0.0000000e+00   5.7751049e+03   1.1481100e+05
   0.0000000e+00   0.0000000e+00   5.7711595e+03   1.1863600e+05
   0.0000000e+00   0.0000000e+00   5.7598313e+03   1.1944000e+05
   0.0000000e+00   0.0000000e+00   5.7558264e+03   1.1980900e+05
   0.0000000e+00   0.0000000e+00   5.7532555e+03   1.2376000e+05
   0.0000000e+00   0.0000000e+00   5.7522325e+03   1.2793500e+05
   0.0000000e+00   0.0000000e+00   5.7441084e+03   1.5680800e+05
   0.0000000e+00   0.0000000e+00   5.7395092e+03   1.5787000e+05
   0.0000000e+00   0.0000000e+00   5.7387287e+03   1.5910300e+05
   0.0000000e+00   0.0000000e+00   5.7366029e+03   1.6358500e+05
   0.0000000e+00   0.0000000e+00   5.7295981e+03   1.6538200e+05
   0.0000000e+00   0.0000000e+00   5.7295981e+03   1.7753000e+05
   0.0000000e+00   0.0000000e+00   5.7234092e+03   1.7774700e+05
   0.0000000e+00   0.0000000e+00   5.7227380e+03   1.7968200e+05
   0.0000000e+00   0.0000000e+00   5.7219575e+03   1.9324600e+05
   0.0000000e+00   0.0000000e+00   5.6791106e+03   1.9534300e+05
   0.0000000e+00   0.0000000e+00   5.6709614e+03   1.9595500e+05
   0.0000000e+00   0.0000000e+00   5.6606152e+03   1.9605000e+05
   0.0000000e+00   0.0000000e+00   5.6597091e+03   1.9755200e+05
   0.0000000e+00   0.0000000e+00   5.6597091e+03   1.9941000e+05
