   1.5497633e+02   4.8253359e+00   1.5001450e+04   2.0000000e+00
   1.1820761e+02   2.4353839e+00   1.6530116e+04   3.0000000e+00
   5.5203133e+01   6.4638585e-01   1.5334309e+04   5.0000000e+00
   3.8565939e+01   8.2006506e-02   2.1279736e+04   7.0000000e+00
   2.9497878e+01   0.0000000e+00   1.9535703e+04   8.0000000e+00
   2.8505128e+01   0.0000000e+00   1.8407867e+04   9.0000000e+00
   2.0658104e+01   0.0000000e+00   2.1399094e+04   1.0000000e+01
   7.3816452e+00   0.0000000e+00   1.8054963e+04   1.1000000e+01
   6.4722211e+00   0.0000000e+00   1.7667894e+04   1.4000000e+01
   4.1453720e+00   0.0000000e+00   1.8854882e+04   1.8000000e+01
   3.2262226e+00   0.0000000e+00   1.9862639e+04   2.0000000e+01
   1.5490795e+00   0.0000000e+00   1.7737910e+04   2.1000000e+01
   1.1354944e+00   0.0000000e+00   1.7405202e+04   2.6000000e+01
   6.7026056e-01   0.0000000e+00   1.6155375e+04   2.9000000e+01
   6.4099834e-01   0.0000000e+00   1.5069725e+04   3.0000000e+01
   4.2517885e-01   0.0000000e+00   1.4097075e+04   3.2000000e+01
   7.1844267e-02   0.0000000e+00   1.3124838e+04   3.3000000e+01
   0.0000000e+00   0.0000000e+00   1.7226078e+04   3.9000000e+01
   0.0000000e+00   0.0000000e+00   1.6057062e+04   6.2000000e+01
   0.0000000e+00   0.0000000e+00   1.5388971e+04   6.4000000e+01
   0.0000000e+00   0.0000000e+00   1.4787736e+04   7.0000000e+01
   0.0000000e+00   0.0000000e+00   1.4497098e+04   8.4000000e+01
   0.0000000e+00   0.0000000e+00   1.3940481e+04   8.9000000e+01
   0.0000000e+00   0.0000000e+00   1.3043580e+04   9.3000000e+01
   0.0000000e+00   0.0000000e+00   1.2582959e+04   9.9000000e+01
   0.0000000e+00   0.0000000e+00   1.1829588e+04   1.0600000e+02
   0.0000000e+00   0.0000000e+00   1.1488919e+04   1.2100000e+02
   0.0000000e+00   0.0000000e+00   1.1436149e+04   1.2800000e+02
   0.0000000e+00   0.0000000e+00   1.0846853e+04   1.6800000e+02
   0.0000000e+00   0.0000000e+00   1.0058943e+04   2.2900000e+02
   0.0000000e+00   0.0000000e+00   9.8847883e+03   3.4600000e+02
   0.0000000e+00   0.0000000e+00   9.6048736e+03   4.1700000e+02
   0.0000000e+00   0.0000000e+00   9.2639383e+03   4.2900000e+02
   0.0000000e+00   0.0000000e+00   9.0950843e+03   5.3300000e+02
   0.0000000e+00   0.0000000e+00   8.7513265e+03   5.3700000e+02
   0.0000000e+00   0.0000000e+00   8.4422507e+03   5.4200000e+02
   0.0000000e+00   0.0000000e+00   8.2341174e+03   8.3200000e+02
   0.0000000e+00   0.0000000e+00   8.0483884e+03   1.3980000e+03
   0.0000000e+00   0.0000000e+00   7.8727940e+03   1.4340000e+03
   0.0000000e+00   0.0000000e+00   7.6506578e+03   1.4380000e+03
   0.0000000e+00   0.0000000e+00   7.5408179e+03   1.4500000e+03
   0.0000000e+00   0.0000000e+00   7.4849886e+03   1.5730000e+03
   0.0000000e+00   0.0000000e+00   7.4243240e+03   1.5880000e+03
   0.0000000e+00   0.0000000e+00   7.2456715e+03   1.7920000e+03
   0.0000000e+00   0.0000000e+00   7.2454242e+03   1.8020000e+03
   0.0000000e+00   0.0000000e+00   7.2093917e+03   2.5340000e+03
   0.0000000e+00   0.0000000e+00   7.2016822e+03   2.5920000e+03
   0.0000000e+00   0.0000000e+00   7.1941537e+03   2.6890000e+03
   0.0000000e+00   0.0000000e+00   7.1861065e+03   3.1190000e+03
   0.0000000e+00   0.0000000e+00   7.1794860e+03   3.4590000e+03
   0.0000000e+00   0.0000000e+00   7.1595901e+03   3.8530000e+03
   0.0000000e+00   0.0000000e+00   7.1577622e+03   3.8840000e+03
   0.0000000e+00   0.0000000e+00   7.1555991e+03   4.3100000e+03
   0.0000000e+00   0.0000000e+00   7.1526611e+03   4.8020000e+03
   0.0000000e+00   0.0000000e+00   7.1444212e+03   6.9390000e+03
