   2.0837919e+02   8.8985715e+00   1.5100909e+04   2.0000000e+00
   1.6764370e+02   5.4344206e+00   1.5039747e+04   3.0000000e+00
   1.4291460e+02   5.5686453e+00   1.4147731e+04   4.0000000e+00
   1.3351439e+02   4.1279040e+00   1.6053616e+04   5.0000000e+00
   1.2311829e+02   4.2016696e+00   1.5525140e+04   6.0000000e+00
   1.0569369e+02   2.4906102e+00   1.5598779e+04   9.0000000e+00
   6.6025229e+01   1.0372862e+00   1.9508605e+04   1.0000000e+01
   5.6706656e+01   7.6410347e-01   1.8836698e+04   1.2000000e+01
   5.4635542e+01   6.1043204e-01   2.1227007e+04   1.3000000e+01
   4.9526957e+01   6.5993018e-01   2.0621741e+04   1.5000000e+01
   4.4009786e+01   7.0268589e-01   1.9821691e+04   1.7000000e+01
   4.0738092e+01   2.2295054e-01   2.3316269e+04   2.0000000e+01
   4.0008757e+01   1.7782502e-01   2.6421584e+04   2.1000000e+01
   1.9625528e+01   0.0000000e+00   2.7524313e+04   2.2000000e+01
   1.7113410e+01   0.0000000e+00   2.5538186e+04   2.3000000e+01
   1.4163103e+01   0.0000000e+00   2.7521943e+04   2.5000000e+01
   1.3402475e+01   0.0000000e+00   2.6106813e+04   2.6000000e+01
   1.2551453e+01   0.0000000e+00   2.9188653e+04   2.8000000e+01
   1.2143144e+01   0.0000000e+00   2.8202976e+04   2.9000000e+01
   4.4235263e+00   0.0000000e+00   2.9493804e+04   3.2000000e+01
   3.3537610e+00   0.0000000e+00   3.0896658e+04   3.4000000e+01
   3.1173715e+00   0.0000000e+00   2.9845014e+04   3.7000000e+01
   2.5901340e+00   0.0000000e+00   2.8299448e+04   4.0000000e+01
   2.5564984e+00   0.0000000e+00   2.9597226e+04   4.1000000e+01
   2.4148157e+00   0.0000000e+00   3.1780950e+04   4.2000000e+01
   2.1895671e+00   0.0000000e+00   3.1404379e+04   5.0000000e+01
   9.9883452e-01   0.0000000e+00   2.9933324e+04   6.2000000e+01
   5.5927659e-01   0.0000000e+00   2.8543424e+04   6.3000000e+01
   5.2284606e-01   0.0000000e+00   2.7812228e+04   6.4000000e+01
   4.9886987e-01   0.0000000e+00   2.6322872e+04   7.3000000e+01
   4.6052972e-01   0.0000000e+00   2.4785488e+04   8.1000000e+01
   3.8215957e-01   0.0000000e+00   2.6818493e+04   8.3000000e+01
   3.6771769e-01   0.0000000e+00   2.5782134e+04   8.6000000e+01
   1.8282525e-03   0.0000000e+00   2.4545289e+04   9.3000000e+01
   0.0000000e+00   0.0000000e+00   2.3223757e+04   9.8000000e+01
   0.0000000e+00   0.0000000e+00   2.2436153e+04   1.0100000e+02
   0.0000000e+00   0.0000000e+00   2.1920775e+04   1.0500000e+02
   0.0000000e+00   0.0000000e+00   2.1464958e+04   1.1000000e+02
   0.0000000e+00   0.0000000e+00   2.0418502e+04   1.1300000e+02
   0.0000000e+00   0.0000000e+00   1.9688366e+04   1.1400000e+02
   0.0000000e+00   0.0000000e+00   1.9183694e+04   1.1700000e+02
   0.0000000e+00   0.0000000e+00   1.9101406e+04   1.2000000e+02
   0.0000000e+00   0.0000000e+00   1.8114224e+04   1.2600000e+02
   0.0000000e+00   0.0000000e+00   1.7884463e+04   1.3500000e+02
   0.0000000e+00   0.0000000e+00   1.7472335e+04   1.4400000e+02
   0.0000000e+00   0.0000000e+00   1.7206489e+04   1.4600000e+02
   0.0000000e+00   0.0000000e+00   1.6353432e+04   1.4800000e+02
   0.0000000e+00   0.0000000e+00   1.6339496e+04   1.5400000e+02
   0.0000000e+00   0.0000000e+00   1.5426504e+04   1.5500000e+02
   0.0000000e+00   0.0000000e+00   1.4842288e+04   1.5600000e+02
   0.0000000e+00   0.0000000e+00   1.4594011e+04   1.6300000e+02
   0.0000000e+00   0.0000000e+00   1.4064125e+04   1.6600000e+02
   0.0000000e+00   0.0000000e+00   1.3902229e+04   1.6800000e+02
   0.0000000e+00   0.0000000e+00   1.3316912e+04   1.6900000e+02
   0.0000000e+00   0.0000000e+00   1.2926783e+04   1.8700000e+02
   0.0000000e+00   0.0000000e+00   1.2833497e+04   1.9100000e+02
   0.0000000e+00   0.0000000e+00   1.2794667e+04   1.9600000e+02
   0.0000000e+00   0.0000000e+00   1.2404552e+04   1.9700000e+02
   0.0000000e+00   0.0000000e+00   1.2254624e+04   2.1100000e+02
   0.0000000e+00   0.0000000e+00   1.1859457e+04   2.2000000e+02
   0.0000000e+00   0.0000000e+00   1.1499909e+04   2.2500000e+02
   0.0000000e+00   0.0000000e+00   1.1066449e+04   2.3400000e+02
   0.0000000e+00   0.0000000e+00   1.0797406e+04   2.3600000e+02
   0.0000000e+00   0.0000000e+00   1.0518644e+04   2.4600000e+02
   0.0000000e+00   0.0000000e+00   1.0295199e+04   2.4800000e+02
   0.0000000e+00   0.0000000e+00   1.0044376e+04   2.5000000e+02
   0.0000000e+00   0.0000000e+00   1.0042076e+04   2.5600000e+02
   0.0000000e+00   0.0000000e+00   9.9912330e+03   2.8300000e+02
   0.0000000e+00   0.0000000e+00   9.8188523e+03   3.1000000e+02
   0.0000000e+00   0.0000000e+00   9.6548648e+03   3.1300000e+02
   0.0000000e+00   0.0000000e+00   9.4335120e+03   3.2900000e+02
   0.0000000e+00   0.0000000e+00   9.2982973e+03   3.4600000e+02
   0.0000000e+00   0.0000000e+00   9.0252318e+03   3.6400000e+02
   0.0000000e+00   0.0000000e+00   8.9028257e+03   3.6800000e+02
   0.0000000e+00   0.0000000e+00   8.8966326e+03   3.8800000e+02
   0.0000000e+00   0.0000000e+00   8.8030459e+03   4.0200000e+02
   0.0000000e+00   0.0000000e+00   8.7303777e+03   4.1800000e+02
   0.0000000e+00   0.0000000e+00   8.4546884e+03   4.2600000e+02
   0.0000000e+00   0.0000000e+00   8.3467338e+03   4.3900000e+02
   0.0000000e+00   0.0000000e+00   8.2771989e+03   4.5700000e+02
   0.0000000e+00   0.0000000e+00   8.2041332e+03   4.7700000e+02
   0.0000000e+00   0.0000000e+00   8.1695220e+03   5.0600000e+02
   0.0000000e+00   0.0000000e+00   8.0408202e+03   5.0900000e+02
   0.0000000e+00   0.0000000e+00   7.9803256e+03   5.1700000e+02
   0.0000000e+00   0.0000000e+00   7.9207104e+03   5.2300000e+02
   0.0000000e+00   0.0000000e+00   7.8803967e+03   5.3200000e+02
   0.0000000e+00   0.0000000e+00   7.8199649e+03   5.3300000e+02
   0.0000000e+00   0.0000000e+00   7.7812559e+03   5.4100000e+02
   0.0000000e+00   0.0000000e+00   7.7602127e+03   5.4900000e+02
   0.0000000e+00   0.0000000e+00   7.7399210e+03   5.5300000e+02
   0.0000000e+00   0.0000000e+00   7.6600026e+03   5.8000000e+02
   0.0000000e+00   0.0000000e+00   7.6187012e+03   6.2500000e+02
   0.0000000e+00   0.0000000e+00   7.5140232e+03   7.0700000e+02
   0.0000000e+00   0.0000000e+00   7.5074823e+03   7.4600000e+02
   0.0000000e+00   0.0000000e+00   7.4791805e+03   7.8200000e+02
   0.0000000e+00   0.0000000e+00   7.4361873e+03   8.3600000e+02
   0.0000000e+00   0.0000000e+00   7.4190035e+03   8.7200000e+02
   0.0000000e+00   0.0000000e+00   7.4083048e+03   8.8200000e+02
   0.0000000e+00   0.0000000e+00   7.3776860e+03   9.7000000e+02
   0.0000000e+00   0.0000000e+00   7.3378151e+03   1.0190000e+03
   0.0000000e+00   0.0000000e+00   7.3320340e+03   1.0350000e+03
   0.0000000e+00   0.0000000e+00   7.3100597e+03   1.0850000e+03
   0.0000000e+00   0.0000000e+00   7.2955313e+03   1.1970000e+03
   0.0000000e+00   0.0000000e+00   7.2803679e+03   1.2060000e+03
   0.0000000e+00   0.0000000e+00   7.2523041e+03   1.2260000e+03
   0.0000000e+00   0.0000000e+00   7.2473046e+03   1.2890000e+03
   0.0000000e+00   0.0000000e+00   7.2456516e+03   1.3220000e+03
   0.0000000e+00   0.0000000e+00   7.2392429e+03   1.3610000e+03
   0.0000000e+00   0.0000000e+00   7.2366868e+03   1.4370000e+03
   0.0000000e+00   0.0000000e+00   7.2342750e+03   1.4580000e+03
   0.0000000e+00   0.0000000e+00   7.2073172e+03   1.5580000e+03
   0.0000000e+00   0.0000000e+00   7.2067077e+03   1.5910000e+03
   0.0000000e+00   0.0000000e+00   7.2016631e+03   2.0250000e+03
   0.0000000e+00   0.0000000e+00   7.1790821e+03   2.3040000e+03
   0.0000000e+00   0.0000000e+00   7.1766217e+03   2.3280000e+03
   0.0000000e+00   0.0000000e+00   7.1755415e+03   2.3530000e+03
   0.0000000e+00   0.0000000e+00   7.1710459e+03   2.9540000e+03
   0.0000000e+00   0.0000000e+00   7.1688318e+03   3.0920000e+03
   0.0000000e+00   0.0000000e+00   7.1664346e+03   3.2440000e+03
   0.0000000e+00   0.0000000e+00   7.1646006e+03   4.6510000e+03
   0.0000000e+00   0.0000000e+00   7.1633050e+03   5.2870000e+03
   0.0000000e+00   0.0000000e+00   7.1625212e+03   1.0384000e+04
   0.0000000e+00   0.0000000e+00   7.1603546e+03   1.6052000e+04
   0.0000000e+00   0.0000000e+00   7.1589108e+03   2.3194000e+04
   0.0000000e+00   0.0000000e+00   7.1578579e+03   3.2784000e+04
   0.0000000e+00   0.0000000e+00   7.1565499e+03   6.1141000e+04
   0.0000000e+00   0.0000000e+00   7.1558293e+03   7.3425000e+04
   0.0000000e+00   0.0000000e+00   7.1546685e+03   7.8541000e+04
   0.0000000e+00   0.0000000e+00   7.1538701e+03   1.3479600e+05
   0.0000000e+00   0.0000000e+00   7.1532090e+03   1.5377400e+05
   0.0000000e+00   0.0000000e+00   7.1522783e+03   1.6976200e+05
   0.0000000e+00   0.0000000e+00   7.1520208e+03   1.8246200e+05
   0.0000000e+00   0.0000000e+00   7.1518415e+03   1.9193900e+05
