   2.1564449e+02   9.8936216e+00   1.5103914e+04   2.0000000e+00
   2.1412545e+02   1.0398140e+01   1.4640795e+04   6.0000000e+00
   2.0856217e+02   9.2725957e+00   1.5030100e+04   8.0000000e+00
   1.9096449e+02   7.5396791e+00   1.5179690e+04   1.0000000e+01
   1.7490463e+02   6.5023264e+00   1.7171781e+04   1.1000000e+01
   1.7323308e+02   4.8342859e+00   1.8604176e+04   1.2000000e+01
   1.7002265e+02   6.3708230e+00   1.7987469e+04   1.3000000e+01
   1.5237488e+02   4.1753458e+00   1.7560350e+04   1.5000000e+01
   1.2234655e+02   1.7564241e+00   1.9739943e+04   1.7000000e+01
   1.1256504e+02   1.7257294e+00   1.9200826e+04   1.8000000e+01
   1.0984586e+02   2.2505419e+00   1.8472076e+04   2.0000000e+01
   1.0303470e+02   1.8999482e+00   1.8651354e+04   2.3000000e+01
   9.7858926e+01   1.4630740e+00   2.0545749e+04   2.4000000e+01
   9.5802931e+01   1.4063527e+00   2.0969767e+04   2.8000000e+01
   9.2542158e+01   9.5239329e-01   2.1533905e+04   2.9000000e+01
   7.5648283e+01   3.5889650e-01   2.2930955e+04   3.1000000e+01
   7.3770346e+01   1.9002453e-01   2.2851470e+04   3.2000000e+01
   7.2140728e+01   1.2560748e-01   2.2569363e+04   3.3000000e+01
   5.3407298e+01   9.3855244e-02   2.2047348e+04   3.4000000e+01
   5.1886899e+01   5.4052222e-02   2.2137874e+04   3.5000000e+01
   4.1708741e+01   3.5045317e-02   2.2461407e+04   3.6000000e+01
   3.2454167e+01   3.2067154e-02   2.2892732e+04   3.9000000e+01
   3.0727585e+01   7.8753276e-02   2.2149589e+04   4.0000000e+01
   2.9808262e+01   8.0311689e-02   2.1993661e+04   4.2000000e+01
   2.9794174e+01   7.5686523e-02   2.1739655e+04   4.3000000e+01
   2.9426965e+01   1.1370763e-01   2.0806284e+04   4.4000000e+01
   2.8595713e+01   8.0269522e-02   2.1559198e+04   4.5000000e+01
   2.8209497e+01   7.8499179e-02   2.1291247e+04   4.6000000e+01
   2.5380118e+01   1.2211893e-01   2.1056165e+04   4.8000000e+01
   2.5155452e+01   1.2672614e-01   2.0443421e+04   4.9000000e+01
   2.4590551e+01   9.6882008e-02   2.1750865e+04   5.0000000e+01
   2.4461165e+01   6.5729998e-02   2.1545069e+04   5.1000000e+01
   2.4241380e+01   7.6355473e-02   2.1137825e+04   5.4000000e+01
   2.2224443e+01   3.7158454e-02   2.2205835e+04   5.5000000e+01
   1.8663135e+01   0.0000000e+00   2.1922615e+04   5.6000000e+01
   1.8533484e+01   0.0000000e+00   2.1720566e+04   5.7000000e+01
   5.8691334e+00   0.0000000e+00   2.1554049e+04   5.8000000e+01
   5.5143747e+00   0.0000000e+00   2.2404084e+04   6.2000000e+01
   5.2161502e+00   0.0000000e+00   2.2317285e+04   6.4000000e+01
   4.7125916e+00   0.0000000e+00   2.4035396e+04   6.6000000e+01
   3.8890585e+00   0.0000000e+00   2.4203917e+04   6.7000000e+01
   3.5284526e+00   0.0000000e+00   2.3796569e+04   7.1000000e+01
   1.2379209e+00   0.0000000e+00   2.4417465e+04   7.2000000e+01
   1.0200481e+00   0.0000000e+00   2.5084158e+04   7.3000000e+01
   1.0177853e+00   0.0000000e+00   2.4818811e+04   7.6000000e+01
   8.8758886e-01   0.0000000e+00   2.5568412e+04   7.7000000e+01
   6.0142777e-01   0.0000000e+00   2.6545833e+04   7.8000000e+01
   1.7939984e-01   0.0000000e+00   2.6274899e+04   7.9000000e+01
   1.7870666e-01   0.0000000e+00   2.5636254e+04   8.0000000e+01
   1.6675954e-01   0.0000000e+00   2.5448962e+04   8.1000000e+01
   1.5412656e-01   0.0000000e+00   2.4548268e+04   8.7000000e+01
   1.4421232e-01   0.0000000e+00   2.5698499e+04   9.1000000e+01
   1.3245555e-01   0.0000000e+00   2.5790428e+04   1.0200000e+02
   0.0000000e+00   0.0000000e+00   2.5143222e+04   1.0300000e+02
   0.0000000e+00   0.0000000e+00   2.4443225e+04   1.0400000e+02
   0.0000000e+00   0.0000000e+00   2.3567885e+04   1.1300000e+02
   0.0000000e+00   0.0000000e+00   2.3218417e+04   1.1400000e+02
   0.0000000e+00   0.0000000e+00   2.2651219e+04   1.1500000e+02
   0.0000000e+00   0.0000000e+00   2.1930822e+04   1.1600000e+02
   0.0000000e+00   0.0000000e+00   2.1364730e+04   1.1700000e+02
   0.0000000e+00   0.0000000e+00   2.1307026e+04   1.1900000e+02
   0.0000000e+00   0.0000000e+00   2.0672420e+04   1.2100000e+02
   0.0000000e+00   0.0000000e+00   1.9955426e+04   1.2500000e+02
   0.0000000e+00   0.0000000e+00   1.9254463e+04   1.2900000e+02
   0.0000000e+00   0.0000000e+00   1.8774054e+04   1.3000000e+02
   0.0000000e+00   0.0000000e+00   1.7907486e+04   1.3300000e+02
   0.0000000e+00   0.0000000e+00   1.7681089e+04   1.4700000e+02
   0.0000000e+00   0.0000000e+00   1.7559775e+04   1.4800000e+02
   0.0000000e+00   0.0000000e+00   1.7132540e+04   1.5000000e+02
   0.0000000e+00   0.0000000e+00   1.6589280e+04   1.5400000e+02
   0.0000000e+00   0.0000000e+00   1.5953247e+04   1.6300000e+02
   0.0000000e+00   0.0000000e+00   1.5404281e+04   1.6900000e+02
   0.0000000e+00   0.0000000e+00   1.5256997e+04   1.7300000e+02
   0.0000000e+00   0.0000000e+00   1.5235574e+04   1.7400000e+02
   0.0000000e+00   0.0000000e+00   1.5008023e+04   1.7500000e+02
   0.0000000e+00   0.0000000e+00   1.4478074e+04   1.7600000e+02
   0.0000000e+00   0.0000000e+00   1.4121861e+04   1.7700000e+02
   0.0000000e+00   0.0000000e+00   1.3491828e+04   1.7900000e+02
   0.0000000e+00   0.0000000e+00   1.3108778e+04   1.8000000e+02
   0.0000000e+00   0.0000000e+00   1.2837068e+04   1.8300000e+02
   0.0000000e+00   0.0000000e+00   1.2532371e+04   1.9300000e+02
   0.0000000e+00   0.0000000e+00   1.2528978e+04   2.1700000e+02
   0.0000000e+00   0.0000000e+00   1.2376772e+04   2.1800000e+02
   0.0000000e+00   0.0000000e+00   1.2225418e+04   2.3200000e+02
   0.0000000e+00   0.0000000e+00   1.1883650e+04   2.4600000e+02
   0.0000000e+00   0.0000000e+00   1.1694172e+04   2.4800000e+02
   0.0000000e+00   0.0000000e+00   1.1595580e+04   2.5100000e+02
   0.0000000e+00   0.0000000e+00   1.1499971e+04   2.5800000e+02
   0.0000000e+00   0.0000000e+00   1.1426588e+04   2.6400000e+02
   0.0000000e+00   0.0000000e+00   1.1285321e+04   2.6800000e+02
   0.0000000e+00   0.0000000e+00   1.1228702e+04   2.7300000e+02
   0.0000000e+00   0.0000000e+00   1.1094660e+04   2.7700000e+02
   0.0000000e+00   0.0000000e+00   1.0982082e+04   2.7800000e+02
   0.0000000e+00   0.0000000e+00   1.0951714e+04   2.9200000e+02
   0.0000000e+00   0.0000000e+00   1.0759404e+04   3.3700000e+02
   0.0000000e+00   0.0000000e+00   1.0664308e+04   3.4600000e+02
   0.0000000e+00   0.0000000e+00   1.0575146e+04   3.5500000e+02
   0.0000000e+00   0.0000000e+00   1.0546072e+04   3.6100000e+02
   0.0000000e+00   0.0000000e+00   1.0467481e+04   3.6300000e+02
   0.0000000e+00   0.0000000e+00   1.0462218e+04   3.7100000e+02
   0.0000000e+00   0.0000000e+00   1.0281973e+04   3.8400000e+02
   0.0000000e+00   0.0000000e+00   1.0058424e+04   3.9200000e+02
   0.0000000e+00   0.0000000e+00   9.9354712e+03   4.3200000e+02
   0.0000000e+00   0.0000000e+00   9.7470196e+03   4.3400000e+02
   0.0000000e+00   0.0000000e+00   9.6501854e+03   4.3600000e+02
   0.0000000e+00   0.0000000e+00   9.6353084e+03   4.6700000e+02
   0.0000000e+00   0.0000000e+00   9.4597975e+03   4.6900000e+02
   0.0000000e+00   0.0000000e+00   9.4223624e+03   4.9000000e+02
   0.0000000e+00   0.0000000e+00   9.4157449e+03   4.9600000e+02
   0.0000000e+00   0.0000000e+00   9.3571166e+03   5.0200000e+02
   0.0000000e+00   0.0000000e+00   9.2831087e+03   5.2000000e+02
   0.0000000e+00   0.0000000e+00   9.2512752e+03   5.2300000e+02
   0.0000000e+00   0.0000000e+00   9.0183251e+03   5.2500000e+02
   0.0000000e+00   0.0000000e+00   8.9206104e+03   5.3300000e+02
   0.0000000e+00   0.0000000e+00   8.9168520e+03   5.4500000e+02
   0.0000000e+00   0.0000000e+00   8.8425142e+03   5.5400000e+02
   0.0000000e+00   0.0000000e+00   8.8228559e+03   5.5900000e+02
   0.0000000e+00   0.0000000e+00   8.8102126e+03   6.1100000e+02
   0.0000000e+00   0.0000000e+00   8.8016478e+03   6.4300000e+02
   0.0000000e+00   0.0000000e+00   8.7343176e+03   6.4600000e+02
   0.0000000e+00   0.0000000e+00   8.6900429e+03   6.7100000e+02
   0.0000000e+00   0.0000000e+00   8.6207187e+03   7.4100000e+02
   0.0000000e+00   0.0000000e+00   8.4300483e+03   7.4200000e+02
   0.0000000e+00   0.0000000e+00   8.3698661e+03   7.4600000e+02
   0.0000000e+00   0.0000000e+00   8.3468349e+03   7.5200000e+02
   0.0000000e+00   0.0000000e+00   8.3272753e+03   7.5500000e+02
   0.0000000e+00   0.0000000e+00   8.2973112e+03   7.6400000e+02
   0.0000000e+00   0.0000000e+00   8.2489145e+03   7.7300000e+02
   0.0000000e+00   0.0000000e+00   8.1913438e+03   7.8200000e+02
   0.0000000e+00   0.0000000e+00   8.1294014e+03   8.3500000e+02
   0.0000000e+00   0.0000000e+00   8.1023570e+03   8.5300000e+02
   0.0000000e+00   0.0000000e+00   8.0226828e+03   8.7400000e+02
   0.0000000e+00   0.0000000e+00   8.0104126e+03   8.7900000e+02
   0.0000000e+00   0.0000000e+00   7.9304092e+03   9.2400000e+02
   0.0000000e+00   0.0000000e+00   7.6610552e+03   9.4100000e+02
   0.0000000e+00   0.0000000e+00   7.6159473e+03   9.6300000e+02
   0.0000000e+00   0.0000000e+00   7.5766522e+03   9.9600000e+02
   0.0000000e+00   0.0000000e+00   7.5683463e+03   1.0090000e+03
   0.0000000e+00   0.0000000e+00   7.5496012e+03   1.0520000e+03
   0.0000000e+00   0.0000000e+00   7.5377025e+03   1.0640000e+03
   0.0000000e+00   0.0000000e+00   7.5040798e+03   1.1580000e+03
   0.0000000e+00   0.0000000e+00   7.4919695e+03   1.1910000e+03
   0.0000000e+00   0.0000000e+00   7.4813129e+03   1.2310000e+03
   0.0000000e+00   0.0000000e+00   7.4554066e+03   1.2350000e+03
   0.0000000e+00   0.0000000e+00   7.4388793e+03   1.2410000e+03
   0.0000000e+00   0.0000000e+00   7.4348659e+03   1.3130000e+03
   0.0000000e+00   0.0000000e+00   7.3995347e+03   1.3180000e+03
   0.0000000e+00   0.0000000e+00   7.3480941e+03   1.3570000e+03
   0.0000000e+00   0.0000000e+00   7.3017899e+03   1.3940000e+03
   0.0000000e+00   0.0000000e+00   7.2921360e+03   1.5320000e+03
   0.0000000e+00   0.0000000e+00   7.2867830e+03   1.5830000e+03
   0.0000000e+00   0.0000000e+00   7.2829353e+03   1.6520000e+03
   0.0000000e+00   0.0000000e+00   7.2760223e+03   1.6980000e+03
   0.0000000e+00   0.0000000e+00   7.2673826e+03   1.7510000e+03
   0.0000000e+00   0.0000000e+00   7.2641037e+03   1.9150000e+03
   0.0000000e+00   0.0000000e+00   7.2242611e+03   2.0940000e+03
   0.0000000e+00   0.0000000e+00   7.1552746e+03   2.1310000e+03
   0.0000000e+00   0.0000000e+00   7.1436026e+03   2.2590000e+03
   0.0000000e+00   0.0000000e+00   7.1271316e+03   2.3450000e+03
   0.0000000e+00   0.0000000e+00   7.0673454e+03   2.3500000e+03
   0.0000000e+00   0.0000000e+00   7.0579822e+03   2.8610000e+03
   0.0000000e+00   0.0000000e+00   7.0564145e+03   2.8790000e+03
   0.0000000e+00   0.0000000e+00   7.0560627e+03   2.9410000e+03
   0.0000000e+00   0.0000000e+00   7.0484270e+03   3.1050000e+03
   0.0000000e+00   0.0000000e+00   7.0456318e+03   3.1160000e+03
   0.0000000e+00   0.0000000e+00   7.0436567e+03   3.3250000e+03
   0.0000000e+00   0.0000000e+00   7.0317208e+03   3.5910000e+03
   0.0000000e+00   0.0000000e+00   7.0216384e+03   3.8710000e+03
   0.0000000e+00   0.0000000e+00   7.0205982e+03   4.0590000e+03
   0.0000000e+00   0.0000000e+00   7.0189855e+03   4.3370000e+03
   0.0000000e+00   0.0000000e+00   7.0137323e+03   4.5910000e+03
   0.0000000e+00   0.0000000e+00   7.0112363e+03   4.5950000e+03
   0.0000000e+00   0.0000000e+00   7.0088327e+03   4.8750000e+03
   0.0000000e+00   0.0000000e+00   7.0030629e+03   5.0770000e+03
   0.0000000e+00   0.0000000e+00   6.9953177e+03   5.2640000e+03
   0.0000000e+00   0.0000000e+00   6.9921665e+03   5.6730000e+03
   0.0000000e+00   0.0000000e+00   6.9883233e+03   6.5540000e+03
   0.0000000e+00   0.0000000e+00   6.9882700e+03   7.6760000e+03
   0.0000000e+00   0.0000000e+00   6.9871704e+03   9.9860000e+03
   0.0000000e+00   0.0000000e+00   6.9847886e+03   1.0871000e+04
   0.0000000e+00   0.0000000e+00   6.9841547e+03   1.2554000e+04
   0.0000000e+00   0.0000000e+00   6.9829126e+03   1.3254000e+04
   0.0000000e+00   0.0000000e+00   6.9819824e+03   2.0848000e+04
   0.0000000e+00   0.0000000e+00   6.9802913e+03   2.4349000e+04
   0.0000000e+00   0.0000000e+00   6.9796080e+03   2.4508000e+04
   0.0000000e+00   0.0000000e+00   6.9789595e+03   2.4736000e+04
   0.0000000e+00   0.0000000e+00   6.9780624e+03   2.5247000e+04
   0.0000000e+00   0.0000000e+00   6.9755497e+03   2.6182000e+04
   0.0000000e+00   0.0000000e+00   6.9734672e+03   2.6496000e+04
   0.0000000e+00   0.0000000e+00   6.9726163e+03   2.6649000e+04
   0.0000000e+00   0.0000000e+00   6.9722887e+03   2.6971000e+04
   0.0000000e+00   0.0000000e+00   6.9710242e+03   2.7105000e+04
   0.0000000e+00   0.0000000e+00   6.9698516e+03   2.8199000e+04
   0.0000000e+00   0.0000000e+00   6.9688447e+03   3.0805000e+04
   0.0000000e+00   0.0000000e+00   6.9676021e+03   3.0956000e+04
   0.0000000e+00   0.0000000e+00   6.9667327e+03   3.1391000e+04
   0.0000000e+00   0.0000000e+00   6.9659737e+03   3.7421000e+04
   0.0000000e+00   0.0000000e+00   6.9657837e+03   3.7531000e+04
   0.0000000e+00   0.0000000e+00   6.9654484e+03   3.8353000e+04
   0.0000000e+00   0.0000000e+00   6.9653774e+03   4.0750000e+04
   0.0000000e+00   0.0000000e+00   6.9649509e+03   4.4140000e+04
   0.0000000e+00   0.0000000e+00   6.9645822e+03   4.5858000e+04
   0.0000000e+00   0.0000000e+00   6.9637580e+03   4.7161000e+04
   0.0000000e+00   0.0000000e+00   6.9635750e+03   4.8666000e+04
   0.0000000e+00   0.0000000e+00   6.9631230e+03   5.2555000e+04
   0.0000000e+00   0.0000000e+00   6.9629475e+03   5.4100000e+04
   0.0000000e+00   0.0000000e+00   6.9627943e+03   5.4420000e+04
   0.0000000e+00   0.0000000e+00   6.9624177e+03   5.5380000e+04
   0.0000000e+00   0.0000000e+00   6.9619844e+03   5.6140000e+04
   0.0000000e+00   0.0000000e+00   6.9618051e+03   6.0668000e+04
   0.0000000e+00   0.0000000e+00   6.9618051e+03   6.0986000e+04
   0.0000000e+00   0.0000000e+00   6.9616119e+03   6.9675000e+04
   0.0000000e+00   0.0000000e+00   6.9614253e+03   7.3228000e+04
   0.0000000e+00   0.0000000e+00   6.9610595e+03   7.4023000e+04
   0.0000000e+00   0.0000000e+00   6.9609885e+03   7.4120000e+04
   0.0000000e+00   0.0000000e+00   6.9605487e+03   7.6086000e+04
   0.0000000e+00   0.0000000e+00   6.9605487e+03   8.1137000e+04
   0.0000000e+00   0.0000000e+00   6.9605487e+03   8.2219000e+04
   0.0000000e+00   0.0000000e+00   6.9602878e+03   8.4135000e+04
   0.0000000e+00   0.0000000e+00   6.9599406e+03   9.0047000e+04
   0.0000000e+00   0.0000000e+00   6.9596790e+03   9.6608000e+04
   0.0000000e+00   0.0000000e+00   6.9594858e+03   9.7097000e+04
   0.0000000e+00   0.0000000e+00   6.9592925e+03   1.0133200e+05
   0.0000000e+00   0.0000000e+00   6.9592925e+03   1.0267500e+05
   0.0000000e+00   0.0000000e+00   6.9574055e+03   1.0533800e+05
   0.0000000e+00   0.0000000e+00   6.9566529e+03   1.0540000e+05
   0.0000000e+00   0.0000000e+00   6.9560053e+03   1.0548100e+05
   0.0000000e+00   0.0000000e+00   6.9557080e+03   1.0570700e+05
   0.0000000e+00   0.0000000e+00   6.9553007e+03   1.0718000e+05
   0.0000000e+00   0.0000000e+00   6.9548598e+03   1.0787200e+05
   0.0000000e+00   0.0000000e+00   6.9543725e+03   1.0833200e+05
   0.0000000e+00   0.0000000e+00   6.9539406e+03   1.0897800e+05
   0.0000000e+00   0.0000000e+00   6.9539406e+03   1.0901400e+05
   0.0000000e+00   0.0000000e+00   6.9539406e+03   1.0905000e+05
   0.0000000e+00   0.0000000e+00   6.9537576e+03   1.0945500e+05
   0.0000000e+00   0.0000000e+00   6.9537576e+03   1.1385300e+05
   0.0000000e+00   0.0000000e+00   6.9535710e+03   1.1418400e+05
   0.0000000e+00   0.0000000e+00   6.9532737e+03   1.1617200e+05
   0.0000000e+00   0.0000000e+00   6.9531913e+03   1.1629800e+05
   0.0000000e+00   0.0000000e+00   6.9528254e+03   1.1705800e+05
   0.0000000e+00   0.0000000e+00   6.9528254e+03   1.1884900e+05
   0.0000000e+00   0.0000000e+00   6.9528254e+03   1.1887800e+05
   0.0000000e+00   0.0000000e+00   6.9528254e+03   1.1933500e+05
   0.0000000e+00   0.0000000e+00   6.9528254e+03   1.2157100e+05
   0.0000000e+00   0.0000000e+00   6.9528254e+03   1.2684700e+05
   0.0000000e+00   0.0000000e+00   6.9528254e+03   1.2790300e+05
   0.0000000e+00   0.0000000e+00   6.9528254e+03   1.2792100e+05
   0.0000000e+00   0.0000000e+00   6.9528254e+03   1.2938800e+05
   0.0000000e+00   0.0000000e+00   6.9525781e+03   1.3362900e+05
   0.0000000e+00   0.0000000e+00   6.9525781e+03   1.3414200e+05
   0.0000000e+00   0.0000000e+00   6.9523849e+03   1.3454600e+05
   0.0000000e+00   0.0000000e+00   6.9523849e+03   1.3719000e+05
   0.0000000e+00   0.0000000e+00   6.9523849e+03   1.3944100e+05
   0.0000000e+00   0.0000000e+00   6.9523849e+03   1.4110200e+05
   0.0000000e+00   0.0000000e+00   6.9520876e+03   1.4117900e+05
   0.0000000e+00   0.0000000e+00   6.9520876e+03   1.4286600e+05
   0.0000000e+00   0.0000000e+00   6.9519046e+03   1.4532400e+05
   0.0000000e+00   0.0000000e+00   6.9519046e+03   1.4613400e+05
   0.0000000e+00   0.0000000e+00   6.9519046e+03   1.4636100e+05
   0.0000000e+00   0.0000000e+00   6.9519046e+03   1.4856300e+05
   0.0000000e+00   0.0000000e+00   6.9519046e+03   1.5049500e+05
   0.0000000e+00   0.0000000e+00   6.9519046e+03   1.5165900e+05
   0.0000000e+00   0.0000000e+00   6.9519046e+03   1.5426400e+05
   0.0000000e+00   0.0000000e+00   6.9519046e+03   1.5679600e+05
   0.0000000e+00   0.0000000e+00   6.9519046e+03   1.5855600e+05
   0.0000000e+00   0.0000000e+00   6.9519046e+03   1.6429200e+05
   0.0000000e+00   0.0000000e+00   6.9519046e+03   1.6555300e+05
   0.0000000e+00   0.0000000e+00   6.9519046e+03   1.6758000e+05
   0.0000000e+00   0.0000000e+00   6.9519046e+03   1.6795400e+05
   0.0000000e+00   0.0000000e+00   6.9519046e+03   1.7082400e+05
   0.0000000e+00   0.0000000e+00   6.9519046e+03   1.7147300e+05
   0.0000000e+00   0.0000000e+00   6.9519046e+03   1.7563300e+05
   0.0000000e+00   0.0000000e+00   6.9519046e+03   1.7914900e+05
   0.0000000e+00   0.0000000e+00   6.9519046e+03   1.8214900e+05
   0.0000000e+00   0.0000000e+00   6.9519046e+03   1.8219500e+05
   0.0000000e+00   0.0000000e+00   6.9518337e+03   1.8418500e+05
   0.0000000e+00   0.0000000e+00   6.9518337e+03   1.8494200e+05
   0.0000000e+00   0.0000000e+00   6.9518337e+03   1.8583600e+05
   0.0000000e+00   0.0000000e+00   6.9518337e+03   1.8584600e+05
   0.0000000e+00   0.0000000e+00   6.9518337e+03   1.8596300e+05
   0.0000000e+00   0.0000000e+00   6.9518337e+03   1.8995200e+05
   0.0000000e+00   0.0000000e+00   6.9518337e+03   1.9028100e+05
   0.0000000e+00   0.0000000e+00   6.9518337e+03   1.9180200e+05
   0.0000000e+00   0.0000000e+00   6.9518337e+03   1.9609500e+05
   0.0000000e+00   0.0000000e+00   6.9518337e+03   1.9723900e+05
   0.0000000e+00   0.0000000e+00   6.9518337e+03   1.9924100e+05
