   0.0000000e+00   0.0000000e+00   1.8970882e+04   7.4900000e+02
   0.0000000e+00   0.0000000e+00   1.8904177e+04   7.5100000e+02
   0.0000000e+00   0.0000000e+00   1.8876781e+04   7.5500000e+02
   0.0000000e+00   0.0000000e+00   1.8835137e+04   7.5800000e+02
   0.0000000e+00   0.0000000e+00   1.8763592e+04   7.6100000e+02
   0.0000000e+00   0.0000000e+00   1.8551162e+04   7.6600000e+02
   0.0000000e+00   0.0000000e+00   1.8502606e+04   7.7300000e+02
   0.0000000e+00   0.0000000e+00   1.8425513e+04   7.7700000e+02
   0.0000000e+00   0.0000000e+00   1.8284944e+04   7.9200000e+02
   0.0000000e+00   0.0000000e+00   1.8203308e+04   7.9500000e+02
   0.0000000e+00   0.0000000e+00   1.8169481e+04   8.0600000e+02
   0.0000000e+00   0.0000000e+00   1.8104952e+04   8.0700000e+02
   0.0000000e+00   0.0000000e+00   1.8017496e+04   8.1300000e+02
   0.0000000e+00   0.0000000e+00   1.7875145e+04   8.1600000e+02
   0.0000000e+00   0.0000000e+00   1.7804739e+04   8.2400000e+02
   0.0000000e+00   0.0000000e+00   1.7798006e+04   8.3600000e+02
   0.0000000e+00   0.0000000e+00   1.7622119e+04   8.5000000e+02
