   1.7118924e+02   1.7010372e+00   1.6946097e+04   2.0000000e+00
   1.7104824e+02   1.6845905e+00   1.6990071e+04   3.0000000e+00
   1.6675064e+02   1.0221389e+00   1.6951533e+04   4.0000000e+00
   1.6478003e+02   1.0320129e+00   1.6925899e+04   5.0000000e+00
   1.6165895e+02   1.0027194e+00   1.7032419e+04   6.0000000e+00
   1.6137073e+02   1.0302006e+00   1.7292767e+04   8.0000000e+00
   1.6122099e+02   7.3728588e-01   1.7233870e+04   9.0000000e+00
   1.4961863e+02   4.9268984e-01   1.7591059e+04   1.0000000e+01
   1.3926408e+02   4.2403728e-01   1.7659334e+04   1.3000000e+01
   1.3909400e+02   4.3536704e-01   1.8080832e+04   1.4000000e+01
   1.3865052e+02   4.3737825e-01   1.8137358e+04   1.5000000e+01
   1.3834047e+02   4.4736624e-01   1.8196182e+04   1.7000000e+01
   1.3798377e+02   4.4751063e-01   1.8003333e+04   1.8000000e+01
   1.3616257e+02   3.1052209e-01   1.8371114e+04   2.0000000e+01
   1.3527695e+02   3.7996838e-01   1.8303744e+04   2.1000000e+01
   1.3454897e+02   4.9375810e-01   1.8269921e+04   2.3000000e+01
   1.3198642e+02   4.2627381e-01   1.8227637e+04   2.5000000e+01
   1.3088221e+02   1.0141718e-01   1.8329358e+04   2.7000000e+01
   1.3031596e+02   8.4754154e-02   1.8215507e+04   3.0000000e+01
   1.2834896e+02   7.4861013e-02   1.8584540e+04   3.1000000e+01
   1.2326855e+02   8.8112370e-02   1.8364593e+04   3.2000000e+01
   1.2025830e+02   1.2192700e-01   1.8832968e+04   3.4000000e+01
   1.1848480e+02   1.2106779e-01   1.8901461e+04   3.8000000e+01
   1.0847505e+02   1.2376155e-01   1.8894795e+04   4.3000000e+01
   1.0835179e+02   1.5382278e-01   1.8495866e+04   4.4000000e+01
   1.0509777e+02   1.5502450e-01   1.8850939e+04   4.5000000e+01
   1.0231199e+02   1.3365619e-01   1.9129675e+04   4.6000000e+01
   1.0168840e+02   1.2868227e-01   1.9134503e+04   4.7000000e+01
   1.0161982e+02   1.3596522e-01   1.8930928e+04   4.8000000e+01
   1.0103771e+02   9.0766000e-02   1.9011381e+04   5.4000000e+01
   9.5925330e+01   9.6772280e-02   1.8934011e+04   5.6000000e+01
   9.4982056e+01   1.0123935e-01   1.9187868e+04   5.7000000e+01
   9.4510589e+01   9.5278970e-02   1.9248772e+04   5.8000000e+01
   9.4178545e+01   9.2965533e-02   1.9251840e+04   5.9000000e+01
   9.4012150e+01   8.9022135e-02   1.9216811e+04   6.5000000e+01
   8.7510199e+01   5.4139801e-02   1.9559981e+04   6.6000000e+01
   8.3703092e+01   4.5455454e-02   1.9535971e+04   6.7000000e+01
   8.1185243e+01   5.9816656e-02   1.9404862e+04   6.8000000e+01
   7.9697022e+01   5.9004249e-02   1.9386747e+04   7.0000000e+01
   7.9250819e+01   0.0000000e+00   2.0003352e+04   7.1000000e+01
   7.7888188e+01   0.0000000e+00   1.9962665e+04   7.3000000e+01
   7.6331454e+01   0.0000000e+00   2.0198989e+04   7.4000000e+01
   7.5928435e+01   0.0000000e+00   2.0165775e+04   7.6000000e+01
   7.4857750e+01   0.0000000e+00   2.0654373e+04   7.8000000e+01
   7.3960639e+01   0.0000000e+00   2.0765623e+04   7.9000000e+01
   7.3728224e+01   0.0000000e+00   2.0789079e+04   8.0000000e+01
   7.2851281e+01   0.0000000e+00   2.1139529e+04   8.3000000e+01
   7.2802215e+01   0.0000000e+00   2.1081038e+04   8.4000000e+01
   7.2010281e+01   0.0000000e+00   2.1486112e+04   8.6000000e+01
   7.1817252e+01   0.0000000e+00   2.1723761e+04   8.8000000e+01
   7.1631907e+01   0.0000000e+00   2.1557990e+04   9.1000000e+01
   7.0246996e+01   0.0000000e+00   2.1942797e+04   9.2000000e+01
   6.9942919e+01   0.0000000e+00   2.1887068e+04   9.4000000e+01
   6.9846297e+01   0.0000000e+00   2.2184514e+04   9.6000000e+01
   6.8469894e+01   0.0000000e+00   2.2639778e+04   9.7000000e+01
   6.7270959e+01   0.0000000e+00   2.3166225e+04   9.8000000e+01
   6.6229300e+01   0.0000000e+00   2.3159770e+04   1.0100000e+02
   6.6115115e+01   0.0000000e+00   2.3415530e+04   1.0400000e+02
   6.0522852e+01   0.0000000e+00   2.3237516e+04   1.0700000e+02
   5.6463810e+01   3.5557399e-02   2.3071592e+04   1.2000000e+02
   5.6240166e+01   0.0000000e+00   2.3495238e+04   1.2700000e+02
   5.4553172e+01   0.0000000e+00   2.3705183e+04   1.2800000e+02
   5.4478689e+01   0.0000000e+00   2.3760752e+04   1.3100000e+02
   5.2777403e+01   0.0000000e+00   2.3644832e+04   1.3400000e+02
   5.0524903e+01   0.0000000e+00   2.4197801e+04   1.3500000e+02
   4.8538782e+01   0.0000000e+00   2.4058319e+04   1.3700000e+02
   4.7956730e+01   0.0000000e+00   2.4273301e+04   1.3900000e+02
   4.6789625e+01   0.0000000e+00   2.4345411e+04   1.4000000e+02
   4.6661574e+01   0.0000000e+00   2.4521251e+04   1.4300000e+02
   4.6071205e+01   0.0000000e+00   2.4491953e+04   1.4600000e+02
   4.5716288e+01   0.0000000e+00   2.4626393e+04   1.4700000e+02
   4.5465021e+01   0.0000000e+00   2.4792214e+04   1.4800000e+02
   4.3577121e+01   0.0000000e+00   2.4648073e+04   1.5400000e+02
   4.3507441e+01   0.0000000e+00   2.4688972e+04   1.5500000e+02
   4.2856673e+01   0.0000000e+00   2.4995658e+04   1.5600000e+02
   4.1750574e+01   0.0000000e+00   2.4999096e+04   1.5700000e+02
   4.1707081e+01   0.0000000e+00   2.4802721e+04   1.6100000e+02
   4.1361880e+01   0.0000000e+00   2.4956265e+04   1.6300000e+02
   2.9317280e+01   0.0000000e+00   2.4819616e+04   1.6400000e+02
   2.9227206e+01   0.0000000e+00   2.4717078e+04   1.6500000e+02
   2.7499837e+01   0.0000000e+00   2.4705082e+04   1.6700000e+02
   2.7449077e+01   0.0000000e+00   2.4842908e+04   1.6900000e+02
   2.0165484e+01   0.0000000e+00   2.4814366e+04   1.7800000e+02
   1.9693137e+01   0.0000000e+00   2.5425078e+04   1.8200000e+02
   1.8062456e+01   0.0000000e+00   2.5202344e+04   1.8500000e+02
   1.8019707e+01   0.0000000e+00   2.5027963e+04   1.8900000e+02
   8.9783479e+00   0.0000000e+00   2.4901418e+04   1.9000000e+02
   8.9783225e+00   0.0000000e+00   2.4896704e+04   1.9400000e+02
   8.8304559e+00   0.0000000e+00   2.4816475e+04   1.9500000e+02
   8.8081300e+00   0.0000000e+00   2.4800953e+04   1.9900000e+02
   8.5399623e+00   0.0000000e+00   2.4936527e+04   2.0800000e+02
   8.3328327e+00   0.0000000e+00   2.4762391e+04   2.1200000e+02
   8.3069523e+00   0.0000000e+00   2.4687288e+04   2.1400000e+02
   8.1947554e+00   0.0000000e+00   2.4451671e+04   2.1700000e+02
   8.0504286e+00   0.0000000e+00   2.4248506e+04   2.1800000e+02
   8.0381230e+00   0.0000000e+00   2.4164162e+04   2.2400000e+02
   7.5002758e+00   0.0000000e+00   2.4203897e+04   2.2500000e+02
   6.5818102e+00   0.0000000e+00   2.4387201e+04   2.2600000e+02
   6.4616305e+00   0.0000000e+00   2.4616741e+04   2.2800000e+02
   6.1132983e+00   0.0000000e+00   2.4989344e+04   2.2900000e+02
   5.1149292e+00   0.0000000e+00   2.5016457e+04   2.3500000e+02
   5.0665793e+00   0.0000000e+00   2.5044695e+04   2.3700000e+02
   4.9306686e+00   0.0000000e+00   2.4836272e+04   2.3800000e+02
   3.7859200e+00   0.0000000e+00   2.4682970e+04   2.3900000e+02
   3.6987046e+00   0.0000000e+00   2.4891391e+04   2.4000000e+02
   3.6254458e+00   0.0000000e+00   2.5194353e+04   2.4100000e+02
   3.3506920e+00   0.0000000e+00   2.5716610e+04   2.4300000e+02
   2.9904220e+00   0.0000000e+00   2.6068698e+04   2.5100000e+02
   2.9629833e+00   0.0000000e+00   2.6291573e+04   2.5400000e+02
   2.6941161e+00   0.0000000e+00   2.6131737e+04   2.5700000e+02
   2.3585299e+00   0.0000000e+00   2.5845026e+04   2.6000000e+02
   1.9964290e+00   0.0000000e+00   2.5756726e+04   2.6100000e+02
   1.9769185e+00   0.0000000e+00   2.6125653e+04   2.6200000e+02
   1.9497955e+00   0.0000000e+00   2.6234535e+04   2.6300000e+02
   1.9128608e+00   0.0000000e+00   2.6432594e+04   2.6500000e+02
   1.7789648e+00   0.0000000e+00   2.6604854e+04   2.6600000e+02
   1.7356579e+00   0.0000000e+00   2.6701937e+04   2.6900000e+02
   1.6803595e+00   0.0000000e+00   2.6444108e+04   2.7000000e+02
   1.5315356e+00   0.0000000e+00   2.6428621e+04   2.7300000e+02
   1.5294359e+00   0.0000000e+00   2.6343893e+04   2.7500000e+02
   1.2988168e+00   0.0000000e+00   2.6328236e+04   2.7600000e+02
   1.2925199e+00   0.0000000e+00   2.6510454e+04   2.7700000e+02
   1.2746654e+00   0.0000000e+00   2.6675572e+04   2.7900000e+02
   1.2482750e+00   0.0000000e+00   2.6958820e+04   2.8000000e+02
   1.0633501e+00   0.0000000e+00   2.6803994e+04   2.8200000e+02
   1.0295838e+00   0.0000000e+00   2.7378714e+04   2.8300000e+02
   1.0246365e+00   0.0000000e+00   2.7334425e+04   2.8600000e+02
   7.1974813e-01   0.0000000e+00   2.7639811e+04   2.8900000e+02
   7.0108772e-01   0.0000000e+00   2.8219372e+04   2.9100000e+02
   6.9703349e-01   0.0000000e+00   2.8195276e+04   2.9200000e+02
   6.8830919e-01   0.0000000e+00   2.8035495e+04   2.9300000e+02
   6.1887101e-01   0.0000000e+00   2.7617272e+04   2.9500000e+02
   6.1381247e-01   0.0000000e+00   2.7843925e+04   2.9800000e+02
   6.1100045e-01   0.0000000e+00   2.7531933e+04   3.0400000e+02
   5.9744739e-01   0.0000000e+00   2.7149248e+04   3.0800000e+02
   5.9056549e-01   0.0000000e+00   2.7010451e+04   3.1200000e+02
   5.6947549e-01   0.0000000e+00   2.6892647e+04   3.1300000e+02
   5.6717886e-01   0.0000000e+00   2.6751350e+04   3.1400000e+02
   5.5676635e-01   0.0000000e+00   2.6916535e+04   3.2100000e+02
   5.4879376e-01   0.0000000e+00   2.6802174e+04   3.2200000e+02
   5.4152772e-01   0.0000000e+00   2.6614694e+04   3.2500000e+02
   5.3696198e-01   0.0000000e+00   2.6543402e+04   3.3700000e+02
   5.3202030e-01   0.0000000e+00   2.7071648e+04   3.3900000e+02
   5.2030202e-01   0.0000000e+00   2.6926712e+04   3.4100000e+02
   5.2012093e-01   0.0000000e+00   2.6944863e+04   3.4300000e+02
   5.0395763e-01   0.0000000e+00   2.6566190e+04   3.4600000e+02
   4.8510587e-01   0.0000000e+00   2.6804227e+04   3.5200000e+02
   3.5791811e-01   0.0000000e+00   2.6554393e+04   3.5500000e+02
   3.3260573e-01   0.0000000e+00   2.6664759e+04   3.5600000e+02
   0.0000000e+00   0.0000000e+00   2.6654704e+04   3.5900000e+02
   0.0000000e+00   0.0000000e+00   2.6436520e+04   3.6100000e+02
   0.0000000e+00   0.0000000e+00   2.6204500e+04   3.6200000e+02
   0.0000000e+00   0.0000000e+00   2.6115348e+04   3.6300000e+02
   0.0000000e+00   0.0000000e+00   2.5985753e+04   3.6700000e+02
   0.0000000e+00   0.0000000e+00   2.5911575e+04   3.6900000e+02
   0.0000000e+00   0.0000000e+00   2.5705254e+04   3.7000000e+02
   0.0000000e+00   0.0000000e+00   2.5453289e+04   3.7400000e+02
   0.0000000e+00   0.0000000e+00   2.5353931e+04   3.7500000e+02
   0.0000000e+00   0.0000000e+00   2.5353147e+04   3.7700000e+02
   0.0000000e+00   0.0000000e+00   2.5329693e+04   3.8000000e+02
   0.0000000e+00   0.0000000e+00   2.5036212e+04   3.8100000e+02
   0.0000000e+00   0.0000000e+00   2.4918303e+04   3.8200000e+02
   0.0000000e+00   0.0000000e+00   2.4800376e+04   3.8300000e+02
   0.0000000e+00   0.0000000e+00   2.4568725e+04   3.8600000e+02
   0.0000000e+00   0.0000000e+00   2.4549112e+04   3.8700000e+02
   0.0000000e+00   0.0000000e+00   2.4334769e+04   3.8800000e+02
   0.0000000e+00   0.0000000e+00   2.4070391e+04   4.0000000e+02
   0.0000000e+00   0.0000000e+00   2.4051081e+04   4.0200000e+02
   0.0000000e+00   0.0000000e+00   2.3868688e+04   4.0700000e+02
   0.0000000e+00   0.0000000e+00   2.3579950e+04   4.1100000e+02
   0.0000000e+00   0.0000000e+00   2.3401568e+04   4.2200000e+02
   0.0000000e+00   0.0000000e+00   2.3234657e+04   4.2400000e+02
   0.0000000e+00   0.0000000e+00   2.3156699e+04   4.2600000e+02
   0.0000000e+00   0.0000000e+00   2.3073992e+04   4.2800000e+02
   0.0000000e+00   0.0000000e+00   2.2972274e+04   4.2900000e+02
   0.0000000e+00   0.0000000e+00   2.2903732e+04   4.3100000e+02
   0.0000000e+00   0.0000000e+00   2.2820243e+04   4.3500000e+02
   0.0000000e+00   0.0000000e+00   2.2703543e+04   4.4200000e+02
   0.0000000e+00   0.0000000e+00   2.2444063e+04   4.4300000e+02
   0.0000000e+00   0.0000000e+00   2.2201103e+04   4.5600000e+02
   0.0000000e+00   0.0000000e+00   2.2189087e+04   4.5700000e+02
   0.0000000e+00   0.0000000e+00   2.2099182e+04   4.6200000e+02
   0.0000000e+00   0.0000000e+00   2.2015969e+04   4.6300000e+02
   0.0000000e+00   0.0000000e+00   2.1980122e+04   4.6800000e+02
   0.0000000e+00   0.0000000e+00   2.1924302e+04   4.7000000e+02
   0.0000000e+00   0.0000000e+00   2.1707629e+04   4.7200000e+02
   0.0000000e+00   0.0000000e+00   2.1643682e+04   4.7400000e+02
   0.0000000e+00   0.0000000e+00   2.1562365e+04   4.7600000e+02
   0.0000000e+00   0.0000000e+00   2.1516649e+04   4.7700000e+02
   0.0000000e+00   0.0000000e+00   2.1442253e+04   4.8000000e+02
   0.0000000e+00   0.0000000e+00   2.1431283e+04   4.8700000e+02
   0.0000000e+00   0.0000000e+00   2.1368673e+04   4.9000000e+02
   0.0000000e+00   0.0000000e+00   2.1209786e+04   4.9100000e+02
   0.0000000e+00   0.0000000e+00   2.1176599e+04   4.9800000e+02
   0.0000000e+00   0.0000000e+00   2.1118924e+04   5.0000000e+02
   0.0000000e+00   0.0000000e+00   2.0952842e+04   5.0700000e+02
   0.0000000e+00   0.0000000e+00   2.0796969e+04   5.1500000e+02
   0.0000000e+00   0.0000000e+00   2.0692492e+04   5.1900000e+02
   0.0000000e+00   0.0000000e+00   2.0645011e+04   5.2200000e+02
   0.0000000e+00   0.0000000e+00   2.0614979e+04   5.3700000e+02
   0.0000000e+00   0.0000000e+00   2.0584641e+04   5.3800000e+02
   0.0000000e+00   0.0000000e+00   2.0551758e+04   5.3900000e+02
   0.0000000e+00   0.0000000e+00   2.0440611e+04   5.4000000e+02
   0.0000000e+00   0.0000000e+00   2.0124299e+04   5.4300000e+02
   0.0000000e+00   0.0000000e+00   2.0112276e+04   5.4500000e+02
   0.0000000e+00   0.0000000e+00   2.0063756e+04   5.4800000e+02
   0.0000000e+00   0.0000000e+00   1.9847708e+04   5.4900000e+02
   0.0000000e+00   0.0000000e+00   1.9749839e+04   5.5200000e+02
   0.0000000e+00   0.0000000e+00   1.9582769e+04   5.5300000e+02
   0.0000000e+00   0.0000000e+00   1.9538523e+04   5.5400000e+02
   0.0000000e+00   0.0000000e+00   1.9470627e+04   5.5500000e+02
   0.0000000e+00   0.0000000e+00   1.9344838e+04   5.5900000e+02
   0.0000000e+00   0.0000000e+00   1.9318847e+04   5.6900000e+02
   0.0000000e+00   0.0000000e+00   1.9305898e+04   5.7200000e+02
   0.0000000e+00   0.0000000e+00   1.9295375e+04   5.7300000e+02
   0.0000000e+00   0.0000000e+00   1.9088865e+04   5.7400000e+02
   0.0000000e+00   0.0000000e+00   1.8835219e+04   5.7500000e+02
   0.0000000e+00   0.0000000e+00   1.8773013e+04   5.7600000e+02
   0.0000000e+00   0.0000000e+00   1.8592156e+04   5.7900000e+02
   0.0000000e+00   0.0000000e+00   1.8357977e+04   5.8000000e+02
   0.0000000e+00   0.0000000e+00   1.8242424e+04   5.8300000e+02
   0.0000000e+00   0.0000000e+00   1.8064752e+04   5.8400000e+02
   0.0000000e+00   0.0000000e+00   1.7887558e+04   5.8500000e+02
   0.0000000e+00   0.0000000e+00   1.7837040e+04   5.9000000e+02
   0.0000000e+00   0.0000000e+00   1.7833835e+04   6.0100000e+02
   0.0000000e+00   0.0000000e+00   1.7664957e+04   6.0200000e+02
   0.0000000e+00   0.0000000e+00   1.7640662e+04   6.0800000e+02
   0.0000000e+00   0.0000000e+00   1.7549382e+04   6.0900000e+02
   0.0000000e+00   0.0000000e+00   1.7358407e+04   6.1300000e+02
   0.0000000e+00   0.0000000e+00   1.7189977e+04   6.1600000e+02
   0.0000000e+00   0.0000000e+00   1.7174561e+04   6.2200000e+02
   0.0000000e+00   0.0000000e+00   1.6813751e+04   6.2600000e+02
   0.0000000e+00   0.0000000e+00   1.6723373e+04   6.2700000e+02
   0.0000000e+00   0.0000000e+00   1.6688718e+04   6.3100000e+02
   0.0000000e+00   0.0000000e+00   1.6577952e+04   6.3400000e+02
   0.0000000e+00   0.0000000e+00   1.6525355e+04   6.4000000e+02
   0.0000000e+00   0.0000000e+00   1.6407177e+04   6.4200000e+02
   0.0000000e+00   0.0000000e+00   1.6352296e+04   6.4300000e+02
   0.0000000e+00   0.0000000e+00   1.6329336e+04   6.4700000e+02
   0.0000000e+00   0.0000000e+00   1.6292077e+04   6.4800000e+02
   0.0000000e+00   0.0000000e+00   1.6246419e+04   6.5300000e+02
   0.0000000e+00   0.0000000e+00   1.6163741e+04   6.5400000e+02
   0.0000000e+00   0.0000000e+00   1.5985390e+04   6.5700000e+02
   0.0000000e+00   0.0000000e+00   1.5868461e+04   6.6000000e+02
   0.0000000e+00   0.0000000e+00   1.5837082e+04   6.7500000e+02
   0.0000000e+00   0.0000000e+00   1.5692673e+04   6.7800000e+02
   0.0000000e+00   0.0000000e+00   1.5426447e+04   6.8400000e+02
   0.0000000e+00   0.0000000e+00   1.5255085e+04   6.8800000e+02
   0.0000000e+00   0.0000000e+00   1.5243438e+04   6.9400000e+02
   0.0000000e+00   0.0000000e+00   1.5174928e+04   6.9600000e+02
   0.0000000e+00   0.0000000e+00   1.5120918e+04   6.9700000e+02
   0.0000000e+00   0.0000000e+00   1.5002346e+04   6.9900000e+02
   0.0000000e+00   0.0000000e+00   1.4852059e+04   7.0300000e+02
   0.0000000e+00   0.0000000e+00   1.4842701e+04   7.0600000e+02
   0.0000000e+00   0.0000000e+00   1.4836746e+04   7.0800000e+02
   0.0000000e+00   0.0000000e+00   1.4687316e+04   7.0900000e+02
   0.0000000e+00   0.0000000e+00   1.4668078e+04   7.1000000e+02
   0.0000000e+00   0.0000000e+00   1.4559231e+04   7.1200000e+02
   0.0000000e+00   0.0000000e+00   1.4286331e+04   7.1300000e+02
   0.0000000e+00   0.0000000e+00   1.4280819e+04   7.1600000e+02
   0.0000000e+00   0.0000000e+00   1.4271285e+04   7.1800000e+02
   0.0000000e+00   0.0000000e+00   1.4157984e+04   7.2100000e+02
   0.0000000e+00   0.0000000e+00   1.4010851e+04   7.2300000e+02
   0.0000000e+00   0.0000000e+00   1.3805936e+04   7.2900000e+02
   0.0000000e+00   0.0000000e+00   1.3724625e+04   7.3400000e+02
   0.0000000e+00   0.0000000e+00   1.3543706e+04   7.3500000e+02
   0.0000000e+00   0.0000000e+00   1.3495181e+04   7.3900000e+02
   0.0000000e+00   0.0000000e+00   1.3480645e+04   7.4000000e+02
   0.0000000e+00   0.0000000e+00   1.3434073e+04   7.4500000e+02
   0.0000000e+00   0.0000000e+00   1.3219864e+04   7.5400000e+02
   0.0000000e+00   0.0000000e+00   1.3180271e+04   7.6700000e+02
   0.0000000e+00   0.0000000e+00   1.2939179e+04   7.7100000e+02
   0.0000000e+00   0.0000000e+00   1.2840368e+04   7.8800000e+02
   0.0000000e+00   0.0000000e+00   1.2838071e+04   7.8900000e+02
   0.0000000e+00   0.0000000e+00   1.2816852e+04   7.9000000e+02
   0.0000000e+00   0.0000000e+00   1.2784582e+04   8.0900000e+02
   0.0000000e+00   0.0000000e+00   1.2764277e+04   8.1100000e+02
   0.0000000e+00   0.0000000e+00   1.2681043e+04   8.1600000e+02
   0.0000000e+00   0.0000000e+00   1.2642458e+04   8.3000000e+02
   0.0000000e+00   0.0000000e+00   1.2503298e+04   8.3100000e+02
   0.0000000e+00   0.0000000e+00   1.2486977e+04   8.3200000e+02
   0.0000000e+00   0.0000000e+00   1.2483847e+04   8.4400000e+02
   0.0000000e+00   0.0000000e+00   1.2418435e+04   8.4600000e+02
   0.0000000e+00   0.0000000e+00   1.2399494e+04   8.5000000e+02
   0.0000000e+00   0.0000000e+00   1.2295955e+04   8.5400000e+02
   0.0000000e+00   0.0000000e+00   1.2295154e+04   8.5800000e+02
   0.0000000e+00   0.0000000e+00   1.2271100e+04   8.7300000e+02
   0.0000000e+00   0.0000000e+00   1.2231503e+04   8.7700000e+02
   0.0000000e+00   0.0000000e+00   1.2188751e+04   8.7800000e+02
   0.0000000e+00   0.0000000e+00   1.2107310e+04   8.7900000e+02
   0.0000000e+00   0.0000000e+00   1.2084114e+04   8.8800000e+02
   0.0000000e+00   0.0000000e+00   1.2063413e+04   8.9100000e+02
   0.0000000e+00   0.0000000e+00   1.2026299e+04   8.9300000e+02
   0.0000000e+00   0.0000000e+00   1.2019045e+04   9.0500000e+02
   0.0000000e+00   0.0000000e+00   1.1994042e+04   9.2600000e+02
   0.0000000e+00   0.0000000e+00   1.1967743e+04   9.3700000e+02
   0.0000000e+00   0.0000000e+00   1.1960415e+04   9.4100000e+02
   0.0000000e+00   0.0000000e+00   1.1710581e+04   9.4800000e+02
   0.0000000e+00   0.0000000e+00   1.1593648e+04   9.6600000e+02
   0.0000000e+00   0.0000000e+00   1.1483138e+04   9.6700000e+02
   0.0000000e+00   0.0000000e+00   1.1477467e+04   9.7000000e+02
   0.0000000e+00   0.0000000e+00   1.1473526e+04   9.7800000e+02
   0.0000000e+00   0.0000000e+00   1.1289613e+04   9.8600000e+02
   0.0000000e+00   0.0000000e+00   1.1263798e+04   1.0000000e+03
   0.0000000e+00   0.0000000e+00   1.1241712e+04   1.0060000e+03
   0.0000000e+00   0.0000000e+00   1.1091080e+04   1.0180000e+03
   0.0000000e+00   0.0000000e+00   1.1071963e+04   1.0200000e+03
   0.0000000e+00   0.0000000e+00   1.1007999e+04   1.0220000e+03
   0.0000000e+00   0.0000000e+00   1.0984788e+04   1.0260000e+03
   0.0000000e+00   0.0000000e+00   1.0975561e+04   1.0280000e+03
   0.0000000e+00   0.0000000e+00   1.0948728e+04   1.0350000e+03
   0.0000000e+00   0.0000000e+00   1.0930883e+04   1.0370000e+03
   0.0000000e+00   0.0000000e+00   1.0913975e+04   1.0500000e+03
   0.0000000e+00   0.0000000e+00   1.0906220e+04   1.0550000e+03
   0.0000000e+00   0.0000000e+00   1.0902262e+04   1.0610000e+03
   0.0000000e+00   0.0000000e+00   1.0873094e+04   1.0650000e+03
   0.0000000e+00   0.0000000e+00   1.0860122e+04   1.0670000e+03
   0.0000000e+00   0.0000000e+00   1.0859004e+04   1.0680000e+03
   0.0000000e+00   0.0000000e+00   1.0825892e+04   1.0770000e+03
   0.0000000e+00   0.0000000e+00   1.0735591e+04   1.0790000e+03
   0.0000000e+00   0.0000000e+00   1.0706610e+04   1.0850000e+03
   0.0000000e+00   0.0000000e+00   1.0606031e+04   1.0890000e+03
   0.0000000e+00   0.0000000e+00   1.0447177e+04   1.0970000e+03
   0.0000000e+00   0.0000000e+00   1.0395651e+04   1.1030000e+03
   0.0000000e+00   0.0000000e+00   1.0335719e+04   1.1110000e+03
   0.0000000e+00   0.0000000e+00   1.0276008e+04   1.1140000e+03
   0.0000000e+00   0.0000000e+00   1.0211717e+04   1.1150000e+03
   0.0000000e+00   0.0000000e+00   1.0099472e+04   1.1170000e+03
   0.0000000e+00   0.0000000e+00   1.0070042e+04   1.1200000e+03
   0.0000000e+00   0.0000000e+00   1.0046906e+04   1.1300000e+03
   0.0000000e+00   0.0000000e+00   9.9994901e+03   1.1440000e+03
   0.0000000e+00   0.0000000e+00   9.9980511e+03   1.1480000e+03
   0.0000000e+00   0.0000000e+00   9.9484954e+03   1.1710000e+03
   0.0000000e+00   0.0000000e+00   9.9421399e+03   1.1820000e+03
   0.0000000e+00   0.0000000e+00   9.9128309e+03   1.1830000e+03
   0.0000000e+00   0.0000000e+00   9.9121081e+03   1.1890000e+03
   0.0000000e+00   0.0000000e+00   9.8723980e+03   1.1970000e+03
   0.0000000e+00   0.0000000e+00   9.7393034e+03   1.2270000e+03
   0.0000000e+00   0.0000000e+00   9.7297208e+03   1.2310000e+03
   0.0000000e+00   0.0000000e+00   9.5241558e+03   1.2340000e+03
   0.0000000e+00   0.0000000e+00   9.5060109e+03   1.2380000e+03
   0.0000000e+00   0.0000000e+00   9.4584234e+03   1.2450000e+03
   0.0000000e+00   0.0000000e+00   9.4343294e+03   1.2640000e+03
   0.0000000e+00   0.0000000e+00   9.4258754e+03   1.2690000e+03
   0.0000000e+00   0.0000000e+00   9.3325973e+03   1.2700000e+03
   0.0000000e+00   0.0000000e+00   9.3014560e+03   1.2710000e+03
   0.0000000e+00   0.0000000e+00   9.3006774e+03   1.2760000e+03
   0.0000000e+00   0.0000000e+00   9.2421699e+03   1.2950000e+03
   0.0000000e+00   0.0000000e+00   9.2385125e+03   1.3100000e+03
   0.0000000e+00   0.0000000e+00   9.1628288e+03   1.3140000e+03
   0.0000000e+00   0.0000000e+00   9.0025643e+03   1.3160000e+03
   0.0000000e+00   0.0000000e+00   8.9709013e+03   1.3270000e+03
   0.0000000e+00   0.0000000e+00   8.9620456e+03   1.3310000e+03
   0.0000000e+00   0.0000000e+00   8.8715692e+03   1.3330000e+03
   0.0000000e+00   0.0000000e+00   8.8455901e+03   1.3570000e+03
   0.0000000e+00   0.0000000e+00   8.8180666e+03   1.3640000e+03
   0.0000000e+00   0.0000000e+00   8.8172117e+03   1.3830000e+03
   0.0000000e+00   0.0000000e+00   8.7792984e+03   1.4080000e+03
   0.0000000e+00   0.0000000e+00   8.7339915e+03   1.4120000e+03
   0.0000000e+00   0.0000000e+00   8.7283145e+03   1.4160000e+03
   0.0000000e+00   0.0000000e+00   8.7110727e+03   1.4280000e+03
   0.0000000e+00   0.0000000e+00   8.6705540e+03   1.4290000e+03
   0.0000000e+00   0.0000000e+00   8.6132049e+03   1.4710000e+03
   0.0000000e+00   0.0000000e+00   8.5703798e+03   1.4850000e+03
   0.0000000e+00   0.0000000e+00   8.5651536e+03   1.4910000e+03
   0.0000000e+00   0.0000000e+00   8.5368582e+03   1.4970000e+03
   0.0000000e+00   0.0000000e+00   8.4756088e+03   1.5000000e+03
   0.0000000e+00   0.0000000e+00   8.4637780e+03   1.5020000e+03
   0.0000000e+00   0.0000000e+00   8.4350448e+03   1.5060000e+03
   0.0000000e+00   0.0000000e+00   8.4062463e+03   1.5390000e+03
   0.0000000e+00   0.0000000e+00   8.3916655e+03   1.5460000e+03
   0.0000000e+00   0.0000000e+00   8.3758117e+03   1.5670000e+03
   0.0000000e+00   0.0000000e+00   8.3568257e+03   1.5880000e+03
   0.0000000e+00   0.0000000e+00   8.3489977e+03   1.5960000e+03
   0.0000000e+00   0.0000000e+00   8.3418891e+03   1.6020000e+03
   0.0000000e+00   0.0000000e+00   8.3262685e+03   1.6080000e+03
   0.0000000e+00   0.0000000e+00   8.3125320e+03   1.6180000e+03
   0.0000000e+00   0.0000000e+00   8.2801676e+03   1.6450000e+03
   0.0000000e+00   0.0000000e+00   8.2479836e+03   1.6610000e+03
   0.0000000e+00   0.0000000e+00   8.1766539e+03   1.6730000e+03
   0.0000000e+00   0.0000000e+00   8.1481651e+03   1.6750000e+03
   0.0000000e+00   0.0000000e+00   8.0916011e+03   1.6790000e+03
   0.0000000e+00   0.0000000e+00   8.0803631e+03   1.6890000e+03
   0.0000000e+00   0.0000000e+00   8.0589735e+03   1.6900000e+03
   0.0000000e+00   0.0000000e+00   8.0462090e+03   1.7050000e+03
   0.0000000e+00   0.0000000e+00   8.0140729e+03   1.7130000e+03
   0.0000000e+00   0.0000000e+00   8.0025064e+03   1.7190000e+03
   0.0000000e+00   0.0000000e+00   7.9761631e+03   1.7260000e+03
   0.0000000e+00   0.0000000e+00   7.9743951e+03   1.7500000e+03
   0.0000000e+00   0.0000000e+00   7.9399329e+03   1.7560000e+03
   0.0000000e+00   0.0000000e+00   7.9330762e+03   1.7580000e+03
   0.0000000e+00   0.0000000e+00   7.8147797e+03   1.7590000e+03
   0.0000000e+00   0.0000000e+00   7.7944780e+03   1.7620000e+03
   0.0000000e+00   0.0000000e+00   7.7772366e+03   1.7780000e+03
   0.0000000e+00   0.0000000e+00   7.7314810e+03   1.7920000e+03
   0.0000000e+00   0.0000000e+00   7.7224427e+03   1.8090000e+03
   0.0000000e+00   0.0000000e+00   7.6756499e+03   1.8440000e+03
   0.0000000e+00   0.0000000e+00   7.6401604e+03   1.8510000e+03
   0.0000000e+00   0.0000000e+00   7.6245388e+03   1.8810000e+03
   0.0000000e+00   0.0000000e+00   7.5999620e+03   1.9150000e+03
   0.0000000e+00   0.0000000e+00   7.5934873e+03   1.9240000e+03
   0.0000000e+00   0.0000000e+00   7.5873976e+03   1.9440000e+03
   0.0000000e+00   0.0000000e+00   7.5568504e+03   1.9730000e+03
   0.0000000e+00   0.0000000e+00   7.5369453e+03   1.9960000e+03
   0.0000000e+00   0.0000000e+00   7.5128738e+03   2.0400000e+03
   0.0000000e+00   0.0000000e+00   7.4858200e+03   2.0490000e+03
   0.0000000e+00   0.0000000e+00   7.4589326e+03   2.0990000e+03
   0.0000000e+00   0.0000000e+00   7.4552927e+03   2.1000000e+03
   0.0000000e+00   0.0000000e+00   7.4366230e+03   2.1020000e+03
   0.0000000e+00   0.0000000e+00   7.4364796e+03   2.1220000e+03
   0.0000000e+00   0.0000000e+00   7.4293960e+03   2.1240000e+03
   0.0000000e+00   0.0000000e+00   7.4110063e+03   2.1320000e+03
   0.0000000e+00   0.0000000e+00   7.3496603e+03   2.1330000e+03
   0.0000000e+00   0.0000000e+00   7.3327987e+03   2.1700000e+03
   0.0000000e+00   0.0000000e+00   7.2986620e+03   2.1720000e+03
   0.0000000e+00   0.0000000e+00   7.2773868e+03   2.2150000e+03
   0.0000000e+00   0.0000000e+00   7.1959394e+03   2.2200000e+03
   0.0000000e+00   0.0000000e+00   7.1867327e+03   2.2210000e+03
   0.0000000e+00   0.0000000e+00   7.1718252e+03   2.2450000e+03
   0.0000000e+00   0.0000000e+00   7.1632055e+03   2.2550000e+03
   0.0000000e+00   0.0000000e+00   7.1599788e+03   2.2690000e+03
   0.0000000e+00   0.0000000e+00   7.1201914e+03   2.3060000e+03
   0.0000000e+00   0.0000000e+00   7.0932992e+03   2.3150000e+03
   0.0000000e+00   0.0000000e+00   7.0665770e+03   2.3190000e+03
   0.0000000e+00   0.0000000e+00   7.0621442e+03   2.3320000e+03
   0.0000000e+00   0.0000000e+00   7.0403542e+03   2.3430000e+03
   0.0000000e+00   0.0000000e+00   7.0370343e+03   2.3680000e+03
   0.0000000e+00   0.0000000e+00   7.0338658e+03   2.3750000e+03
   0.0000000e+00   0.0000000e+00   7.0223641e+03   2.4290000e+03
   0.0000000e+00   0.0000000e+00   7.0160745e+03   2.4360000e+03
   0.0000000e+00   0.0000000e+00   6.9983235e+03   2.4640000e+03
   0.0000000e+00   0.0000000e+00   6.9969699e+03   2.4810000e+03
   0.0000000e+00   0.0000000e+00   6.9401389e+03   2.4870000e+03
   0.0000000e+00   0.0000000e+00   6.9003387e+03   2.5040000e+03
   0.0000000e+00   0.0000000e+00   6.8858992e+03   2.5200000e+03
   0.0000000e+00   0.0000000e+00   6.8743269e+03   2.5340000e+03
   0.0000000e+00   0.0000000e+00   6.8544068e+03   2.5550000e+03
   0.0000000e+00   0.0000000e+00   6.8116300e+03   2.5610000e+03
   0.0000000e+00   0.0000000e+00   6.8110111e+03   2.5800000e+03
   0.0000000e+00   0.0000000e+00   6.7294821e+03   2.6290000e+03
   0.0000000e+00   0.0000000e+00   6.7268207e+03   2.6300000e+03
   0.0000000e+00   0.0000000e+00   6.7232730e+03   2.6460000e+03
   0.0000000e+00   0.0000000e+00   6.6974882e+03   2.6530000e+03
   0.0000000e+00   0.0000000e+00   6.6692598e+03   2.6810000e+03
   0.0000000e+00   0.0000000e+00   6.6432032e+03   2.7150000e+03
   0.0000000e+00   0.0000000e+00   6.6181950e+03   2.7720000e+03
   0.0000000e+00   0.0000000e+00   6.6160415e+03   2.8040000e+03
   0.0000000e+00   0.0000000e+00   6.6014316e+03   2.8220000e+03
   0.0000000e+00   0.0000000e+00   6.5678926e+03   2.8590000e+03
   0.0000000e+00   0.0000000e+00   6.5621104e+03   2.8640000e+03
   0.0000000e+00   0.0000000e+00   6.5529838e+03   2.8950000e+03
   0.0000000e+00   0.0000000e+00   6.5526240e+03   3.0890000e+03
   0.0000000e+00   0.0000000e+00   6.5420812e+03   3.1020000e+03
   0.0000000e+00   0.0000000e+00   6.5405065e+03   3.1360000e+03
   0.0000000e+00   0.0000000e+00   6.5373757e+03   3.1590000e+03
   0.0000000e+00   0.0000000e+00   6.5207535e+03   3.1640000e+03
   0.0000000e+00   0.0000000e+00   6.5036799e+03   3.1820000e+03
   0.0000000e+00   0.0000000e+00   6.4989150e+03   3.2960000e+03
   0.0000000e+00   0.0000000e+00   6.4930362e+03   3.3530000e+03
   0.0000000e+00   0.0000000e+00   6.4929276e+03   3.3550000e+03
   0.0000000e+00   0.0000000e+00   6.4692871e+03   3.3660000e+03
   0.0000000e+00   0.0000000e+00   6.4511065e+03   3.3790000e+03
   0.0000000e+00   0.0000000e+00   6.4387671e+03   3.6340000e+03
   0.0000000e+00   0.0000000e+00   6.3927683e+03   3.6620000e+03
   0.0000000e+00   0.0000000e+00   6.3911801e+03   3.7010000e+03
   0.0000000e+00   0.0000000e+00   6.3894934e+03   3.7350000e+03
   0.0000000e+00   0.0000000e+00   6.3747429e+03   3.7600000e+03
   0.0000000e+00   0.0000000e+00   6.3651909e+03   3.7660000e+03
   0.0000000e+00   0.0000000e+00   6.3345455e+03   3.8660000e+03
   0.0000000e+00   0.0000000e+00   6.3010154e+03   3.8940000e+03
   0.0000000e+00   0.0000000e+00   6.2745840e+03   3.9790000e+03
   0.0000000e+00   0.0000000e+00   6.2719296e+03   4.0160000e+03
   0.0000000e+00   0.0000000e+00   6.2718306e+03   4.0530000e+03
   0.0000000e+00   0.0000000e+00   6.2592231e+03   4.1040000e+03
   0.0000000e+00   0.0000000e+00   6.2103707e+03   4.5390000e+03
   0.0000000e+00   0.0000000e+00   6.2063520e+03   4.7050000e+03
   0.0000000e+00   0.0000000e+00   6.1785694e+03   4.7170000e+03
   0.0000000e+00   0.0000000e+00   6.1637489e+03   4.7780000e+03
   0.0000000e+00   0.0000000e+00   6.1098985e+03   4.8420000e+03
   0.0000000e+00   0.0000000e+00   6.0939113e+03   4.9830000e+03
   0.0000000e+00   0.0000000e+00   6.0778927e+03   5.0000000e+03
   0.0000000e+00   0.0000000e+00   6.0774172e+03   5.1920000e+03
   0.0000000e+00   0.0000000e+00   6.0579335e+03   5.3300000e+03
   0.0000000e+00   0.0000000e+00   6.0488475e+03   5.3670000e+03
   0.0000000e+00   0.0000000e+00   6.0473141e+03   5.5790000e+03
   0.0000000e+00   0.0000000e+00   6.0343440e+03   5.6130000e+03
   0.0000000e+00   0.0000000e+00   6.0215455e+03   5.7260000e+03
   0.0000000e+00   0.0000000e+00   6.0112097e+03   5.7350000e+03
   0.0000000e+00   0.0000000e+00   5.9755812e+03   5.8200000e+03
   0.0000000e+00   0.0000000e+00   5.9745911e+03   5.8260000e+03
   0.0000000e+00   0.0000000e+00   5.9698165e+03   5.9940000e+03
   0.0000000e+00   0.0000000e+00   5.9528826e+03   6.0510000e+03
   0.0000000e+00   0.0000000e+00   5.9363451e+03   6.1100000e+03
   0.0000000e+00   0.0000000e+00   5.9329950e+03   6.1580000e+03
   0.0000000e+00   0.0000000e+00   5.9280681e+03   6.4760000e+03
   0.0000000e+00   0.0000000e+00   5.9256214e+03   6.4970000e+03
   0.0000000e+00   0.0000000e+00   5.9169387e+03   6.5410000e+03
   0.0000000e+00   0.0000000e+00   5.9036070e+03   6.5500000e+03
   0.0000000e+00   0.0000000e+00   5.8877987e+03   6.6230000e+03
   0.0000000e+00   0.0000000e+00   5.8752663e+03   6.8340000e+03
   0.0000000e+00   0.0000000e+00   5.8671976e+03   6.8430000e+03
   0.0000000e+00   0.0000000e+00   5.8647613e+03   6.9270000e+03
   0.0000000e+00   0.0000000e+00   5.8595540e+03   6.9710000e+03
   0.0000000e+00   0.0000000e+00   5.8535469e+03   7.0580000e+03
   0.0000000e+00   0.0000000e+00   5.8533188e+03   7.1400000e+03
   0.0000000e+00   0.0000000e+00   5.8530896e+03   7.1890000e+03
   0.0000000e+00   0.0000000e+00   5.8287558e+03   7.2300000e+03
   0.0000000e+00   0.0000000e+00   5.8109659e+03   7.5190000e+03
   0.0000000e+00   0.0000000e+00   5.8092409e+03   7.7230000e+03
   0.0000000e+00   0.0000000e+00   5.7899209e+03   7.7880000e+03
   0.0000000e+00   0.0000000e+00   5.7892981e+03   8.1890000e+03
   0.0000000e+00   0.0000000e+00   5.7630062e+03   8.2030000e+03
   0.0000000e+00   0.0000000e+00   5.7610077e+03   8.4580000e+03
   0.0000000e+00   0.0000000e+00   5.7566400e+03   8.5360000e+03
   0.0000000e+00   0.0000000e+00   5.7561291e+03   8.6110000e+03
   0.0000000e+00   0.0000000e+00   5.7506928e+03   8.6490000e+03
   0.0000000e+00   0.0000000e+00   5.7484046e+03   8.6550000e+03
   0.0000000e+00   0.0000000e+00   5.7429077e+03   8.8370000e+03
   0.0000000e+00   0.0000000e+00   5.7400870e+03   9.0980000e+03
   0.0000000e+00   0.0000000e+00   5.7370667e+03   9.1260000e+03
   0.0000000e+00   0.0000000e+00   5.7140546e+03   9.1540000e+03
   0.0000000e+00   0.0000000e+00   5.7055233e+03   9.1720000e+03
   0.0000000e+00   0.0000000e+00   5.6944429e+03   9.2480000e+03
   0.0000000e+00   0.0000000e+00   5.6901382e+03   9.2740000e+03
   0.0000000e+00   0.0000000e+00   5.6890839e+03   9.4030000e+03
   0.0000000e+00   0.0000000e+00   5.6594100e+03   9.4880000e+03
   0.0000000e+00   0.0000000e+00   5.6465791e+03   9.5660000e+03
   0.0000000e+00   0.0000000e+00   5.6340367e+03   9.6420000e+03
   0.0000000e+00   0.0000000e+00   5.6298206e+03   9.6860000e+03
   0.0000000e+00   0.0000000e+00   5.6266800e+03   9.7280000e+03
   0.0000000e+00   0.0000000e+00   5.6187955e+03   9.9110000e+03
   0.0000000e+00   0.0000000e+00   5.6155244e+03   1.0689000e+04
   0.0000000e+00   0.0000000e+00   5.6045503e+03   1.1110000e+04
   0.0000000e+00   0.0000000e+00   5.5880606e+03   1.1686000e+04
   0.0000000e+00   0.0000000e+00   5.5808756e+03   1.2007000e+04
   0.0000000e+00   0.0000000e+00   5.5708698e+03   1.3106000e+04
   0.0000000e+00   0.0000000e+00   5.5708698e+03   1.3459000e+04
   0.0000000e+00   0.0000000e+00   5.5696189e+03   1.4381000e+04
   0.0000000e+00   0.0000000e+00   5.5622565e+03   1.4404000e+04
   0.0000000e+00   0.0000000e+00   5.5574298e+03   1.4526000e+04
   0.0000000e+00   0.0000000e+00   5.5482597e+03   1.5316000e+04
   0.0000000e+00   0.0000000e+00   5.5431887e+03   1.7961000e+04
   0.0000000e+00   0.0000000e+00   5.5392268e+03   1.9023000e+04
   0.0000000e+00   0.0000000e+00   5.5387612e+03   1.9379000e+04
   0.0000000e+00   0.0000000e+00   5.5387612e+03   1.9629000e+04
   0.0000000e+00   0.0000000e+00   5.5360080e+03   2.0139000e+04
   0.0000000e+00   0.0000000e+00   5.5229636e+03   2.0374000e+04
   0.0000000e+00   0.0000000e+00   5.5194031e+03   2.0580000e+04
   0.0000000e+00   0.0000000e+00   5.4987506e+03   2.1329000e+04
   0.0000000e+00   0.0000000e+00   5.4984256e+03   2.1332000e+04
   0.0000000e+00   0.0000000e+00   5.4884314e+03   2.1563000e+04
   0.0000000e+00   0.0000000e+00   5.4749100e+03   2.1923000e+04
   0.0000000e+00   0.0000000e+00   5.4744340e+03   2.2953000e+04
   0.0000000e+00   0.0000000e+00   5.4673216e+03   2.3165000e+04
   0.0000000e+00   0.0000000e+00   5.4643968e+03   2.3413000e+04
   0.0000000e+00   0.0000000e+00   5.4621617e+03   2.3643000e+04
   0.0000000e+00   0.0000000e+00   5.4547546e+03   2.3961000e+04
   0.0000000e+00   0.0000000e+00   5.4510648e+03   2.3980000e+04
   0.0000000e+00   0.0000000e+00   5.4469663e+03   2.4589000e+04
   0.0000000e+00   0.0000000e+00   5.4376364e+03   2.4992000e+04
   0.0000000e+00   0.0000000e+00   5.4349156e+03   2.6183000e+04
   0.0000000e+00   0.0000000e+00   5.4243280e+03   2.6462000e+04
   0.0000000e+00   0.0000000e+00   5.4114707e+03   2.6538000e+04
   0.0000000e+00   0.0000000e+00   5.4106902e+03   2.8040000e+04
   0.0000000e+00   0.0000000e+00   5.4017377e+03   2.8852000e+04
   0.0000000e+00   0.0000000e+00   5.3929584e+03   2.9032000e+04
   0.0000000e+00   0.0000000e+00   5.3841926e+03   2.9131000e+04
   0.0000000e+00   0.0000000e+00   5.3732429e+03   2.9443000e+04
   0.0000000e+00   0.0000000e+00   5.3705502e+03   2.9463000e+04
   0.0000000e+00   0.0000000e+00   5.3654166e+03   2.9553000e+04
   0.0000000e+00   0.0000000e+00   5.3427658e+03   2.9658000e+04
   0.0000000e+00   0.0000000e+00   5.3416644e+03   2.9840000e+04
   0.0000000e+00   0.0000000e+00   5.3377024e+03   3.0269000e+04
   0.0000000e+00   0.0000000e+00   5.3320531e+03   3.0980000e+04
   0.0000000e+00   0.0000000e+00   5.3320531e+03   3.1100000e+04
   0.0000000e+00   0.0000000e+00   5.3298180e+03   3.1274000e+04
   0.0000000e+00   0.0000000e+00   5.3298180e+03   3.2163000e+04
   0.0000000e+00   0.0000000e+00   5.3183496e+03   3.3258000e+04
   0.0000000e+00   0.0000000e+00   5.3146920e+03   3.4083000e+04
   0.0000000e+00   0.0000000e+00   5.3117827e+03   3.4944000e+04
   0.0000000e+00   0.0000000e+00   5.3059040e+03   3.6462000e+04
   0.0000000e+00   0.0000000e+00   5.3038518e+03   3.7075000e+04
   0.0000000e+00   0.0000000e+00   5.3000259e+03   3.7169000e+04
   0.0000000e+00   0.0000000e+00   5.3000259e+03   3.8022000e+04
   0.0000000e+00   0.0000000e+00   5.3000259e+03   3.8682000e+04
   0.0000000e+00   0.0000000e+00   5.2963493e+03   3.9343000e+04
   0.0000000e+00   0.0000000e+00   5.2963493e+03   3.9351000e+04
   0.0000000e+00   0.0000000e+00   5.2912784e+03   3.9871000e+04
   0.0000000e+00   0.0000000e+00   5.2903307e+03   4.0450000e+04
   0.0000000e+00   0.0000000e+00   5.2751261e+03   4.0599000e+04
   0.0000000e+00   0.0000000e+00   5.2751261e+03   4.1177000e+04
   0.0000000e+00   0.0000000e+00   5.2736714e+03   4.3105000e+04
   0.0000000e+00   0.0000000e+00   5.2722168e+03   4.3662000e+04
   0.0000000e+00   0.0000000e+00   5.2718679e+03   4.3967000e+04
   0.0000000e+00   0.0000000e+00   5.2681913e+03   4.4718000e+04
   0.0000000e+00   0.0000000e+00   5.2681913e+03   4.4925000e+04
   0.0000000e+00   0.0000000e+00   5.2681913e+03   4.5083000e+04
   0.0000000e+00   0.0000000e+00   5.2681913e+03   4.6453000e+04
   0.0000000e+00   0.0000000e+00   5.2667367e+03   4.9765000e+04
   0.0000000e+00   0.0000000e+00   5.2667367e+03   4.9850000e+04
   0.0000000e+00   0.0000000e+00   5.2667367e+03   5.2550000e+04
   0.0000000e+00   0.0000000e+00   5.2667367e+03   5.3825000e+04
   0.0000000e+00   0.0000000e+00   5.2652820e+03   5.4817000e+04
   0.0000000e+00   0.0000000e+00   5.2652820e+03   5.6414000e+04
   0.0000000e+00   0.0000000e+00   5.2652820e+03   5.8602000e+04
   0.0000000e+00   0.0000000e+00   5.2652820e+03   5.9406000e+04
   0.0000000e+00   0.0000000e+00   5.2638274e+03   5.9865000e+04
   0.0000000e+00   0.0000000e+00   5.2638274e+03   6.0632000e+04
   0.0000000e+00   0.0000000e+00   5.2638274e+03   6.1630000e+04
   0.0000000e+00   0.0000000e+00   5.2638274e+03   6.3096000e+04
   0.0000000e+00   0.0000000e+00   5.2638274e+03   6.4573000e+04
   0.0000000e+00   0.0000000e+00   5.2638274e+03   6.4672000e+04
   0.0000000e+00   0.0000000e+00   5.2638274e+03   6.5551000e+04
   0.0000000e+00   0.0000000e+00   5.2638274e+03   6.7336000e+04
   0.0000000e+00   0.0000000e+00   5.2638274e+03   6.8331000e+04
   0.0000000e+00   0.0000000e+00   5.2636107e+03   6.8724000e+04
   0.0000000e+00   0.0000000e+00   5.2636107e+03   7.0335000e+04
   0.0000000e+00   0.0000000e+00   5.2636107e+03   7.0577000e+04
   0.0000000e+00   0.0000000e+00   5.2584795e+03   7.0788000e+04
   0.0000000e+00   0.0000000e+00   5.2584795e+03   7.2873000e+04
   0.0000000e+00   0.0000000e+00   5.2584795e+03   7.4414000e+04
   0.0000000e+00   0.0000000e+00   5.2584795e+03   7.5352000e+04
   0.0000000e+00   0.0000000e+00   5.2584795e+03   7.6463000e+04
   0.0000000e+00   0.0000000e+00   5.2584795e+03   7.6666000e+04
   0.0000000e+00   0.0000000e+00   5.2584795e+03   7.7649000e+04
   0.0000000e+00   0.0000000e+00   5.2584795e+03   7.7661000e+04
   0.0000000e+00   0.0000000e+00   5.2584795e+03   8.5833000e+04
   0.0000000e+00   0.0000000e+00   5.2584795e+03   8.6473000e+04
   0.0000000e+00   0.0000000e+00   5.2584795e+03   8.6740000e+04
   0.0000000e+00   0.0000000e+00   5.2584795e+03   8.8182000e+04
   0.0000000e+00   0.0000000e+00   5.2584795e+03   8.8733000e+04
   0.0000000e+00   0.0000000e+00   5.2584795e+03   8.8842000e+04
   0.0000000e+00   0.0000000e+00   5.2584795e+03   8.9910000e+04
   0.0000000e+00   0.0000000e+00   5.2584795e+03   9.0251000e+04
   0.0000000e+00   0.0000000e+00   5.2584795e+03   9.0291000e+04
   0.0000000e+00   0.0000000e+00   5.2570249e+03   9.2472000e+04
   0.0000000e+00   0.0000000e+00   5.2570249e+03   9.4765000e+04
   0.0000000e+00   0.0000000e+00   5.2570249e+03   9.4931000e+04
   0.0000000e+00   0.0000000e+00   5.2570249e+03   9.7611000e+04
   0.0000000e+00   0.0000000e+00   5.2570249e+03   9.8672000e+04
   0.0000000e+00   0.0000000e+00   5.2570249e+03   9.8753000e+04
   0.0000000e+00   0.0000000e+00   5.2570249e+03   9.8888000e+04
   0.0000000e+00   0.0000000e+00   5.2570249e+03   9.9131000e+04
   0.0000000e+00   0.0000000e+00   5.2547898e+03   1.0052400e+05
   0.0000000e+00   0.0000000e+00   5.2547898e+03   1.0071600e+05
   0.0000000e+00   0.0000000e+00   5.2547898e+03   1.0085300e+05
   0.0000000e+00   0.0000000e+00   5.2507048e+03   1.0617400e+05
   0.0000000e+00   0.0000000e+00   5.2456338e+03   1.0688200e+05
   0.0000000e+00   0.0000000e+00   5.2456338e+03   1.0775200e+05
   0.0000000e+00   0.0000000e+00   5.2433987e+03   1.0914900e+05
   0.0000000e+00   0.0000000e+00   5.2383277e+03   1.0937500e+05
   0.0000000e+00   0.0000000e+00   5.2383277e+03   1.0946800e+05
   0.0000000e+00   0.0000000e+00   5.2346512e+03   1.0946900e+05
   0.0000000e+00   0.0000000e+00   5.2292300e+03   1.0983100e+05
   0.0000000e+00   0.0000000e+00   5.2292300e+03   1.0995400e+05
   0.0000000e+00   0.0000000e+00   5.2292277e+03   1.1034300e+05
   0.0000000e+00   0.0000000e+00   5.2159920e+03   1.1040100e+05
   0.0000000e+00   0.0000000e+00   5.2159920e+03   1.1058300e+05
   0.0000000e+00   0.0000000e+00   5.2145374e+03   1.1078800e+05
   0.0000000e+00   0.0000000e+00   5.2084407e+03   1.1151200e+05
   0.0000000e+00   0.0000000e+00   5.2079395e+03   1.1208500e+05
   0.0000000e+00   0.0000000e+00   5.2079395e+03   1.1261200e+05
   0.0000000e+00   0.0000000e+00   5.2079395e+03   1.1446000e+05
   0.0000000e+00   0.0000000e+00   5.2079395e+03   1.1510300e+05
   0.0000000e+00   0.0000000e+00   5.2079395e+03   1.1713200e+05
   0.0000000e+00   0.0000000e+00   5.2079395e+03   1.1797900e+05
   0.0000000e+00   0.0000000e+00   5.2042629e+03   1.1880000e+05
   0.0000000e+00   0.0000000e+00   5.1982767e+03   1.1966700e+05
   0.0000000e+00   0.0000000e+00   5.1982767e+03   1.2038300e+05
   0.0000000e+00   0.0000000e+00   5.1982767e+03   1.2046500e+05
   0.0000000e+00   0.0000000e+00   5.1982767e+03   1.2244500e+05
   0.0000000e+00   0.0000000e+00   5.1959842e+03   1.2382400e+05
   0.0000000e+00   0.0000000e+00   5.1959842e+03   1.2407500e+05
   0.0000000e+00   0.0000000e+00   5.1937491e+03   1.2501000e+05
   0.0000000e+00   0.0000000e+00   5.1937491e+03   1.2609000e+05
   0.0000000e+00   0.0000000e+00   5.1937491e+03   1.2707600e+05
   0.0000000e+00   0.0000000e+00   5.1924719e+03   1.2715200e+05
   0.0000000e+00   0.0000000e+00   5.1924719e+03   1.2726300e+05
   0.0000000e+00   0.0000000e+00   5.1924719e+03   1.2919900e+05
   0.0000000e+00   0.0000000e+00   5.1924719e+03   1.3053300e+05
   0.0000000e+00   0.0000000e+00   5.1924719e+03   1.3082200e+05
   0.0000000e+00   0.0000000e+00   5.1924719e+03   1.3211200e+05
   0.0000000e+00   0.0000000e+00   5.1924719e+03   1.3244500e+05
   0.0000000e+00   0.0000000e+00   5.1924719e+03   1.3321500e+05
   0.0000000e+00   0.0000000e+00   5.1924719e+03   1.3322000e+05
   0.0000000e+00   0.0000000e+00   5.1920347e+03   1.3433400e+05
   0.0000000e+00   0.0000000e+00   5.1905801e+03   1.3535800e+05
   0.0000000e+00   0.0000000e+00   5.1891635e+03   1.3538700e+05
   0.0000000e+00   0.0000000e+00   5.1891635e+03   1.3643200e+05
   0.0000000e+00   0.0000000e+00   5.1851324e+03   1.3690000e+05
   0.0000000e+00   0.0000000e+00   5.1851324e+03   1.3844900e+05
   0.0000000e+00   0.0000000e+00   5.1851324e+03   1.3846800e+05
   0.0000000e+00   0.0000000e+00   5.1851324e+03   1.3877600e+05
   0.0000000e+00   0.0000000e+00   5.1851324e+03   1.3904000e+05
   0.0000000e+00   0.0000000e+00   5.1851324e+03   1.3978100e+05
   0.0000000e+00   0.0000000e+00   5.1851324e+03   1.4002100e+05
   0.0000000e+00   0.0000000e+00   5.1851324e+03   1.4036500e+05
   0.0000000e+00   0.0000000e+00   5.1851324e+03   1.4044200e+05
   0.0000000e+00   0.0000000e+00   5.1851324e+03   1.4146800e+05
   0.0000000e+00   0.0000000e+00   5.1851324e+03   1.4239100e+05
   0.0000000e+00   0.0000000e+00   5.1851324e+03   1.4270400e+05
   0.0000000e+00   0.0000000e+00   5.1851324e+03   1.4305700e+05
   0.0000000e+00   0.0000000e+00   5.1851324e+03   1.4307500e+05
   0.0000000e+00   0.0000000e+00   5.1851324e+03   1.4328500e+05
   0.0000000e+00   0.0000000e+00   5.1851324e+03   1.4350700e+05
   0.0000000e+00   0.0000000e+00   5.1819453e+03   1.4359500e+05
   0.0000000e+00   0.0000000e+00   5.1772693e+03   1.4412700e+05
   0.0000000e+00   0.0000000e+00   5.1772693e+03   1.4447900e+05
   0.0000000e+00   0.0000000e+00   5.1751409e+03   1.4472200e+05
   0.0000000e+00   0.0000000e+00   5.1751409e+03   1.4491200e+05
   0.0000000e+00   0.0000000e+00   5.1751409e+03   1.4522400e+05
   0.0000000e+00   0.0000000e+00   5.1751409e+03   1.4561200e+05
   0.0000000e+00   0.0000000e+00   5.1751409e+03   1.4562100e+05
   0.0000000e+00   0.0000000e+00   5.1751409e+03   1.4565200e+05
   0.0000000e+00   0.0000000e+00   5.1715428e+03   1.4590600e+05
   0.0000000e+00   0.0000000e+00   5.1714558e+03   1.4633100e+05
   0.0000000e+00   0.0000000e+00   5.1714558e+03   1.4686900e+05
   0.0000000e+00   0.0000000e+00   5.1678577e+03   1.4700200e+05
   0.0000000e+00   0.0000000e+00   5.1678577e+03   1.4718100e+05
   0.0000000e+00   0.0000000e+00   5.1678577e+03   1.4805900e+05
   0.0000000e+00   0.0000000e+00   5.1626706e+03   1.4829100e+05
   0.0000000e+00   0.0000000e+00   5.1626706e+03   1.4863700e+05
   0.0000000e+00   0.0000000e+00   5.1615673e+03   1.5040900e+05
   0.0000000e+00   0.0000000e+00   5.1615673e+03   1.5044000e+05
   0.0000000e+00   0.0000000e+00   5.1594415e+03   1.5115900e+05
   0.0000000e+00   0.0000000e+00   5.1579873e+03   1.5181900e+05
   0.0000000e+00   0.0000000e+00   5.1579873e+03   1.5187100e+05
   0.0000000e+00   0.0000000e+00   5.1579873e+03   1.5241400e+05
   0.0000000e+00   0.0000000e+00   5.1579873e+03   1.5254100e+05
   0.0000000e+00   0.0000000e+00   5.1579873e+03   1.5255600e+05
   0.0000000e+00   0.0000000e+00   5.1543107e+03   1.5256600e+05
   0.0000000e+00   0.0000000e+00   5.1531145e+03   1.5380300e+05
   0.0000000e+00   0.0000000e+00   5.1531145e+03   1.5396300e+05
   0.0000000e+00   0.0000000e+00   5.1508794e+03   1.5436100e+05
   0.0000000e+00   0.0000000e+00   5.1508794e+03   1.5442800e+05
   0.0000000e+00   0.0000000e+00   5.1508794e+03   1.5464600e+05
   0.0000000e+00   0.0000000e+00   5.1489488e+03   1.5471800e+05
   0.0000000e+00   0.0000000e+00   5.1489488e+03   1.5509300e+05
   0.0000000e+00   0.0000000e+00   5.1489488e+03   1.5577500e+05
   0.0000000e+00   0.0000000e+00   5.1489488e+03   1.5619100e+05
   0.0000000e+00   0.0000000e+00   5.1489488e+03   1.5623600e+05
   0.0000000e+00   0.0000000e+00   5.1471322e+03   1.5674600e+05
   0.0000000e+00   0.0000000e+00   5.1471322e+03   1.6024600e+05
   0.0000000e+00   0.0000000e+00   5.1471322e+03   1.6050500e+05
   0.0000000e+00   0.0000000e+00   5.1471322e+03   1.6101900e+05
   0.0000000e+00   0.0000000e+00   5.1471322e+03   1.6336700e+05
   0.0000000e+00   0.0000000e+00   5.1471322e+03   1.6453000e+05
   0.0000000e+00   0.0000000e+00   5.1471322e+03   1.6610800e+05
   0.0000000e+00   0.0000000e+00   5.1471322e+03   1.6726300e+05
   0.0000000e+00   0.0000000e+00   5.1471322e+03   1.6838900e+05
   0.0000000e+00   0.0000000e+00   5.1471322e+03   1.6840700e+05
   0.0000000e+00   0.0000000e+00   5.1471322e+03   1.6844000e+05
   0.0000000e+00   0.0000000e+00   5.1456776e+03   1.6906100e+05
   0.0000000e+00   0.0000000e+00   5.1456776e+03   1.7078600e+05
   0.0000000e+00   0.0000000e+00   5.1456776e+03   1.7084200e+05
   0.0000000e+00   0.0000000e+00   5.1456776e+03   1.7225700e+05
   0.0000000e+00   0.0000000e+00   5.1456776e+03   1.7245100e+05
   0.0000000e+00   0.0000000e+00   5.1456776e+03   1.7257600e+05
   0.0000000e+00   0.0000000e+00   5.1456776e+03   1.7316800e+05
   0.0000000e+00   0.0000000e+00   5.1456776e+03   1.7336400e+05
   0.0000000e+00   0.0000000e+00   5.1456776e+03   1.7344500e+05
   0.0000000e+00   0.0000000e+00   5.1456776e+03   1.7356100e+05
   0.0000000e+00   0.0000000e+00   5.1456776e+03   1.7443900e+05
   0.0000000e+00   0.0000000e+00   5.1456776e+03   1.7485400e+05
   0.0000000e+00   0.0000000e+00   5.1456776e+03   1.7550900e+05
   0.0000000e+00   0.0000000e+00   5.1456776e+03   1.7618900e+05
   0.0000000e+00   0.0000000e+00   5.1456776e+03   1.7739700e+05
   0.0000000e+00   0.0000000e+00   5.1456776e+03   1.7785100e+05
   0.0000000e+00   0.0000000e+00   5.1412659e+03   1.7966300e+05
   0.0000000e+00   0.0000000e+00   5.1412659e+03   1.8052300e+05
   0.0000000e+00   0.0000000e+00   5.1412659e+03   1.8133900e+05
   0.0000000e+00   0.0000000e+00   5.1412659e+03   1.8238500e+05
   0.0000000e+00   0.0000000e+00   5.1412659e+03   1.8384300e+05
   0.0000000e+00   0.0000000e+00   5.1412659e+03   1.8497900e+05
   0.0000000e+00   0.0000000e+00   5.1412659e+03   1.8561800e+05
   0.0000000e+00   0.0000000e+00   5.1412659e+03   1.8632100e+05
   0.0000000e+00   0.0000000e+00   5.1412659e+03   1.8661600e+05
   0.0000000e+00   0.0000000e+00   5.1412659e+03   1.8731400e+05
   0.0000000e+00   0.0000000e+00   5.1412659e+03   1.8736300e+05
   0.0000000e+00   0.0000000e+00   5.1412659e+03   1.8863300e+05
   0.0000000e+00   0.0000000e+00   5.1412659e+03   1.8867300e+05
   0.0000000e+00   0.0000000e+00   5.1412659e+03   1.8877800e+05
   0.0000000e+00   0.0000000e+00   5.1412659e+03   1.8891400e+05
   0.0000000e+00   0.0000000e+00   5.1412659e+03   1.8904900e+05
   0.0000000e+00   0.0000000e+00   5.1412659e+03   1.9123200e+05
   0.0000000e+00   0.0000000e+00   5.1412659e+03   1.9208500e+05
   0.0000000e+00   0.0000000e+00   5.1412659e+03   1.9313600e+05
   0.0000000e+00   0.0000000e+00   5.1412659e+03   1.9555200e+05
   0.0000000e+00   0.0000000e+00   5.1398113e+03   1.9698100e+05
   0.0000000e+00   0.0000000e+00   5.1398113e+03   1.9734300e+05
   0.0000000e+00   0.0000000e+00   5.1398113e+03   1.9831900e+05
   0.0000000e+00   0.0000000e+00   5.1398113e+03   1.9856200e+05
   0.0000000e+00   0.0000000e+00   5.1398113e+03   1.9862100e+05
   0.0000000e+00   0.0000000e+00   5.1398113e+03   1.9937100e+05
