   1.9933394e+02   2.4088169e+00   1.6243336e+04   2.0000000e+00
   1.9713713e+02   2.3055230e+00   1.6534188e+04   3.0000000e+00
   1.9693313e+02   2.2090219e+00   1.6628473e+04   4.0000000e+00
   1.9290873e+02   2.0765349e+00   1.6498608e+04   5.0000000e+00
   1.8988601e+02   1.9102654e+00   1.6604724e+04   6.0000000e+00
   1.8877371e+02   1.3135959e+00   1.6726488e+04   7.0000000e+00
   1.8807080e+02   1.3138290e+00   1.6848368e+04   1.3000000e+01
   1.8695827e+02   1.2367929e+00   1.6959128e+04   1.4000000e+01
   1.6340015e+02   1.2290286e+00   1.6732845e+04   1.6000000e+01
   1.6170182e+02   1.1955590e+00   1.6675254e+04   1.8000000e+01
   1.5520015e+02   1.1224383e+00   1.6643760e+04   2.2000000e+01
   1.5480951e+02   1.2033665e+00   1.6535782e+04   2.3000000e+01
   1.4851706e+02   1.1660361e+00   1.7102123e+04   2.7000000e+01
   1.4186471e+02   4.8593650e-01   1.6951214e+04   2.9000000e+01
   1.3872673e+02   4.8950004e-01   1.6897620e+04   3.1000000e+01
   1.2452923e+02   4.2975232e-01   1.6888509e+04   3.2000000e+01
   1.2198724e+02   3.8765070e-01   1.7026861e+04   3.4000000e+01
   1.1168222e+02   3.8297244e-01   1.7395169e+04   3.6000000e+01
   1.1137419e+02   3.8227897e-01   1.7521343e+04   3.8000000e+01
   1.0445931e+02   2.1860067e-01   1.7430549e+04   4.0000000e+01
   1.0432537e+02   2.1898495e-01   1.7428884e+04   4.3000000e+01
   1.0418757e+02   2.0964224e-01   1.7533047e+04   4.4000000e+01
   9.6332026e+01   2.0756197e-01   1.7449911e+04   4.6000000e+01
   9.6185792e+01   2.1556432e-01   1.7579221e+04   4.9000000e+01
   7.6952831e+01   2.0257537e-01   1.7705384e+04   5.3000000e+01
   7.6891193e+01   2.0295623e-01   1.7729465e+04   5.4000000e+01
   7.5372546e+01   2.0904224e-01   1.8076426e+04   5.6000000e+01
   7.4303814e+01   1.9108471e-01   1.8394879e+04   5.7000000e+01
   7.4170101e+01   1.9161161e-01   1.8586097e+04   5.8000000e+01
   6.5350939e+01   1.5303690e-01   1.8535620e+04   6.0000000e+01
   6.5037885e+01   1.5211429e-01   1.8282264e+04   6.2000000e+01
   6.4845145e+01   1.5244781e-01   1.8093186e+04   6.5000000e+01
   6.4255452e+01   1.5057529e-01   1.8038310e+04   6.6000000e+01
   6.4107370e+01   1.6384507e-01   1.7858177e+04   6.8000000e+01
   5.9884328e+01   1.4824429e-01   1.8343093e+04   6.9000000e+01
   5.5508208e+01   1.3290255e-01   1.8425157e+04   7.0000000e+01
   5.5109043e+01   1.2946441e-01   1.8908089e+04   7.3000000e+01
   5.5025829e+01   1.3174338e-01   1.8925799e+04   7.5000000e+01
   5.0563615e+01   1.3666507e-01   1.8888362e+04   7.6000000e+01
   5.0171526e+01   1.3541743e-01   1.8732897e+04   7.7000000e+01
   4.9960969e+01   1.3644057e-01   1.8679513e+04   7.8000000e+01
   4.9396771e+01   1.4458081e-01   1.8582856e+04   7.9000000e+01
   4.9367448e+01   1.5520201e-01   1.8436983e+04   8.3000000e+01
   4.8732006e+01   1.5160307e-01   1.8369057e+04   8.4000000e+01
   4.7566131e+01   1.4823566e-01   1.8511941e+04   8.5000000e+01
   4.7474731e+01   1.5548754e-01   1.8462237e+04   8.6000000e+01
   4.5112110e+01   1.5592494e-01   1.8558174e+04   8.8000000e+01
   4.5009259e+01   1.5579893e-01   1.8871664e+04   8.9000000e+01
   4.1885350e+01   1.4694050e-01   1.8692108e+04   9.0000000e+01
   3.8963699e+01   1.8450240e-01   1.8243674e+04   9.5000000e+01
   3.8839313e+01   1.7775961e-01   1.8613139e+04   9.7000000e+01
   3.8696385e+01   1.6685503e-01   1.8891149e+04   1.0200000e+02
   3.7872026e+01   1.6741733e-01   1.8683018e+04   1.0300000e+02
   3.7711810e+01   1.6032459e-01   1.9172802e+04   1.0500000e+02
   3.5289371e+01   1.6470688e-01   1.9229568e+04   1.0700000e+02
   3.4981994e+01   1.6578456e-01   1.9259266e+04   1.0900000e+02
   3.3535611e+01   1.5265771e-01   2.0140901e+04   1.1100000e+02
   3.3447492e+01   1.4327402e-01   2.0045807e+04   1.1200000e+02
   3.3329733e+01   1.4011812e-01   1.9852836e+04   1.1300000e+02
   3.3250495e+01   1.2784880e-01   2.0584813e+04   1.1600000e+02
   3.1885704e+01   1.6908504e-01   2.0317398e+04   1.1800000e+02
   3.0657721e+01   1.6711531e-01   2.0721105e+04   1.2000000e+02
   2.9780521e+01   1.6961940e-01   2.0772707e+04   1.2800000e+02
   2.8423473e+01   1.6243100e-01   2.1019116e+04   1.2900000e+02
   2.7961487e+01   1.7728835e-01   2.1646929e+04   1.3000000e+02
   2.3913582e+01   1.5200951e-01   2.1698550e+04   1.3400000e+02
   2.3814007e+01   1.6208497e-01   2.1588394e+04   1.3600000e+02
   2.2568204e+01   0.0000000e+00   2.1480690e+04   1.4200000e+02
   2.2144344e+01   0.0000000e+00   2.1403287e+04   1.4500000e+02
   2.2054684e+01   0.0000000e+00   2.1705808e+04   1.4700000e+02
   1.9166673e+01   0.0000000e+00   2.2279386e+04   1.4900000e+02
   1.9065233e+01   0.0000000e+00   2.2304034e+04   1.5000000e+02
   1.8557030e+01   0.0000000e+00   2.2200723e+04   1.5300000e+02
   1.8089706e+01   0.0000000e+00   2.2579064e+04   1.5800000e+02
   1.7526325e+01   0.0000000e+00   2.2577809e+04   1.6000000e+02
   1.7358257e+01   0.0000000e+00   2.2767460e+04   1.6400000e+02
   1.6776717e+01   0.0000000e+00   2.3161890e+04   1.7100000e+02
   1.6511557e+01   0.0000000e+00   2.3279363e+04   1.7300000e+02
   1.6442664e+01   0.0000000e+00   2.3118881e+04   1.8100000e+02
   1.6289077e+01   0.0000000e+00   2.3643076e+04   1.8300000e+02
   1.5604663e+01   0.0000000e+00   2.3804303e+04   1.8800000e+02
   1.4891576e+01   0.0000000e+00   2.3968509e+04   1.9700000e+02
   1.4824679e+01   0.0000000e+00   2.3942339e+04   2.0000000e+02
   1.4734108e+01   0.0000000e+00   2.3948167e+04   2.0100000e+02
   1.3488304e+01   0.0000000e+00   2.3903369e+04   2.0300000e+02
   1.3464252e+01   0.0000000e+00   2.3913678e+04   2.0400000e+02
   1.2934865e+01   0.0000000e+00   2.3852621e+04   2.0500000e+02
   1.2819668e+01   0.0000000e+00   2.4388697e+04   2.1000000e+02
   1.2525219e+01   0.0000000e+00   2.4004993e+04   2.1200000e+02
   1.2404553e+01   0.0000000e+00   2.4087412e+04   2.1600000e+02
   1.2028864e+01   0.0000000e+00   2.4776798e+04   2.2700000e+02
   1.1949532e+01   0.0000000e+00   2.4817179e+04   2.2800000e+02
   1.1863658e+01   0.0000000e+00   2.4940805e+04   2.2900000e+02
   8.9524275e+00   0.0000000e+00   2.4907911e+04   2.3500000e+02
   8.3525933e+00   0.0000000e+00   2.5028643e+04   2.3600000e+02
   8.1854021e+00   0.0000000e+00   2.5059966e+04   2.3800000e+02
   7.8600269e+00   0.0000000e+00   2.5191484e+04   2.3900000e+02
   7.0278581e+00   0.0000000e+00   2.5178608e+04   2.4200000e+02
   6.9365589e+00   0.0000000e+00   2.5129982e+04   2.4900000e+02
   6.8781019e+00   0.0000000e+00   2.4934117e+04   2.5000000e+02
   6.8407683e+00   0.0000000e+00   2.5038141e+04   2.5200000e+02
   5.3689468e+00   0.0000000e+00   2.4938861e+04   2.5500000e+02
   5.3135557e+00   0.0000000e+00   2.4917168e+04   2.5700000e+02
   5.3075784e+00   0.0000000e+00   2.4736746e+04   2.6100000e+02
   5.2096593e+00   0.0000000e+00   2.4890013e+04   2.6200000e+02
   5.1495485e+00   0.0000000e+00   2.5246472e+04   2.6300000e+02
   5.1071530e+00   0.0000000e+00   2.4891744e+04   2.6400000e+02
   4.9353772e+00   0.0000000e+00   2.4622137e+04   2.6800000e+02
   4.4673785e+00   0.0000000e+00   2.4727202e+04   2.7300000e+02
   4.1297946e+00   0.0000000e+00   2.4985867e+04   2.7500000e+02
   4.1052396e+00   0.0000000e+00   2.5016188e+04   2.7700000e+02
   4.0948796e+00   0.0000000e+00   2.4897870e+04   2.8200000e+02
   4.0170046e+00   0.0000000e+00   2.5334638e+04   2.8300000e+02
   3.9072325e+00   0.0000000e+00   2.5734522e+04   2.8500000e+02
   3.8905508e+00   0.0000000e+00   2.5564833e+04   2.9100000e+02
   3.8017021e+00   0.0000000e+00   2.5792041e+04   2.9400000e+02
   3.8015320e+00   0.0000000e+00   2.5716950e+04   2.9500000e+02
   3.7952600e+00   0.0000000e+00   2.6014439e+04   2.9700000e+02
   3.7904299e+00   0.0000000e+00   2.6515996e+04   3.0100000e+02
   3.7695848e+00   0.0000000e+00   2.6469254e+04   3.0200000e+02
   3.7594650e+00   0.0000000e+00   2.6686768e+04   3.0300000e+02
   3.7210114e+00   0.0000000e+00   2.6594223e+04   3.0600000e+02
   3.4787315e+00   0.0000000e+00   2.6421752e+04   3.1200000e+02
   3.4731649e+00   0.0000000e+00   2.6065591e+04   3.1400000e+02
   3.4485348e+00   0.0000000e+00   2.6437042e+04   3.1500000e+02
   3.4170547e+00   0.0000000e+00   2.6529304e+04   3.3000000e+02
   3.4044898e+00   0.0000000e+00   2.6632491e+04   3.3300000e+02
   2.5585949e+00   0.0000000e+00   2.6529700e+04   3.3600000e+02
   2.4146777e+00   0.0000000e+00   2.6849376e+04   3.3700000e+02
   2.4047440e+00   0.0000000e+00   2.6786791e+04   3.3900000e+02
   2.3943041e+00   0.0000000e+00   2.7177620e+04   3.4500000e+02
   2.3914714e+00   0.0000000e+00   2.6981128e+04   3.4600000e+02
   3.4346680e-03   0.0000000e+00   2.7013176e+04   3.4800000e+02
   2.8892736e-03   0.0000000e+00   2.7057240e+04   3.5200000e+02
   2.4284231e-03   0.0000000e+00   2.7064401e+04   3.5400000e+02
   0.0000000e+00   0.0000000e+00   2.7533696e+04   3.5600000e+02
   0.0000000e+00   0.0000000e+00   2.7387842e+04   3.5900000e+02
   0.0000000e+00   0.0000000e+00   2.7226582e+04   3.6000000e+02
   0.0000000e+00   0.0000000e+00   2.7000592e+04   3.6100000e+02
   0.0000000e+00   0.0000000e+00   2.6881265e+04   3.6600000e+02
   0.0000000e+00   0.0000000e+00   2.6639248e+04   3.6700000e+02
   0.0000000e+00   0.0000000e+00   2.6548435e+04   3.7000000e+02
   0.0000000e+00   0.0000000e+00   2.6370772e+04   3.7100000e+02
   0.0000000e+00   0.0000000e+00   2.6326032e+04   3.8200000e+02
   0.0000000e+00   0.0000000e+00   2.6137082e+04   3.8300000e+02
   0.0000000e+00   0.0000000e+00   2.5964140e+04   3.8500000e+02
   0.0000000e+00   0.0000000e+00   2.5794111e+04   3.8800000e+02
   0.0000000e+00   0.0000000e+00   2.5753000e+04   3.9100000e+02
   0.0000000e+00   0.0000000e+00   2.5684939e+04   3.9500000e+02
   0.0000000e+00   0.0000000e+00   2.5680045e+04   3.9900000e+02
   0.0000000e+00   0.0000000e+00   2.5392709e+04   4.0300000e+02
   0.0000000e+00   0.0000000e+00   2.5340991e+04   4.0400000e+02
   0.0000000e+00   0.0000000e+00   2.5176031e+04   4.0500000e+02
   0.0000000e+00   0.0000000e+00   2.4925167e+04   4.0700000e+02
   0.0000000e+00   0.0000000e+00   2.4882692e+04   4.0900000e+02
   0.0000000e+00   0.0000000e+00   2.4705788e+04   4.1200000e+02
   0.0000000e+00   0.0000000e+00   2.4434545e+04   4.1300000e+02
   0.0000000e+00   0.0000000e+00   2.3937517e+04   4.1700000e+02
   0.0000000e+00   0.0000000e+00   2.3885475e+04   4.1800000e+02
   0.0000000e+00   0.0000000e+00   2.3827120e+04   4.2300000e+02
   0.0000000e+00   0.0000000e+00   2.3715449e+04   4.2600000e+02
   0.0000000e+00   0.0000000e+00   2.3413776e+04   4.3400000e+02
   0.0000000e+00   0.0000000e+00   2.3085173e+04   4.4800000e+02
   0.0000000e+00   0.0000000e+00   2.2925179e+04   4.5100000e+02
   0.0000000e+00   0.0000000e+00   2.2872620e+04   4.5700000e+02
   0.0000000e+00   0.0000000e+00   2.2612973e+04   4.5900000e+02
   0.0000000e+00   0.0000000e+00   2.2353063e+04   4.6000000e+02
   0.0000000e+00   0.0000000e+00   2.2151710e+04   4.6200000e+02
   0.0000000e+00   0.0000000e+00   2.2076149e+04   4.7000000e+02
   0.0000000e+00   0.0000000e+00   2.2018659e+04   4.7100000e+02
   0.0000000e+00   0.0000000e+00   2.1846631e+04   4.7300000e+02
   0.0000000e+00   0.0000000e+00   2.1676997e+04   4.7700000e+02
   0.0000000e+00   0.0000000e+00   2.1618302e+04   4.7800000e+02
   0.0000000e+00   0.0000000e+00   2.1537857e+04   4.7900000e+02
   0.0000000e+00   0.0000000e+00   2.1381122e+04   4.8500000e+02
   0.0000000e+00   0.0000000e+00   2.1299845e+04   4.8700000e+02
   0.0000000e+00   0.0000000e+00   2.1216038e+04   4.8800000e+02
   0.0000000e+00   0.0000000e+00   2.0720997e+04   5.0000000e+02
   0.0000000e+00   0.0000000e+00   2.0720248e+04   5.0200000e+02
   0.0000000e+00   0.0000000e+00   2.0713248e+04   5.0500000e+02
   0.0000000e+00   0.0000000e+00   2.0344435e+04   5.0900000e+02
   0.0000000e+00   0.0000000e+00   2.0295726e+04   5.1200000e+02
   0.0000000e+00   0.0000000e+00   2.0191839e+04   5.1900000e+02
   0.0000000e+00   0.0000000e+00   2.0037292e+04   5.2800000e+02
   0.0000000e+00   0.0000000e+00   1.9991304e+04   5.3200000e+02
   0.0000000e+00   0.0000000e+00   1.9821995e+04   5.3300000e+02
   0.0000000e+00   0.0000000e+00   1.9685944e+04   5.3900000e+02
   0.0000000e+00   0.0000000e+00   1.9511071e+04   5.4000000e+02
   0.0000000e+00   0.0000000e+00   1.9341967e+04   5.4200000e+02
   0.0000000e+00   0.0000000e+00   1.9187472e+04   5.4700000e+02
   0.0000000e+00   0.0000000e+00   1.9122468e+04   5.4800000e+02
   0.0000000e+00   0.0000000e+00   1.8971360e+04   5.5300000e+02
   0.0000000e+00   0.0000000e+00   1.8705633e+04   5.5400000e+02
   0.0000000e+00   0.0000000e+00   1.8471231e+04   5.5600000e+02
   0.0000000e+00   0.0000000e+00   1.8351618e+04   5.7000000e+02
   0.0000000e+00   0.0000000e+00   1.8218949e+04   5.7400000e+02
   0.0000000e+00   0.0000000e+00   1.8212709e+04   5.7800000e+02
   0.0000000e+00   0.0000000e+00   1.8003157e+04   5.8100000e+02
   0.0000000e+00   0.0000000e+00   1.7919047e+04   5.8500000e+02
   0.0000000e+00   0.0000000e+00   1.7918651e+04   5.8600000e+02
   0.0000000e+00   0.0000000e+00   1.7882164e+04   6.0100000e+02
   0.0000000e+00   0.0000000e+00   1.7874359e+04   6.0400000e+02
   0.0000000e+00   0.0000000e+00   1.7526984e+04   6.1400000e+02
   0.0000000e+00   0.0000000e+00   1.7518579e+04   6.1600000e+02
   0.0000000e+00   0.0000000e+00   1.7385468e+04   6.2000000e+02
   0.0000000e+00   0.0000000e+00   1.7279952e+04   6.2300000e+02
   0.0000000e+00   0.0000000e+00   1.7258350e+04   6.2600000e+02
   0.0000000e+00   0.0000000e+00   1.7244276e+04   6.2900000e+02
   0.0000000e+00   0.0000000e+00   1.7097973e+04   6.4100000e+02
   0.0000000e+00   0.0000000e+00   1.7030164e+04   6.4500000e+02
   0.0000000e+00   0.0000000e+00   1.6884333e+04   6.5200000e+02
   0.0000000e+00   0.0000000e+00   1.6598446e+04   6.5400000e+02
   0.0000000e+00   0.0000000e+00   1.6449767e+04   6.5500000e+02
   0.0000000e+00   0.0000000e+00   1.6430931e+04   6.5800000e+02
   0.0000000e+00   0.0000000e+00   1.6368445e+04   6.6100000e+02
   0.0000000e+00   0.0000000e+00   1.6277527e+04   6.6200000e+02
   0.0000000e+00   0.0000000e+00   1.6217382e+04   6.6800000e+02
   0.0000000e+00   0.0000000e+00   1.6137803e+04   6.8200000e+02
   0.0000000e+00   0.0000000e+00   1.6067406e+04   6.8300000e+02
   0.0000000e+00   0.0000000e+00   1.5976164e+04   6.8400000e+02
   0.0000000e+00   0.0000000e+00   1.5669366e+04   6.9000000e+02
   0.0000000e+00   0.0000000e+00   1.5536236e+04   6.9100000e+02
   0.0000000e+00   0.0000000e+00   1.5508843e+04   7.0000000e+02
   0.0000000e+00   0.0000000e+00   1.5301693e+04   7.0600000e+02
   0.0000000e+00   0.0000000e+00   1.5262543e+04   7.0900000e+02
   0.0000000e+00   0.0000000e+00   1.5194615e+04   7.1300000e+02
   0.0000000e+00   0.0000000e+00   1.5152289e+04   7.1600000e+02
   0.0000000e+00   0.0000000e+00   1.4978064e+04   7.2700000e+02
   0.0000000e+00   0.0000000e+00   1.4920317e+04   7.7000000e+02
   0.0000000e+00   0.0000000e+00   1.4854524e+04   7.8100000e+02
   0.0000000e+00   0.0000000e+00   1.4637636e+04   7.9200000e+02
   0.0000000e+00   0.0000000e+00   1.4614864e+04   8.0100000e+02
   0.0000000e+00   0.0000000e+00   1.4606369e+04   8.1200000e+02
   0.0000000e+00   0.0000000e+00   1.4388898e+04   8.1900000e+02
   0.0000000e+00   0.0000000e+00   1.4377717e+04   8.2500000e+02
   0.0000000e+00   0.0000000e+00   1.4069616e+04   8.4200000e+02
   0.0000000e+00   0.0000000e+00   1.3962889e+04   8.4500000e+02
   0.0000000e+00   0.0000000e+00   1.3947731e+04   8.4800000e+02
   0.0000000e+00   0.0000000e+00   1.3852411e+04   8.5900000e+02
   0.0000000e+00   0.0000000e+00   1.3806206e+04   8.6500000e+02
   0.0000000e+00   0.0000000e+00   1.3786640e+04   8.6900000e+02
   0.0000000e+00   0.0000000e+00   1.3774801e+04   8.7100000e+02
   0.0000000e+00   0.0000000e+00   1.3667379e+04   8.7500000e+02
   0.0000000e+00   0.0000000e+00   1.3631946e+04   8.7600000e+02
   0.0000000e+00   0.0000000e+00   1.3502046e+04   8.9900000e+02
   0.0000000e+00   0.0000000e+00   1.3493712e+04   9.0200000e+02
   0.0000000e+00   0.0000000e+00   1.3413915e+04   9.0800000e+02
   0.0000000e+00   0.0000000e+00   1.3377486e+04   9.1400000e+02
   0.0000000e+00   0.0000000e+00   1.3289738e+04   9.2500000e+02
   0.0000000e+00   0.0000000e+00   1.3257983e+04   9.3000000e+02
   0.0000000e+00   0.0000000e+00   1.3161561e+04   9.4000000e+02
   0.0000000e+00   0.0000000e+00   1.3070572e+04   9.4400000e+02
   0.0000000e+00   0.0000000e+00   1.3058519e+04   9.5300000e+02
   0.0000000e+00   0.0000000e+00   1.3043290e+04   9.5400000e+02
   0.0000000e+00   0.0000000e+00   1.2857061e+04   9.6000000e+02
   0.0000000e+00   0.0000000e+00   1.2827763e+04   9.7100000e+02
   0.0000000e+00   0.0000000e+00   1.2772645e+04   1.0060000e+03
   0.0000000e+00   0.0000000e+00   1.2659814e+04   1.0110000e+03
   0.0000000e+00   0.0000000e+00   1.2591823e+04   1.0260000e+03
   0.0000000e+00   0.0000000e+00   1.2572481e+04   1.0270000e+03
   0.0000000e+00   0.0000000e+00   1.2548765e+04   1.0310000e+03
   0.0000000e+00   0.0000000e+00   1.2530574e+04   1.0400000e+03
   0.0000000e+00   0.0000000e+00   1.2448787e+04   1.0490000e+03
   0.0000000e+00   0.0000000e+00   1.2383820e+04   1.0540000e+03
   0.0000000e+00   0.0000000e+00   1.2255264e+04   1.0550000e+03
   0.0000000e+00   0.0000000e+00   1.2239054e+04   1.0580000e+03
   0.0000000e+00   0.0000000e+00   1.2174313e+04   1.0610000e+03
   0.0000000e+00   0.0000000e+00   1.2173461e+04   1.0630000e+03
   0.0000000e+00   0.0000000e+00   1.2111583e+04   1.0710000e+03
   0.0000000e+00   0.0000000e+00   1.2042608e+04   1.0770000e+03
   0.0000000e+00   0.0000000e+00   1.2024541e+04   1.0820000e+03
   0.0000000e+00   0.0000000e+00   1.1926171e+04   1.0850000e+03
   0.0000000e+00   0.0000000e+00   1.1910671e+04   1.0870000e+03
   0.0000000e+00   0.0000000e+00   1.1775341e+04   1.0900000e+03
   0.0000000e+00   0.0000000e+00   1.1719061e+04   1.0920000e+03
   0.0000000e+00   0.0000000e+00   1.1451630e+04   1.0930000e+03
   0.0000000e+00   0.0000000e+00   1.1425168e+04   1.1050000e+03
   0.0000000e+00   0.0000000e+00   1.1381122e+04   1.1090000e+03
   0.0000000e+00   0.0000000e+00   1.1347129e+04   1.1100000e+03
   0.0000000e+00   0.0000000e+00   1.1277833e+04   1.1110000e+03
   0.0000000e+00   0.0000000e+00   1.1272980e+04   1.1340000e+03
   0.0000000e+00   0.0000000e+00   1.1258835e+04   1.1420000e+03
   0.0000000e+00   0.0000000e+00   1.1234036e+04   1.1480000e+03
   0.0000000e+00   0.0000000e+00   1.1230428e+04   1.1520000e+03
   0.0000000e+00   0.0000000e+00   1.1206563e+04   1.1560000e+03
   0.0000000e+00   0.0000000e+00   1.1156204e+04   1.1650000e+03
   0.0000000e+00   0.0000000e+00   1.1115737e+04   1.1670000e+03
   0.0000000e+00   0.0000000e+00   1.1108301e+04   1.1710000e+03
   0.0000000e+00   0.0000000e+00   1.1048139e+04   1.1760000e+03
   0.0000000e+00   0.0000000e+00   1.1011864e+04   1.1850000e+03
   0.0000000e+00   0.0000000e+00   1.0924221e+04   1.1920000e+03
   0.0000000e+00   0.0000000e+00   1.0899370e+04   1.1930000e+03
   0.0000000e+00   0.0000000e+00   1.0893521e+04   1.1940000e+03
   0.0000000e+00   0.0000000e+00   1.0866896e+04   1.2070000e+03
   0.0000000e+00   0.0000000e+00   1.0785669e+04   1.2080000e+03
   0.0000000e+00   0.0000000e+00   1.0761075e+04   1.2150000e+03
   0.0000000e+00   0.0000000e+00   1.0727931e+04   1.2180000e+03
   0.0000000e+00   0.0000000e+00   1.0701072e+04   1.2230000e+03
   0.0000000e+00   0.0000000e+00   1.0599611e+04   1.2310000e+03
   0.0000000e+00   0.0000000e+00   1.0498518e+04   1.2320000e+03
   0.0000000e+00   0.0000000e+00   1.0489855e+04   1.2390000e+03
   0.0000000e+00   0.0000000e+00   1.0486972e+04   1.2410000e+03
   0.0000000e+00   0.0000000e+00   1.0480040e+04   1.2470000e+03
   0.0000000e+00   0.0000000e+00   1.0430024e+04   1.2480000e+03
   0.0000000e+00   0.0000000e+00   1.0402976e+04   1.2510000e+03
   0.0000000e+00   0.0000000e+00   1.0385748e+04   1.2560000e+03
   0.0000000e+00   0.0000000e+00   1.0279365e+04   1.2610000e+03
   0.0000000e+00   0.0000000e+00   1.0222091e+04   1.2620000e+03
   0.0000000e+00   0.0000000e+00   1.0020917e+04   1.2670000e+03
   0.0000000e+00   0.0000000e+00   9.8335628e+03   1.2780000e+03
   0.0000000e+00   0.0000000e+00   9.8177112e+03   1.2820000e+03
   0.0000000e+00   0.0000000e+00   9.6912890e+03   1.2890000e+03
   0.0000000e+00   0.0000000e+00   9.6899376e+03   1.2980000e+03
   0.0000000e+00   0.0000000e+00   9.6607529e+03   1.3210000e+03
   0.0000000e+00   0.0000000e+00   9.6515138e+03   1.3290000e+03
   0.0000000e+00   0.0000000e+00   9.6237053e+03   1.3340000e+03
   0.0000000e+00   0.0000000e+00   9.5958102e+03   1.3350000e+03
   0.0000000e+00   0.0000000e+00   9.4947265e+03   1.3490000e+03
   0.0000000e+00   0.0000000e+00   9.4545772e+03   1.3540000e+03
   0.0000000e+00   0.0000000e+00   9.4322532e+03   1.3570000e+03
   0.0000000e+00   0.0000000e+00   9.4005150e+03   1.3720000e+03
   0.0000000e+00   0.0000000e+00   9.2661939e+03   1.4070000e+03
   0.0000000e+00   0.0000000e+00   9.2539889e+03   1.4250000e+03
   0.0000000e+00   0.0000000e+00   9.2027389e+03   1.4860000e+03
   0.0000000e+00   0.0000000e+00   9.1938599e+03   1.5000000e+03
   0.0000000e+00   0.0000000e+00   9.1497116e+03   1.5020000e+03
   0.0000000e+00   0.0000000e+00   9.1252450e+03   1.5150000e+03
   0.0000000e+00   0.0000000e+00   9.1234278e+03   1.5240000e+03
   0.0000000e+00   0.0000000e+00   9.0928467e+03   1.5290000e+03
   0.0000000e+00   0.0000000e+00   9.0531938e+03   1.5310000e+03
   0.0000000e+00   0.0000000e+00   9.0163063e+03   1.5320000e+03
   0.0000000e+00   0.0000000e+00   8.9945222e+03   1.5380000e+03
   0.0000000e+00   0.0000000e+00   8.9939474e+03   1.5450000e+03
   0.0000000e+00   0.0000000e+00   8.9317459e+03   1.5610000e+03
   0.0000000e+00   0.0000000e+00   8.9303872e+03   1.5670000e+03
   0.0000000e+00   0.0000000e+00   8.9219899e+03   1.5750000e+03
   0.0000000e+00   0.0000000e+00   8.7505059e+03   1.5760000e+03
   0.0000000e+00   0.0000000e+00   8.7457882e+03   1.6030000e+03
   0.0000000e+00   0.0000000e+00   8.7139569e+03   1.6040000e+03
   0.0000000e+00   0.0000000e+00   8.7046058e+03   1.6060000e+03
   0.0000000e+00   0.0000000e+00   8.6659645e+03   1.6320000e+03
   0.0000000e+00   0.0000000e+00   8.6110985e+03   1.6340000e+03
   0.0000000e+00   0.0000000e+00   8.5987119e+03   1.6690000e+03
   0.0000000e+00   0.0000000e+00   8.5288846e+03   1.6740000e+03
   0.0000000e+00   0.0000000e+00   8.5269640e+03   1.6750000e+03
   0.0000000e+00   0.0000000e+00   8.4812440e+03   1.6850000e+03
   0.0000000e+00   0.0000000e+00   8.4351214e+03   1.7100000e+03
   0.0000000e+00   0.0000000e+00   8.4317056e+03   1.7120000e+03
   0.0000000e+00   0.0000000e+00   8.4170983e+03   1.7140000e+03
   0.0000000e+00   0.0000000e+00   8.3631405e+03   1.7160000e+03
   0.0000000e+00   0.0000000e+00   8.3064393e+03   1.7210000e+03
   0.0000000e+00   0.0000000e+00   8.1932740e+03   1.7270000e+03
   0.0000000e+00   0.0000000e+00   8.1380743e+03   1.7280000e+03
   0.0000000e+00   0.0000000e+00   8.1258629e+03   1.7480000e+03
   0.0000000e+00   0.0000000e+00   8.0530675e+03   1.7500000e+03
   0.0000000e+00   0.0000000e+00   8.0480487e+03   1.7550000e+03
   0.0000000e+00   0.0000000e+00   8.0025228e+03   1.7610000e+03
   0.0000000e+00   0.0000000e+00   7.9970759e+03   1.7630000e+03
   0.0000000e+00   0.0000000e+00   7.9887849e+03   1.7660000e+03
   0.0000000e+00   0.0000000e+00   7.9883937e+03   1.7700000e+03
   0.0000000e+00   0.0000000e+00   7.9282605e+03   1.7730000e+03
   0.0000000e+00   0.0000000e+00   7.8867305e+03   1.7820000e+03
   0.0000000e+00   0.0000000e+00   7.8609461e+03   1.7930000e+03
   0.0000000e+00   0.0000000e+00   7.8083217e+03   1.8020000e+03
   0.0000000e+00   0.0000000e+00   7.7686133e+03   1.8420000e+03
   0.0000000e+00   0.0000000e+00   7.7167178e+03   1.8540000e+03
   0.0000000e+00   0.0000000e+00   7.6903791e+03   1.9700000e+03
   0.0000000e+00   0.0000000e+00   7.6670254e+03   1.9730000e+03
   0.0000000e+00   0.0000000e+00   7.6624136e+03   1.9810000e+03
   0.0000000e+00   0.0000000e+00   7.6191161e+03   1.9850000e+03
   0.0000000e+00   0.0000000e+00   7.5736926e+03   1.9860000e+03
   0.0000000e+00   0.0000000e+00   7.5634139e+03   1.9930000e+03
   0.0000000e+00   0.0000000e+00   7.5460791e+03   2.0270000e+03
   0.0000000e+00   0.0000000e+00   7.5022904e+03   2.0440000e+03
   0.0000000e+00   0.0000000e+00   7.4794953e+03   2.0580000e+03
   0.0000000e+00   0.0000000e+00   7.4626718e+03   2.0600000e+03
   0.0000000e+00   0.0000000e+00   7.4519758e+03   2.0940000e+03
   0.0000000e+00   0.0000000e+00   7.3854499e+03   2.0960000e+03
   0.0000000e+00   0.0000000e+00   7.3205532e+03   2.1320000e+03
   0.0000000e+00   0.0000000e+00   7.2832083e+03   2.1440000e+03
   0.0000000e+00   0.0000000e+00   7.2660618e+03   2.1480000e+03
   0.0000000e+00   0.0000000e+00   7.2440704e+03   2.1500000e+03
   0.0000000e+00   0.0000000e+00   7.2190224e+03   2.1590000e+03
   0.0000000e+00   0.0000000e+00   7.2162126e+03   2.1630000e+03
   0.0000000e+00   0.0000000e+00   7.2077074e+03   2.1690000e+03
   0.0000000e+00   0.0000000e+00   7.1226179e+03   2.2200000e+03
   0.0000000e+00   0.0000000e+00   7.0993305e+03   2.2930000e+03
   0.0000000e+00   0.0000000e+00   7.0788560e+03   2.2970000e+03
   0.0000000e+00   0.0000000e+00   7.0644896e+03   2.3100000e+03
   0.0000000e+00   0.0000000e+00   7.0390912e+03   2.3190000e+03
   0.0000000e+00   0.0000000e+00   7.0199939e+03   2.3330000e+03
   0.0000000e+00   0.0000000e+00   6.9926483e+03   2.3540000e+03
   0.0000000e+00   0.0000000e+00   6.9596782e+03   2.4080000e+03
   0.0000000e+00   0.0000000e+00   6.9590484e+03   2.4160000e+03
   0.0000000e+00   0.0000000e+00   6.9447615e+03   2.4430000e+03
   0.0000000e+00   0.0000000e+00   6.9402629e+03   2.4870000e+03
   0.0000000e+00   0.0000000e+00   6.9292519e+03   2.5200000e+03
   0.0000000e+00   0.0000000e+00   6.9062389e+03   2.5470000e+03
   0.0000000e+00   0.0000000e+00   6.8982382e+03   2.5490000e+03
   0.0000000e+00   0.0000000e+00   6.8916603e+03   2.5680000e+03
   0.0000000e+00   0.0000000e+00   6.8844326e+03   2.5860000e+03
   0.0000000e+00   0.0000000e+00   6.8601960e+03   2.6050000e+03
   0.0000000e+00   0.0000000e+00   6.8505467e+03   2.6090000e+03
   0.0000000e+00   0.0000000e+00   6.8352327e+03   2.6100000e+03
   0.0000000e+00   0.0000000e+00   6.7267667e+03   2.6280000e+03
   0.0000000e+00   0.0000000e+00   6.7041994e+03   2.6340000e+03
   0.0000000e+00   0.0000000e+00   6.6902232e+03   2.6740000e+03
   0.0000000e+00   0.0000000e+00   6.6781203e+03   2.6860000e+03
   0.0000000e+00   0.0000000e+00   6.6408379e+03   2.6980000e+03
   0.0000000e+00   0.0000000e+00   6.6318739e+03   2.7110000e+03
   0.0000000e+00   0.0000000e+00   6.5999975e+03   2.7920000e+03
   0.0000000e+00   0.0000000e+00   6.5891855e+03   2.8240000e+03
   0.0000000e+00   0.0000000e+00   6.5864183e+03   2.8340000e+03
   0.0000000e+00   0.0000000e+00   6.5644213e+03   2.8450000e+03
   0.0000000e+00   0.0000000e+00   6.5565287e+03   2.8490000e+03
   0.0000000e+00   0.0000000e+00   6.5490771e+03   2.9020000e+03
   0.0000000e+00   0.0000000e+00   6.5156222e+03   2.9070000e+03
   0.0000000e+00   0.0000000e+00   6.4922801e+03   2.9100000e+03
   0.0000000e+00   0.0000000e+00   6.4374169e+03   2.9660000e+03
   0.0000000e+00   0.0000000e+00   6.4350277e+03   2.9770000e+03
   0.0000000e+00   0.0000000e+00   6.3970527e+03   2.9880000e+03
   0.0000000e+00   0.0000000e+00   6.3895112e+03   2.9910000e+03
   0.0000000e+00   0.0000000e+00   6.3687050e+03   3.0080000e+03
   0.0000000e+00   0.0000000e+00   6.3678037e+03   3.0520000e+03
   0.0000000e+00   0.0000000e+00   6.3555803e+03   3.0990000e+03
   0.0000000e+00   0.0000000e+00   6.3416832e+03   3.1020000e+03
   0.0000000e+00   0.0000000e+00   6.3144271e+03   3.1200000e+03
   0.0000000e+00   0.0000000e+00   6.2997811e+03   3.1340000e+03
   0.0000000e+00   0.0000000e+00   6.2904714e+03   3.1550000e+03
   0.0000000e+00   0.0000000e+00   6.2903588e+03   3.1680000e+03
   0.0000000e+00   0.0000000e+00   6.2367943e+03   3.1740000e+03
   0.0000000e+00   0.0000000e+00   6.2063894e+03   3.1970000e+03
   0.0000000e+00   0.0000000e+00   6.1909002e+03   3.2250000e+03
   0.0000000e+00   0.0000000e+00   6.1734607e+03   3.2470000e+03
   0.0000000e+00   0.0000000e+00   6.1712096e+03   3.3350000e+03
   0.0000000e+00   0.0000000e+00   6.1655505e+03   3.3440000e+03
   0.0000000e+00   0.0000000e+00   6.1647337e+03   3.3550000e+03
   0.0000000e+00   0.0000000e+00   6.1359470e+03   3.4240000e+03
   0.0000000e+00   0.0000000e+00   6.1359340e+03   3.5150000e+03
   0.0000000e+00   0.0000000e+00   6.1295008e+03   3.5230000e+03
   0.0000000e+00   0.0000000e+00   6.0895332e+03   3.5900000e+03
   0.0000000e+00   0.0000000e+00   6.0823482e+03   3.6720000e+03
   0.0000000e+00   0.0000000e+00   6.0601253e+03   3.7050000e+03
   0.0000000e+00   0.0000000e+00   6.0416119e+03   3.7620000e+03
   0.0000000e+00   0.0000000e+00   6.0273180e+03   3.7730000e+03
   0.0000000e+00   0.0000000e+00   6.0228499e+03   3.8070000e+03
   0.0000000e+00   0.0000000e+00   6.0185965e+03   3.8240000e+03
   0.0000000e+00   0.0000000e+00   6.0132821e+03   3.8940000e+03
   0.0000000e+00   0.0000000e+00   6.0022018e+03   3.9320000e+03
   0.0000000e+00   0.0000000e+00   5.9796626e+03   3.9560000e+03
   0.0000000e+00   0.0000000e+00   5.9606265e+03   3.9580000e+03
   0.0000000e+00   0.0000000e+00   5.9517078e+03   4.1550000e+03
   0.0000000e+00   0.0000000e+00   5.9466885e+03   4.1640000e+03
   0.0000000e+00   0.0000000e+00   5.8971578e+03   4.2060000e+03
   0.0000000e+00   0.0000000e+00   5.8840678e+03   4.2770000e+03
   0.0000000e+00   0.0000000e+00   5.8515750e+03   4.3850000e+03
   0.0000000e+00   0.0000000e+00   5.8470905e+03   4.4300000e+03
   0.0000000e+00   0.0000000e+00   5.8355695e+03   4.6190000e+03
   0.0000000e+00   0.0000000e+00   5.8001568e+03   4.7480000e+03
   0.0000000e+00   0.0000000e+00   5.7939727e+03   4.7520000e+03
   0.0000000e+00   0.0000000e+00   5.7876529e+03   4.7920000e+03
   0.0000000e+00   0.0000000e+00   5.7709656e+03   4.8680000e+03
   0.0000000e+00   0.0000000e+00   5.7669607e+03   4.8970000e+03
   0.0000000e+00   0.0000000e+00   5.7666933e+03   4.9630000e+03
   0.0000000e+00   0.0000000e+00   5.7662017e+03   4.9660000e+03
   0.0000000e+00   0.0000000e+00   5.7650799e+03   5.0060000e+03
   0.0000000e+00   0.0000000e+00   5.7579719e+03   5.0340000e+03
   0.0000000e+00   0.0000000e+00   5.7572180e+03   5.0440000e+03
   0.0000000e+00   0.0000000e+00   5.7274731e+03   5.0740000e+03
   0.0000000e+00   0.0000000e+00   5.7057221e+03   5.1120000e+03
   0.0000000e+00   0.0000000e+00   5.6990241e+03   5.1420000e+03
   0.0000000e+00   0.0000000e+00   5.6851705e+03   5.2070000e+03
   0.0000000e+00   0.0000000e+00   5.6783362e+03   5.2430000e+03
   0.0000000e+00   0.0000000e+00   5.6628100e+03   5.2520000e+03
   0.0000000e+00   0.0000000e+00   5.6608483e+03   5.3540000e+03
   0.0000000e+00   0.0000000e+00   5.6530565e+03   5.3720000e+03
   0.0000000e+00   0.0000000e+00   5.6090059e+03   5.3900000e+03
   0.0000000e+00   0.0000000e+00   5.6080281e+03   5.4730000e+03
   0.0000000e+00   0.0000000e+00   5.5852662e+03   5.4820000e+03
   0.0000000e+00   0.0000000e+00   5.5802772e+03   5.5110000e+03
   0.0000000e+00   0.0000000e+00   5.5790836e+03   5.5630000e+03
   0.0000000e+00   0.0000000e+00   5.5679260e+03   5.5970000e+03
   0.0000000e+00   0.0000000e+00   5.5658299e+03   5.6470000e+03
   0.0000000e+00   0.0000000e+00   5.5658299e+03   5.6600000e+03
   0.0000000e+00   0.0000000e+00   5.5584254e+03   5.6730000e+03
   0.0000000e+00   0.0000000e+00   5.5438874e+03   5.7940000e+03
   0.0000000e+00   0.0000000e+00   5.5297498e+03   5.7980000e+03
   0.0000000e+00   0.0000000e+00   5.5268184e+03   5.8910000e+03
   0.0000000e+00   0.0000000e+00   5.5230417e+03   6.0220000e+03
   0.0000000e+00   0.0000000e+00   5.5197570e+03   6.1580000e+03
   0.0000000e+00   0.0000000e+00   5.5147807e+03   6.1750000e+03
   0.0000000e+00   0.0000000e+00   5.4855829e+03   6.2110000e+03
   0.0000000e+00   0.0000000e+00   5.4833456e+03   6.3130000e+03
   0.0000000e+00   0.0000000e+00   5.4709891e+03   6.3270000e+03
   0.0000000e+00   0.0000000e+00   5.3947355e+03   6.3590000e+03
   0.0000000e+00   0.0000000e+00   5.3858843e+03   6.4160000e+03
   0.0000000e+00   0.0000000e+00   5.3790543e+03   6.5580000e+03
   0.0000000e+00   0.0000000e+00   5.3657382e+03   6.6750000e+03
   0.0000000e+00   0.0000000e+00   5.3630287e+03   8.1780000e+03
   0.0000000e+00   0.0000000e+00   5.3461755e+03   8.1910000e+03
   0.0000000e+00   0.0000000e+00   5.3355843e+03   8.3620000e+03
   0.0000000e+00   0.0000000e+00   5.3161663e+03   8.3900000e+03
   0.0000000e+00   0.0000000e+00   5.3161663e+03   8.5340000e+03
   0.0000000e+00   0.0000000e+00   5.3161663e+03   9.1080000e+03
   0.0000000e+00   0.0000000e+00   5.3155220e+03   9.3010000e+03
   0.0000000e+00   0.0000000e+00   5.3028337e+03   9.6690000e+03
   0.0000000e+00   0.0000000e+00   5.2945353e+03   9.7280000e+03
   0.0000000e+00   0.0000000e+00   5.2886565e+03   9.8620000e+03
   0.0000000e+00   0.0000000e+00   5.2808296e+03   9.8800000e+03
   0.0000000e+00   0.0000000e+00   5.2754084e+03   9.9440000e+03
   0.0000000e+00   0.0000000e+00   5.2715766e+03   9.9680000e+03
   0.0000000e+00   0.0000000e+00   5.2671473e+03   1.0254000e+04
   0.0000000e+00   0.0000000e+00   5.2657246e+03   1.0265000e+04
   0.0000000e+00   0.0000000e+00   5.2570221e+03   1.0285000e+04
   0.0000000e+00   0.0000000e+00   5.2541129e+03   1.0505000e+04
   0.0000000e+00   0.0000000e+00   5.2409418e+03   1.0961000e+04
   0.0000000e+00   0.0000000e+00   5.2151185e+03   1.1137000e+04
   0.0000000e+00   0.0000000e+00   5.2112925e+03   1.1175000e+04
   0.0000000e+00   0.0000000e+00   5.2002928e+03   1.1752000e+04
   0.0000000e+00   0.0000000e+00   5.1945809e+03   1.1814000e+04
   0.0000000e+00   0.0000000e+00   5.1945809e+03   1.2640000e+04
   0.0000000e+00   0.0000000e+00   5.1931262e+03   1.2936000e+04
   0.0000000e+00   0.0000000e+00   5.1898570e+03   1.3135000e+04
   0.0000000e+00   0.0000000e+00   5.1898570e+03   1.3556000e+04
   0.0000000e+00   0.0000000e+00   5.1866289e+03   1.3962000e+04
   0.0000000e+00   0.0000000e+00   5.1849983e+03   1.4500000e+04
   0.0000000e+00   0.0000000e+00   5.1602079e+03   1.4697000e+04
   0.0000000e+00   0.0000000e+00   5.1602079e+03   1.4901000e+04
   0.0000000e+00   0.0000000e+00   5.1442241e+03   1.5082000e+04
   0.0000000e+00   0.0000000e+00   5.1421106e+03   1.5129000e+04
   0.0000000e+00   0.0000000e+00   5.1323033e+03   1.5200000e+04
   0.0000000e+00   0.0000000e+00   5.1306828e+03   1.5756000e+04
   0.0000000e+00   0.0000000e+00   5.1177739e+03   1.5764000e+04
   0.0000000e+00   0.0000000e+00   5.1177739e+03   1.6204000e+04
   0.0000000e+00   0.0000000e+00   5.1115003e+03   1.6240000e+04
   0.0000000e+00   0.0000000e+00   5.1095072e+03   1.6250000e+04
   0.0000000e+00   0.0000000e+00   5.0974091e+03   1.6252000e+04
   0.0000000e+00   0.0000000e+00   5.0936587e+03   1.6285000e+04
   0.0000000e+00   0.0000000e+00   5.0898328e+03   1.6295000e+04
   0.0000000e+00   0.0000000e+00   5.0812569e+03   1.6442000e+04
   0.0000000e+00   0.0000000e+00   5.0812569e+03   1.6866000e+04
   0.0000000e+00   0.0000000e+00   5.0720830e+03   1.7232000e+04
   0.0000000e+00   0.0000000e+00   5.0676973e+03   1.7982000e+04
   0.0000000e+00   0.0000000e+00   5.0676973e+03   1.8908000e+04
   0.0000000e+00   0.0000000e+00   5.0676973e+03   1.9725000e+04
   0.0000000e+00   0.0000000e+00   5.0639470e+03   2.0049000e+04
   0.0000000e+00   0.0000000e+00   5.0639470e+03   2.0353000e+04
   0.0000000e+00   0.0000000e+00   5.0569815e+03   2.0675000e+04
   0.0000000e+00   0.0000000e+00   5.0569815e+03   2.0731000e+04
   0.0000000e+00   0.0000000e+00   5.0555269e+03   2.1909000e+04
   0.0000000e+00   0.0000000e+00   5.0541299e+03   2.5354000e+04
   0.0000000e+00   0.0000000e+00   5.0541299e+03   2.5407000e+04
   0.0000000e+00   0.0000000e+00   5.0541299e+03   2.6253000e+04
   0.0000000e+00   0.0000000e+00   5.0541299e+03   2.6582000e+04
   0.0000000e+00   0.0000000e+00   5.0541299e+03   2.6884000e+04
   0.0000000e+00   0.0000000e+00   5.0504406e+03   2.7087000e+04
   0.0000000e+00   0.0000000e+00   5.0489860e+03   2.7089000e+04
   0.0000000e+00   0.0000000e+00   5.0489860e+03   2.7631000e+04
   0.0000000e+00   0.0000000e+00   5.0489860e+03   2.8690000e+04
   0.0000000e+00   0.0000000e+00   5.0489860e+03   2.9338000e+04
   0.0000000e+00   0.0000000e+00   5.0489860e+03   2.9436000e+04
   0.0000000e+00   0.0000000e+00   5.0489860e+03   2.9664000e+04
   0.0000000e+00   0.0000000e+00   5.0489860e+03   3.0417000e+04
   0.0000000e+00   0.0000000e+00   5.0489860e+03   3.1680000e+04
   0.0000000e+00   0.0000000e+00   5.0489860e+03   3.2109000e+04
   0.0000000e+00   0.0000000e+00   5.0489860e+03   3.3047000e+04
   0.0000000e+00   0.0000000e+00   5.0489860e+03   3.3204000e+04
   0.0000000e+00   0.0000000e+00   5.0412953e+03   3.3210000e+04
   0.0000000e+00   0.0000000e+00   5.0412953e+03   3.4234000e+04
   0.0000000e+00   0.0000000e+00   5.0406213e+03   3.5419000e+04
   0.0000000e+00   0.0000000e+00   5.0397268e+03   3.5426000e+04
   0.0000000e+00   0.0000000e+00   5.0316743e+03   3.5980000e+04
   0.0000000e+00   0.0000000e+00   5.0297709e+03   3.6554000e+04
   0.0000000e+00   0.0000000e+00   5.0220546e+03   3.6787000e+04
   0.0000000e+00   0.0000000e+00   5.0180639e+03   3.7004000e+04
   0.0000000e+00   0.0000000e+00   5.0180639e+03   3.8008000e+04
   0.0000000e+00   0.0000000e+00   5.0122479e+03   3.8231000e+04
   0.0000000e+00   0.0000000e+00   5.0094741e+03   3.8773000e+04
   0.0000000e+00   0.0000000e+00   5.0080806e+03   3.8785000e+04
   0.0000000e+00   0.0000000e+00   5.0017842e+03   3.9170000e+04
   0.0000000e+00   0.0000000e+00   4.9967132e+03   3.9287000e+04
   0.0000000e+00   0.0000000e+00   4.9949629e+03   4.0295000e+04
   0.0000000e+00   0.0000000e+00   4.9908605e+03   4.0346000e+04
   0.0000000e+00   0.0000000e+00   4.9879623e+03   4.0491000e+04
   0.0000000e+00   0.0000000e+00   4.9879623e+03   4.0586000e+04
   0.0000000e+00   0.0000000e+00   4.9879623e+03   4.1231000e+04
   0.0000000e+00   0.0000000e+00   4.9879623e+03   4.1281000e+04
   0.0000000e+00   0.0000000e+00   4.9879623e+03   4.1449000e+04
   0.0000000e+00   0.0000000e+00   4.9820506e+03   4.2628000e+04
   0.0000000e+00   0.0000000e+00   4.9820506e+03   4.3599000e+04
   0.0000000e+00   0.0000000e+00   4.9820506e+03   4.4342000e+04
   0.0000000e+00   0.0000000e+00   4.9820506e+03   4.4427000e+04
   0.0000000e+00   0.0000000e+00   4.9790442e+03   4.4912000e+04
   0.0000000e+00   0.0000000e+00   4.9790442e+03   4.4986000e+04
   0.0000000e+00   0.0000000e+00   4.9733949e+03   4.5429000e+04
   0.0000000e+00   0.0000000e+00   4.9733949e+03   4.5709000e+04
   0.0000000e+00   0.0000000e+00   4.9713421e+03   4.5849000e+04
   0.0000000e+00   0.0000000e+00   4.9713421e+03   4.6083000e+04
   0.0000000e+00   0.0000000e+00   4.9713421e+03   4.7404000e+04
   0.0000000e+00   0.0000000e+00   4.9693694e+03   4.7450000e+04
   0.0000000e+00   0.0000000e+00   4.9693694e+03   4.7451000e+04
   0.0000000e+00   0.0000000e+00   4.9693694e+03   4.7570000e+04
   0.0000000e+00   0.0000000e+00   4.9690625e+03   4.7928000e+04
   0.0000000e+00   0.0000000e+00   4.9690625e+03   4.8098000e+04
   0.0000000e+00   0.0000000e+00   4.9674435e+03   4.8238000e+04
   0.0000000e+00   0.0000000e+00   4.9674435e+03   4.8795000e+04
   0.0000000e+00   0.0000000e+00   4.9666630e+03   4.9217000e+04
   0.0000000e+00   0.0000000e+00   4.9666630e+03   4.9565000e+04
   0.0000000e+00   0.0000000e+00   4.9666630e+03   5.2571000e+04
   0.0000000e+00   0.0000000e+00   4.9634096e+03   5.2820000e+04
   0.0000000e+00   0.0000000e+00   4.9606255e+03   5.5494000e+04
   0.0000000e+00   0.0000000e+00   4.9606255e+03   5.5942000e+04
   0.0000000e+00   0.0000000e+00   4.9591709e+03   5.6273000e+04
   0.0000000e+00   0.0000000e+00   4.9591709e+03   5.6496000e+04
   0.0000000e+00   0.0000000e+00   4.9591709e+03   5.7240000e+04
   0.0000000e+00   0.0000000e+00   4.9591709e+03   5.7279000e+04
   0.0000000e+00   0.0000000e+00   4.9591709e+03   5.7606000e+04
   0.0000000e+00   0.0000000e+00   4.9490080e+03   5.9210000e+04
   0.0000000e+00   0.0000000e+00   4.9490080e+03   6.0041000e+04
   0.0000000e+00   0.0000000e+00   4.9490080e+03   6.0053000e+04
   0.0000000e+00   0.0000000e+00   4.9490080e+03   6.0164000e+04
   0.0000000e+00   0.0000000e+00   4.9490080e+03   6.0387000e+04
   0.0000000e+00   0.0000000e+00   4.9485059e+03   6.1505000e+04
   0.0000000e+00   0.0000000e+00   4.9485059e+03   6.3249000e+04
   0.0000000e+00   0.0000000e+00   4.9485059e+03   6.3448000e+04
   0.0000000e+00   0.0000000e+00   4.9485059e+03   6.4155000e+04
   0.0000000e+00   0.0000000e+00   4.9471668e+03   6.4398000e+04
   0.0000000e+00   0.0000000e+00   4.9471668e+03   6.4944000e+04
   0.0000000e+00   0.0000000e+00   4.9471668e+03   6.5285000e+04
   0.0000000e+00   0.0000000e+00   4.9458995e+03   6.5318000e+04
   0.0000000e+00   0.0000000e+00   4.9458995e+03   6.5555000e+04
   0.0000000e+00   0.0000000e+00   4.9408286e+03   6.6049000e+04
   0.0000000e+00   0.0000000e+00   4.9408286e+03   6.8350000e+04
   0.0000000e+00   0.0000000e+00   4.9408286e+03   6.9011000e+04
   0.0000000e+00   0.0000000e+00   4.9408286e+03   6.9810000e+04
   0.0000000e+00   0.0000000e+00   4.9408286e+03   7.0178000e+04
   0.0000000e+00   0.0000000e+00   4.9371725e+03   7.0650000e+04
   0.0000000e+00   0.0000000e+00   4.9367595e+03   7.0707000e+04
   0.0000000e+00   0.0000000e+00   4.9367595e+03   7.1453000e+04
   0.0000000e+00   0.0000000e+00   4.9307263e+03   7.1852000e+04
   0.0000000e+00   0.0000000e+00   4.9293808e+03   7.2816000e+04
   0.0000000e+00   0.0000000e+00   4.9272477e+03   7.3025000e+04
   0.0000000e+00   0.0000000e+00   4.9254174e+03   7.3234000e+04
   0.0000000e+00   0.0000000e+00   4.9179030e+03   7.3257000e+04
   0.0000000e+00   0.0000000e+00   4.9176566e+03   7.3599000e+04
   0.0000000e+00   0.0000000e+00   4.9175424e+03   7.4009000e+04
   0.0000000e+00   0.0000000e+00   4.9170544e+03   7.4169000e+04
   0.0000000e+00   0.0000000e+00   4.9170544e+03   7.4590000e+04
   0.0000000e+00   0.0000000e+00   4.9170544e+03   7.5174000e+04
   0.0000000e+00   0.0000000e+00   4.8997634e+03   7.5359000e+04
   0.0000000e+00   0.0000000e+00   4.8980748e+03   7.5371000e+04
   0.0000000e+00   0.0000000e+00   4.8972906e+03   7.5589000e+04
   0.0000000e+00   0.0000000e+00   4.8886216e+03   7.6237000e+04
   0.0000000e+00   0.0000000e+00   4.8874755e+03   7.6793000e+04
   0.0000000e+00   0.0000000e+00   4.8874755e+03   7.6794000e+04
   0.0000000e+00   0.0000000e+00   4.8791456e+03   7.7028000e+04
   0.0000000e+00   0.0000000e+00   4.8791456e+03   7.7122000e+04
   0.0000000e+00   0.0000000e+00   4.8791456e+03   7.7623000e+04
   0.0000000e+00   0.0000000e+00   4.8784602e+03   7.7721000e+04
   0.0000000e+00   0.0000000e+00   4.8784602e+03   7.7936000e+04
   0.0000000e+00   0.0000000e+00   4.8784602e+03   7.7982000e+04
   0.0000000e+00   0.0000000e+00   4.8784602e+03   7.8217000e+04
   0.0000000e+00   0.0000000e+00   4.8784602e+03   7.8799000e+04
   0.0000000e+00   0.0000000e+00   4.8679651e+03   7.9016000e+04
   0.0000000e+00   0.0000000e+00   4.8635812e+03   7.9918000e+04
   0.0000000e+00   0.0000000e+00   4.8635812e+03   7.9994000e+04
   0.0000000e+00   0.0000000e+00   4.8635812e+03   8.0746000e+04
   0.0000000e+00   0.0000000e+00   4.8581830e+03   8.1936000e+04
   0.0000000e+00   0.0000000e+00   4.8581830e+03   8.2043000e+04
   0.0000000e+00   0.0000000e+00   4.8561408e+03   8.3234000e+04
   0.0000000e+00   0.0000000e+00   4.8561408e+03   8.3410000e+04
   0.0000000e+00   0.0000000e+00   4.8561408e+03   8.4231000e+04
   0.0000000e+00   0.0000000e+00   4.8541590e+03   8.5010000e+04
   0.0000000e+00   0.0000000e+00   4.8541590e+03   8.6274000e+04
   0.0000000e+00   0.0000000e+00   4.8541590e+03   8.6598000e+04
   0.0000000e+00   0.0000000e+00   4.8541590e+03   8.7101000e+04
   0.0000000e+00   0.0000000e+00   4.8527043e+03   8.8272000e+04
   0.0000000e+00   0.0000000e+00   4.8522284e+03   8.9440000e+04
   0.0000000e+00   0.0000000e+00   4.8522284e+03   9.0023000e+04
   0.0000000e+00   0.0000000e+00   4.8522284e+03   9.1032000e+04
   0.0000000e+00   0.0000000e+00   4.8522284e+03   9.1210000e+04
   0.0000000e+00   0.0000000e+00   4.8517581e+03   9.1316000e+04
   0.0000000e+00   0.0000000e+00   4.8517581e+03   9.2044000e+04
   0.0000000e+00   0.0000000e+00   4.8517581e+03   9.2104000e+04
   0.0000000e+00   0.0000000e+00   4.8517581e+03   9.2640000e+04
   0.0000000e+00   0.0000000e+00   4.8495230e+03   9.3258000e+04
   0.0000000e+00   0.0000000e+00   4.8495230e+03   9.3270000e+04
   0.0000000e+00   0.0000000e+00   4.8495230e+03   9.3556000e+04
   0.0000000e+00   0.0000000e+00   4.8480684e+03   9.3879000e+04
   0.0000000e+00   0.0000000e+00   4.8480684e+03   9.4254000e+04
   0.0000000e+00   0.0000000e+00   4.8465250e+03   9.4301000e+04
   0.0000000e+00   0.0000000e+00   4.8465250e+03   9.4509000e+04
   0.0000000e+00   0.0000000e+00   4.8465250e+03   9.4516000e+04
   0.0000000e+00   0.0000000e+00   4.8445446e+03   9.5160000e+04
   0.0000000e+00   0.0000000e+00   4.8445446e+03   9.5622000e+04
   0.0000000e+00   0.0000000e+00   4.8445446e+03   9.5988000e+04
   0.0000000e+00   0.0000000e+00   4.8445446e+03   9.6239000e+04
   0.0000000e+00   0.0000000e+00   4.8445446e+03   9.7504000e+04
   0.0000000e+00   0.0000000e+00   4.8426412e+03   9.7865000e+04
   0.0000000e+00   0.0000000e+00   4.8426412e+03   9.8659000e+04
   0.0000000e+00   0.0000000e+00   4.8426412e+03   9.9406000e+04
   0.0000000e+00   0.0000000e+00   4.8426412e+03   1.0123400e+05
   0.0000000e+00   0.0000000e+00   4.8426412e+03   1.0152900e+05
   0.0000000e+00   0.0000000e+00   4.8404061e+03   1.0190700e+05
   0.0000000e+00   0.0000000e+00   4.8404061e+03   1.0367600e+05
   0.0000000e+00   0.0000000e+00   4.8404061e+03   1.0431800e+05
   0.0000000e+00   0.0000000e+00   4.8404061e+03   1.0511200e+05
   0.0000000e+00   0.0000000e+00   4.8404061e+03   1.0564000e+05
   0.0000000e+00   0.0000000e+00   4.8390956e+03   1.0661000e+05
   0.0000000e+00   0.0000000e+00   4.8340246e+03   1.0818000e+05
   0.0000000e+00   0.0000000e+00   4.8340246e+03   1.0847200e+05
   0.0000000e+00   0.0000000e+00   4.8340246e+03   1.0901200e+05
   0.0000000e+00   0.0000000e+00   4.8340246e+03   1.0943000e+05
   0.0000000e+00   0.0000000e+00   4.8325700e+03   1.1035700e+05
   0.0000000e+00   0.0000000e+00   4.8325700e+03   1.1136700e+05
   0.0000000e+00   0.0000000e+00   4.8325700e+03   1.1377300e+05
   0.0000000e+00   0.0000000e+00   4.8325700e+03   1.1552600e+05
   0.0000000e+00   0.0000000e+00   4.8325700e+03   1.1554500e+05
   0.0000000e+00   0.0000000e+00   4.8325700e+03   1.1604900e+05
   0.0000000e+00   0.0000000e+00   4.8325700e+03   1.1680600e+05
   0.0000000e+00   0.0000000e+00   4.8325700e+03   1.1781000e+05
   0.0000000e+00   0.0000000e+00   4.8325700e+03   1.1800200e+05
   0.0000000e+00   0.0000000e+00   4.8316640e+03   1.1881700e+05
   0.0000000e+00   0.0000000e+00   4.8316640e+03   1.1895000e+05
   0.0000000e+00   0.0000000e+00   4.8307458e+03   1.1906500e+05
   0.0000000e+00   0.0000000e+00   4.8307458e+03   1.1973800e+05
   0.0000000e+00   0.0000000e+00   4.8307458e+03   1.2051200e+05
   0.0000000e+00   0.0000000e+00   4.8307458e+03   1.2076200e+05
   0.0000000e+00   0.0000000e+00   4.8292911e+03   1.2111800e+05
   0.0000000e+00   0.0000000e+00   4.8231945e+03   1.2219800e+05
   0.0000000e+00   0.0000000e+00   4.8209723e+03   1.2246400e+05
   0.0000000e+00   0.0000000e+00   4.8209723e+03   1.2363400e+05
   0.0000000e+00   0.0000000e+00   4.8209723e+03   1.2499700e+05
   0.0000000e+00   0.0000000e+00   4.8209723e+03   1.2527400e+05
   0.0000000e+00   0.0000000e+00   4.8209723e+03   1.2600700e+05
   0.0000000e+00   0.0000000e+00   4.8176886e+03   1.2618300e+05
   0.0000000e+00   0.0000000e+00   4.8104296e+03   1.2642800e+05
   0.0000000e+00   0.0000000e+00   4.8068735e+03   1.2678500e+05
   0.0000000e+00   0.0000000e+00   4.8047424e+03   1.2705000e+05
   0.0000000e+00   0.0000000e+00   4.8047424e+03   1.2743300e+05
   0.0000000e+00   0.0000000e+00   4.8040719e+03   1.2797200e+05
   0.0000000e+00   0.0000000e+00   4.8040719e+03   1.2818300e+05
   0.0000000e+00   0.0000000e+00   4.8040719e+03   1.3105300e+05
   0.0000000e+00   0.0000000e+00   4.8040719e+03   1.3114200e+05
   0.0000000e+00   0.0000000e+00   4.8040719e+03   1.3257100e+05
   0.0000000e+00   0.0000000e+00   4.8040719e+03   1.3298200e+05
   0.0000000e+00   0.0000000e+00   4.8040719e+03   1.3341400e+05
   0.0000000e+00   0.0000000e+00   4.8040719e+03   1.3368800e+05
   0.0000000e+00   0.0000000e+00   4.8006219e+03   1.3401300e+05
   0.0000000e+00   0.0000000e+00   4.8006219e+03   1.3435200e+05
   0.0000000e+00   0.0000000e+00   4.8006219e+03   1.3467400e+05
   0.0000000e+00   0.0000000e+00   4.8006219e+03   1.3592500e+05
   0.0000000e+00   0.0000000e+00   4.8006219e+03   1.3632400e+05
   0.0000000e+00   0.0000000e+00   4.8006219e+03   1.3658200e+05
   0.0000000e+00   0.0000000e+00   4.8006219e+03   1.3737500e+05
   0.0000000e+00   0.0000000e+00   4.8006219e+03   1.3748600e+05
   0.0000000e+00   0.0000000e+00   4.8006219e+03   1.3806100e+05
   0.0000000e+00   0.0000000e+00   4.8006219e+03   1.3814900e+05
   0.0000000e+00   0.0000000e+00   4.8006219e+03   1.4122400e+05
   0.0000000e+00   0.0000000e+00   4.8006219e+03   1.4129100e+05
   0.0000000e+00   0.0000000e+00   4.8006219e+03   1.4139100e+05
   0.0000000e+00   0.0000000e+00   4.8006219e+03   1.4212600e+05
   0.0000000e+00   0.0000000e+00   4.8006219e+03   1.4323500e+05
   0.0000000e+00   0.0000000e+00   4.7957743e+03   1.4367700e+05
   0.0000000e+00   0.0000000e+00   4.7937442e+03   1.4511000e+05
   0.0000000e+00   0.0000000e+00   4.7937442e+03   1.4604000e+05
   0.0000000e+00   0.0000000e+00   4.7921731e+03   1.4624200e+05
   0.0000000e+00   0.0000000e+00   4.7921731e+03   1.4646000e+05
   0.0000000e+00   0.0000000e+00   4.7921731e+03   1.4693700e+05
   0.0000000e+00   0.0000000e+00   4.7883472e+03   1.4745000e+05
   0.0000000e+00   0.0000000e+00   4.7883472e+03   1.4747800e+05
   0.0000000e+00   0.0000000e+00   4.7883472e+03   1.4749300e+05
   0.0000000e+00   0.0000000e+00   4.7822506e+03   1.4826500e+05
   0.0000000e+00   0.0000000e+00   4.7822506e+03   1.4844200e+05
   0.0000000e+00   0.0000000e+00   4.7822506e+03   1.4854200e+05
   0.0000000e+00   0.0000000e+00   4.7822506e+03   1.4901300e+05
   0.0000000e+00   0.0000000e+00   4.7822506e+03   1.4946900e+05
   0.0000000e+00   0.0000000e+00   4.7822506e+03   1.5001000e+05
   0.0000000e+00   0.0000000e+00   4.7822506e+03   1.5108000e+05
   0.0000000e+00   0.0000000e+00   4.7822506e+03   1.5175300e+05
   0.0000000e+00   0.0000000e+00   4.7822506e+03   1.5189900e+05
   0.0000000e+00   0.0000000e+00   4.7822506e+03   1.5191100e+05
   0.0000000e+00   0.0000000e+00   4.7822506e+03   1.5268800e+05
   0.0000000e+00   0.0000000e+00   4.7822506e+03   1.5356800e+05
   0.0000000e+00   0.0000000e+00   4.7822506e+03   1.5376700e+05
   0.0000000e+00   0.0000000e+00   4.7822506e+03   1.5388300e+05
   0.0000000e+00   0.0000000e+00   4.7822506e+03   1.5389500e+05
   0.0000000e+00   0.0000000e+00   4.7822506e+03   1.5452600e+05
   0.0000000e+00   0.0000000e+00   4.7822506e+03   1.5712300e+05
   0.0000000e+00   0.0000000e+00   4.7822506e+03   1.5779600e+05
   0.0000000e+00   0.0000000e+00   4.7822506e+03   1.5885800e+05
   0.0000000e+00   0.0000000e+00   4.7822506e+03   1.5934000e+05
   0.0000000e+00   0.0000000e+00   4.7822506e+03   1.6118000e+05
   0.0000000e+00   0.0000000e+00   4.7822506e+03   1.6122700e+05
   0.0000000e+00   0.0000000e+00   4.7822506e+03   1.6124800e+05
   0.0000000e+00   0.0000000e+00   4.7822506e+03   1.6185000e+05
   0.0000000e+00   0.0000000e+00   4.7822506e+03   1.6251500e+05
   0.0000000e+00   0.0000000e+00   4.7822506e+03   1.6330400e+05
   0.0000000e+00   0.0000000e+00   4.7822506e+03   1.6448300e+05
   0.0000000e+00   0.0000000e+00   4.7822506e+03   1.6506200e+05
   0.0000000e+00   0.0000000e+00   4.7822506e+03   1.6540800e+05
   0.0000000e+00   0.0000000e+00   4.7822506e+03   1.6661300e+05
   0.0000000e+00   0.0000000e+00   4.7822506e+03   1.6854600e+05
   0.0000000e+00   0.0000000e+00   4.7822506e+03   1.6955600e+05
   0.0000000e+00   0.0000000e+00   4.7822506e+03   1.6962500e+05
   0.0000000e+00   0.0000000e+00   4.7822506e+03   1.7002800e+05
   0.0000000e+00   0.0000000e+00   4.7822506e+03   1.7049100e+05
   0.0000000e+00   0.0000000e+00   4.7822506e+03   1.7076900e+05
   0.0000000e+00   0.0000000e+00   4.7623497e+03   1.7113800e+05
   0.0000000e+00   0.0000000e+00   4.7623497e+03   1.7116700e+05
   0.0000000e+00   0.0000000e+00   4.7590582e+03   1.7117800e+05
   0.0000000e+00   0.0000000e+00   4.7590582e+03   1.7175200e+05
   0.0000000e+00   0.0000000e+00   4.7590582e+03   1.7355600e+05
   0.0000000e+00   0.0000000e+00   4.7590582e+03   1.7462700e+05
   0.0000000e+00   0.0000000e+00   4.7557460e+03   1.7570700e+05
   0.0000000e+00   0.0000000e+00   4.7528816e+03   1.7587800e+05
   0.0000000e+00   0.0000000e+00   4.7528816e+03   1.7652500e+05
   0.0000000e+00   0.0000000e+00   4.7467849e+03   1.7674000e+05
   0.0000000e+00   0.0000000e+00   4.7467849e+03   1.7759000e+05
   0.0000000e+00   0.0000000e+00   4.7467849e+03   1.7787600e+05
   0.0000000e+00   0.0000000e+00   4.7467849e+03   1.7896100e+05
   0.0000000e+00   0.0000000e+00   4.7467849e+03   1.7907900e+05
   0.0000000e+00   0.0000000e+00   4.7456319e+03   1.7968300e+05
   0.0000000e+00   0.0000000e+00   4.7456319e+03   1.7972900e+05
   0.0000000e+00   0.0000000e+00   4.7428349e+03   1.7976100e+05
   0.0000000e+00   0.0000000e+00   4.7397370e+03   1.8021400e+05
   0.0000000e+00   0.0000000e+00   4.7382823e+03   1.8046800e+05
   0.0000000e+00   0.0000000e+00   4.7382823e+03   1.8063600e+05
   0.0000000e+00   0.0000000e+00   4.7328449e+03   1.8356300e+05
   0.0000000e+00   0.0000000e+00   4.7328449e+03   1.8357500e+05
   0.0000000e+00   0.0000000e+00   4.7328449e+03   1.8445600e+05
   0.0000000e+00   0.0000000e+00   4.7328449e+03   1.8462500e+05
   0.0000000e+00   0.0000000e+00   4.7257697e+03   1.8639800e+05
   0.0000000e+00   0.0000000e+00   4.7257697e+03   1.8812300e+05
   0.0000000e+00   0.0000000e+00   4.7257697e+03   1.8837500e+05
   0.0000000e+00   0.0000000e+00   4.7257697e+03   1.8860500e+05
   0.0000000e+00   0.0000000e+00   4.7257697e+03   1.9123200e+05
   0.0000000e+00   0.0000000e+00   4.7257697e+03   1.9322200e+05
   0.0000000e+00   0.0000000e+00   4.7257697e+03   1.9641200e+05
   0.0000000e+00   0.0000000e+00   4.7257697e+03   1.9666400e+05
   0.0000000e+00   0.0000000e+00   4.7224813e+03   1.9745000e+05
   0.0000000e+00   0.0000000e+00   4.7224813e+03   1.9750400e+05
   0.0000000e+00   0.0000000e+00   4.7224813e+03   1.9752700e+05
   0.0000000e+00   0.0000000e+00   4.7224813e+03   1.9820700e+05
   0.0000000e+00   0.0000000e+00   4.7224813e+03   1.9825800e+05
   0.0000000e+00   0.0000000e+00   4.7222033e+03   1.9830100e+05
   0.0000000e+00   0.0000000e+00   4.7222033e+03   1.9849400e+05
   0.0000000e+00   0.0000000e+00   4.7222033e+03   1.9947900e+05
