   2.9878443e+02   7.0894438e+00   1.8215136e+04   4.0000000e+00
   2.9840348e+02   7.0101979e+00   1.8557779e+04   7.0000000e+00
   2.9627520e+02   6.8606700e+00   1.8883020e+04   9.0000000e+00
   2.8224965e+02   6.9143051e+00   1.8838529e+04   1.1000000e+01
   2.8179978e+02   6.8898603e+00   1.8789299e+04   1.2000000e+01
   2.7917607e+02   6.4898049e+00   1.9010401e+04   1.3000000e+01
   2.6071864e+02   6.1948272e+00   1.8896961e+04   1.7000000e+01
   2.5908312e+02   5.9359348e+00   1.9286571e+04   1.8000000e+01
   2.5468012e+02   4.8623002e+00   1.9296150e+04   2.1000000e+01
   2.4943684e+02   4.6796358e+00   1.9174664e+04   2.2000000e+01
   2.0264883e+02   3.4543497e+00   1.9004407e+04   2.8000000e+01
   1.9159565e+02   3.0101182e+00   1.8839379e+04   3.1000000e+01
   1.8596064e+02   2.6150858e+00   1.9215974e+04   3.2000000e+01
   1.8586374e+02   2.6240555e+00   1.9187417e+04   3.3000000e+01
   1.8239303e+02   2.1191702e+00   1.9478360e+04   3.6000000e+01
   1.7643098e+02   2.1600717e+00   1.9473931e+04   3.7000000e+01
   1.7579115e+02   2.0081334e+00   1.9485237e+04   3.8000000e+01
   1.6942179e+02   1.7726930e+00   1.9990603e+04   4.2000000e+01
   1.6605446e+02   1.6590024e+00   2.0029093e+04   4.4000000e+01
   1.6540533e+02   1.6559381e+00   2.0281722e+04   4.6000000e+01
   1.6360252e+02   1.6373593e+00   2.0334554e+04   4.9000000e+01
   1.6163788e+02   1.5903948e+00   2.0918146e+04   5.2000000e+01
   1.6131065e+02   1.4898473e+00   2.0906511e+04   5.3000000e+01
   1.6079903e+02   1.4155345e+00   2.0927126e+04   5.5000000e+01
   1.5743190e+02   1.8097831e+00   2.0546070e+04   5.9000000e+01
   1.5731371e+02   1.7968674e+00   2.0846485e+04   6.0000000e+01
   1.5722898e+02   1.8719835e+00   2.0537245e+04   6.2000000e+01
   1.5717617e+02   1.8557611e+00   2.0448925e+04   6.3000000e+01
   1.4939410e+02   1.8231615e+00   2.0479384e+04   6.5000000e+01
   1.4544094e+02   1.4468798e+00   2.0775555e+04   6.6000000e+01
   1.4515433e+02   1.4459968e+00   2.0918033e+04   6.7000000e+01
   1.4484012e+02   1.4055925e+00   2.1291420e+04   6.8000000e+01
   1.4472067e+02   1.3962629e+00   2.1292783e+04   7.1000000e+01
   1.3340935e+02   1.4213499e+00   2.1424421e+04   7.2000000e+01
   1.3230452e+02   1.4400198e+00   2.1384021e+04   7.4000000e+01
   1.3219483e+02   1.4407880e+00   2.1809833e+04   7.6000000e+01
   1.2923518e+02   1.3010526e+00   2.1768702e+04   7.8000000e+01
   1.0772374e+02   1.3359696e+00   2.2022758e+04   7.9000000e+01
   1.0707253e+02   1.3339673e+00   2.1849197e+04   8.0000000e+01
   1.0224383e+02   7.3917447e-01   2.2179581e+04   8.4000000e+01
   1.0221915e+02   7.3606748e-01   2.2167824e+04   8.6000000e+01
   1.0148977e+02   7.1744878e-01   2.2113438e+04   8.7000000e+01
   9.9215953e+01   6.5013394e-01   2.2489121e+04   8.8000000e+01
   9.7658194e+01   5.6045173e-01   2.2432865e+04   9.0000000e+01
   9.5440048e+01   5.5839457e-01   2.2336993e+04   9.1000000e+01
   9.4671796e+01   5.6342739e-01   2.2559667e+04   9.2000000e+01
   8.8151332e+01   5.2309371e-01   2.2964692e+04   9.3000000e+01
   8.7639300e+01   5.2118044e-01   2.2889607e+04   9.6000000e+01
   8.6908486e+01   5.3345229e-01   2.2665991e+04   9.7000000e+01
   8.4009218e+01   4.7611470e-01   2.2691541e+04   1.0000000e+02
   8.1738781e+01   4.7957441e-01   2.3225626e+04   1.0100000e+02
   7.8334738e+01   4.7594732e-01   2.3768286e+04   1.0300000e+02
   7.7041618e+01   3.9652382e-01   2.3562139e+04   1.0900000e+02
   7.4075768e+01   3.9150795e-01   2.3438347e+04   1.1000000e+02
   7.3439209e+01   3.6864196e-01   2.3512147e+04   1.1100000e+02
   7.2770027e+01   3.6920873e-01   2.3710986e+04   1.1400000e+02
   7.1812787e+01   3.2758421e-01   2.3755673e+04   1.1500000e+02
   7.1459383e+01   2.8104653e-01   2.3830679e+04   1.1600000e+02
   7.1363334e+01   2.7780858e-01   2.4101375e+04   1.1800000e+02
   6.9303217e+01   2.6631906e-01   2.4449660e+04   1.1900000e+02
   6.9002132e+01   2.4280225e-01   2.4513330e+04   1.2400000e+02
   6.8972995e+01   2.4176554e-01   2.4558826e+04   1.2500000e+02
   6.8952808e+01   2.3794604e-01   2.4877816e+04   1.3100000e+02
   6.8721779e+01   2.3602224e-01   2.5235717e+04   1.3200000e+02
   6.7376196e+01   1.3236372e-01   2.5603949e+04   1.3800000e+02
   6.7336390e+01   1.3286207e-01   2.5565075e+04   1.4500000e+02
   6.7280526e+01   1.3474576e-01   2.5291006e+04   1.4800000e+02
   6.6482678e+01   1.2402559e-01   2.5509036e+04   1.4900000e+02
   6.6005509e+01   1.2472228e-01   2.5244905e+04   1.5800000e+02
   6.5945548e+01   1.2712919e-01   2.5268400e+04   1.5900000e+02
   6.5844030e+01   1.1655738e-01   2.5680271e+04   1.6000000e+02
   6.5633064e+01   1.1953420e-01   2.5626148e+04   1.6100000e+02
   2.3262200e+01   0.0000000e+00   2.5602297e+04   1.6200000e+02
   2.0580032e+01   0.0000000e+00   2.5464716e+04   1.6300000e+02
   2.0143418e+01   0.0000000e+00   2.5801389e+04   1.6400000e+02
   1.9686012e+01   0.0000000e+00   2.5939220e+04   1.6600000e+02
   1.9660205e+01   0.0000000e+00   2.5842508e+04   1.6700000e+02
   1.9389169e+01   0.0000000e+00   2.5671073e+04   1.6900000e+02
   1.9306824e+01   0.0000000e+00   2.5447807e+04   1.7000000e+02
   1.9171677e+01   0.0000000e+00   2.5840312e+04   1.7600000e+02
   1.9001429e+01   0.0000000e+00   2.6293539e+04   1.7800000e+02
   1.8941920e+01   0.0000000e+00   2.6312692e+04   1.8100000e+02
   1.8285124e+01   0.0000000e+00   2.6320273e+04   1.8200000e+02
   1.8284000e+01   0.0000000e+00   2.6249169e+04   1.8700000e+02
   1.7956231e+01   0.0000000e+00   2.6275712e+04   1.8900000e+02
   1.7883990e+01   0.0000000e+00   2.6514959e+04   1.9000000e+02
   1.7571170e+01   0.0000000e+00   2.6998641e+04   1.9200000e+02
   1.7388421e+01   0.0000000e+00   2.6829832e+04   2.0000000e+02
   1.7310762e+01   0.0000000e+00   2.7083145e+04   2.0100000e+02
   1.6642345e+01   0.0000000e+00   2.7535920e+04   2.1300000e+02
   1.6618177e+01   0.0000000e+00   2.7755780e+04   2.1600000e+02
   1.6390518e+01   0.0000000e+00   2.8054762e+04   2.2200000e+02
   1.6366325e+01   0.0000000e+00   2.8222740e+04   2.2400000e+02
   1.5825410e+01   0.0000000e+00   2.7884441e+04   2.2600000e+02
   1.5582926e+01   0.0000000e+00   2.8247802e+04   2.2700000e+02
   1.5577258e+01   0.0000000e+00   2.8385445e+04   2.3000000e+02
   1.5292818e+01   0.0000000e+00   2.8897558e+04   2.3300000e+02
   1.5190831e+01   0.0000000e+00   2.8937582e+04   2.3500000e+02
   1.5146377e+01   0.0000000e+00   2.8872138e+04   2.3600000e+02
   1.5069444e+01   0.0000000e+00   2.8838242e+04   2.3700000e+02
   1.4896762e+01   0.0000000e+00   2.8777054e+04   2.3800000e+02
   1.1427550e+01   0.0000000e+00   2.8750752e+04   2.4500000e+02
   1.1415792e+01   0.0000000e+00   2.9094117e+04   2.5100000e+02
   1.1394123e+01   0.0000000e+00   2.8948105e+04   2.5200000e+02
   1.1178550e+01   0.0000000e+00   2.8862821e+04   2.5500000e+02
   1.0640056e+01   0.0000000e+00   2.8406934e+04   2.5800000e+02
   1.0582282e+01   0.0000000e+00   2.8557744e+04   2.6100000e+02
   9.5043088e+00   0.0000000e+00   2.8858152e+04   2.6800000e+02
   9.4251729e+00   0.0000000e+00   2.9033124e+04   2.7000000e+02
   9.3039455e+00   0.0000000e+00   2.8776756e+04   2.7500000e+02
   9.2968079e+00   0.0000000e+00   2.8755806e+04   2.7700000e+02
   8.4617784e+00   0.0000000e+00   2.8527854e+04   2.7900000e+02
   8.4246160e+00   0.0000000e+00   2.8368904e+04   2.8200000e+02
   7.9495866e+00   0.0000000e+00   2.8226081e+04   2.8800000e+02
   7.6465129e+00   0.0000000e+00   2.8514308e+04   2.8900000e+02
   7.6452752e+00   0.0000000e+00   2.8574921e+04   2.9100000e+02
   7.5384284e+00   0.0000000e+00   2.8453292e+04   2.9500000e+02
   7.4543997e+00   0.0000000e+00   2.8137113e+04   2.9700000e+02
   7.4162725e+00   0.0000000e+00   2.7995461e+04   3.0300000e+02
   7.3626056e+00   0.0000000e+00   2.7879769e+04   3.0500000e+02
   7.2890485e+00   0.0000000e+00   2.7635146e+04   3.1500000e+02
   7.1999150e+00   0.0000000e+00   2.7337599e+04   3.2200000e+02
   7.1858896e+00   0.0000000e+00   2.7298879e+04   3.2700000e+02
   7.0663494e+00   0.0000000e+00   2.7070244e+04   3.3100000e+02
   6.8896795e+00   0.0000000e+00   2.7502226e+04   3.3300000e+02
   6.2898726e+00   0.0000000e+00   2.7217056e+04   3.3400000e+02
   5.9591852e+00   0.0000000e+00   2.7160585e+04   3.4200000e+02
   5.7746285e+00   0.0000000e+00   2.7375177e+04   3.4700000e+02
   5.7406179e+00   0.0000000e+00   2.7117495e+04   3.5700000e+02
   5.4669947e+00   0.0000000e+00   2.7615329e+04   3.6100000e+02
   5.4590355e+00   0.0000000e+00   2.7518437e+04   3.6900000e+02
   5.4574386e+00   0.0000000e+00   2.7414055e+04   3.7700000e+02
   5.3448272e+00   0.0000000e+00   2.7712154e+04   3.7800000e+02
   5.3144676e+00   0.0000000e+00   2.7495976e+04   3.8000000e+02
   5.2885129e+00   0.0000000e+00   2.7772843e+04   3.8300000e+02
   5.2421764e+00   0.0000000e+00   2.7637055e+04   3.8400000e+02
   5.2270960e+00   0.0000000e+00   2.8134682e+04   3.9100000e+02
   5.2217360e+00   0.0000000e+00   2.8248859e+04   3.9300000e+02
   5.1281577e+00   0.0000000e+00   2.8370166e+04   4.0600000e+02
   5.0982233e+00   0.0000000e+00   2.8074214e+04   4.0800000e+02
   5.0978277e+00   0.0000000e+00   2.7964169e+04   4.1200000e+02
   4.2166204e+00   0.0000000e+00   2.7884588e+04   4.1500000e+02
   3.9897060e+00   0.0000000e+00   2.8127525e+04   4.2000000e+02
   3.8897384e+00   0.0000000e+00   2.8138686e+04   4.2500000e+02
   3.8327391e+00   0.0000000e+00   2.8012335e+04   4.2600000e+02
   3.7930472e+00   0.0000000e+00   2.7802509e+04   4.2700000e+02
   3.7807858e+00   0.0000000e+00   2.8269221e+04   4.3400000e+02
   3.6652777e+00   0.0000000e+00   2.8685842e+04   4.4100000e+02
   3.6329411e+00   0.0000000e+00   2.8870126e+04   4.4800000e+02
   3.5932235e+00   0.0000000e+00   2.8945065e+04   4.4900000e+02
   3.5212843e+00   0.0000000e+00   2.9152657e+04   4.5100000e+02
   1.9119286e+00   0.0000000e+00   2.9530020e+04   4.5500000e+02
   1.8795612e+00   0.0000000e+00   2.9383104e+04   4.5700000e+02
   1.8782413e+00   0.0000000e+00   2.9563622e+04   4.6800000e+02
   1.8311995e+00   0.0000000e+00   2.9456508e+04   4.7000000e+02
   1.7151985e+00   0.0000000e+00   2.9985042e+04   4.7100000e+02
   1.7048124e+00   0.0000000e+00   3.0321988e+04   4.8000000e+02
   1.7024983e+00   0.0000000e+00   3.0628644e+04   4.9500000e+02
   1.5989460e+00   0.0000000e+00   3.0970116e+04   4.9700000e+02
   1.5783103e+00   0.0000000e+00   3.0617521e+04   5.0000000e+02
   1.5511267e+00   0.0000000e+00   3.0703323e+04   5.0100000e+02
   1.5221926e+00   0.0000000e+00   3.0870790e+04   5.0400000e+02
   6.1063089e-01   0.0000000e+00   3.0778883e+04   5.0700000e+02
   6.0273465e-01   0.0000000e+00   3.0788320e+04   5.1000000e+02
   5.8444042e-01   0.0000000e+00   3.0371010e+04   5.1400000e+02
   5.7830178e-01   0.0000000e+00   3.0277614e+04   5.1900000e+02
   5.3695313e-01   0.0000000e+00   3.0668536e+04   5.2100000e+02
   5.1513593e-01   0.0000000e+00   3.0530594e+04   5.2200000e+02
   4.6532699e-01   0.0000000e+00   3.0534916e+04   5.2700000e+02
   4.4798212e-01   0.0000000e+00   3.0681564e+04   5.3000000e+02
   4.4279900e-01   0.0000000e+00   3.0473264e+04   5.3400000e+02
   4.2353775e-01   0.0000000e+00   3.1128189e+04   5.3500000e+02
   3.4104759e-01   0.0000000e+00   3.0972679e+04   5.3800000e+02
   3.1698308e-01   0.0000000e+00   3.1067884e+04   5.4600000e+02
   3.1648146e-01   0.0000000e+00   3.0993737e+04   5.6100000e+02
   2.9770953e-01   0.0000000e+00   3.0709892e+04   5.6900000e+02
   2.6656790e-01   0.0000000e+00   3.0417504e+04   5.8000000e+02
   2.6358197e-01   0.0000000e+00   3.0589070e+04   5.8400000e+02
   2.3239751e-01   0.0000000e+00   3.0475239e+04   5.8500000e+02
   1.5840507e-01   0.0000000e+00   3.0492639e+04   5.8700000e+02
   1.4277555e-01   0.0000000e+00   3.0256376e+04   5.9000000e+02
   6.4094416e-02   0.0000000e+00   3.0711359e+04   5.9100000e+02
   5.1858392e-02   0.0000000e+00   3.0604014e+04   5.9200000e+02
   3.9295123e-02   0.0000000e+00   3.0503233e+04   5.9400000e+02
   3.7281051e-02   0.0000000e+00   3.0587132e+04   5.9600000e+02
   2.8227742e-02   0.0000000e+00   3.0789060e+04   6.0700000e+02
   6.8161407e-03   0.0000000e+00   3.1100847e+04   6.0800000e+02
   4.9403772e-03   0.0000000e+00   3.1250275e+04   6.1100000e+02
   3.4868311e-03   0.0000000e+00   3.1073452e+04   6.1300000e+02
   0.0000000e+00   0.0000000e+00   3.1427283e+04   6.1400000e+02
   0.0000000e+00   0.0000000e+00   3.1231628e+04   6.2600000e+02
   0.0000000e+00   0.0000000e+00   3.0851765e+04   6.3300000e+02
   0.0000000e+00   0.0000000e+00   3.0746928e+04   6.3900000e+02
   0.0000000e+00   0.0000000e+00   3.0493195e+04   6.4000000e+02
   0.0000000e+00   0.0000000e+00   3.0382458e+04   6.5400000e+02
   0.0000000e+00   0.0000000e+00   3.0248160e+04   6.6100000e+02
   0.0000000e+00   0.0000000e+00   3.0224386e+04   6.6700000e+02
   0.0000000e+00   0.0000000e+00   2.9885703e+04   6.7100000e+02
   0.0000000e+00   0.0000000e+00   2.9621620e+04   6.8100000e+02
   0.0000000e+00   0.0000000e+00   2.9458646e+04   6.8400000e+02
   0.0000000e+00   0.0000000e+00   2.9259506e+04   6.9800000e+02
   0.0000000e+00   0.0000000e+00   2.8985857e+04   7.0000000e+02
   0.0000000e+00   0.0000000e+00   2.8883819e+04   7.0100000e+02
   0.0000000e+00   0.0000000e+00   2.8835389e+04   7.0200000e+02
   0.0000000e+00   0.0000000e+00   2.8791137e+04   7.0700000e+02
   0.0000000e+00   0.0000000e+00   2.8756987e+04   7.2000000e+02
   0.0000000e+00   0.0000000e+00   2.8614589e+04   7.3100000e+02
   0.0000000e+00   0.0000000e+00   2.8262671e+04   7.3200000e+02
   0.0000000e+00   0.0000000e+00   2.8255704e+04   7.3600000e+02
   0.0000000e+00   0.0000000e+00   2.8248930e+04   7.4800000e+02
   0.0000000e+00   0.0000000e+00   2.8183508e+04   7.5800000e+02
   0.0000000e+00   0.0000000e+00   2.8102579e+04   7.6500000e+02
   0.0000000e+00   0.0000000e+00   2.8028218e+04   7.7100000e+02
   0.0000000e+00   0.0000000e+00   2.7891719e+04   7.8400000e+02
   0.0000000e+00   0.0000000e+00   2.7842842e+04   7.9000000e+02
   0.0000000e+00   0.0000000e+00   2.7755635e+04   7.9100000e+02
   0.0000000e+00   0.0000000e+00   2.7665211e+04   7.9300000e+02
   0.0000000e+00   0.0000000e+00   2.7527704e+04   8.0700000e+02
   0.0000000e+00   0.0000000e+00   2.7416617e+04   8.0800000e+02
   0.0000000e+00   0.0000000e+00   2.7335225e+04   8.1700000e+02
   0.0000000e+00   0.0000000e+00   2.7327636e+04   8.2700000e+02
   0.0000000e+00   0.0000000e+00   2.7174174e+04   8.3200000e+02
   0.0000000e+00   0.0000000e+00   2.7144917e+04   8.3900000e+02
   0.0000000e+00   0.0000000e+00   2.7015286e+04   8.4000000e+02
   0.0000000e+00   0.0000000e+00   2.6945582e+04   8.5300000e+02
   0.0000000e+00   0.0000000e+00   2.6616721e+04   8.6400000e+02
   0.0000000e+00   0.0000000e+00   2.6571773e+04   8.6500000e+02
   0.0000000e+00   0.0000000e+00   2.6426342e+04   8.6900000e+02
   0.0000000e+00   0.0000000e+00   2.6368694e+04   8.8100000e+02
   0.0000000e+00   0.0000000e+00   2.6365481e+04   8.9200000e+02
   0.0000000e+00   0.0000000e+00   2.6305466e+04   8.9600000e+02
   0.0000000e+00   0.0000000e+00   2.6234741e+04   8.9700000e+02
   0.0000000e+00   0.0000000e+00   2.6102695e+04   9.0300000e+02
   0.0000000e+00   0.0000000e+00   2.6078839e+04   9.0600000e+02
   0.0000000e+00   0.0000000e+00   2.6056658e+04   9.1000000e+02
   0.0000000e+00   0.0000000e+00   2.5814856e+04   9.1400000e+02
   0.0000000e+00   0.0000000e+00   2.5479472e+04   9.1700000e+02
   0.0000000e+00   0.0000000e+00   2.5254765e+04   9.2200000e+02
   0.0000000e+00   0.0000000e+00   2.4966551e+04   9.4000000e+02
   0.0000000e+00   0.0000000e+00   2.4828551e+04   9.5400000e+02
   0.0000000e+00   0.0000000e+00   2.4594614e+04   9.6300000e+02
   0.0000000e+00   0.0000000e+00   2.4249524e+04   9.6700000e+02
   0.0000000e+00   0.0000000e+00   2.4195355e+04   9.6900000e+02
   0.0000000e+00   0.0000000e+00   2.3997831e+04   9.8900000e+02
   0.0000000e+00   0.0000000e+00   2.3966783e+04   1.0000000e+03
   0.0000000e+00   0.0000000e+00   2.3898787e+04   1.0030000e+03
   0.0000000e+00   0.0000000e+00   2.3780564e+04   1.0060000e+03
   0.0000000e+00   0.0000000e+00   2.3613998e+04   1.0110000e+03
   0.0000000e+00   0.0000000e+00   2.3378499e+04   1.0120000e+03
   0.0000000e+00   0.0000000e+00   2.3318193e+04   1.0190000e+03
   0.0000000e+00   0.0000000e+00   2.3253540e+04   1.0220000e+03
   0.0000000e+00   0.0000000e+00   2.3088352e+04   1.0230000e+03
   0.0000000e+00   0.0000000e+00   2.3060519e+04   1.0280000e+03
   0.0000000e+00   0.0000000e+00   2.2960898e+04   1.0350000e+03
   0.0000000e+00   0.0000000e+00   2.2896055e+04   1.0360000e+03
   0.0000000e+00   0.0000000e+00   2.2872142e+04   1.0400000e+03
   0.0000000e+00   0.0000000e+00   2.2867026e+04   1.0460000e+03
   0.0000000e+00   0.0000000e+00   2.2628099e+04   1.0570000e+03
   0.0000000e+00   0.0000000e+00   2.2553391e+04   1.0790000e+03
   0.0000000e+00   0.0000000e+00   2.2230223e+04   1.0930000e+03
   0.0000000e+00   0.0000000e+00   2.2221250e+04   1.0960000e+03
   0.0000000e+00   0.0000000e+00   2.2087838e+04   1.0970000e+03
   0.0000000e+00   0.0000000e+00   2.1905643e+04   1.0980000e+03
   0.0000000e+00   0.0000000e+00   2.1870823e+04   1.1040000e+03
   0.0000000e+00   0.0000000e+00   2.1810400e+04   1.1070000e+03
   0.0000000e+00   0.0000000e+00   2.1711551e+04   1.1090000e+03
   0.0000000e+00   0.0000000e+00   2.1665200e+04   1.1150000e+03
   0.0000000e+00   0.0000000e+00   2.1446373e+04   1.1160000e+03
   0.0000000e+00   0.0000000e+00   2.1445616e+04   1.1180000e+03
   0.0000000e+00   0.0000000e+00   2.1303327e+04   1.1200000e+03
   0.0000000e+00   0.0000000e+00   2.1195048e+04   1.1280000e+03
   0.0000000e+00   0.0000000e+00   2.1115448e+04   1.1290000e+03
   0.0000000e+00   0.0000000e+00   2.1103740e+04   1.1340000e+03
   0.0000000e+00   0.0000000e+00   2.1019276e+04   1.1390000e+03
   0.0000000e+00   0.0000000e+00   2.1006849e+04   1.1430000e+03
   0.0000000e+00   0.0000000e+00   2.0886943e+04   1.1440000e+03
   0.0000000e+00   0.0000000e+00   2.0700282e+04   1.1480000e+03
   0.0000000e+00   0.0000000e+00   2.0679625e+04   1.1570000e+03
   0.0000000e+00   0.0000000e+00   2.0543468e+04   1.1580000e+03
   0.0000000e+00   0.0000000e+00   2.0445321e+04   1.1590000e+03
   0.0000000e+00   0.0000000e+00   2.0443362e+04   1.1640000e+03
   0.0000000e+00   0.0000000e+00   2.0211562e+04   1.1680000e+03
   0.0000000e+00   0.0000000e+00   2.0034401e+04   1.1690000e+03
   0.0000000e+00   0.0000000e+00   1.9995957e+04   1.2040000e+03
   0.0000000e+00   0.0000000e+00   1.9921683e+04   1.2160000e+03
   0.0000000e+00   0.0000000e+00   1.9847451e+04   1.2210000e+03
   0.0000000e+00   0.0000000e+00   1.9797723e+04   1.2260000e+03
   0.0000000e+00   0.0000000e+00   1.9787651e+04   1.2270000e+03
   0.0000000e+00   0.0000000e+00   1.9692887e+04   1.2440000e+03
   0.0000000e+00   0.0000000e+00   1.9675456e+04   1.2710000e+03
   0.0000000e+00   0.0000000e+00   1.9658181e+04   1.2730000e+03
   0.0000000e+00   0.0000000e+00   1.9593236e+04   1.2820000e+03
   0.0000000e+00   0.0000000e+00   1.9581199e+04   1.3120000e+03
   0.0000000e+00   0.0000000e+00   1.9485824e+04   1.3150000e+03
   0.0000000e+00   0.0000000e+00   1.9467274e+04   1.3370000e+03
   0.0000000e+00   0.0000000e+00   1.9418538e+04   1.3480000e+03
   0.0000000e+00   0.0000000e+00   1.9312377e+04   1.3820000e+03
   0.0000000e+00   0.0000000e+00   1.9279163e+04   1.3890000e+03
   0.0000000e+00   0.0000000e+00   1.9169621e+04   1.3900000e+03
   0.0000000e+00   0.0000000e+00   1.8913210e+04   1.4120000e+03
   0.0000000e+00   0.0000000e+00   1.8885552e+04   1.4160000e+03
   0.0000000e+00   0.0000000e+00   1.8698176e+04   1.4450000e+03
   0.0000000e+00   0.0000000e+00   1.8614065e+04   1.4610000e+03
   0.0000000e+00   0.0000000e+00   1.8586121e+04   1.4740000e+03
   0.0000000e+00   0.0000000e+00   1.8544711e+04   1.4750000e+03
   0.0000000e+00   0.0000000e+00   1.8394587e+04   1.4860000e+03
   0.0000000e+00   0.0000000e+00   1.8293426e+04   1.5050000e+03
   0.0000000e+00   0.0000000e+00   1.8182277e+04   1.5090000e+03
   0.0000000e+00   0.0000000e+00   1.8103088e+04   1.5110000e+03
   0.0000000e+00   0.0000000e+00   1.8098284e+04   1.5270000e+03
   0.0000000e+00   0.0000000e+00   1.7835698e+04   1.5300000e+03
   0.0000000e+00   0.0000000e+00   1.7818491e+04   1.5350000e+03
   0.0000000e+00   0.0000000e+00   1.7686553e+04   1.5360000e+03
   0.0000000e+00   0.0000000e+00   1.7472686e+04   1.5450000e+03
   0.0000000e+00   0.0000000e+00   1.7422279e+04   1.5470000e+03
   0.0000000e+00   0.0000000e+00   1.7381239e+04   1.5810000e+03
   0.0000000e+00   0.0000000e+00   1.7252425e+04   1.5910000e+03
   0.0000000e+00   0.0000000e+00   1.7208083e+04   1.5970000e+03
   0.0000000e+00   0.0000000e+00   1.6786417e+04   1.6060000e+03
   0.0000000e+00   0.0000000e+00   1.6751838e+04   1.6230000e+03
   0.0000000e+00   0.0000000e+00   1.6700962e+04   1.6350000e+03
   0.0000000e+00   0.0000000e+00   1.6677283e+04   1.6740000e+03
   0.0000000e+00   0.0000000e+00   1.6629112e+04   1.6850000e+03
   0.0000000e+00   0.0000000e+00   1.6611262e+04   1.7140000e+03
   0.0000000e+00   0.0000000e+00   1.6478080e+04   1.7240000e+03
   0.0000000e+00   0.0000000e+00   1.6461028e+04   1.7430000e+03
   0.0000000e+00   0.0000000e+00   1.6428520e+04   1.7460000e+03
   0.0000000e+00   0.0000000e+00   1.6374495e+04   1.7990000e+03
   0.0000000e+00   0.0000000e+00   1.6357014e+04   1.8080000e+03
   0.0000000e+00   0.0000000e+00   1.6336251e+04   1.8320000e+03
   0.0000000e+00   0.0000000e+00   1.6301426e+04   1.8450000e+03
   0.0000000e+00   0.0000000e+00   1.6221829e+04   1.8680000e+03
   0.0000000e+00   0.0000000e+00   1.6185898e+04   1.8750000e+03
   0.0000000e+00   0.0000000e+00   1.6156494e+04   1.8790000e+03
   0.0000000e+00   0.0000000e+00   1.6151794e+04   1.8820000e+03
   0.0000000e+00   0.0000000e+00   1.5881973e+04   1.8890000e+03
   0.0000000e+00   0.0000000e+00   1.5797407e+04   1.9200000e+03
   0.0000000e+00   0.0000000e+00   1.5795888e+04   1.9240000e+03
   0.0000000e+00   0.0000000e+00   1.5764258e+04   1.9330000e+03
   0.0000000e+00   0.0000000e+00   1.5719495e+04   1.9370000e+03
   0.0000000e+00   0.0000000e+00   1.5660195e+04   1.9550000e+03
   0.0000000e+00   0.0000000e+00   1.5638062e+04   1.9620000e+03
   0.0000000e+00   0.0000000e+00   1.5556574e+04   1.9670000e+03
   0.0000000e+00   0.0000000e+00   1.5554485e+04   1.9940000e+03
   0.0000000e+00   0.0000000e+00   1.5418026e+04   2.0020000e+03
   0.0000000e+00   0.0000000e+00   1.5369204e+04   2.0030000e+03
   0.0000000e+00   0.0000000e+00   1.5302177e+04   2.0120000e+03
   0.0000000e+00   0.0000000e+00   1.5296735e+04   2.0140000e+03
   0.0000000e+00   0.0000000e+00   1.5271082e+04   2.0220000e+03
   0.0000000e+00   0.0000000e+00   1.5227486e+04   2.0290000e+03
   0.0000000e+00   0.0000000e+00   1.5193671e+04   2.0420000e+03
   0.0000000e+00   0.0000000e+00   1.5121700e+04   2.0630000e+03
   0.0000000e+00   0.0000000e+00   1.5118476e+04   2.0730000e+03
   0.0000000e+00   0.0000000e+00   1.5081177e+04   2.0800000e+03
   0.0000000e+00   0.0000000e+00   1.4995924e+04   2.1050000e+03
   0.0000000e+00   0.0000000e+00   1.4975430e+04   2.1460000e+03
   0.0000000e+00   0.0000000e+00   1.4956413e+04   2.1580000e+03
   0.0000000e+00   0.0000000e+00   1.4919717e+04   2.1620000e+03
   0.0000000e+00   0.0000000e+00   1.4868456e+04   2.1760000e+03
   0.0000000e+00   0.0000000e+00   1.4818634e+04   2.1840000e+03
   0.0000000e+00   0.0000000e+00   1.4701404e+04   2.2140000e+03
   0.0000000e+00   0.0000000e+00   1.4562606e+04   2.2310000e+03
   0.0000000e+00   0.0000000e+00   1.4461808e+04   2.2580000e+03
   0.0000000e+00   0.0000000e+00   1.4444516e+04   2.2590000e+03
   0.0000000e+00   0.0000000e+00   1.4330565e+04   2.2600000e+03
   0.0000000e+00   0.0000000e+00   1.4299524e+04   2.2630000e+03
   0.0000000e+00   0.0000000e+00   1.4248174e+04   2.2780000e+03
   0.0000000e+00   0.0000000e+00   1.4245125e+04   2.2830000e+03
   0.0000000e+00   0.0000000e+00   1.4038490e+04   2.2850000e+03
   0.0000000e+00   0.0000000e+00   1.4030157e+04   2.2920000e+03
   0.0000000e+00   0.0000000e+00   1.3980990e+04   2.2980000e+03
   0.0000000e+00   0.0000000e+00   1.3952437e+04   2.2990000e+03
   0.0000000e+00   0.0000000e+00   1.3840277e+04   2.3060000e+03
   0.0000000e+00   0.0000000e+00   1.3681637e+04   2.3090000e+03
   0.0000000e+00   0.0000000e+00   1.3677821e+04   2.3150000e+03
   0.0000000e+00   0.0000000e+00   1.3659134e+04   2.3190000e+03
   0.0000000e+00   0.0000000e+00   1.3621660e+04   2.3240000e+03
   0.0000000e+00   0.0000000e+00   1.3502480e+04   2.3610000e+03
   0.0000000e+00   0.0000000e+00   1.3492801e+04   2.3630000e+03
   0.0000000e+00   0.0000000e+00   1.3394722e+04   2.3750000e+03
   0.0000000e+00   0.0000000e+00   1.3186539e+04   2.3780000e+03
   0.0000000e+00   0.0000000e+00   1.3136237e+04   2.3820000e+03
   0.0000000e+00   0.0000000e+00   1.3128643e+04   2.3960000e+03
   0.0000000e+00   0.0000000e+00   1.3126306e+04   2.3980000e+03
   0.0000000e+00   0.0000000e+00   1.3089085e+04   2.4050000e+03
   0.0000000e+00   0.0000000e+00   1.3033844e+04   2.4270000e+03
   0.0000000e+00   0.0000000e+00   1.3023991e+04   2.4880000e+03
   0.0000000e+00   0.0000000e+00   1.3015858e+04   2.4950000e+03
   0.0000000e+00   0.0000000e+00   1.2923883e+04   2.5020000e+03
   0.0000000e+00   0.0000000e+00   1.2835714e+04   2.5180000e+03
   0.0000000e+00   0.0000000e+00   1.2809332e+04   2.5210000e+03
   0.0000000e+00   0.0000000e+00   1.2741287e+04   2.5410000e+03
   0.0000000e+00   0.0000000e+00   1.2700597e+04   2.5530000e+03
   0.0000000e+00   0.0000000e+00   1.2677242e+04   2.5580000e+03
   0.0000000e+00   0.0000000e+00   1.2668035e+04   2.5670000e+03
   0.0000000e+00   0.0000000e+00   1.2642489e+04   2.5690000e+03
   0.0000000e+00   0.0000000e+00   1.2595164e+04   2.6160000e+03
   0.0000000e+00   0.0000000e+00   1.2509826e+04   2.6170000e+03
   0.0000000e+00   0.0000000e+00   1.2379682e+04   2.6390000e+03
   0.0000000e+00   0.0000000e+00   1.2319128e+04   2.6560000e+03
   0.0000000e+00   0.0000000e+00   1.2310813e+04   2.6580000e+03
   0.0000000e+00   0.0000000e+00   1.2252598e+04   2.6630000e+03
   0.0000000e+00   0.0000000e+00   1.2199381e+04   2.8170000e+03
   0.0000000e+00   0.0000000e+00   1.2181092e+04   2.8850000e+03
   0.0000000e+00   0.0000000e+00   1.2154403e+04   2.8890000e+03
   0.0000000e+00   0.0000000e+00   1.2080458e+04   2.9530000e+03
   0.0000000e+00   0.0000000e+00   1.2067186e+04   2.9630000e+03
   0.0000000e+00   0.0000000e+00   1.2036371e+04   2.9680000e+03
   0.0000000e+00   0.0000000e+00   1.1971275e+04   2.9720000e+03
   0.0000000e+00   0.0000000e+00   1.1891009e+04   2.9770000e+03
   0.0000000e+00   0.0000000e+00   1.1881350e+04   2.9810000e+03
   0.0000000e+00   0.0000000e+00   1.1880974e+04   2.9920000e+03
   0.0000000e+00   0.0000000e+00   1.1852771e+04   3.0040000e+03
   0.0000000e+00   0.0000000e+00   1.1836707e+04   3.0220000e+03
   0.0000000e+00   0.0000000e+00   1.1812807e+04   3.0530000e+03
   0.0000000e+00   0.0000000e+00   1.1802151e+04   3.0700000e+03
   0.0000000e+00   0.0000000e+00   1.1778680e+04   3.0710000e+03
   0.0000000e+00   0.0000000e+00   1.1765544e+04   3.1040000e+03
   0.0000000e+00   0.0000000e+00   1.1752244e+04   3.1290000e+03
   0.0000000e+00   0.0000000e+00   1.1726248e+04   3.1500000e+03
   0.0000000e+00   0.0000000e+00   1.1714345e+04   3.1540000e+03
   0.0000000e+00   0.0000000e+00   1.1654719e+04   3.1660000e+03
   0.0000000e+00   0.0000000e+00   1.1634691e+04   3.1910000e+03
   0.0000000e+00   0.0000000e+00   1.1633289e+04   3.2280000e+03
   0.0000000e+00   0.0000000e+00   1.1629664e+04   3.2580000e+03
   0.0000000e+00   0.0000000e+00   1.1627475e+04   3.2590000e+03
   0.0000000e+00   0.0000000e+00   1.1597578e+04   3.2730000e+03
   0.0000000e+00   0.0000000e+00   1.1590997e+04   3.3030000e+03
   0.0000000e+00   0.0000000e+00   1.1518754e+04   3.3180000e+03
   0.0000000e+00   0.0000000e+00   1.1516521e+04   3.3220000e+03
   0.0000000e+00   0.0000000e+00   1.1471081e+04   3.3240000e+03
   0.0000000e+00   0.0000000e+00   1.1466037e+04   3.3320000e+03
   0.0000000e+00   0.0000000e+00   1.1451218e+04   3.3510000e+03
   0.0000000e+00   0.0000000e+00   1.1419247e+04   3.3990000e+03
   0.0000000e+00   0.0000000e+00   1.1391182e+04   3.4220000e+03
   0.0000000e+00   0.0000000e+00   1.1387152e+04   3.5710000e+03
   0.0000000e+00   0.0000000e+00   1.1369502e+04   3.6080000e+03
   0.0000000e+00   0.0000000e+00   1.1353773e+04   3.6130000e+03
   0.0000000e+00   0.0000000e+00   1.1292044e+04   3.6190000e+03
   0.0000000e+00   0.0000000e+00   1.1239084e+04   3.6280000e+03
   0.0000000e+00   0.0000000e+00   1.1157044e+04   3.6410000e+03
   0.0000000e+00   0.0000000e+00   1.1119161e+04   3.6450000e+03
   0.0000000e+00   0.0000000e+00   1.1115810e+04   3.6620000e+03
   0.0000000e+00   0.0000000e+00   1.1069842e+04   3.6830000e+03
   0.0000000e+00   0.0000000e+00   1.1040968e+04   3.7130000e+03
   0.0000000e+00   0.0000000e+00   1.1040921e+04   3.7240000e+03
   0.0000000e+00   0.0000000e+00   1.1032667e+04   3.7280000e+03
   0.0000000e+00   0.0000000e+00   1.1025532e+04   3.7700000e+03
   0.0000000e+00   0.0000000e+00   1.1022693e+04   3.7720000e+03
   0.0000000e+00   0.0000000e+00   1.0992976e+04   3.9080000e+03
   0.0000000e+00   0.0000000e+00   1.0983418e+04   4.1290000e+03
   0.0000000e+00   0.0000000e+00   1.0962635e+04   4.1860000e+03
   0.0000000e+00   0.0000000e+00   1.0945985e+04   4.1910000e+03
   0.0000000e+00   0.0000000e+00   1.0920065e+04   4.2330000e+03
   0.0000000e+00   0.0000000e+00   1.0892907e+04   4.2390000e+03
   0.0000000e+00   0.0000000e+00   1.0878644e+04   4.2610000e+03
   0.0000000e+00   0.0000000e+00   1.0877065e+04   4.2680000e+03
   0.0000000e+00   0.0000000e+00   1.0836150e+04   4.3300000e+03
   0.0000000e+00   0.0000000e+00   1.0807975e+04   4.4450000e+03
   0.0000000e+00   0.0000000e+00   1.0806443e+04   4.5560000e+03
   0.0000000e+00   0.0000000e+00   1.0794292e+04   4.5720000e+03
   0.0000000e+00   0.0000000e+00   1.0769951e+04   4.5880000e+03
   0.0000000e+00   0.0000000e+00   1.0754428e+04   4.6070000e+03
   0.0000000e+00   0.0000000e+00   1.0752917e+04   4.6280000e+03
   0.0000000e+00   0.0000000e+00   1.0693952e+04   4.6600000e+03
   0.0000000e+00   0.0000000e+00   1.0674471e+04   4.6800000e+03
   0.0000000e+00   0.0000000e+00   1.0671108e+04   4.7230000e+03
   0.0000000e+00   0.0000000e+00   1.0632358e+04   4.7350000e+03
   0.0000000e+00   0.0000000e+00   1.0628595e+04   4.8370000e+03
   0.0000000e+00   0.0000000e+00   1.0595716e+04   5.0740000e+03
   0.0000000e+00   0.0000000e+00   1.0591207e+04   5.2000000e+03
   0.0000000e+00   0.0000000e+00   1.0587526e+04   5.3090000e+03
   0.0000000e+00   0.0000000e+00   1.0540354e+04   5.3120000e+03
   0.0000000e+00   0.0000000e+00   1.0527288e+04   5.5090000e+03
   0.0000000e+00   0.0000000e+00   1.0524318e+04   5.6260000e+03
   0.0000000e+00   0.0000000e+00   1.0509508e+04   5.6360000e+03
   0.0000000e+00   0.0000000e+00   1.0488053e+04   5.6510000e+03
   0.0000000e+00   0.0000000e+00   1.0466825e+04   5.6970000e+03
   0.0000000e+00   0.0000000e+00   1.0450380e+04   5.9430000e+03
   0.0000000e+00   0.0000000e+00   1.0399145e+04   5.9790000e+03
   0.0000000e+00   0.0000000e+00   1.0377969e+04   5.9880000e+03
   0.0000000e+00   0.0000000e+00   1.0355349e+04   6.1360000e+03
   0.0000000e+00   0.0000000e+00   1.0352573e+04   6.1520000e+03
   0.0000000e+00   0.0000000e+00   1.0352114e+04   6.1580000e+03
   0.0000000e+00   0.0000000e+00   1.0349732e+04   6.2290000e+03
   0.0000000e+00   0.0000000e+00   1.0346007e+04   6.5370000e+03
   0.0000000e+00   0.0000000e+00   1.0342361e+04   6.6320000e+03
   0.0000000e+00   0.0000000e+00   1.0334234e+04   6.6330000e+03
   0.0000000e+00   0.0000000e+00   1.0330505e+04   6.6750000e+03
   0.0000000e+00   0.0000000e+00   1.0328832e+04   6.8340000e+03
   0.0000000e+00   0.0000000e+00   1.0312837e+04   6.8370000e+03
   0.0000000e+00   0.0000000e+00   1.0269659e+04   6.8380000e+03
   0.0000000e+00   0.0000000e+00   1.0269054e+04   6.8530000e+03
   0.0000000e+00   0.0000000e+00   1.0245948e+04   6.8880000e+03
   0.0000000e+00   0.0000000e+00   1.0239474e+04   6.9010000e+03
   0.0000000e+00   0.0000000e+00   1.0234687e+04   6.9130000e+03
   0.0000000e+00   0.0000000e+00   1.0222402e+04   7.0080000e+03
   0.0000000e+00   0.0000000e+00   1.0200595e+04   7.0450000e+03
   0.0000000e+00   0.0000000e+00   1.0187040e+04   7.0520000e+03
   0.0000000e+00   0.0000000e+00   1.0180123e+04   7.2020000e+03
   0.0000000e+00   0.0000000e+00   1.0156825e+04   7.2660000e+03
   0.0000000e+00   0.0000000e+00   1.0145456e+04   7.2780000e+03
   0.0000000e+00   0.0000000e+00   1.0131552e+04   7.3350000e+03
   0.0000000e+00   0.0000000e+00   1.0119579e+04   7.3820000e+03
   0.0000000e+00   0.0000000e+00   1.0054419e+04   7.3840000e+03
   0.0000000e+00   0.0000000e+00   1.0029042e+04   7.4120000e+03
   0.0000000e+00   0.0000000e+00   1.0028958e+04   7.4150000e+03
   0.0000000e+00   0.0000000e+00   1.0028240e+04   7.5780000e+03
   0.0000000e+00   0.0000000e+00   1.0009514e+04   7.6110000e+03
   0.0000000e+00   0.0000000e+00   1.0007287e+04   7.6160000e+03
   0.0000000e+00   0.0000000e+00   9.9997609e+03   7.6270000e+03
   0.0000000e+00   0.0000000e+00   9.9832235e+03   7.6300000e+03
   0.0000000e+00   0.0000000e+00   9.9701275e+03   7.6320000e+03
   0.0000000e+00   0.0000000e+00   9.9559851e+03   7.6780000e+03
   0.0000000e+00   0.0000000e+00   9.9514924e+03   7.6830000e+03
   0.0000000e+00   0.0000000e+00   9.9454447e+03   7.7520000e+03
   0.0000000e+00   0.0000000e+00   9.9074036e+03   7.7850000e+03
   0.0000000e+00   0.0000000e+00   9.8917193e+03   7.8380000e+03
   0.0000000e+00   0.0000000e+00   9.8818668e+03   7.8770000e+03
   0.0000000e+00   0.0000000e+00   9.8753138e+03   7.9050000e+03
   0.0000000e+00   0.0000000e+00   9.8525943e+03   7.9160000e+03
   0.0000000e+00   0.0000000e+00   9.8439736e+03   7.9250000e+03
   0.0000000e+00   0.0000000e+00   9.8298042e+03   8.0150000e+03
   0.0000000e+00   0.0000000e+00   9.8074825e+03   8.0310000e+03
   0.0000000e+00   0.0000000e+00   9.7947634e+03   8.0470000e+03
   0.0000000e+00   0.0000000e+00   9.7625378e+03   8.1570000e+03
   0.0000000e+00   0.0000000e+00   9.7598067e+03   8.3090000e+03
   0.0000000e+00   0.0000000e+00   9.7597179e+03   8.3430000e+03
   0.0000000e+00   0.0000000e+00   9.7509704e+03   8.3630000e+03
   0.0000000e+00   0.0000000e+00   9.7178062e+03   8.3680000e+03
   0.0000000e+00   0.0000000e+00   9.7077906e+03   8.6370000e+03
   0.0000000e+00   0.0000000e+00   9.6911450e+03   8.7690000e+03
   0.0000000e+00   0.0000000e+00   9.6748215e+03   8.9240000e+03
   0.0000000e+00   0.0000000e+00   9.6737762e+03   9.2010000e+03
   0.0000000e+00   0.0000000e+00   9.6607108e+03   9.3030000e+03
   0.0000000e+00   0.0000000e+00   9.6166827e+03   9.4360000e+03
   0.0000000e+00   0.0000000e+00   9.5278497e+03   9.4810000e+03
   0.0000000e+00   0.0000000e+00   9.5137312e+03   9.5150000e+03
   0.0000000e+00   0.0000000e+00   9.5089692e+03   9.6650000e+03
   0.0000000e+00   0.0000000e+00   9.4337622e+03   9.6790000e+03
   0.0000000e+00   0.0000000e+00   9.4220947e+03   9.7450000e+03
   0.0000000e+00   0.0000000e+00   9.4115291e+03   9.7600000e+03
   0.0000000e+00   0.0000000e+00   9.3662103e+03   9.7790000e+03
   0.0000000e+00   0.0000000e+00   9.3624678e+03   9.9330000e+03
   0.0000000e+00   0.0000000e+00   9.3285214e+03   9.9580000e+03
   0.0000000e+00   0.0000000e+00   9.3285214e+03   1.0005000e+04
   0.0000000e+00   0.0000000e+00   9.3197463e+03   1.0034000e+04
   0.0000000e+00   0.0000000e+00   9.3194033e+03   1.0037000e+04
   0.0000000e+00   0.0000000e+00   9.2968620e+03   1.0136000e+04
   0.0000000e+00   0.0000000e+00   9.2756765e+03   1.0263000e+04
   0.0000000e+00   0.0000000e+00   9.2673751e+03   1.0337000e+04
   0.0000000e+00   0.0000000e+00   9.2602209e+03   1.0373000e+04
   0.0000000e+00   0.0000000e+00   9.2541695e+03   1.0403000e+04
   0.0000000e+00   0.0000000e+00   9.2482908e+03   1.0547000e+04
   0.0000000e+00   0.0000000e+00   9.2419786e+03   1.0565000e+04
   0.0000000e+00   0.0000000e+00   9.2373140e+03   1.0712000e+04
   0.0000000e+00   0.0000000e+00   9.2312749e+03   1.0794000e+04
   0.0000000e+00   0.0000000e+00   9.2307847e+03   1.0861000e+04
   0.0000000e+00   0.0000000e+00   9.2303589e+03   1.1238000e+04
   0.0000000e+00   0.0000000e+00   9.2248301e+03   1.1322000e+04
   0.0000000e+00   0.0000000e+00   9.2096962e+03   1.1677000e+04
   0.0000000e+00   0.0000000e+00   9.2096962e+03   1.2859000e+04
   0.0000000e+00   0.0000000e+00   9.2064247e+03   1.4286000e+04
   0.0000000e+00   0.0000000e+00   9.2017158e+03   1.4326000e+04
   0.0000000e+00   0.0000000e+00   9.1933926e+03   1.4359000e+04
   0.0000000e+00   0.0000000e+00   9.1933926e+03   1.4382000e+04
   0.0000000e+00   0.0000000e+00   9.1884611e+03   1.4403000e+04
   0.0000000e+00   0.0000000e+00   9.1884611e+03   1.4513000e+04
   0.0000000e+00   0.0000000e+00   9.1807524e+03   1.4518000e+04
   0.0000000e+00   0.0000000e+00   9.1687084e+03   1.4546000e+04
   0.0000000e+00   0.0000000e+00   9.1659767e+03   1.4676000e+04
   0.0000000e+00   0.0000000e+00   9.1653175e+03   1.4729000e+04
   0.0000000e+00   0.0000000e+00   9.1636288e+03   1.4921000e+04
   0.0000000e+00   0.0000000e+00   9.0953736e+03   1.4936000e+04
   0.0000000e+00   0.0000000e+00   9.0811410e+03   1.4943000e+04
   0.0000000e+00   0.0000000e+00   9.0652568e+03   1.5018000e+04
   0.0000000e+00   0.0000000e+00   9.0638102e+03   1.5080000e+04
   0.0000000e+00   0.0000000e+00   9.0630374e+03   1.5103000e+04
   0.0000000e+00   0.0000000e+00   9.0622917e+03   1.5138000e+04
   0.0000000e+00   0.0000000e+00   9.0605327e+03   1.5206000e+04
   0.0000000e+00   0.0000000e+00   9.0570392e+03   1.5261000e+04
   0.0000000e+00   0.0000000e+00   9.0382682e+03   1.5293000e+04
   0.0000000e+00   0.0000000e+00   9.0245031e+03   1.5420000e+04
   0.0000000e+00   0.0000000e+00   9.0208952e+03   1.5526000e+04
   0.0000000e+00   0.0000000e+00   9.0193599e+03   1.5652000e+04
   0.0000000e+00   0.0000000e+00   9.0020943e+03   1.5745000e+04
   0.0000000e+00   0.0000000e+00   8.9758911e+03   1.5844000e+04
   0.0000000e+00   0.0000000e+00   8.9496240e+03   1.5867000e+04
   0.0000000e+00   0.0000000e+00   8.9420566e+03   1.6112000e+04
   0.0000000e+00   0.0000000e+00   8.9346273e+03   1.6146000e+04
   0.0000000e+00   0.0000000e+00   8.9346273e+03   1.6261000e+04
   0.0000000e+00   0.0000000e+00   8.9185093e+03   1.6451000e+04
   0.0000000e+00   0.0000000e+00   8.9008217e+03   1.6599000e+04
   0.0000000e+00   0.0000000e+00   8.9006227e+03   1.6669000e+04
   0.0000000e+00   0.0000000e+00   8.9001222e+03   1.6708000e+04
   0.0000000e+00   0.0000000e+00   8.8697136e+03   1.6794000e+04
   0.0000000e+00   0.0000000e+00   8.8674790e+03   1.6824000e+04
   0.0000000e+00   0.0000000e+00   8.8625214e+03   1.6825000e+04
   0.0000000e+00   0.0000000e+00   8.8475668e+03   1.6879000e+04
   0.0000000e+00   0.0000000e+00   8.8469686e+03   1.7104000e+04
   0.0000000e+00   0.0000000e+00   8.8382434e+03   1.7153000e+04
   0.0000000e+00   0.0000000e+00   8.8292599e+03   1.7167000e+04
   0.0000000e+00   0.0000000e+00   8.8214720e+03   1.7237000e+04
   0.0000000e+00   0.0000000e+00   8.7988761e+03   1.7763000e+04
   0.0000000e+00   0.0000000e+00   8.7886294e+03   1.8170000e+04
   0.0000000e+00   0.0000000e+00   8.7870775e+03   1.8239000e+04
   0.0000000e+00   0.0000000e+00   8.7620837e+03   1.8416000e+04
   0.0000000e+00   0.0000000e+00   8.7569708e+03   1.8513000e+04
   0.0000000e+00   0.0000000e+00   8.7368444e+03   1.8576000e+04
   0.0000000e+00   0.0000000e+00   8.7211119e+03   1.8642000e+04
   0.0000000e+00   0.0000000e+00   8.7154626e+03   1.8895000e+04
   0.0000000e+00   0.0000000e+00   8.7083638e+03   1.9378000e+04
   0.0000000e+00   0.0000000e+00   8.7062121e+03   1.9440000e+04
   0.0000000e+00   0.0000000e+00   8.7057068e+03   1.9489000e+04
   0.0000000e+00   0.0000000e+00   8.6953514e+03   1.9777000e+04
   0.0000000e+00   0.0000000e+00   8.6917232e+03   1.9928000e+04
   0.0000000e+00   0.0000000e+00   8.6900042e+03   2.0084000e+04
   0.0000000e+00   0.0000000e+00   8.6715642e+03   2.0186000e+04
   0.0000000e+00   0.0000000e+00   8.6428146e+03   2.0438000e+04
   0.0000000e+00   0.0000000e+00   8.5790592e+03   2.2759000e+04
   0.0000000e+00   0.0000000e+00   8.5743832e+03   2.3064000e+04
   0.0000000e+00   0.0000000e+00   8.5641297e+03   2.3436000e+04
   0.0000000e+00   0.0000000e+00   8.5624411e+03   2.3555000e+04
   0.0000000e+00   0.0000000e+00   8.5508865e+03   2.3795000e+04
   0.0000000e+00   0.0000000e+00   8.5359562e+03   2.3810000e+04
   0.0000000e+00   0.0000000e+00   8.5325893e+03   2.4114000e+04
   0.0000000e+00   0.0000000e+00   8.5218480e+03   2.4323000e+04
   0.0000000e+00   0.0000000e+00   8.5055583e+03   2.5104000e+04
   0.0000000e+00   0.0000000e+00   8.4868923e+03   2.5341000e+04
   0.0000000e+00   0.0000000e+00   8.4862821e+03   2.6034000e+04
   0.0000000e+00   0.0000000e+00   8.4747496e+03   2.6162000e+04
   0.0000000e+00   0.0000000e+00   8.4666164e+03   2.6601000e+04
   0.0000000e+00   0.0000000e+00   8.4632117e+03   2.6828000e+04
   0.0000000e+00   0.0000000e+00   8.4581731e+03   2.7129000e+04
   0.0000000e+00   0.0000000e+00   8.4581731e+03   2.7288000e+04
   0.0000000e+00   0.0000000e+00   8.4557570e+03   2.7360000e+04
   0.0000000e+00   0.0000000e+00   8.4501159e+03   2.8048000e+04
   0.0000000e+00   0.0000000e+00   8.4435593e+03   2.8312000e+04
   0.0000000e+00   0.0000000e+00   8.4380306e+03   2.8880000e+04
   0.0000000e+00   0.0000000e+00   8.4365760e+03   2.9108000e+04
   0.0000000e+00   0.0000000e+00   8.4167647e+03   2.9343000e+04
   0.0000000e+00   0.0000000e+00   8.4158964e+03   2.9684000e+04
   0.0000000e+00   0.0000000e+00   8.4102554e+03   2.9746000e+04
   0.0000000e+00   0.0000000e+00   8.3799123e+03   2.9859000e+04
   0.0000000e+00   0.0000000e+00   8.3719175e+03   3.0286000e+04
   0.0000000e+00   0.0000000e+00   8.3698597e+03   3.0696000e+04
   0.0000000e+00   0.0000000e+00   8.3643216e+03   3.0747000e+04
   0.0000000e+00   0.0000000e+00   8.3585554e+03   3.1241000e+04
   0.0000000e+00   0.0000000e+00   8.3530053e+03   3.1994000e+04
   0.0000000e+00   0.0000000e+00   8.3398632e+03   3.2080000e+04
   0.0000000e+00   0.0000000e+00   8.3281795e+03   3.2733000e+04
   0.0000000e+00   0.0000000e+00   8.3149140e+03   3.3964000e+04
   0.0000000e+00   0.0000000e+00   8.3087801e+03   3.3967000e+04
   0.0000000e+00   0.0000000e+00   8.3087801e+03   3.4346000e+04
   0.0000000e+00   0.0000000e+00   8.3065450e+03   3.4709000e+04
   0.0000000e+00   0.0000000e+00   8.2923070e+03   3.6009000e+04
   0.0000000e+00   0.0000000e+00   8.2866577e+03   3.6643000e+04
   0.0000000e+00   0.0000000e+00   8.2866577e+03   3.6902000e+04
   0.0000000e+00   0.0000000e+00   8.2828318e+03   3.6983000e+04
   0.0000000e+00   0.0000000e+00   8.2828318e+03   3.8080000e+04
   0.0000000e+00   0.0000000e+00   8.2787164e+03   4.0398000e+04
   0.0000000e+00   0.0000000e+00   8.2783075e+03   4.0511000e+04
   0.0000000e+00   0.0000000e+00   8.2756995e+03   4.0769000e+04
   0.0000000e+00   0.0000000e+00   8.2568994e+03   4.0793000e+04
   0.0000000e+00   0.0000000e+00   8.2463979e+03   4.0818000e+04
   0.0000000e+00   0.0000000e+00   8.2463979e+03   4.1001000e+04
   0.0000000e+00   0.0000000e+00   8.2463979e+03   4.3979000e+04
   0.0000000e+00   0.0000000e+00   8.2463979e+03   4.6838000e+04
   0.0000000e+00   0.0000000e+00   8.2463979e+03   4.8303000e+04
   0.0000000e+00   0.0000000e+00   8.2463979e+03   4.9662000e+04
   0.0000000e+00   0.0000000e+00   8.2385965e+03   5.0325000e+04
   0.0000000e+00   0.0000000e+00   8.2210552e+03   5.0434000e+04
   0.0000000e+00   0.0000000e+00   8.2122038e+03   5.0527000e+04
   0.0000000e+00   0.0000000e+00   8.2044119e+03   5.0595000e+04
   0.0000000e+00   0.0000000e+00   8.1982950e+03   5.0819000e+04
   0.0000000e+00   0.0000000e+00   8.1971399e+03   5.0869000e+04
   0.0000000e+00   0.0000000e+00   8.1912190e+03   5.1155000e+04
   0.0000000e+00   0.0000000e+00   8.1537073e+03   5.1245000e+04
   0.0000000e+00   0.0000000e+00   8.1327919e+03   5.1508000e+04
   0.0000000e+00   0.0000000e+00   8.1151160e+03   5.1856000e+04
   0.0000000e+00   0.0000000e+00   8.1041203e+03   5.1960000e+04
   0.0000000e+00   0.0000000e+00   8.1036514e+03   5.2430000e+04
   0.0000000e+00   0.0000000e+00   8.0922440e+03   5.2504000e+04
   0.0000000e+00   0.0000000e+00   8.0901867e+03   5.2810000e+04
   0.0000000e+00   0.0000000e+00   8.0841939e+03   5.2832000e+04
   0.0000000e+00   0.0000000e+00   8.0593945e+03   5.2847000e+04
   0.0000000e+00   0.0000000e+00   7.9998171e+03   5.2912000e+04
   0.0000000e+00   0.0000000e+00   7.9913135e+03   5.3192000e+04
   0.0000000e+00   0.0000000e+00   7.9710764e+03   5.3196000e+04
   0.0000000e+00   0.0000000e+00   7.9635825e+03   5.3214000e+04
   0.0000000e+00   0.0000000e+00   7.8854119e+03   5.3299000e+04
   0.0000000e+00   0.0000000e+00   7.8828173e+03   5.3550000e+04
   0.0000000e+00   0.0000000e+00   7.8636590e+03   5.3573000e+04
   0.0000000e+00   0.0000000e+00   7.8604754e+03   5.3608000e+04
   0.0000000e+00   0.0000000e+00   7.8521314e+03   5.3623000e+04
   0.0000000e+00   0.0000000e+00   7.8413559e+03   5.3675000e+04
   0.0000000e+00   0.0000000e+00   7.8408506e+03   5.3691000e+04
   0.0000000e+00   0.0000000e+00   7.8359501e+03   5.3839000e+04
   0.0000000e+00   0.0000000e+00   7.8251646e+03   5.3846000e+04
   0.0000000e+00   0.0000000e+00   7.8235806e+03   5.3974000e+04
   0.0000000e+00   0.0000000e+00   7.8064729e+03   5.4013000e+04
   0.0000000e+00   0.0000000e+00   7.8016066e+03   5.4037000e+04
   0.0000000e+00   0.0000000e+00   7.7759749e+03   5.4269000e+04
   0.0000000e+00   0.0000000e+00   7.7649639e+03   5.4419000e+04
   0.0000000e+00   0.0000000e+00   7.7524403e+03   5.4484000e+04
   0.0000000e+00   0.0000000e+00   7.7445024e+03   5.4514000e+04
   0.0000000e+00   0.0000000e+00   7.7354233e+03   5.4567000e+04
   0.0000000e+00   0.0000000e+00   7.7307333e+03   5.4674000e+04
   0.0000000e+00   0.0000000e+00   7.7201999e+03   5.5001000e+04
   0.0000000e+00   0.0000000e+00   7.6960312e+03   5.5254000e+04
   0.0000000e+00   0.0000000e+00   7.6851412e+03   5.5481000e+04
   0.0000000e+00   0.0000000e+00   7.6476235e+03   5.5769000e+04
   0.0000000e+00   0.0000000e+00   7.6468964e+03   5.5845000e+04
   0.0000000e+00   0.0000000e+00   7.6166627e+03   5.5955000e+04
   0.0000000e+00   0.0000000e+00   7.6144295e+03   5.6117000e+04
   0.0000000e+00   0.0000000e+00   7.6030655e+03   5.6473000e+04
   0.0000000e+00   0.0000000e+00   7.5992487e+03   5.7009000e+04
   0.0000000e+00   0.0000000e+00   7.5992487e+03   5.7067000e+04
   0.0000000e+00   0.0000000e+00   7.5959819e+03   5.7113000e+04
   0.0000000e+00   0.0000000e+00   7.5942491e+03   5.7675000e+04
   0.0000000e+00   0.0000000e+00   7.5891868e+03   5.7791000e+04
   0.0000000e+00   0.0000000e+00   7.5891868e+03   5.7805000e+04
   0.0000000e+00   0.0000000e+00   7.5837558e+03   5.7976000e+04
   0.0000000e+00   0.0000000e+00   7.5837238e+03   5.8072000e+04
   0.0000000e+00   0.0000000e+00   7.5757603e+03   5.8611000e+04
   0.0000000e+00   0.0000000e+00   7.5757603e+03   5.8748000e+04
   0.0000000e+00   0.0000000e+00   7.5703040e+03   5.8869000e+04
   0.0000000e+00   0.0000000e+00   7.5675099e+03   5.8984000e+04
   0.0000000e+00   0.0000000e+00   7.5559819e+03   5.9249000e+04
   0.0000000e+00   0.0000000e+00   7.5464566e+03   5.9465000e+04
   0.0000000e+00   0.0000000e+00   7.5411003e+03   5.9793000e+04
   0.0000000e+00   0.0000000e+00   7.5374960e+03   5.9807000e+04
   0.0000000e+00   0.0000000e+00   7.5313313e+03   6.0188000e+04
   0.0000000e+00   0.0000000e+00   7.5313313e+03   6.0421000e+04
   0.0000000e+00   0.0000000e+00   7.5258000e+03   6.0719000e+04
   0.0000000e+00   0.0000000e+00   7.5221234e+03   6.1556000e+04
   0.0000000e+00   0.0000000e+00   7.5208345e+03   6.2050000e+04
   0.0000000e+00   0.0000000e+00   7.5148489e+03   6.4339000e+04
   0.0000000e+00   0.0000000e+00   7.5074538e+03   6.4416000e+04
   0.0000000e+00   0.0000000e+00   7.4988590e+03   6.4935000e+04
   0.0000000e+00   0.0000000e+00   7.4951824e+03   6.5880000e+04
   0.0000000e+00   0.0000000e+00   7.4870340e+03   6.6368000e+04
   0.0000000e+00   0.0000000e+00   7.4783190e+03   6.6531000e+04
   0.0000000e+00   0.0000000e+00   7.4752272e+03   6.6608000e+04
   0.0000000e+00   0.0000000e+00   7.4714012e+03   6.6661000e+04
   0.0000000e+00   0.0000000e+00   7.4703749e+03   6.6915000e+04
   0.0000000e+00   0.0000000e+00   7.4625831e+03   6.9437000e+04
   0.0000000e+00   0.0000000e+00   7.4589065e+03   7.0140000e+04
   0.0000000e+00   0.0000000e+00   7.4586480e+03   7.1103000e+04
   0.0000000e+00   0.0000000e+00   7.4570235e+03   7.1305000e+04
   0.0000000e+00   0.0000000e+00   7.4479470e+03   7.2327000e+04
   0.0000000e+00   0.0000000e+00   7.4479470e+03   7.3293000e+04
   0.0000000e+00   0.0000000e+00   7.4479470e+03   7.3318000e+04
   0.0000000e+00   0.0000000e+00   7.4479470e+03   7.3728000e+04
   0.0000000e+00   0.0000000e+00   7.4450377e+03   7.3832000e+04
   0.0000000e+00   0.0000000e+00   7.4420654e+03   7.5000000e+04
   0.0000000e+00   0.0000000e+00   7.4391554e+03   7.5193000e+04
   0.0000000e+00   0.0000000e+00   7.4391554e+03   7.5219000e+04
   0.0000000e+00   0.0000000e+00   7.4384842e+03   7.5553000e+04
   0.0000000e+00   0.0000000e+00   7.4384842e+03   7.7770000e+04
   0.0000000e+00   0.0000000e+00   7.4349253e+03   7.9298000e+04
   0.0000000e+00   0.0000000e+00   7.4262897e+03   7.9630000e+04
   0.0000000e+00   0.0000000e+00   7.4211452e+03   7.9928000e+04
   0.0000000e+00   0.0000000e+00   7.4211452e+03   8.0287000e+04
   0.0000000e+00   0.0000000e+00   7.4196905e+03   8.0908000e+04
   0.0000000e+00   0.0000000e+00   7.4159407e+03   8.2011000e+04
   0.0000000e+00   0.0000000e+00   7.4159407e+03   8.4852000e+04
   0.0000000e+00   0.0000000e+00   7.4159407e+03   8.4992000e+04
   0.0000000e+00   0.0000000e+00   7.4159407e+03   8.5214000e+04
   0.0000000e+00   0.0000000e+00   7.4159407e+03   8.8339000e+04
   0.0000000e+00   0.0000000e+00   7.4159407e+03   8.8347000e+04
   0.0000000e+00   0.0000000e+00   7.4156430e+03   9.0206000e+04
   0.0000000e+00   0.0000000e+00   7.4119664e+03   9.0512000e+04
   0.0000000e+00   0.0000000e+00   7.4041746e+03   9.1082000e+04
   0.0000000e+00   0.0000000e+00   7.4041746e+03   9.1176000e+04
   0.0000000e+00   0.0000000e+00   7.4041746e+03   9.1494000e+04
   0.0000000e+00   0.0000000e+00   7.3985253e+03   9.2071000e+04
   0.0000000e+00   0.0000000e+00   7.3985253e+03   9.3509000e+04
   0.0000000e+00   0.0000000e+00   7.3954511e+03   9.7783000e+04
   0.0000000e+00   0.0000000e+00   7.3954511e+03   1.0098900e+05
   0.0000000e+00   0.0000000e+00   7.3882846e+03   1.0215300e+05
   0.0000000e+00   0.0000000e+00   7.3847899e+03   1.0414900e+05
   0.0000000e+00   0.0000000e+00   7.3833089e+03   1.0418900e+05
   0.0000000e+00   0.0000000e+00   7.3833089e+03   1.0507100e+05
   0.0000000e+00   0.0000000e+00   7.3823728e+03   1.0566300e+05
   0.0000000e+00   0.0000000e+00   7.3823728e+03   1.0575100e+05
   0.0000000e+00   0.0000000e+00   7.3784233e+03   1.0581300e+05
   0.0000000e+00   0.0000000e+00   7.3763039e+03   1.0783600e+05
   0.0000000e+00   0.0000000e+00   7.3718197e+03   1.0815200e+05
   0.0000000e+00   0.0000000e+00   7.3607976e+03   1.0823500e+05
   0.0000000e+00   0.0000000e+00   7.3587747e+03   1.0844100e+05
   0.0000000e+00   0.0000000e+00   7.3587747e+03   1.0901400e+05
   0.0000000e+00   0.0000000e+00   7.3515452e+03   1.0917700e+05
   0.0000000e+00   0.0000000e+00   7.3515452e+03   1.0971500e+05
   0.0000000e+00   0.0000000e+00   7.3468574e+03   1.1009400e+05
   0.0000000e+00   0.0000000e+00   7.3448438e+03   1.1070000e+05
   0.0000000e+00   0.0000000e+00   7.3448438e+03   1.1230500e+05
   0.0000000e+00   0.0000000e+00   7.3448438e+03   1.1389600e+05
   0.0000000e+00   0.0000000e+00   7.3426087e+03   1.1592300e+05
   0.0000000e+00   0.0000000e+00   7.3426087e+03   1.1760400e+05
   0.0000000e+00   0.0000000e+00   7.3426087e+03   1.1773300e+05
   0.0000000e+00   0.0000000e+00   7.3413104e+03   1.2060800e+05
   0.0000000e+00   0.0000000e+00   7.3413104e+03   1.2111500e+05
   0.0000000e+00   0.0000000e+00   7.3413104e+03   1.2193300e+05
   0.0000000e+00   0.0000000e+00   7.3376677e+03   1.2258200e+05
   0.0000000e+00   0.0000000e+00   7.3376677e+03   1.2337900e+05
   0.0000000e+00   0.0000000e+00   7.3368022e+03   1.2629600e+05
   0.0000000e+00   0.0000000e+00   7.3358830e+03   1.2759600e+05
   0.0000000e+00   0.0000000e+00   7.3358830e+03   1.2873000e+05
   0.0000000e+00   0.0000000e+00   7.3358830e+03   1.2897000e+05
   0.0000000e+00   0.0000000e+00   7.3331620e+03   1.2916000e+05
   0.0000000e+00   0.0000000e+00   7.3331620e+03   1.3041400e+05
   0.0000000e+00   0.0000000e+00   7.3331620e+03   1.3137100e+05
   0.0000000e+00   0.0000000e+00   7.3331620e+03   1.3218400e+05
   0.0000000e+00   0.0000000e+00   7.3331620e+03   1.3229400e+05
   0.0000000e+00   0.0000000e+00   7.3331620e+03   1.3302700e+05
   0.0000000e+00   0.0000000e+00   7.3331620e+03   1.3317700e+05
   0.0000000e+00   0.0000000e+00   7.3311728e+03   1.3534500e+05
   0.0000000e+00   0.0000000e+00   7.3311728e+03   1.3917900e+05
   0.0000000e+00   0.0000000e+00   7.3311728e+03   1.3950800e+05
   0.0000000e+00   0.0000000e+00   7.3311728e+03   1.3981100e+05
   0.0000000e+00   0.0000000e+00   7.3297182e+03   1.4374800e+05
   0.0000000e+00   0.0000000e+00   7.3297182e+03   1.4465200e+05
   0.0000000e+00   0.0000000e+00   7.3297182e+03   1.4510800e+05
   0.0000000e+00   0.0000000e+00   7.3297182e+03   1.4673000e+05
   0.0000000e+00   0.0000000e+00   7.3297182e+03   1.4865100e+05
   0.0000000e+00   0.0000000e+00   7.3297182e+03   1.4941000e+05
   0.0000000e+00   0.0000000e+00   7.3297182e+03   1.4942400e+05
   0.0000000e+00   0.0000000e+00   7.3297182e+03   1.4968100e+05
   0.0000000e+00   0.0000000e+00   7.3297182e+03   1.5106000e+05
   0.0000000e+00   0.0000000e+00   7.3297182e+03   1.5275100e+05
   0.0000000e+00   0.0000000e+00   7.3297182e+03   1.5338300e+05
   0.0000000e+00   0.0000000e+00   7.3289300e+03   1.5519800e+05
   0.0000000e+00   0.0000000e+00   7.3289300e+03   1.5734000e+05
   0.0000000e+00   0.0000000e+00   7.3289300e+03   1.5845500e+05
   0.0000000e+00   0.0000000e+00   7.3289300e+03   1.6229800e+05
   0.0000000e+00   0.0000000e+00   7.3289300e+03   1.6283200e+05
   0.0000000e+00   0.0000000e+00   7.3289300e+03   1.6291700e+05
   0.0000000e+00   0.0000000e+00   7.3270310e+03   1.6326800e+05
   0.0000000e+00   0.0000000e+00   7.3254663e+03   1.6388200e+05
   0.0000000e+00   0.0000000e+00   7.3180160e+03   1.6411600e+05
   0.0000000e+00   0.0000000e+00   7.3180160e+03   1.6473200e+05
   0.0000000e+00   0.0000000e+00   7.3180160e+03   1.6517500e+05
   0.0000000e+00   0.0000000e+00   7.3180160e+03   1.6565800e+05
   0.0000000e+00   0.0000000e+00   7.3180160e+03   1.6609100e+05
   0.0000000e+00   0.0000000e+00   7.3180160e+03   1.6666300e+05
   0.0000000e+00   0.0000000e+00   7.3180160e+03   1.6682900e+05
   0.0000000e+00   0.0000000e+00   7.3180160e+03   1.6853900e+05
   0.0000000e+00   0.0000000e+00   7.3180160e+03   1.6927000e+05
   0.0000000e+00   0.0000000e+00   7.3180160e+03   1.7001400e+05
   0.0000000e+00   0.0000000e+00   7.3180160e+03   1.7061200e+05
   0.0000000e+00   0.0000000e+00   7.3180160e+03   1.7110100e+05
   0.0000000e+00   0.0000000e+00   7.3180160e+03   1.7213100e+05
   0.0000000e+00   0.0000000e+00   7.3180160e+03   1.7321800e+05
   0.0000000e+00   0.0000000e+00   7.3180160e+03   1.7682600e+05
   0.0000000e+00   0.0000000e+00   7.3180160e+03   1.7697500e+05
   0.0000000e+00   0.0000000e+00   7.3173894e+03   1.7731400e+05
   0.0000000e+00   0.0000000e+00   7.3173894e+03   1.7731800e+05
   0.0000000e+00   0.0000000e+00   7.3025930e+03   1.7763800e+05
   0.0000000e+00   0.0000000e+00   7.3025930e+03   1.7820100e+05
   0.0000000e+00   0.0000000e+00   7.2966792e+03   1.7899000e+05
   0.0000000e+00   0.0000000e+00   7.2837310e+03   1.7968200e+05
   0.0000000e+00   0.0000000e+00   7.2837310e+03   1.8054400e+05
   0.0000000e+00   0.0000000e+00   7.2837310e+03   1.8138400e+05
   0.0000000e+00   0.0000000e+00   7.2785017e+03   1.8275800e+05
   0.0000000e+00   0.0000000e+00   7.2785017e+03   1.8297500e+05
   0.0000000e+00   0.0000000e+00   7.2785017e+03   1.8351000e+05
   0.0000000e+00   0.0000000e+00   7.2698931e+03   1.8452600e+05
   0.0000000e+00   0.0000000e+00   7.2698931e+03   1.8644100e+05
   0.0000000e+00   0.0000000e+00   7.2698931e+03   1.8676200e+05
   0.0000000e+00   0.0000000e+00   7.2698931e+03   1.8735700e+05
   0.0000000e+00   0.0000000e+00   7.2586530e+03   1.8744000e+05
   0.0000000e+00   0.0000000e+00   7.2579320e+03   1.8791700e+05
   0.0000000e+00   0.0000000e+00   7.2492553e+03   1.8842200e+05
   0.0000000e+00   0.0000000e+00   7.2453595e+03   1.8937200e+05
   0.0000000e+00   0.0000000e+00   7.2453595e+03   1.8955800e+05
   0.0000000e+00   0.0000000e+00   7.2381746e+03   1.9217500e+05
   0.0000000e+00   0.0000000e+00   7.2381746e+03   1.9227700e+05
   0.0000000e+00   0.0000000e+00   7.2381746e+03   1.9394900e+05
   0.0000000e+00   0.0000000e+00   7.2381746e+03   1.9471000e+05
   0.0000000e+00   0.0000000e+00   7.2381746e+03   1.9616900e+05
   0.0000000e+00   0.0000000e+00   7.2381746e+03   1.9706800e+05
   0.0000000e+00   0.0000000e+00   7.2381746e+03   1.9707100e+05
   0.0000000e+00   0.0000000e+00   7.2381746e+03   1.9718600e+05
   0.0000000e+00   0.0000000e+00   7.2381746e+03   1.9780400e+05
   0.0000000e+00   0.0000000e+00   7.2381746e+03   1.9908700e+05
   0.0000000e+00   0.0000000e+00   7.2381746e+03   1.9973600e+05
   0.0000000e+00   0.0000000e+00   7.2381746e+03   1.9985800e+05
