   2.1543404e+02   9.7829626e+00   1.5157873e+04   2.0000000e+00
   2.0718206e+02   8.8314519e+00   1.5979504e+04   3.0000000e+00
   2.0198799e+02   8.5823232e+00   1.5987200e+04   4.0000000e+00
   1.9339581e+02   7.4433486e+00   1.6577707e+04   5.0000000e+00
   1.7501566e+02   5.5825445e+00   1.8412277e+04   6.0000000e+00
   1.5916928e+02   4.4084895e+00   1.8551996e+04   7.0000000e+00
   1.5452832e+02   4.1945256e+00   1.9376008e+04   8.0000000e+00
   1.5223360e+02   3.8880361e+00   1.9146772e+04   9.0000000e+00
   1.4115708e+02   3.0020100e+00   1.9144006e+04   1.1000000e+01
   1.2720485e+02   1.6408109e+00   1.8923760e+04   1.7000000e+01
   9.5180457e+01   8.5207158e-01   1.8765095e+04   1.9000000e+01
   8.7100366e+01   8.7988291e-01   1.8064993e+04   2.0000000e+01
   7.4467640e+01   5.0322611e-01   1.9383688e+04   2.1000000e+01
   7.4301050e+01   5.5520574e-01   1.8982485e+04   2.2000000e+01
   7.1649959e+01   5.4044608e-01   1.9279360e+04   2.3000000e+01
   6.9515285e+01   3.9111006e-01   1.9484120e+04   2.4000000e+01
   6.3960882e+01   3.7331427e-01   1.9262902e+04   2.5000000e+01
   6.2543174e+01   2.9452419e-01   1.9350902e+04   2.6000000e+01
   5.6010597e+01   2.2860765e-01   2.0828752e+04   2.8000000e+01
   5.4338788e+01   2.5855574e-01   2.0253326e+04   3.0000000e+01
   5.3387312e+01   2.4768292e-01   1.9963564e+04   3.2000000e+01
   4.8271117e+01   2.8149769e-01   1.9594686e+04   3.5000000e+01
   4.6540076e+01   7.2300349e-02   1.9647310e+04   3.6000000e+01
   4.1750965e+01   0.0000000e+00   2.0310879e+04   3.7000000e+01
   3.8762444e+01   0.0000000e+00   2.1903784e+04   3.9000000e+01
   3.8424471e+01   0.0000000e+00   2.1248238e+04   4.0000000e+01
   3.4630764e+01   0.0000000e+00   2.1595366e+04   4.1000000e+01
   3.0772650e+01   0.0000000e+00   2.0964244e+04   4.7000000e+01
   3.0376269e+01   0.0000000e+00   2.1386443e+04   4.8000000e+01
   3.0218265e+01   0.0000000e+00   2.0954459e+04   4.9000000e+01
   2.8594569e+01   0.0000000e+00   2.1483014e+04   5.1000000e+01
   2.8018016e+01   0.0000000e+00   2.2679619e+04   5.3000000e+01
   2.7718678e+01   0.0000000e+00   2.2375751e+04   5.6000000e+01
   2.7427704e+01   0.0000000e+00   2.2096326e+04   5.8000000e+01
   2.7244360e+01   0.0000000e+00   2.1602460e+04   6.0000000e+01
   2.5171132e+01   0.0000000e+00   2.2633046e+04   6.4000000e+01
   2.2471533e+01   0.0000000e+00   2.3598313e+04   6.5000000e+01
   2.1524963e+01   0.0000000e+00   2.3409061e+04   6.6000000e+01
   2.1212238e+01   0.0000000e+00   2.3862699e+04   6.9000000e+01
   2.1092718e+01   0.0000000e+00   2.3070093e+04   7.0000000e+01
   2.1087819e+01   0.0000000e+00   2.2472382e+04   7.1000000e+01
   2.0461677e+01   0.0000000e+00   2.3070000e+04   7.3000000e+01
   1.9783760e+01   0.0000000e+00   2.4990264e+04   7.5000000e+01
   1.8180360e+01   0.0000000e+00   2.5155886e+04   7.9000000e+01
   1.6512810e+01   0.0000000e+00   2.5572200e+04   8.2000000e+01
   1.5964628e+01   0.0000000e+00   2.5391232e+04   8.3000000e+01
   1.4739587e+01   0.0000000e+00   2.6748913e+04   8.4000000e+01
   1.4201460e+01   0.0000000e+00   2.6273538e+04   8.6000000e+01
   1.4076223e+01   0.0000000e+00   2.5404164e+04   8.7000000e+01
   1.4019377e+01   0.0000000e+00   2.5843839e+04   8.9000000e+01
   1.3838654e+01   0.0000000e+00   2.5081805e+04   9.0000000e+01
   3.8800927e+00   0.0000000e+00   2.4274759e+04   9.5000000e+01
   3.7512844e+00   0.0000000e+00   2.4009487e+04   9.7000000e+01
   3.7350086e+00   0.0000000e+00   2.4050939e+04   9.9000000e+01
   3.6487473e+00   0.0000000e+00   2.3831329e+04   1.0000000e+02
   3.5148790e+00   0.0000000e+00   2.4475521e+04   1.0100000e+02
   1.7156919e+00   0.0000000e+00   2.5284246e+04   1.0500000e+02
   1.5297253e+00   0.0000000e+00   2.7087535e+04   1.0900000e+02
   1.5164824e+00   0.0000000e+00   2.6689483e+04   1.1100000e+02
   1.3672610e+00   0.0000000e+00   2.6468333e+04   1.1300000e+02
   1.3621260e+00   0.0000000e+00   2.6029337e+04   1.1500000e+02
   1.3393935e+00   0.0000000e+00   2.5553441e+04   1.1900000e+02
   1.1882433e+00   0.0000000e+00   2.6561110e+04   1.2000000e+02
   1.1563891e+00   0.0000000e+00   2.7432444e+04   1.2200000e+02
   1.1482561e+00   0.0000000e+00   2.7855443e+04   1.2300000e+02
   1.1282624e+00   0.0000000e+00   2.7853917e+04   1.2700000e+02
   1.1279368e+00   0.0000000e+00   2.7400111e+04   1.2900000e+02
   9.5449372e-01   0.0000000e+00   2.7015748e+04   1.3100000e+02
   9.4341774e-01   0.0000000e+00   2.6662192e+04   1.3300000e+02
   9.1864114e-01   0.0000000e+00   2.6216368e+04   1.3600000e+02
   9.1306015e-01   0.0000000e+00   2.5618326e+04   1.3800000e+02
   1.3584235e-01   0.0000000e+00   2.7335675e+04   1.4000000e+02
   1.3063677e-01   0.0000000e+00   2.7940733e+04   1.4500000e+02
   1.2332490e-01   0.0000000e+00   2.7653762e+04   1.4900000e+02
   1.2055045e-01   0.0000000e+00   2.6988843e+04   1.5100000e+02
   9.7310896e-02   0.0000000e+00   2.7233687e+04   1.5400000e+02
   9.1686579e-02   0.0000000e+00   2.7930629e+04   1.6300000e+02
   8.9909303e-02   0.0000000e+00   2.7740704e+04   1.6400000e+02
   8.5622808e-02   0.0000000e+00   2.7175385e+04   1.8200000e+02
   7.6150650e-02   0.0000000e+00   2.7324632e+04   1.9000000e+02
   6.2375509e-02   0.0000000e+00   2.6659900e+04   1.9700000e+02
   5.9977433e-02   0.0000000e+00   2.7031814e+04   2.0100000e+02
   5.9770474e-02   0.0000000e+00   2.6599075e+04   2.0200000e+02
   4.6763425e-02   0.0000000e+00   2.7737896e+04   2.0600000e+02
   2.8709745e-02   0.0000000e+00   2.8245189e+04   2.0900000e+02
   2.5454006e-02   0.0000000e+00   2.7710279e+04   2.1000000e+02
   2.4977171e-02   0.0000000e+00   2.8490622e+04   2.1500000e+02
   1.4616053e-02   0.0000000e+00   2.7527914e+04   2.2200000e+02
   6.8063586e-03   0.0000000e+00   2.7794541e+04   2.3200000e+02
   0.0000000e+00   0.0000000e+00   2.8238887e+04   2.3300000e+02
   0.0000000e+00   0.0000000e+00   2.8166239e+04   2.3900000e+02
   0.0000000e+00   0.0000000e+00   2.7532138e+04   2.4100000e+02
   0.0000000e+00   0.0000000e+00   2.7138392e+04   2.4600000e+02
   0.0000000e+00   0.0000000e+00   2.6433159e+04   2.6300000e+02
   0.0000000e+00   0.0000000e+00   2.6029848e+04   2.6800000e+02
   0.0000000e+00   0.0000000e+00   2.5808089e+04   2.7900000e+02
   0.0000000e+00   0.0000000e+00   2.5046246e+04   2.8900000e+02
   0.0000000e+00   0.0000000e+00   2.4722194e+04   2.9300000e+02
   0.0000000e+00   0.0000000e+00   2.4572791e+04   2.9400000e+02
   0.0000000e+00   0.0000000e+00   2.4410036e+04   2.9600000e+02
   0.0000000e+00   0.0000000e+00   2.4297932e+04   2.9700000e+02
   0.0000000e+00   0.0000000e+00   2.3962401e+04   2.9900000e+02
   0.0000000e+00   0.0000000e+00   2.3583704e+04   3.0000000e+02
   0.0000000e+00   0.0000000e+00   2.2822836e+04   3.2200000e+02
   0.0000000e+00   0.0000000e+00   2.2193469e+04   3.3300000e+02
   0.0000000e+00   0.0000000e+00   2.1744570e+04   3.4200000e+02
   0.0000000e+00   0.0000000e+00   2.1684942e+04   3.4300000e+02
   0.0000000e+00   0.0000000e+00   2.1509979e+04   3.4500000e+02
   0.0000000e+00   0.0000000e+00   2.1499147e+04   3.7700000e+02
   0.0000000e+00   0.0000000e+00   2.0826875e+04   3.7900000e+02
   0.0000000e+00   0.0000000e+00   2.0786814e+04   3.8300000e+02
   0.0000000e+00   0.0000000e+00   2.0229572e+04   3.8900000e+02
   0.0000000e+00   0.0000000e+00   1.9754058e+04   4.0200000e+02
   0.0000000e+00   0.0000000e+00   1.9256405e+04   4.0800000e+02
   0.0000000e+00   0.0000000e+00   1.9217030e+04   4.1700000e+02
   0.0000000e+00   0.0000000e+00   1.8925107e+04   4.2100000e+02
   0.0000000e+00   0.0000000e+00   1.8423222e+04   4.2300000e+02
   0.0000000e+00   0.0000000e+00   1.8229591e+04   4.3000000e+02
   0.0000000e+00   0.0000000e+00   1.8209068e+04   4.3400000e+02
   0.0000000e+00   0.0000000e+00   1.8003733e+04   4.4300000e+02
   0.0000000e+00   0.0000000e+00   1.7718703e+04   4.4400000e+02
   0.0000000e+00   0.0000000e+00   1.7200586e+04   4.5600000e+02
   0.0000000e+00   0.0000000e+00   1.6828319e+04   4.5700000e+02
   0.0000000e+00   0.0000000e+00   1.6760262e+04   4.5800000e+02
   0.0000000e+00   0.0000000e+00   1.6665960e+04   4.7800000e+02
   0.0000000e+00   0.0000000e+00   1.6316394e+04   4.7900000e+02
   0.0000000e+00   0.0000000e+00   1.6057596e+04   4.8400000e+02
   0.0000000e+00   0.0000000e+00   1.5997477e+04   4.8500000e+02
   0.0000000e+00   0.0000000e+00   1.5772737e+04   4.8600000e+02
   0.0000000e+00   0.0000000e+00   1.5525354e+04   4.8700000e+02
   0.0000000e+00   0.0000000e+00   1.5351492e+04   5.1600000e+02
   0.0000000e+00   0.0000000e+00   1.4922219e+04   5.2100000e+02
   0.0000000e+00   0.0000000e+00   1.4846341e+04   5.2500000e+02
   0.0000000e+00   0.0000000e+00   1.4623059e+04   5.4000000e+02
   0.0000000e+00   0.0000000e+00   1.4465445e+04   5.4400000e+02
   0.0000000e+00   0.0000000e+00   1.4335620e+04   5.5300000e+02
   0.0000000e+00   0.0000000e+00   1.4137091e+04   5.5500000e+02
   0.0000000e+00   0.0000000e+00   1.4029791e+04   5.5900000e+02
   0.0000000e+00   0.0000000e+00   1.3918263e+04   5.6000000e+02
   0.0000000e+00   0.0000000e+00   1.3634604e+04   5.6800000e+02
   0.0000000e+00   0.0000000e+00   1.3541336e+04   5.8000000e+02
   0.0000000e+00   0.0000000e+00   1.3350988e+04   5.8100000e+02
   0.0000000e+00   0.0000000e+00   1.3241809e+04   5.9000000e+02
   0.0000000e+00   0.0000000e+00   1.3143757e+04   5.9400000e+02
   0.0000000e+00   0.0000000e+00   1.3017836e+04   5.9800000e+02
   0.0000000e+00   0.0000000e+00   1.2835314e+04   6.0100000e+02
   0.0000000e+00   0.0000000e+00   1.2812195e+04   6.0900000e+02
   0.0000000e+00   0.0000000e+00   1.2741947e+04   6.1000000e+02
   0.0000000e+00   0.0000000e+00   1.2657425e+04   6.1400000e+02
   0.0000000e+00   0.0000000e+00   1.2612447e+04   6.3300000e+02
   0.0000000e+00   0.0000000e+00   1.2391557e+04   6.3700000e+02
   0.0000000e+00   0.0000000e+00   1.2250400e+04   6.3800000e+02
   0.0000000e+00   0.0000000e+00   1.2004237e+04   6.4200000e+02
   0.0000000e+00   0.0000000e+00   1.1669680e+04   6.4600000e+02
   0.0000000e+00   0.0000000e+00   1.1611866e+04   6.5400000e+02
   0.0000000e+00   0.0000000e+00   1.1564230e+04   6.6200000e+02
   0.0000000e+00   0.0000000e+00   1.1262248e+04   6.6300000e+02
   0.0000000e+00   0.0000000e+00   1.1190890e+04   6.6700000e+02
   0.0000000e+00   0.0000000e+00   1.1157365e+04   6.7500000e+02
   0.0000000e+00   0.0000000e+00   1.0821250e+04   6.9000000e+02
   0.0000000e+00   0.0000000e+00   1.0748411e+04   6.9300000e+02
   0.0000000e+00   0.0000000e+00   1.0656231e+04   6.9800000e+02
   0.0000000e+00   0.0000000e+00   1.0590302e+04   7.1100000e+02
   0.0000000e+00   0.0000000e+00   1.0511475e+04   7.1500000e+02
   0.0000000e+00   0.0000000e+00   1.0439569e+04   7.2200000e+02
   0.0000000e+00   0.0000000e+00   1.0347467e+04   7.2500000e+02
   0.0000000e+00   0.0000000e+00   1.0333885e+04   7.3800000e+02
   0.0000000e+00   0.0000000e+00   1.0186681e+04   7.5500000e+02
   0.0000000e+00   0.0000000e+00   1.0173051e+04   7.6700000e+02
   0.0000000e+00   0.0000000e+00   1.0141787e+04   7.7200000e+02
   0.0000000e+00   0.0000000e+00   9.8937943e+03   7.7300000e+02
   0.0000000e+00   0.0000000e+00   9.8437513e+03   7.7800000e+02
   0.0000000e+00   0.0000000e+00   9.7699489e+03   7.8700000e+02
   0.0000000e+00   0.0000000e+00   9.5463782e+03   8.1100000e+02
   0.0000000e+00   0.0000000e+00   9.4885557e+03   8.1700000e+02
   0.0000000e+00   0.0000000e+00   9.4226518e+03   8.1900000e+02
   0.0000000e+00   0.0000000e+00   9.4177917e+03   8.3000000e+02
   0.0000000e+00   0.0000000e+00   9.2442825e+03   8.3100000e+02
   0.0000000e+00   0.0000000e+00   9.0299691e+03   8.4100000e+02
   0.0000000e+00   0.0000000e+00   9.0061992e+03   8.4500000e+02
   0.0000000e+00   0.0000000e+00   8.9728532e+03   8.6000000e+02
   0.0000000e+00   0.0000000e+00   8.8764159e+03   8.6700000e+02
   0.0000000e+00   0.0000000e+00   8.8370977e+03   8.6800000e+02
   0.0000000e+00   0.0000000e+00   8.7898864e+03   8.9600000e+02
   0.0000000e+00   0.0000000e+00   8.6999800e+03   9.2200000e+02
   0.0000000e+00   0.0000000e+00   8.4972246e+03   9.2500000e+02
   0.0000000e+00   0.0000000e+00   8.4697515e+03   9.3700000e+02
   0.0000000e+00   0.0000000e+00   8.4454871e+03   9.5400000e+02
   0.0000000e+00   0.0000000e+00   8.3636401e+03   9.6900000e+02
   0.0000000e+00   0.0000000e+00   8.3496932e+03   9.8900000e+02
   0.0000000e+00   0.0000000e+00   8.3127231e+03   1.0140000e+03
   0.0000000e+00   0.0000000e+00   8.1746834e+03   1.0210000e+03
   0.0000000e+00   0.0000000e+00   8.1718541e+03   1.0800000e+03
   0.0000000e+00   0.0000000e+00   8.0543803e+03   1.0810000e+03
   0.0000000e+00   0.0000000e+00   8.0481351e+03   1.1010000e+03
   0.0000000e+00   0.0000000e+00   8.0243319e+03   1.1260000e+03
   0.0000000e+00   0.0000000e+00   7.9768078e+03   1.1620000e+03
   0.0000000e+00   0.0000000e+00   7.9594145e+03   1.2040000e+03
   0.0000000e+00   0.0000000e+00   7.9402591e+03   1.3190000e+03
   0.0000000e+00   0.0000000e+00   7.9392911e+03   1.3280000e+03
   0.0000000e+00   0.0000000e+00   7.8750429e+03   1.3530000e+03
   0.0000000e+00   0.0000000e+00   7.8427287e+03   1.4380000e+03
   0.0000000e+00   0.0000000e+00   7.8153795e+03   1.4540000e+03
   0.0000000e+00   0.0000000e+00   7.7782667e+03   1.6290000e+03
   0.0000000e+00   0.0000000e+00   7.7728823e+03   1.6300000e+03
   0.0000000e+00   0.0000000e+00   7.7500391e+03   1.6570000e+03
   0.0000000e+00   0.0000000e+00   7.7379997e+03   1.7020000e+03
   0.0000000e+00   0.0000000e+00   7.7196004e+03   1.7740000e+03
   0.0000000e+00   0.0000000e+00   7.6972182e+03   1.8800000e+03
   0.0000000e+00   0.0000000e+00   7.6887399e+03   1.9270000e+03
   0.0000000e+00   0.0000000e+00   7.6801104e+03   1.9930000e+03
   0.0000000e+00   0.0000000e+00   7.6417988e+03   2.0210000e+03
   0.0000000e+00   0.0000000e+00   7.6178936e+03   2.0400000e+03
   0.0000000e+00   0.0000000e+00   7.6044838e+03   2.0750000e+03
   0.0000000e+00   0.0000000e+00   7.5596590e+03   2.0760000e+03
   0.0000000e+00   0.0000000e+00   7.5567554e+03   2.0880000e+03
   0.0000000e+00   0.0000000e+00   7.5290121e+03   2.1010000e+03
   0.0000000e+00   0.0000000e+00   7.5254517e+03   2.1030000e+03
   0.0000000e+00   0.0000000e+00   7.5158509e+03   2.1130000e+03
   0.0000000e+00   0.0000000e+00   7.5006811e+03   2.1270000e+03
   0.0000000e+00   0.0000000e+00   7.4580085e+03   2.2110000e+03
   0.0000000e+00   0.0000000e+00   7.4503693e+03   2.2730000e+03
   0.0000000e+00   0.0000000e+00   7.4405396e+03   2.3180000e+03
   0.0000000e+00   0.0000000e+00   7.4322721e+03   2.3200000e+03
   0.0000000e+00   0.0000000e+00   7.4132225e+03   2.4160000e+03
   0.0000000e+00   0.0000000e+00   7.4040742e+03   2.5290000e+03
   0.0000000e+00   0.0000000e+00   7.3828822e+03   2.5490000e+03
   0.0000000e+00   0.0000000e+00   7.3752746e+03   2.5820000e+03
   0.0000000e+00   0.0000000e+00   7.3696351e+03   2.6050000e+03
   0.0000000e+00   0.0000000e+00   7.3667162e+03   2.6300000e+03
   0.0000000e+00   0.0000000e+00   7.3604610e+03   2.6580000e+03
   0.0000000e+00   0.0000000e+00   7.3558232e+03   2.6730000e+03
   0.0000000e+00   0.0000000e+00   7.3455641e+03   2.7160000e+03
   0.0000000e+00   0.0000000e+00   7.3403589e+03   2.7170000e+03
   0.0000000e+00   0.0000000e+00   7.3363261e+03   2.7300000e+03
   0.0000000e+00   0.0000000e+00   7.3335066e+03   2.8110000e+03
   0.0000000e+00   0.0000000e+00   7.3124067e+03   2.8190000e+03
   0.0000000e+00   0.0000000e+00   7.2967330e+03   2.9470000e+03
   0.0000000e+00   0.0000000e+00   7.2937081e+03   3.0770000e+03
   0.0000000e+00   0.0000000e+00   7.2799599e+03   3.2730000e+03
   0.0000000e+00   0.0000000e+00   7.2506694e+03   3.4000000e+03
   0.0000000e+00   0.0000000e+00   7.2426292e+03   3.4320000e+03
   0.0000000e+00   0.0000000e+00   7.2397638e+03   3.4500000e+03
   0.0000000e+00   0.0000000e+00   7.2338948e+03   3.4660000e+03
   0.0000000e+00   0.0000000e+00   7.2255547e+03   3.5280000e+03
   0.0000000e+00   0.0000000e+00   7.2203347e+03   3.6970000e+03
   0.0000000e+00   0.0000000e+00   7.2162735e+03   3.7130000e+03
   0.0000000e+00   0.0000000e+00   7.2030211e+03   3.7610000e+03
   0.0000000e+00   0.0000000e+00   7.1650162e+03   3.8100000e+03
   0.0000000e+00   0.0000000e+00   7.1643362e+03   3.8610000e+03
   0.0000000e+00   0.0000000e+00   7.1643220e+03   3.8980000e+03
   0.0000000e+00   0.0000000e+00   7.1614599e+03   3.9500000e+03
   0.0000000e+00   0.0000000e+00   7.1377958e+03   4.1410000e+03
   0.0000000e+00   0.0000000e+00   7.1326196e+03   4.1490000e+03
   0.0000000e+00   0.0000000e+00   7.1310865e+03   4.2070000e+03
   0.0000000e+00   0.0000000e+00   7.1298402e+03   4.4180000e+03
   0.0000000e+00   0.0000000e+00   7.1286061e+03   4.4660000e+03
   0.0000000e+00   0.0000000e+00   7.1266542e+03   4.5580000e+03
   0.0000000e+00   0.0000000e+00   7.1255976e+03   4.5830000e+03
   0.0000000e+00   0.0000000e+00   7.1245573e+03   4.6050000e+03
   0.0000000e+00   0.0000000e+00   7.1236692e+03   4.6120000e+03
   0.0000000e+00   0.0000000e+00   7.1221060e+03   4.6690000e+03
   0.0000000e+00   0.0000000e+00   7.1211281e+03   4.7470000e+03
   0.0000000e+00   0.0000000e+00   7.1208292e+03   4.9640000e+03
   0.0000000e+00   0.0000000e+00   7.1180653e+03   5.0040000e+03
   0.0000000e+00   0.0000000e+00   7.1168216e+03   5.1510000e+03
   0.0000000e+00   0.0000000e+00   7.1089665e+03   5.1790000e+03
   0.0000000e+00   0.0000000e+00   7.1084588e+03   5.1850000e+03
   0.0000000e+00   0.0000000e+00   7.1076316e+03   5.3180000e+03
   0.0000000e+00   0.0000000e+00   7.1067185e+03   5.5160000e+03
   0.0000000e+00   0.0000000e+00   7.1018486e+03   5.5360000e+03
   0.0000000e+00   0.0000000e+00   7.1009355e+03   5.6580000e+03
   0.0000000e+00   0.0000000e+00   7.0999729e+03   5.6740000e+03
   0.0000000e+00   0.0000000e+00   7.0994459e+03   5.8020000e+03
   0.0000000e+00   0.0000000e+00   7.0989490e+03   5.8550000e+03
   0.0000000e+00   0.0000000e+00   7.0985905e+03   6.2070000e+03
   0.0000000e+00   0.0000000e+00   7.0975912e+03   6.2850000e+03
   0.0000000e+00   0.0000000e+00   7.0973270e+03   6.2930000e+03
   0.0000000e+00   0.0000000e+00   7.0967035e+03   6.3750000e+03
   0.0000000e+00   0.0000000e+00   7.0961129e+03   6.6810000e+03
   0.0000000e+00   0.0000000e+00   7.0957474e+03   7.3860000e+03
   0.0000000e+00   0.0000000e+00   7.0953069e+03   7.6810000e+03
   0.0000000e+00   0.0000000e+00   7.0944193e+03   8.9240000e+03
   0.0000000e+00   0.0000000e+00   7.0939784e+03   9.4390000e+03
   0.0000000e+00   0.0000000e+00   7.0937029e+03   1.0297000e+04
   0.0000000e+00   0.0000000e+00   7.0935236e+03   1.0443000e+04
   0.0000000e+00   0.0000000e+00   7.0935236e+03   1.1327000e+04
   0.0000000e+00   0.0000000e+00   7.0933406e+03   1.2152000e+04
   0.0000000e+00   0.0000000e+00   7.0925301e+03   1.3351000e+04
   0.0000000e+00   0.0000000e+00   7.0925301e+03   1.3383000e+04
   0.0000000e+00   0.0000000e+00   7.0920396e+03   1.3623000e+04
   0.0000000e+00   0.0000000e+00   7.0918641e+03   1.4253000e+04
   0.0000000e+00   0.0000000e+00   7.0916741e+03   1.4489000e+04
   0.0000000e+00   0.0000000e+00   7.0913979e+03   1.4531000e+04
   0.0000000e+00   0.0000000e+00   7.0913156e+03   1.4577000e+04
   0.0000000e+00   0.0000000e+00   7.0911256e+03   1.4886000e+04
   0.0000000e+00   0.0000000e+00   7.0909356e+03   1.7925000e+04
   0.0000000e+00   0.0000000e+00   7.0907601e+03   1.8061000e+04
   0.0000000e+00   0.0000000e+00   7.0907601e+03   1.9035000e+04
   0.0000000e+00   0.0000000e+00   7.0901119e+03   1.9126000e+04
   0.0000000e+00   0.0000000e+00   7.0896713e+03   1.9367000e+04
   0.0000000e+00   0.0000000e+00   7.0894240e+03   1.9745000e+04
   0.0000000e+00   0.0000000e+00   7.0872155e+03   2.0876000e+04
   0.0000000e+00   0.0000000e+00   7.0866670e+03   2.0893000e+04
   0.0000000e+00   0.0000000e+00   7.0857323e+03   2.0908000e+04
   0.0000000e+00   0.0000000e+00   7.0857323e+03   2.1090000e+04
   0.0000000e+00   0.0000000e+00   7.0851211e+03   2.1164000e+04
   0.0000000e+00   0.0000000e+00   7.0848747e+03   2.1767000e+04
   0.0000000e+00   0.0000000e+00   7.0848747e+03   2.2443000e+04
   0.0000000e+00   0.0000000e+00   7.0844444e+03   2.2466000e+04
   0.0000000e+00   0.0000000e+00   7.0840757e+03   2.3331000e+04
   0.0000000e+00   0.0000000e+00   7.0840757e+03   2.3917000e+04
   0.0000000e+00   0.0000000e+00   7.0838927e+03   2.3945000e+04
   0.0000000e+00   0.0000000e+00   7.0837097e+03   2.3975000e+04
   0.0000000e+00   0.0000000e+00   7.0837097e+03   2.4566000e+04
   0.0000000e+00   0.0000000e+00   7.0835267e+03   2.5812000e+04
   0.0000000e+00   0.0000000e+00   7.0809124e+03   2.6229000e+04
   0.0000000e+00   0.0000000e+00   7.0806843e+03   2.6442000e+04
   0.0000000e+00   0.0000000e+00   7.0806843e+03   2.6447000e+04
   0.0000000e+00   0.0000000e+00   7.0804977e+03   2.6673000e+04
   0.0000000e+00   0.0000000e+00   7.0804977e+03   2.7116000e+04
   0.0000000e+00   0.0000000e+00   7.0804977e+03   2.7462000e+04
   0.0000000e+00   0.0000000e+00   7.0803112e+03   2.7567000e+04
   0.0000000e+00   0.0000000e+00   7.0802402e+03   2.8623000e+04
   0.0000000e+00   0.0000000e+00   7.0799429e+03   2.9044000e+04
   0.0000000e+00   0.0000000e+00   7.0799429e+03   2.9758000e+04
   0.0000000e+00   0.0000000e+00   7.0797674e+03   2.9808000e+04
   0.0000000e+00   0.0000000e+00   7.0795033e+03   3.0061000e+04
   0.0000000e+00   0.0000000e+00   7.0791485e+03   3.0254000e+04
   0.0000000e+00   0.0000000e+00   7.0788723e+03   3.0416000e+04
   0.0000000e+00   0.0000000e+00   7.0788723e+03   3.0987000e+04
   0.0000000e+00   0.0000000e+00   7.0786791e+03   3.1197000e+04
   0.0000000e+00   0.0000000e+00   7.0782423e+03   3.1699000e+04
   0.0000000e+00   0.0000000e+00   7.0782423e+03   3.2449000e+04
   0.0000000e+00   0.0000000e+00   7.0780523e+03   3.2525000e+04
   0.0000000e+00   0.0000000e+00   7.0778876e+03   3.2996000e+04
   0.0000000e+00   0.0000000e+00   7.0778876e+03   3.3240000e+04
   0.0000000e+00   0.0000000e+00   7.0777010e+03   3.4139000e+04
   0.0000000e+00   0.0000000e+00   7.0776187e+03   3.4292000e+04
   0.0000000e+00   0.0000000e+00   7.0776187e+03   3.4445000e+04
   0.0000000e+00   0.0000000e+00   7.0774394e+03   3.5378000e+04
   0.0000000e+00   0.0000000e+00   7.0774394e+03   3.5548000e+04
   0.0000000e+00   0.0000000e+00   7.0774394e+03   3.5577000e+04
   0.0000000e+00   0.0000000e+00   7.0774394e+03   3.5598000e+04
   0.0000000e+00   0.0000000e+00   7.0774394e+03   3.5602000e+04
   0.0000000e+00   0.0000000e+00   7.0774394e+03   3.5944000e+04
   0.0000000e+00   0.0000000e+00   7.0774394e+03   3.6222000e+04
   0.0000000e+00   0.0000000e+00   7.0772639e+03   3.6270000e+04
   0.0000000e+00   0.0000000e+00   7.0772639e+03   3.6415000e+04
   0.0000000e+00   0.0000000e+00   7.0770739e+03   3.6600000e+04
   0.0000000e+00   0.0000000e+00   7.0770739e+03   3.6626000e+04
   0.0000000e+00   0.0000000e+00   7.0770739e+03   3.6638000e+04
   0.0000000e+00   0.0000000e+00   7.0770739e+03   3.7129000e+04
   0.0000000e+00   0.0000000e+00   7.0770739e+03   3.7136000e+04
   0.0000000e+00   0.0000000e+00   7.0770739e+03   3.7406000e+04
   0.0000000e+00   0.0000000e+00   7.0770739e+03   3.7500000e+04
   0.0000000e+00   0.0000000e+00   7.0770739e+03   3.7712000e+04
   0.0000000e+00   0.0000000e+00   7.0768909e+03   3.7865000e+04
   0.0000000e+00   0.0000000e+00   7.0768909e+03   3.8500000e+04
   0.0000000e+00   0.0000000e+00   7.0768909e+03   3.8643000e+04
   0.0000000e+00   0.0000000e+00   7.0768909e+03   3.9278000e+04
   0.0000000e+00   0.0000000e+00   7.0768909e+03   3.9619000e+04
   0.0000000e+00   0.0000000e+00   7.0768909e+03   3.9908000e+04
   0.0000000e+00   0.0000000e+00   7.0768909e+03   3.9994000e+04
   0.0000000e+00   0.0000000e+00   7.0768909e+03   4.0633000e+04
   0.0000000e+00   0.0000000e+00   7.0768909e+03   4.1018000e+04
   0.0000000e+00   0.0000000e+00   7.0768909e+03   4.1132000e+04
   0.0000000e+00   0.0000000e+00   7.0768909e+03   4.2011000e+04
   0.0000000e+00   0.0000000e+00   7.0768909e+03   4.2136000e+04
   0.0000000e+00   0.0000000e+00   7.0768909e+03   4.2462000e+04
   0.0000000e+00   0.0000000e+00   7.0768909e+03   4.2681000e+04
   0.0000000e+00   0.0000000e+00   7.0768909e+03   4.3203000e+04
   0.0000000e+00   0.0000000e+00   7.0768909e+03   4.3254000e+04
   0.0000000e+00   0.0000000e+00   7.0768909e+03   4.4159000e+04
   0.0000000e+00   0.0000000e+00   7.0768200e+03   4.4215000e+04
   0.0000000e+00   0.0000000e+00   7.0768200e+03   4.4683000e+04
   0.0000000e+00   0.0000000e+00   7.0768200e+03   4.5552000e+04
   0.0000000e+00   0.0000000e+00   7.0768200e+03   4.5771000e+04
   0.0000000e+00   0.0000000e+00   7.0768200e+03   4.6675000e+04
   0.0000000e+00   0.0000000e+00   7.0768200e+03   4.6908000e+04
   0.0000000e+00   0.0000000e+00   7.0768200e+03   4.7229000e+04
   0.0000000e+00   0.0000000e+00   7.0768200e+03   4.8063000e+04
   0.0000000e+00   0.0000000e+00   7.0768200e+03   4.8129000e+04
   0.0000000e+00   0.0000000e+00   7.0768200e+03   4.8999000e+04
   0.0000000e+00   0.0000000e+00   7.0768200e+03   4.9076000e+04
   0.0000000e+00   0.0000000e+00   7.0768200e+03   4.9467000e+04
   0.0000000e+00   0.0000000e+00   7.0768200e+03   5.0193000e+04
   0.0000000e+00   0.0000000e+00   7.0768200e+03   5.0554000e+04
   0.0000000e+00   0.0000000e+00   7.0768200e+03   5.1226000e+04
   0.0000000e+00   0.0000000e+00   7.0768200e+03   5.1853000e+04
   0.0000000e+00   0.0000000e+00   7.0768200e+03   5.2629000e+04
   0.0000000e+00   0.0000000e+00   7.0768200e+03   5.2724000e+04
   0.0000000e+00   0.0000000e+00   7.0768200e+03   5.2779000e+04
   0.0000000e+00   0.0000000e+00   7.0768200e+03   5.3011000e+04
   0.0000000e+00   0.0000000e+00   7.0768200e+03   5.3992000e+04
   0.0000000e+00   0.0000000e+00   7.0768200e+03   5.4174000e+04
   0.0000000e+00   0.0000000e+00   7.0767376e+03   5.4216000e+04
   0.0000000e+00   0.0000000e+00   7.0767376e+03   5.4376000e+04
   0.0000000e+00   0.0000000e+00   7.0767376e+03   5.4669000e+04
   0.0000000e+00   0.0000000e+00   7.0767376e+03   5.4792000e+04
   0.0000000e+00   0.0000000e+00   7.0767376e+03   5.4985000e+04
   0.0000000e+00   0.0000000e+00   7.0767376e+03   5.5243000e+04
   0.0000000e+00   0.0000000e+00   7.0767376e+03   5.5825000e+04
   0.0000000e+00   0.0000000e+00   7.0767376e+03   5.6161000e+04
   0.0000000e+00   0.0000000e+00   7.0767376e+03   5.6568000e+04
   0.0000000e+00   0.0000000e+00   7.0767376e+03   5.7492000e+04
   0.0000000e+00   0.0000000e+00   7.0767376e+03   5.7495000e+04
   0.0000000e+00   0.0000000e+00   7.0767376e+03   5.7727000e+04
   0.0000000e+00   0.0000000e+00   7.0767376e+03   5.9472000e+04
   0.0000000e+00   0.0000000e+00   7.0767376e+03   5.9527000e+04
   0.0000000e+00   0.0000000e+00   7.0767376e+03   5.9532000e+04
   0.0000000e+00   0.0000000e+00   7.0767376e+03   5.9899000e+04
   0.0000000e+00   0.0000000e+00   7.0767376e+03   6.0039000e+04
   0.0000000e+00   0.0000000e+00   7.0767376e+03   6.0589000e+04
   0.0000000e+00   0.0000000e+00   7.0767376e+03   6.0886000e+04
   0.0000000e+00   0.0000000e+00   7.0767376e+03   6.0902000e+04
   0.0000000e+00   0.0000000e+00   7.0767376e+03   6.0921000e+04
   0.0000000e+00   0.0000000e+00   7.0767376e+03   6.0950000e+04
   0.0000000e+00   0.0000000e+00   7.0767376e+03   6.1175000e+04
   0.0000000e+00   0.0000000e+00   7.0767376e+03   6.1224000e+04
   0.0000000e+00   0.0000000e+00   7.0767376e+03   6.1795000e+04
   0.0000000e+00   0.0000000e+00   7.0767376e+03   6.1956000e+04
   0.0000000e+00   0.0000000e+00   7.0767376e+03   6.2348000e+04
   0.0000000e+00   0.0000000e+00   7.0767376e+03   6.2833000e+04
   0.0000000e+00   0.0000000e+00   7.0767376e+03   6.3194000e+04
   0.0000000e+00   0.0000000e+00   7.0767376e+03   6.3898000e+04
   0.0000000e+00   0.0000000e+00   7.0767376e+03   6.4033000e+04
   0.0000000e+00   0.0000000e+00   7.0767376e+03   6.4088000e+04
   0.0000000e+00   0.0000000e+00   7.0767376e+03   6.4801000e+04
   0.0000000e+00   0.0000000e+00   7.0767376e+03   6.5446000e+04
   0.0000000e+00   0.0000000e+00   7.0767376e+03   6.6751000e+04
   0.0000000e+00   0.0000000e+00   7.0767376e+03   6.6942000e+04
   0.0000000e+00   0.0000000e+00   7.0767376e+03   6.7191000e+04
   0.0000000e+00   0.0000000e+00   7.0767376e+03   6.8134000e+04
   0.0000000e+00   0.0000000e+00   7.0767376e+03   6.8742000e+04
   0.0000000e+00   0.0000000e+00   7.0767376e+03   6.8758000e+04
   0.0000000e+00   0.0000000e+00   7.0767376e+03   6.9116000e+04
   0.0000000e+00   0.0000000e+00   7.0767376e+03   6.9725000e+04
   0.0000000e+00   0.0000000e+00   7.0767376e+03   6.9769000e+04
   0.0000000e+00   0.0000000e+00   7.0767376e+03   6.9800000e+04
   0.0000000e+00   0.0000000e+00   7.0767376e+03   6.9892000e+04
   0.0000000e+00   0.0000000e+00   7.0767376e+03   7.0240000e+04
   0.0000000e+00   0.0000000e+00   7.0767376e+03   7.0283000e+04
   0.0000000e+00   0.0000000e+00   7.0767376e+03   7.0514000e+04
   0.0000000e+00   0.0000000e+00   7.0767376e+03   7.0632000e+04
   0.0000000e+00   0.0000000e+00   7.0767376e+03   7.2537000e+04
   0.0000000e+00   0.0000000e+00   7.0767376e+03   7.2988000e+04
   0.0000000e+00   0.0000000e+00   7.0767376e+03   7.3076000e+04
   0.0000000e+00   0.0000000e+00   7.0767376e+03   7.3698000e+04
   0.0000000e+00   0.0000000e+00   7.0767376e+03   7.3733000e+04
   0.0000000e+00   0.0000000e+00   7.0767376e+03   7.3910000e+04
   0.0000000e+00   0.0000000e+00   7.0767376e+03   7.5257000e+04
   0.0000000e+00   0.0000000e+00   7.0767376e+03   7.6143000e+04
   0.0000000e+00   0.0000000e+00   7.0767376e+03   7.6460000e+04
   0.0000000e+00   0.0000000e+00   7.0767376e+03   7.6921000e+04
   0.0000000e+00   0.0000000e+00   7.0767376e+03   7.7286000e+04
   0.0000000e+00   0.0000000e+00   7.0767376e+03   7.7946000e+04
   0.0000000e+00   0.0000000e+00   7.0767376e+03   7.8533000e+04
   0.0000000e+00   0.0000000e+00   7.0767376e+03   7.8717000e+04
   0.0000000e+00   0.0000000e+00   7.0767376e+03   7.8846000e+04
   0.0000000e+00   0.0000000e+00   7.0767376e+03   7.9063000e+04
   0.0000000e+00   0.0000000e+00   7.0767376e+03   7.9164000e+04
   0.0000000e+00   0.0000000e+00   7.0767376e+03   7.9555000e+04
   0.0000000e+00   0.0000000e+00   7.0767376e+03   7.9731000e+04
   0.0000000e+00   0.0000000e+00   7.0767376e+03   7.9998000e+04
   0.0000000e+00   0.0000000e+00   7.0767376e+03   8.0745000e+04
   0.0000000e+00   0.0000000e+00   7.0767376e+03   8.0946000e+04
   0.0000000e+00   0.0000000e+00   7.0767376e+03   8.1102000e+04
   0.0000000e+00   0.0000000e+00   7.0767376e+03   8.1254000e+04
   0.0000000e+00   0.0000000e+00   7.0767376e+03   8.1950000e+04
   0.0000000e+00   0.0000000e+00   7.0767376e+03   8.3071000e+04
   0.0000000e+00   0.0000000e+00   7.0767376e+03   8.4056000e+04
   0.0000000e+00   0.0000000e+00   7.0767376e+03   8.4405000e+04
   0.0000000e+00   0.0000000e+00   7.0767376e+03   8.4701000e+04
   0.0000000e+00   0.0000000e+00   7.0767376e+03   8.4814000e+04
   0.0000000e+00   0.0000000e+00   7.0767376e+03   8.4941000e+04
   0.0000000e+00   0.0000000e+00   7.0767376e+03   8.5345000e+04
   0.0000000e+00   0.0000000e+00   7.0767376e+03   8.5600000e+04
   0.0000000e+00   0.0000000e+00   7.0767376e+03   8.7913000e+04
   0.0000000e+00   0.0000000e+00   7.0767376e+03   8.8142000e+04
   0.0000000e+00   0.0000000e+00   7.0767376e+03   8.8709000e+04
   0.0000000e+00   0.0000000e+00   7.0767376e+03   8.8888000e+04
   0.0000000e+00   0.0000000e+00   7.0767376e+03   8.9065000e+04
   0.0000000e+00   0.0000000e+00   7.0767376e+03   8.9302000e+04
   0.0000000e+00   0.0000000e+00   7.0767376e+03   8.9312000e+04
   0.0000000e+00   0.0000000e+00   7.0767376e+03   9.0205000e+04
   0.0000000e+00   0.0000000e+00   7.0767376e+03   9.0752000e+04
   0.0000000e+00   0.0000000e+00   7.0767376e+03   9.0826000e+04
   0.0000000e+00   0.0000000e+00   7.0767376e+03   9.0907000e+04
   0.0000000e+00   0.0000000e+00   7.0767376e+03   9.1238000e+04
   0.0000000e+00   0.0000000e+00   7.0767376e+03   9.1612000e+04
   0.0000000e+00   0.0000000e+00   7.0767376e+03   9.2087000e+04
   0.0000000e+00   0.0000000e+00   7.0767376e+03   9.2152000e+04
   0.0000000e+00   0.0000000e+00   7.0767376e+03   9.2244000e+04
   0.0000000e+00   0.0000000e+00   7.0767376e+03   9.2913000e+04
   0.0000000e+00   0.0000000e+00   7.0767376e+03   9.3192000e+04
   0.0000000e+00   0.0000000e+00   7.0767376e+03   9.3953000e+04
   0.0000000e+00   0.0000000e+00   7.0767376e+03   9.4385000e+04
   0.0000000e+00   0.0000000e+00   7.0767376e+03   9.4706000e+04
   0.0000000e+00   0.0000000e+00   7.0767376e+03   9.4734000e+04
   0.0000000e+00   0.0000000e+00   7.0767376e+03   9.4877000e+04
   0.0000000e+00   0.0000000e+00   7.0767376e+03   9.5053000e+04
   0.0000000e+00   0.0000000e+00   7.0767376e+03   9.5289000e+04
   0.0000000e+00   0.0000000e+00   7.0767376e+03   9.5551000e+04
   0.0000000e+00   0.0000000e+00   7.0767376e+03   9.5662000e+04
   0.0000000e+00   0.0000000e+00   7.0767376e+03   9.5752000e+04
   0.0000000e+00   0.0000000e+00   7.0767376e+03   9.5943000e+04
   0.0000000e+00   0.0000000e+00   7.0767376e+03   9.6377000e+04
   0.0000000e+00   0.0000000e+00   7.0767376e+03   9.6422000e+04
   0.0000000e+00   0.0000000e+00   7.0767376e+03   9.7267000e+04
   0.0000000e+00   0.0000000e+00   7.0767376e+03   9.7634000e+04
   0.0000000e+00   0.0000000e+00   7.0767376e+03   9.7707000e+04
   0.0000000e+00   0.0000000e+00   7.0767376e+03   9.8281000e+04
   0.0000000e+00   0.0000000e+00   7.0767376e+03   9.8485000e+04
   0.0000000e+00   0.0000000e+00   7.0767376e+03   9.8662000e+04
   0.0000000e+00   0.0000000e+00   7.0767376e+03   9.8706000e+04
   0.0000000e+00   0.0000000e+00   7.0767376e+03   9.9034000e+04
   0.0000000e+00   0.0000000e+00   7.0767376e+03   9.9469000e+04
   0.0000000e+00   0.0000000e+00   7.0767376e+03   9.9801000e+04
   0.0000000e+00   0.0000000e+00   7.0767376e+03   1.0031500e+05
   0.0000000e+00   0.0000000e+00   7.0767376e+03   1.0070200e+05
   0.0000000e+00   0.0000000e+00   7.0767376e+03   1.0080200e+05
   0.0000000e+00   0.0000000e+00   7.0767376e+03   1.0143100e+05
   0.0000000e+00   0.0000000e+00   7.0767376e+03   1.0150400e+05
   0.0000000e+00   0.0000000e+00   7.0767376e+03   1.0150800e+05
   0.0000000e+00   0.0000000e+00   7.0767376e+03   1.0161400e+05
   0.0000000e+00   0.0000000e+00   7.0767376e+03   1.0163600e+05
   0.0000000e+00   0.0000000e+00   7.0767376e+03   1.0213600e+05
   0.0000000e+00   0.0000000e+00   7.0767376e+03   1.0215400e+05
   0.0000000e+00   0.0000000e+00   7.0767376e+03   1.0237300e+05
   0.0000000e+00   0.0000000e+00   7.0767376e+03   1.0303400e+05
   0.0000000e+00   0.0000000e+00   7.0767376e+03   1.0332400e+05
   0.0000000e+00   0.0000000e+00   7.0767376e+03   1.0358300e+05
   0.0000000e+00   0.0000000e+00   7.0767376e+03   1.0358900e+05
   0.0000000e+00   0.0000000e+00   7.0767376e+03   1.0395100e+05
   0.0000000e+00   0.0000000e+00   7.0767376e+03   1.0432200e+05
   0.0000000e+00   0.0000000e+00   7.0767376e+03   1.0453900e+05
   0.0000000e+00   0.0000000e+00   7.0767376e+03   1.0466800e+05
   0.0000000e+00   0.0000000e+00   7.0767376e+03   1.0481100e+05
   0.0000000e+00   0.0000000e+00   7.0767376e+03   1.0532000e+05
   0.0000000e+00   0.0000000e+00   7.0767376e+03   1.0585200e+05
   0.0000000e+00   0.0000000e+00   7.0767376e+03   1.0662800e+05
   0.0000000e+00   0.0000000e+00   7.0767376e+03   1.0665400e+05
   0.0000000e+00   0.0000000e+00   7.0767376e+03   1.0678600e+05
   0.0000000e+00   0.0000000e+00   7.0767376e+03   1.0695000e+05
   0.0000000e+00   0.0000000e+00   7.0767376e+03   1.0718400e+05
   0.0000000e+00   0.0000000e+00   7.0767376e+03   1.0790100e+05
   0.0000000e+00   0.0000000e+00   7.0767376e+03   1.0816800e+05
   0.0000000e+00   0.0000000e+00   7.0767376e+03   1.0852900e+05
   0.0000000e+00   0.0000000e+00   7.0767376e+03   1.0899800e+05
   0.0000000e+00   0.0000000e+00   7.0767376e+03   1.0935500e+05
   0.0000000e+00   0.0000000e+00   7.0767376e+03   1.1008300e+05
   0.0000000e+00   0.0000000e+00   7.0767376e+03   1.1096500e+05
   0.0000000e+00   0.0000000e+00   7.0767376e+03   1.1118200e+05
   0.0000000e+00   0.0000000e+00   7.0767376e+03   1.1123700e+05
   0.0000000e+00   0.0000000e+00   7.0767376e+03   1.1132700e+05
   0.0000000e+00   0.0000000e+00   7.0767376e+03   1.1234200e+05
   0.0000000e+00   0.0000000e+00   7.0767376e+03   1.1242900e+05
   0.0000000e+00   0.0000000e+00   7.0767376e+03   1.1264000e+05
   0.0000000e+00   0.0000000e+00   7.0767376e+03   1.1283100e+05
   0.0000000e+00   0.0000000e+00   7.0767376e+03   1.1294000e+05
   0.0000000e+00   0.0000000e+00   7.0767376e+03   1.1297300e+05
   0.0000000e+00   0.0000000e+00   7.0767376e+03   1.1305000e+05
   0.0000000e+00   0.0000000e+00   7.0767376e+03   1.1346200e+05
   0.0000000e+00   0.0000000e+00   7.0767376e+03   1.1378600e+05
   0.0000000e+00   0.0000000e+00   7.0767376e+03   1.1380800e+05
   0.0000000e+00   0.0000000e+00   7.0767376e+03   1.1411300e+05
   0.0000000e+00   0.0000000e+00   7.0767376e+03   1.1507500e+05
   0.0000000e+00   0.0000000e+00   7.0767376e+03   1.1562500e+05
   0.0000000e+00   0.0000000e+00   7.0767376e+03   1.1584100e+05
   0.0000000e+00   0.0000000e+00   7.0767376e+03   1.1588700e+05
   0.0000000e+00   0.0000000e+00   7.0767376e+03   1.1601000e+05
   0.0000000e+00   0.0000000e+00   7.0767376e+03   1.1622300e+05
   0.0000000e+00   0.0000000e+00   7.0767376e+03   1.1630100e+05
   0.0000000e+00   0.0000000e+00   7.0767376e+03   1.1660200e+05
   0.0000000e+00   0.0000000e+00   7.0767376e+03   1.1675600e+05
   0.0000000e+00   0.0000000e+00   7.0767376e+03   1.1713400e+05
   0.0000000e+00   0.0000000e+00   7.0767376e+03   1.1724700e+05
   0.0000000e+00   0.0000000e+00   7.0767376e+03   1.1744900e+05
   0.0000000e+00   0.0000000e+00   7.0767376e+03   1.1831300e+05
   0.0000000e+00   0.0000000e+00   7.0767376e+03   1.1853700e+05
   0.0000000e+00   0.0000000e+00   7.0767376e+03   1.1857000e+05
   0.0000000e+00   0.0000000e+00   7.0767376e+03   1.1900900e+05
   0.0000000e+00   0.0000000e+00   7.0767376e+03   1.1955500e+05
   0.0000000e+00   0.0000000e+00   7.0767376e+03   1.1958500e+05
   0.0000000e+00   0.0000000e+00   7.0767376e+03   1.2020200e+05
   0.0000000e+00   0.0000000e+00   7.0767376e+03   1.2080400e+05
   0.0000000e+00   0.0000000e+00   7.0767376e+03   1.2096200e+05
   0.0000000e+00   0.0000000e+00   7.0767376e+03   1.2097600e+05
   0.0000000e+00   0.0000000e+00   7.0767376e+03   1.2103900e+05
   0.0000000e+00   0.0000000e+00   7.0767376e+03   1.2120000e+05
   0.0000000e+00   0.0000000e+00   7.0767376e+03   1.2129800e+05
   0.0000000e+00   0.0000000e+00   7.0767376e+03   1.2261000e+05
   0.0000000e+00   0.0000000e+00   7.0767376e+03   1.2284400e+05
   0.0000000e+00   0.0000000e+00   7.0767376e+03   1.2326000e+05
   0.0000000e+00   0.0000000e+00   7.0767376e+03   1.2395400e+05
   0.0000000e+00   0.0000000e+00   7.0767376e+03   1.2424900e+05
   0.0000000e+00   0.0000000e+00   7.0767376e+03   1.2427000e+05
   0.0000000e+00   0.0000000e+00   7.0767376e+03   1.2467300e+05
   0.0000000e+00   0.0000000e+00   7.0767376e+03   1.2499200e+05
   0.0000000e+00   0.0000000e+00   7.0767376e+03   1.2507600e+05
   0.0000000e+00   0.0000000e+00   7.0767376e+03   1.2550400e+05
   0.0000000e+00   0.0000000e+00   7.0767376e+03   1.2580400e+05
   0.0000000e+00   0.0000000e+00   7.0767376e+03   1.2600600e+05
   0.0000000e+00   0.0000000e+00   7.0767376e+03   1.2651700e+05
   0.0000000e+00   0.0000000e+00   7.0767376e+03   1.2667300e+05
   0.0000000e+00   0.0000000e+00   7.0767376e+03   1.2924700e+05
   0.0000000e+00   0.0000000e+00   7.0767376e+03   1.2933900e+05
   0.0000000e+00   0.0000000e+00   7.0767376e+03   1.2995400e+05
   0.0000000e+00   0.0000000e+00   7.0767376e+03   1.3013000e+05
   0.0000000e+00   0.0000000e+00   7.0767376e+03   1.3059500e+05
   0.0000000e+00   0.0000000e+00   7.0767376e+03   1.3132900e+05
   0.0000000e+00   0.0000000e+00   7.0767376e+03   1.3148200e+05
   0.0000000e+00   0.0000000e+00   7.0767376e+03   1.3226000e+05
   0.0000000e+00   0.0000000e+00   7.0767376e+03   1.3258000e+05
   0.0000000e+00   0.0000000e+00   7.0767376e+03   1.3269300e+05
   0.0000000e+00   0.0000000e+00   7.0767376e+03   1.3278400e+05
   0.0000000e+00   0.0000000e+00   7.0767376e+03   1.3286200e+05
   0.0000000e+00   0.0000000e+00   7.0767376e+03   1.3301900e+05
   0.0000000e+00   0.0000000e+00   7.0767376e+03   1.3348400e+05
   0.0000000e+00   0.0000000e+00   7.0767376e+03   1.3376000e+05
   0.0000000e+00   0.0000000e+00   7.0767376e+03   1.3391100e+05
   0.0000000e+00   0.0000000e+00   7.0767376e+03   1.3403200e+05
   0.0000000e+00   0.0000000e+00   7.0767376e+03   1.3415500e+05
   0.0000000e+00   0.0000000e+00   7.0767376e+03   1.3434200e+05
   0.0000000e+00   0.0000000e+00   7.0767376e+03   1.3477400e+05
   0.0000000e+00   0.0000000e+00   7.0767376e+03   1.3539700e+05
   0.0000000e+00   0.0000000e+00   7.0767376e+03   1.3591400e+05
   0.0000000e+00   0.0000000e+00   7.0767376e+03   1.3607800e+05
   0.0000000e+00   0.0000000e+00   7.0767376e+03   1.3645000e+05
   0.0000000e+00   0.0000000e+00   7.0767376e+03   1.3702700e+05
   0.0000000e+00   0.0000000e+00   7.0767376e+03   1.3770100e+05
   0.0000000e+00   0.0000000e+00   7.0767376e+03   1.3813600e+05
   0.0000000e+00   0.0000000e+00   7.0767376e+03   1.3835500e+05
   0.0000000e+00   0.0000000e+00   7.0767376e+03   1.3847700e+05
   0.0000000e+00   0.0000000e+00   7.0767376e+03   1.3859600e+05
   0.0000000e+00   0.0000000e+00   7.0767376e+03   1.3864000e+05
   0.0000000e+00   0.0000000e+00   7.0767376e+03   1.3867200e+05
   0.0000000e+00   0.0000000e+00   7.0767376e+03   1.3870200e+05
   0.0000000e+00   0.0000000e+00   7.0767376e+03   1.3922700e+05
   0.0000000e+00   0.0000000e+00   7.0767376e+03   1.4169000e+05
   0.0000000e+00   0.0000000e+00   7.0767376e+03   1.4187000e+05
   0.0000000e+00   0.0000000e+00   7.0767376e+03   1.4266600e+05
   0.0000000e+00   0.0000000e+00   7.0767376e+03   1.4301600e+05
   0.0000000e+00   0.0000000e+00   7.0767376e+03   1.4313100e+05
   0.0000000e+00   0.0000000e+00   7.0767376e+03   1.4345800e+05
   0.0000000e+00   0.0000000e+00   7.0767376e+03   1.4349400e+05
   0.0000000e+00   0.0000000e+00   7.0767376e+03   1.4377600e+05
   0.0000000e+00   0.0000000e+00   7.0767376e+03   1.4380700e+05
   0.0000000e+00   0.0000000e+00   7.0767376e+03   1.4432800e+05
   0.0000000e+00   0.0000000e+00   7.0767376e+03   1.4452100e+05
   0.0000000e+00   0.0000000e+00   7.0767376e+03   1.4469200e+05
   0.0000000e+00   0.0000000e+00   7.0767376e+03   1.4491700e+05
   0.0000000e+00   0.0000000e+00   7.0767376e+03   1.4515700e+05
   0.0000000e+00   0.0000000e+00   7.0767376e+03   1.4578700e+05
   0.0000000e+00   0.0000000e+00   7.0767376e+03   1.4624900e+05
   0.0000000e+00   0.0000000e+00   7.0767376e+03   1.4667200e+05
   0.0000000e+00   0.0000000e+00   7.0767376e+03   1.4689100e+05
   0.0000000e+00   0.0000000e+00   7.0767376e+03   1.4701000e+05
   0.0000000e+00   0.0000000e+00   7.0767376e+03   1.4740000e+05
   0.0000000e+00   0.0000000e+00   7.0767376e+03   1.4768200e+05
   0.0000000e+00   0.0000000e+00   7.0767376e+03   1.4807500e+05
   0.0000000e+00   0.0000000e+00   7.0767376e+03   1.4831100e+05
   0.0000000e+00   0.0000000e+00   7.0767376e+03   1.4831500e+05
   0.0000000e+00   0.0000000e+00   7.0767376e+03   1.4857100e+05
   0.0000000e+00   0.0000000e+00   7.0767376e+03   1.4985700e+05
   0.0000000e+00   0.0000000e+00   7.0767376e+03   1.5012000e+05
   0.0000000e+00   0.0000000e+00   7.0767376e+03   1.5203800e+05
   0.0000000e+00   0.0000000e+00   7.0767376e+03   1.5224100e+05
   0.0000000e+00   0.0000000e+00   7.0767376e+03   1.5235500e+05
   0.0000000e+00   0.0000000e+00   7.0767376e+03   1.5246000e+05
   0.0000000e+00   0.0000000e+00   7.0767376e+03   1.5247300e+05
   0.0000000e+00   0.0000000e+00   7.0767376e+03   1.5255500e+05
   0.0000000e+00   0.0000000e+00   7.0767376e+03   1.5272500e+05
   0.0000000e+00   0.0000000e+00   7.0767376e+03   1.5325800e+05
   0.0000000e+00   0.0000000e+00   7.0767376e+03   1.5345200e+05
   0.0000000e+00   0.0000000e+00   7.0767376e+03   1.5347400e+05
   0.0000000e+00   0.0000000e+00   7.0767376e+03   1.5358000e+05
   0.0000000e+00   0.0000000e+00   7.0767376e+03   1.5400500e+05
   0.0000000e+00   0.0000000e+00   7.0767376e+03   1.5420700e+05
   0.0000000e+00   0.0000000e+00   7.0767376e+03   1.5457800e+05
   0.0000000e+00   0.0000000e+00   7.0767376e+03   1.5576900e+05
   0.0000000e+00   0.0000000e+00   7.0767376e+03   1.5625600e+05
   0.0000000e+00   0.0000000e+00   7.0767376e+03   1.5693200e+05
   0.0000000e+00   0.0000000e+00   7.0767376e+03   1.5740900e+05
   0.0000000e+00   0.0000000e+00   7.0767376e+03   1.5761100e+05
   0.0000000e+00   0.0000000e+00   7.0767376e+03   1.5763700e+05
   0.0000000e+00   0.0000000e+00   7.0767376e+03   1.5795900e+05
   0.0000000e+00   0.0000000e+00   7.0767376e+03   1.5836500e+05
   0.0000000e+00   0.0000000e+00   7.0767376e+03   1.5844400e+05
   0.0000000e+00   0.0000000e+00   7.0767376e+03   1.5845000e+05
   0.0000000e+00   0.0000000e+00   7.0767376e+03   1.5893600e+05
   0.0000000e+00   0.0000000e+00   7.0767376e+03   1.5904400e+05
   0.0000000e+00   0.0000000e+00   7.0767376e+03   1.5911000e+05
   0.0000000e+00   0.0000000e+00   7.0767376e+03   1.5985600e+05
   0.0000000e+00   0.0000000e+00   7.0767376e+03   1.5997200e+05
   0.0000000e+00   0.0000000e+00   7.0767376e+03   1.6001300e+05
   0.0000000e+00   0.0000000e+00   7.0767376e+03   1.6075800e+05
   0.0000000e+00   0.0000000e+00   7.0767376e+03   1.6096400e+05
   0.0000000e+00   0.0000000e+00   7.0767376e+03   1.6101500e+05
   0.0000000e+00   0.0000000e+00   7.0767376e+03   1.6110900e+05
   0.0000000e+00   0.0000000e+00   7.0767376e+03   1.6114800e+05
   0.0000000e+00   0.0000000e+00   7.0767376e+03   1.6167900e+05
   0.0000000e+00   0.0000000e+00   7.0767376e+03   1.6184700e+05
   0.0000000e+00   0.0000000e+00   7.0767376e+03   1.6222700e+05
   0.0000000e+00   0.0000000e+00   7.0767376e+03   1.6227500e+05
   0.0000000e+00   0.0000000e+00   7.0767376e+03   1.6357700e+05
   0.0000000e+00   0.0000000e+00   7.0767376e+03   1.6403700e+05
   0.0000000e+00   0.0000000e+00   7.0767376e+03   1.6427300e+05
   0.0000000e+00   0.0000000e+00   7.0767376e+03   1.6445300e+05
   0.0000000e+00   0.0000000e+00   7.0767376e+03   1.6460100e+05
   0.0000000e+00   0.0000000e+00   7.0767376e+03   1.6579800e+05
   0.0000000e+00   0.0000000e+00   7.0767376e+03   1.6585100e+05
   0.0000000e+00   0.0000000e+00   7.0767376e+03   1.6714700e+05
   0.0000000e+00   0.0000000e+00   7.0767376e+03   1.6773700e+05
   0.0000000e+00   0.0000000e+00   7.0767376e+03   1.6783400e+05
   0.0000000e+00   0.0000000e+00   7.0767376e+03   1.6795000e+05
   0.0000000e+00   0.0000000e+00   7.0767376e+03   1.6930100e+05
   0.0000000e+00   0.0000000e+00   7.0767376e+03   1.6938200e+05
   0.0000000e+00   0.0000000e+00   7.0767376e+03   1.6978900e+05
   0.0000000e+00   0.0000000e+00   7.0767376e+03   1.7114800e+05
   0.0000000e+00   0.0000000e+00   7.0767376e+03   1.7159800e+05
   0.0000000e+00   0.0000000e+00   7.0767376e+03   1.7199400e+05
   0.0000000e+00   0.0000000e+00   7.0767376e+03   1.7203700e+05
   0.0000000e+00   0.0000000e+00   7.0767376e+03   1.7239800e+05
   0.0000000e+00   0.0000000e+00   7.0767376e+03   1.7268600e+05
   0.0000000e+00   0.0000000e+00   7.0767376e+03   1.7280200e+05
   0.0000000e+00   0.0000000e+00   7.0767376e+03   1.7281300e+05
   0.0000000e+00   0.0000000e+00   7.0767376e+03   1.7303600e+05
   0.0000000e+00   0.0000000e+00   7.0767376e+03   1.7332100e+05
   0.0000000e+00   0.0000000e+00   7.0767376e+03   1.7357300e+05
   0.0000000e+00   0.0000000e+00   7.0767376e+03   1.7360300e+05
   0.0000000e+00   0.0000000e+00   7.0767376e+03   1.7390900e+05
   0.0000000e+00   0.0000000e+00   7.0767376e+03   1.7418500e+05
   0.0000000e+00   0.0000000e+00   7.0767376e+03   1.7529300e+05
   0.0000000e+00   0.0000000e+00   7.0767376e+03   1.7537400e+05
   0.0000000e+00   0.0000000e+00   7.0767376e+03   1.7542600e+05
   0.0000000e+00   0.0000000e+00   7.0767376e+03   1.7631600e+05
   0.0000000e+00   0.0000000e+00   7.0767376e+03   1.7634000e+05
   0.0000000e+00   0.0000000e+00   7.0767376e+03   1.7634700e+05
   0.0000000e+00   0.0000000e+00   7.0767376e+03   1.7725800e+05
   0.0000000e+00   0.0000000e+00   7.0767376e+03   1.7742300e+05
   0.0000000e+00   0.0000000e+00   7.0767376e+03   1.7793700e+05
   0.0000000e+00   0.0000000e+00   7.0767376e+03   1.7857400e+05
   0.0000000e+00   0.0000000e+00   7.0767376e+03   1.7882400e+05
   0.0000000e+00   0.0000000e+00   7.0767376e+03   1.8039500e+05
   0.0000000e+00   0.0000000e+00   7.0767376e+03   1.8043700e+05
   0.0000000e+00   0.0000000e+00   7.0767376e+03   1.8081600e+05
   0.0000000e+00   0.0000000e+00   7.0767376e+03   1.8165400e+05
   0.0000000e+00   0.0000000e+00   7.0767376e+03   1.8198800e+05
   0.0000000e+00   0.0000000e+00   7.0767376e+03   1.8213000e+05
   0.0000000e+00   0.0000000e+00   7.0767376e+03   1.8266300e+05
   0.0000000e+00   0.0000000e+00   7.0767376e+03   1.8313700e+05
   0.0000000e+00   0.0000000e+00   7.0767376e+03   1.8317800e+05
   0.0000000e+00   0.0000000e+00   7.0767376e+03   1.8420600e+05
   0.0000000e+00   0.0000000e+00   7.0767376e+03   1.8472600e+05
   0.0000000e+00   0.0000000e+00   7.0767376e+03   1.8494700e+05
   0.0000000e+00   0.0000000e+00   7.0767376e+03   1.8502100e+05
   0.0000000e+00   0.0000000e+00   7.0767376e+03   1.8507600e+05
   0.0000000e+00   0.0000000e+00   7.0767376e+03   1.8546100e+05
   0.0000000e+00   0.0000000e+00   7.0767376e+03   1.8550800e+05
   0.0000000e+00   0.0000000e+00   7.0767376e+03   1.8588500e+05
   0.0000000e+00   0.0000000e+00   7.0767376e+03   1.8615400e+05
   0.0000000e+00   0.0000000e+00   7.0767376e+03   1.8636200e+05
   0.0000000e+00   0.0000000e+00   7.0767376e+03   1.8708400e+05
   0.0000000e+00   0.0000000e+00   7.0767376e+03   1.8711900e+05
   0.0000000e+00   0.0000000e+00   7.0767376e+03   1.8770800e+05
   0.0000000e+00   0.0000000e+00   7.0767376e+03   1.8773100e+05
   0.0000000e+00   0.0000000e+00   7.0767376e+03   1.8783800e+05
   0.0000000e+00   0.0000000e+00   7.0767376e+03   1.8787600e+05
   0.0000000e+00   0.0000000e+00   7.0767376e+03   1.8791300e+05
   0.0000000e+00   0.0000000e+00   7.0767376e+03   1.8874000e+05
   0.0000000e+00   0.0000000e+00   7.0767376e+03   1.8922100e+05
   0.0000000e+00   0.0000000e+00   7.0767376e+03   1.8935000e+05
   0.0000000e+00   0.0000000e+00   7.0767376e+03   1.8942400e+05
   0.0000000e+00   0.0000000e+00   7.0767376e+03   1.8992600e+05
   0.0000000e+00   0.0000000e+00   7.0767376e+03   1.9051600e+05
   0.0000000e+00   0.0000000e+00   7.0767376e+03   1.9078400e+05
   0.0000000e+00   0.0000000e+00   7.0767376e+03   1.9113800e+05
   0.0000000e+00   0.0000000e+00   7.0767376e+03   1.9135500e+05
   0.0000000e+00   0.0000000e+00   7.0767376e+03   1.9173100e+05
   0.0000000e+00   0.0000000e+00   7.0767376e+03   1.9192000e+05
   0.0000000e+00   0.0000000e+00   7.0767376e+03   1.9194600e+05
   0.0000000e+00   0.0000000e+00   7.0767376e+03   1.9234000e+05
   0.0000000e+00   0.0000000e+00   7.0767376e+03   1.9264000e+05
   0.0000000e+00   0.0000000e+00   7.0767376e+03   1.9267700e+05
   0.0000000e+00   0.0000000e+00   7.0767376e+03   1.9288500e+05
   0.0000000e+00   0.0000000e+00   7.0767376e+03   1.9289400e+05
   0.0000000e+00   0.0000000e+00   7.0767376e+03   1.9290200e+05
   0.0000000e+00   0.0000000e+00   7.0767376e+03   1.9342800e+05
   0.0000000e+00   0.0000000e+00   7.0767376e+03   1.9371400e+05
   0.0000000e+00   0.0000000e+00   7.0767376e+03   1.9375400e+05
   0.0000000e+00   0.0000000e+00   7.0767376e+03   1.9382500e+05
   0.0000000e+00   0.0000000e+00   7.0767376e+03   1.9470900e+05
   0.0000000e+00   0.0000000e+00   7.0767376e+03   1.9497800e+05
   0.0000000e+00   0.0000000e+00   7.0767376e+03   1.9521200e+05
   0.0000000e+00   0.0000000e+00   7.0767376e+03   1.9531000e+05
   0.0000000e+00   0.0000000e+00   7.0767376e+03   1.9543400e+05
   0.0000000e+00   0.0000000e+00   7.0767376e+03   1.9547100e+05
   0.0000000e+00   0.0000000e+00   7.0767376e+03   1.9597900e+05
   0.0000000e+00   0.0000000e+00   7.0767376e+03   1.9641400e+05
   0.0000000e+00   0.0000000e+00   7.0767376e+03   1.9659500e+05
   0.0000000e+00   0.0000000e+00   7.0767376e+03   1.9735300e+05
   0.0000000e+00   0.0000000e+00   7.0767376e+03   1.9767800e+05
   0.0000000e+00   0.0000000e+00   7.0767376e+03   1.9787300e+05
   0.0000000e+00   0.0000000e+00   7.0767376e+03   1.9806700e+05
   0.0000000e+00   0.0000000e+00   7.0767376e+03   1.9838100e+05
   0.0000000e+00   0.0000000e+00   7.0767376e+03   1.9942600e+05
   0.0000000e+00   0.0000000e+00   7.0767376e+03   1.9945700e+05
