   1.9986469e+02   8.8662830e+00   1.4982542e+04   2.0000000e+00
   1.6917986e+02   4.9433258e+00   1.8286196e+04   4.0000000e+00
   1.0745510e+02   1.4095103e+00   1.7725256e+04   6.0000000e+00
   7.1945497e+01   6.6823961e-02   2.0077156e+04   7.0000000e+00
   6.2114287e+01   9.7052239e-02   1.9012085e+04   8.0000000e+00
   5.2241394e+01   1.1700939e-03   2.0063138e+04   9.0000000e+00
   5.1816285e+01   1.4936860e-01   1.8511107e+04   1.1000000e+01
   2.5066354e+01   4.7136348e-02   1.6854712e+04   1.2000000e+01
   1.3461537e+01   0.0000000e+00   1.6169881e+04   1.3000000e+01
   8.2495126e+00   0.0000000e+00   1.8596064e+04   1.4000000e+01
   7.3083277e+00   0.0000000e+00   1.7067600e+04   1.6000000e+01
   5.8952914e+00   0.0000000e+00   1.6420257e+04   1.9000000e+01
   2.7066232e+00   0.0000000e+00   1.9742913e+04   2.0000000e+01
   2.0664322e+00   0.0000000e+00   1.9743232e+04   2.3000000e+01
   1.3318811e+00   0.0000000e+00   2.0497043e+04   2.4000000e+01
   5.6188260e-01   0.0000000e+00   2.4288075e+04   2.6000000e+01
   1.2328398e-01   0.0000000e+00   2.9284923e+04   3.1000000e+01
   0.0000000e+00   0.0000000e+00   3.0657553e+04   3.4000000e+01
   0.0000000e+00   0.0000000e+00   3.0263088e+04   3.6000000e+01
   0.0000000e+00   0.0000000e+00   2.8699774e+04   3.7000000e+01
   0.0000000e+00   0.0000000e+00   2.5598635e+04   3.8000000e+01
   0.0000000e+00   0.0000000e+00   2.4207914e+04   4.0000000e+01
   0.0000000e+00   0.0000000e+00   2.2400005e+04   4.5000000e+01
   0.0000000e+00   0.0000000e+00   2.1395358e+04   4.8000000e+01
   0.0000000e+00   0.0000000e+00   1.9279237e+04   5.2000000e+01
   0.0000000e+00   0.0000000e+00   1.7958162e+04   5.3000000e+01
   0.0000000e+00   0.0000000e+00   1.7057842e+04   5.7000000e+01
   0.0000000e+00   0.0000000e+00   1.6233695e+04   5.8000000e+01
   0.0000000e+00   0.0000000e+00   1.4822602e+04   6.2000000e+01
   0.0000000e+00   0.0000000e+00   1.3553877e+04   6.4000000e+01
   0.0000000e+00   0.0000000e+00   1.2952197e+04   7.1000000e+01
   0.0000000e+00   0.0000000e+00   1.2837350e+04   7.5000000e+01
   0.0000000e+00   0.0000000e+00   1.2467660e+04   8.1000000e+01
   0.0000000e+00   0.0000000e+00   1.1802592e+04   9.0000000e+01
   0.0000000e+00   0.0000000e+00   1.1379636e+04   1.0100000e+02
   0.0000000e+00   0.0000000e+00   1.0513697e+04   1.0500000e+02
   0.0000000e+00   0.0000000e+00   1.0254152e+04   1.0900000e+02
   0.0000000e+00   0.0000000e+00   9.9654235e+03   1.1300000e+02
   0.0000000e+00   0.0000000e+00   9.8336918e+03   1.1700000e+02
   0.0000000e+00   0.0000000e+00   9.8047674e+03   1.5000000e+02
   0.0000000e+00   0.0000000e+00   9.3675296e+03   1.5300000e+02
   0.0000000e+00   0.0000000e+00   9.2828946e+03   1.6100000e+02
   0.0000000e+00   0.0000000e+00   9.0147125e+03   1.6200000e+02
   0.0000000e+00   0.0000000e+00   8.5705515e+03   1.6500000e+02
   0.0000000e+00   0.0000000e+00   8.2295821e+03   1.8300000e+02
   0.0000000e+00   0.0000000e+00   8.0765108e+03   2.3500000e+02
   0.0000000e+00   0.0000000e+00   7.9291589e+03   2.4200000e+02
   0.0000000e+00   0.0000000e+00   7.8361152e+03   2.4900000e+02
   0.0000000e+00   0.0000000e+00   7.7336948e+03   2.5800000e+02
   0.0000000e+00   0.0000000e+00   7.6014071e+03   2.8700000e+02
   0.0000000e+00   0.0000000e+00   7.5543570e+03   3.3800000e+02
   0.0000000e+00   0.0000000e+00   7.5105483e+03   3.8800000e+02
   0.0000000e+00   0.0000000e+00   7.4101810e+03   4.0200000e+02
   0.0000000e+00   0.0000000e+00   7.3602582e+03   4.5300000e+02
   0.0000000e+00   0.0000000e+00   7.3099999e+03   4.8100000e+02
   0.0000000e+00   0.0000000e+00   7.2952519e+03   5.2400000e+02
   0.0000000e+00   0.0000000e+00   7.2687806e+03   7.9400000e+02
   0.0000000e+00   0.0000000e+00   7.2599874e+03   8.6300000e+02
   0.0000000e+00   0.0000000e+00   7.2514129e+03   9.9200000e+02
   0.0000000e+00   0.0000000e+00   7.2510580e+03   1.1660000e+03
   0.0000000e+00   0.0000000e+00   7.2403861e+03   1.4310000e+03
   0.0000000e+00   0.0000000e+00   7.2339429e+03   1.8860000e+03
   0.0000000e+00   0.0000000e+00   7.2226834e+03   2.2000000e+03
   0.0000000e+00   0.0000000e+00   7.2142565e+03   2.2670000e+03
   0.0000000e+00   0.0000000e+00   7.2081836e+03   2.3720000e+03
   0.0000000e+00   0.0000000e+00   7.1796620e+03   2.6800000e+03
   0.0000000e+00   0.0000000e+00   7.1776693e+03   3.0070000e+03
   0.0000000e+00   0.0000000e+00   7.1618968e+03   3.3780000e+03
   0.0000000e+00   0.0000000e+00   7.1547036e+03   3.7460000e+03
   0.0000000e+00   0.0000000e+00   7.1494833e+03   4.2420000e+03
   0.0000000e+00   0.0000000e+00   7.1436486e+03   4.5930000e+03
   0.0000000e+00   0.0000000e+00   7.1433054e+03   4.9060000e+03
   0.0000000e+00   0.0000000e+00   7.1356048e+03   6.4280000e+03
   0.0000000e+00   0.0000000e+00   7.1290343e+03   1.8475200e+05
