   3.2629713e+02   6.7746718e+00   1.5292074e+04   2.0000000e+00
   3.2427591e+02   6.6794603e+00   1.5358224e+04   6.0000000e+00
   3.2355723e+02   6.8627450e+00   1.5285869e+04   8.0000000e+00
   3.2284147e+02   6.7523781e+00   1.5502258e+04   9.0000000e+00
   3.1801307e+02   6.2120423e+00   1.5424770e+04   1.0000000e+01
   3.1788265e+02   6.1750238e+00   1.5683543e+04   1.1000000e+01
   3.1521245e+02   6.1230801e+00   1.6233087e+04   1.2000000e+01
   3.1295939e+02   6.1107364e+00   1.6212073e+04   1.5000000e+01
   3.0597425e+02   6.0389256e+00   1.6152437e+04   1.6000000e+01
   3.0532811e+02   5.9880433e+00   1.6519652e+04   1.7000000e+01
   2.9527777e+02   5.1106073e+00   1.6572113e+04   1.8000000e+01
   2.9330504e+02   4.2036765e+00   1.6705434e+04   2.0000000e+01
   2.8279180e+02   3.7197372e+00   1.6681340e+04   2.1000000e+01
   2.8200721e+02   3.6585683e+00   1.6909132e+04   2.2000000e+01
   2.8171730e+02   3.5328652e+00   1.7306970e+04   2.3000000e+01
   2.7955098e+02   4.2755476e+00   1.7049544e+04   2.4000000e+01
   2.7059960e+02   3.9228042e+00   1.7256393e+04   2.6000000e+01
   2.4705981e+02   3.3443151e+00   1.7553103e+04   3.0000000e+01
   2.4683477e+02   3.3413803e+00   1.7789423e+04   3.3000000e+01
   2.4647191e+02   3.3131716e+00   1.7650437e+04   3.4000000e+01
   2.2990427e+02   3.0353467e+00   1.7727825e+04   3.6000000e+01
   2.2960096e+02   3.0386525e+00   1.7678239e+04   3.7000000e+01
   2.1487440e+02   2.9820979e+00   1.8218852e+04   3.8000000e+01
   2.1437594e+02   2.9923876e+00   1.8172238e+04   3.9000000e+01
   2.1305504e+02   2.9435117e+00   1.8217480e+04   4.1000000e+01
   2.1296122e+02   2.9405021e+00   1.8436872e+04   4.2000000e+01
   2.0710941e+02   2.9074028e+00   1.8309979e+04   4.3000000e+01
   2.0597211e+02   2.7745039e+00   1.8698163e+04   4.4000000e+01
   2.0257827e+02   2.2973925e+00   1.8751925e+04   4.5000000e+01
   1.9998484e+02   2.2892295e+00   1.8910149e+04   4.6000000e+01
   1.9541047e+02   2.2551521e+00   1.9082139e+04   4.7000000e+01
   1.5636807e+02   2.3145760e+00   1.9631389e+04   4.8000000e+01
   1.5536227e+02   2.3097405e+00   1.9854850e+04   5.0000000e+01
   1.5520005e+02   2.3336831e+00   1.9719084e+04   5.1000000e+01
   1.4922563e+02   2.3153187e+00   1.9731237e+04   5.3000000e+01
   1.4720103e+02   2.2809338e+00   1.9990232e+04   5.4000000e+01
   1.3431515e+02   1.9118193e+00   1.9819538e+04   5.5000000e+01
   1.3243428e+02   1.9231882e+00   1.9617490e+04   5.6000000e+01
   1.3202596e+02   1.8747591e+00   1.9787057e+04   5.9000000e+01
   1.3063998e+02   1.8487262e+00   1.9813172e+04   6.0000000e+01
   1.3035162e+02   1.8955368e+00   1.9650485e+04   6.4000000e+01
   1.2834695e+02   1.9442171e+00   1.9568586e+04   6.5000000e+01
   1.2488722e+02   1.6543061e+00   1.9864675e+04   6.6000000e+01
   1.1992019e+02   1.6204245e+00   1.9939855e+04   6.9000000e+01
   1.1948178e+02   1.5994257e+00   1.9984234e+04   7.0000000e+01
   1.1421719e+02   1.3440378e+00   1.9835303e+04   7.3000000e+01
   1.1076969e+02   1.1653022e+00   2.0358371e+04   7.5000000e+01
   1.0415506e+02   9.9986884e-01   2.0577403e+04   7.9000000e+01
   9.5455609e+01   8.7035110e-01   2.0502925e+04   8.1000000e+01
   9.2808586e+01   6.8908354e-01   2.1182326e+04   8.4000000e+01
   9.2453518e+01   6.9696096e-01   2.1050721e+04   8.8000000e+01
   8.9288276e+01   6.8900578e-01   2.0808634e+04   8.9000000e+01
   8.8810517e+01   6.8577065e-01   2.0762420e+04   9.0000000e+01
   8.8189509e+01   6.1349417e-01   2.0596998e+04   9.3000000e+01
   8.7675697e+01   6.2865771e-01   2.0929603e+04   9.7000000e+01
   8.7629640e+01   6.5007209e-01   2.0808148e+04   9.8000000e+01
   8.7445122e+01   7.8477646e-01   2.0618779e+04   1.0100000e+02
   8.5804606e+01   7.8259088e-01   2.0358367e+04   1.0200000e+02
   8.4786572e+01   8.1141615e-01   2.0185230e+04   1.0300000e+02
   8.3219344e+01   8.0181803e-01   2.0261190e+04   1.0400000e+02
   8.2657903e+01   7.9989018e-01   2.0227597e+04   1.0500000e+02
   7.9895247e+01   7.9200953e-01   2.0236348e+04   1.0600000e+02
   7.9743110e+01   7.8603137e-01   2.0514079e+04   1.0800000e+02
   7.9497485e+01   7.8403608e-01   2.0462066e+04   1.1100000e+02
   7.8762262e+01   7.8476854e-01   2.0611358e+04   1.1500000e+02
   7.8597732e+01   7.7496490e-01   2.0933474e+04   1.1700000e+02
   7.5030348e+01   7.8411175e-01   2.0790174e+04   1.1800000e+02
   7.4882735e+01   7.8366941e-01   2.0797473e+04   1.2000000e+02
   7.4568743e+01   7.8309662e-01   2.1069171e+04   1.2300000e+02
   7.4428481e+01   7.8121424e-01   2.1162495e+04   1.2400000e+02
   7.4376539e+01   7.7985634e-01   2.1106294e+04   1.2500000e+02
   7.4342807e+01   7.7986155e-01   2.1185557e+04   1.3000000e+02
   7.4332845e+01   7.8069295e-01   2.1141778e+04   1.3200000e+02
   7.4283187e+01   7.8233902e-01   2.1557381e+04   1.3300000e+02
   7.3485342e+01   7.1857095e-01   2.1564976e+04   1.3400000e+02
   6.6537954e+01   7.1593091e-01   2.1734831e+04   1.3600000e+02
   6.6051449e+01   7.1792456e-01   2.1419088e+04   1.3800000e+02
   6.5488719e+01   7.2075751e-01   2.1341738e+04   1.4000000e+02
   5.5073117e+01   7.3023675e-01   2.1586052e+04   1.4200000e+02
   5.4865637e+01   7.3045997e-01   2.1945141e+04   1.4300000e+02
   5.1644567e+01   7.2986839e-01   2.2384943e+04   1.4500000e+02
   5.0361603e+01   4.2353515e-01   2.2646887e+04   1.4900000e+02
   5.0330240e+01   4.2391101e-01   2.2772500e+04   1.5000000e+02
   4.4217722e+01   4.2713957e-01   2.3134191e+04   1.5200000e+02
   4.3513838e+01   4.2566165e-01   2.3466108e+04   1.5500000e+02
   4.3365166e+01   4.2993479e-01   2.3615296e+04   1.5800000e+02
   3.7128623e+01   3.5149532e-01   2.3544871e+04   1.6000000e+02
   3.5208388e+01   3.1481100e-01   2.4305688e+04   1.6200000e+02
   3.4735841e+01   3.0059485e-01   2.4430805e+04   1.6500000e+02
   3.4679057e+01   2.9931229e-01   2.4393265e+04   1.6700000e+02
   3.4332056e+01   2.8860972e-01   2.4433088e+04   1.7000000e+02
   3.4296231e+01   2.8759855e-01   2.4559070e+04   1.7400000e+02
   3.4260865e+01   2.7905927e-01   2.4698243e+04   1.7500000e+02
   3.4187686e+01   2.7641529e-01   2.4822617e+04   1.7800000e+02
   3.4022419e+01   2.7564009e-01   2.4530152e+04   1.8300000e+02
   3.3858473e+01   2.6861239e-01   2.4647162e+04   1.8400000e+02
   3.0473660e+01   2.6871845e-01   2.4610758e+04   1.8500000e+02
   3.0379794e+01   2.7080248e-01   2.4577490e+04   1.8800000e+02
   3.0240516e+01   2.7095737e-01   2.4257596e+04   1.9000000e+02
   2.9918862e+01   2.6020604e-01   2.4741743e+04   1.9800000e+02
   2.9902213e+01   2.6185041e-01   2.4726104e+04   2.0400000e+02
   2.9808625e+01   2.6164152e-01   2.5390075e+04   2.0500000e+02
   2.9628030e+01   2.5744706e-01   2.5538174e+04   2.0600000e+02
   2.8980467e+01   2.1659959e-01   2.5501151e+04   2.1000000e+02
   2.8486528e+01   1.9682599e-01   2.5598660e+04   2.1400000e+02
   2.8439084e+01   1.9161485e-01   2.5699893e+04   2.1500000e+02
   2.8380284e+01   1.8902576e-01   2.5660541e+04   2.2500000e+02
   2.7897109e+01   1.4359514e-01   2.5885953e+04   2.2800000e+02
   2.7449962e+01   1.2958513e-01   2.5879010e+04   2.3100000e+02
   2.7427125e+01   1.2956000e-01   2.6103798e+04   2.3500000e+02
   2.7407327e+01   1.2952089e-01   2.5890427e+04   2.4300000e+02
   2.6913534e+01   6.9190555e-02   2.5901936e+04   2.4400000e+02
   2.6824499e+01   6.6974680e-02   2.5717684e+04   2.5200000e+02
   2.6589937e+01   6.2048646e-02   2.5441042e+04   2.6100000e+02
   2.6480876e+01   5.2127014e-02   2.5708522e+04   2.6700000e+02
   2.6351065e+01   5.2248597e-02   2.5789327e+04   2.7000000e+02
   2.5546599e+01   4.1446023e-02   2.6047634e+04   2.7100000e+02
   2.4970147e+01   1.1457642e-02   2.6477595e+04   2.7200000e+02
   2.4881689e+01   1.2363677e-02   2.6923661e+04   2.7600000e+02
   2.4764909e+01   1.0866691e-02   2.6976985e+04   2.8000000e+02
   2.4623359e+01   1.7246567e-02   2.6748516e+04   2.8200000e+02
   2.3933267e+01   0.0000000e+00   2.7026515e+04   2.8300000e+02
   2.3607137e+01   0.0000000e+00   2.6907976e+04   2.8900000e+02
   2.3531887e+01   0.0000000e+00   2.6950457e+04   2.9200000e+02
   2.2103163e+01   0.0000000e+00   2.7466326e+04   2.9700000e+02
   2.2009762e+01   0.0000000e+00   2.7478474e+04   3.1200000e+02
   2.2001719e+01   0.0000000e+00   2.7756758e+04   3.2000000e+02
   2.1847462e+01   0.0000000e+00   2.7694174e+04   3.2700000e+02
   2.1765443e+01   0.0000000e+00   2.7521411e+04   3.2800000e+02
   2.1717195e+01   0.0000000e+00   2.7484865e+04   3.3500000e+02
   2.1687995e+01   0.0000000e+00   2.7782899e+04   3.3800000e+02
   2.1623517e+01   0.0000000e+00   2.7565050e+04   3.3900000e+02
   2.1445538e+01   0.0000000e+00   2.7523121e+04   3.4000000e+02
   3.6733319e+00   0.0000000e+00   2.7397529e+04   3.4200000e+02
   3.5973302e+00   0.0000000e+00   2.7475676e+04   3.4300000e+02
   3.5293291e+00   0.0000000e+00   2.7246397e+04   3.4400000e+02
   3.5286692e+00   0.0000000e+00   2.7065169e+04   3.4500000e+02
   3.4835973e+00   0.0000000e+00   2.6937424e+04   3.4600000e+02
   2.9366381e+00   0.0000000e+00   2.6840432e+04   3.5000000e+02
   1.1569943e+00   0.0000000e+00   2.6764594e+04   3.5200000e+02
   1.1122278e+00   0.0000000e+00   2.6492517e+04   3.5700000e+02
   8.5262345e-01   0.0000000e+00   2.6515428e+04   3.6100000e+02
   8.4448371e-01   0.0000000e+00   2.6518657e+04   3.6300000e+02
   4.2995580e-01   0.0000000e+00   2.6267544e+04   3.6600000e+02
   4.2005484e-01   0.0000000e+00   2.6262131e+04   3.6700000e+02
   3.8919003e-01   0.0000000e+00   2.6045008e+04   3.6800000e+02
   3.8871100e-01   0.0000000e+00   2.5805059e+04   3.7000000e+02
   3.8475161e-01   0.0000000e+00   2.5939651e+04   3.7800000e+02
   3.8458030e-01   0.0000000e+00   2.5860042e+04   3.8000000e+02
   1.6128679e-01   0.0000000e+00   2.5931958e+04   3.8100000e+02
   1.5807410e-01   0.0000000e+00   2.5947152e+04   3.8600000e+02
   1.5591696e-01   0.0000000e+00   2.5761025e+04   3.9100000e+02
   8.8345996e-02   0.0000000e+00   2.5474634e+04   3.9600000e+02
   7.7967248e-02   0.0000000e+00   2.5286805e+04   3.9700000e+02
   7.7195781e-02   0.0000000e+00   2.5103475e+04   4.0000000e+02
   4.4753166e-02   0.0000000e+00   2.4677252e+04   4.0600000e+02
   3.9898444e-02   0.0000000e+00   2.4582721e+04   4.1600000e+02
   3.0430935e-02   0.0000000e+00   2.4502723e+04   4.2000000e+02
   2.9944887e-02   0.0000000e+00   2.4397318e+04   4.2700000e+02
   2.1094035e-02   0.0000000e+00   2.4807477e+04   4.2900000e+02
   2.1062405e-02   0.0000000e+00   2.4796977e+04   4.3000000e+02
   1.9753216e-02   0.0000000e+00   2.4653104e+04   4.3300000e+02
   1.9383126e-02   0.0000000e+00   2.4553977e+04   4.3400000e+02
   1.8703777e-02   0.0000000e+00   2.5112598e+04   4.4100000e+02
   7.4694983e-03   0.0000000e+00   2.4904004e+04   4.4300000e+02
   3.5408108e-03   0.0000000e+00   2.4877990e+04   4.4700000e+02
   3.3766538e-03   0.0000000e+00   2.5384551e+04   4.4800000e+02
   0.0000000e+00   0.0000000e+00   2.5423135e+04   4.5600000e+02
   0.0000000e+00   0.0000000e+00   2.5221627e+04   4.6100000e+02
   0.0000000e+00   0.0000000e+00   2.5161102e+04   4.6400000e+02
   0.0000000e+00   0.0000000e+00   2.5077939e+04   4.7000000e+02
   0.0000000e+00   0.0000000e+00   2.5014015e+04   4.7400000e+02
   0.0000000e+00   0.0000000e+00   2.4985628e+04   4.8000000e+02
   0.0000000e+00   0.0000000e+00   2.4701730e+04   4.8100000e+02
   0.0000000e+00   0.0000000e+00   2.4535460e+04   4.8500000e+02
   0.0000000e+00   0.0000000e+00   2.4516262e+04   4.9300000e+02
   0.0000000e+00   0.0000000e+00   2.4385784e+04   4.9400000e+02
   0.0000000e+00   0.0000000e+00   2.4357840e+04   4.9500000e+02
   0.0000000e+00   0.0000000e+00   2.4355323e+04   4.9600000e+02
   0.0000000e+00   0.0000000e+00   2.4343658e+04   4.9800000e+02
   0.0000000e+00   0.0000000e+00   2.4334375e+04   5.0000000e+02
   0.0000000e+00   0.0000000e+00   2.4190254e+04   5.0500000e+02
   0.0000000e+00   0.0000000e+00   2.3919463e+04   5.0900000e+02
   0.0000000e+00   0.0000000e+00   2.3768133e+04   5.1000000e+02
   0.0000000e+00   0.0000000e+00   2.3720237e+04   5.1400000e+02
   0.0000000e+00   0.0000000e+00   2.3475363e+04   5.1800000e+02
   0.0000000e+00   0.0000000e+00   2.3445861e+04   5.1900000e+02
   0.0000000e+00   0.0000000e+00   2.3310532e+04   5.2300000e+02
   0.0000000e+00   0.0000000e+00   2.3171127e+04   5.2500000e+02
   0.0000000e+00   0.0000000e+00   2.3141609e+04   5.2600000e+02
   0.0000000e+00   0.0000000e+00   2.3028937e+04   5.2800000e+02
   0.0000000e+00   0.0000000e+00   2.2729020e+04   5.3000000e+02
   0.0000000e+00   0.0000000e+00   2.2629880e+04   5.3600000e+02
   0.0000000e+00   0.0000000e+00   2.2532556e+04   5.3800000e+02
   0.0000000e+00   0.0000000e+00   2.2343255e+04   5.3900000e+02
   0.0000000e+00   0.0000000e+00   2.2328542e+04   5.4000000e+02
   0.0000000e+00   0.0000000e+00   2.2218200e+04   5.4200000e+02
   0.0000000e+00   0.0000000e+00   2.2203253e+04   5.4300000e+02
   0.0000000e+00   0.0000000e+00   2.2154032e+04   5.4700000e+02
   0.0000000e+00   0.0000000e+00   2.1955526e+04   5.4800000e+02
   0.0000000e+00   0.0000000e+00   2.1530082e+04   5.5000000e+02
   0.0000000e+00   0.0000000e+00   2.1319416e+04   5.5100000e+02
   0.0000000e+00   0.0000000e+00   2.0963393e+04   5.7500000e+02
   0.0000000e+00   0.0000000e+00   2.0854744e+04   5.8500000e+02
   0.0000000e+00   0.0000000e+00   2.0639531e+04   5.8600000e+02
   0.0000000e+00   0.0000000e+00   2.0579941e+04   5.8800000e+02
   0.0000000e+00   0.0000000e+00   2.0449618e+04   5.9300000e+02
   0.0000000e+00   0.0000000e+00   2.0303863e+04   5.9700000e+02
   0.0000000e+00   0.0000000e+00   2.0012648e+04   5.9900000e+02
   0.0000000e+00   0.0000000e+00   1.9703660e+04   6.0100000e+02
   0.0000000e+00   0.0000000e+00   1.9621388e+04   6.0800000e+02
   0.0000000e+00   0.0000000e+00   1.9439114e+04   6.0900000e+02
   0.0000000e+00   0.0000000e+00   1.9346614e+04   6.1100000e+02
   0.0000000e+00   0.0000000e+00   1.9283754e+04   6.1500000e+02
   0.0000000e+00   0.0000000e+00   1.9105416e+04   6.1900000e+02
   0.0000000e+00   0.0000000e+00   1.9052775e+04   6.2100000e+02
   0.0000000e+00   0.0000000e+00   1.8970695e+04   6.2400000e+02
   0.0000000e+00   0.0000000e+00   1.8807958e+04   6.3500000e+02
   0.0000000e+00   0.0000000e+00   1.8667816e+04   6.3900000e+02
   0.0000000e+00   0.0000000e+00   1.8608730e+04   6.4100000e+02
   0.0000000e+00   0.0000000e+00   1.8471939e+04   6.4500000e+02
   0.0000000e+00   0.0000000e+00   1.8285449e+04   6.5400000e+02
   0.0000000e+00   0.0000000e+00   1.8045286e+04   6.6000000e+02
   0.0000000e+00   0.0000000e+00   1.7941611e+04   6.6300000e+02
   0.0000000e+00   0.0000000e+00   1.7891913e+04   6.6900000e+02
   0.0000000e+00   0.0000000e+00   1.7803018e+04   6.7100000e+02
   0.0000000e+00   0.0000000e+00   1.7765174e+04   6.7200000e+02
   0.0000000e+00   0.0000000e+00   1.7709821e+04   6.7400000e+02
   0.0000000e+00   0.0000000e+00   1.7696426e+04   6.8100000e+02
   0.0000000e+00   0.0000000e+00   1.7629205e+04   6.8200000e+02
   0.0000000e+00   0.0000000e+00   1.7590603e+04   6.9300000e+02
   0.0000000e+00   0.0000000e+00   1.7509111e+04   7.0400000e+02
   0.0000000e+00   0.0000000e+00   1.7417182e+04   7.0600000e+02
   0.0000000e+00   0.0000000e+00   1.7385861e+04   7.0700000e+02
   0.0000000e+00   0.0000000e+00   1.7353303e+04   7.1000000e+02
   0.0000000e+00   0.0000000e+00   1.7311655e+04   7.2200000e+02
   0.0000000e+00   0.0000000e+00   1.7209163e+04   7.2700000e+02
   0.0000000e+00   0.0000000e+00   1.7156540e+04   7.3000000e+02
   0.0000000e+00   0.0000000e+00   1.6929309e+04   7.4100000e+02
   0.0000000e+00   0.0000000e+00   1.6910366e+04   7.5100000e+02
   0.0000000e+00   0.0000000e+00   1.6780370e+04   7.5200000e+02
   0.0000000e+00   0.0000000e+00   1.6622884e+04   7.5400000e+02
   0.0000000e+00   0.0000000e+00   1.6597181e+04   7.5700000e+02
   0.0000000e+00   0.0000000e+00   1.6540999e+04   7.6400000e+02
   0.0000000e+00   0.0000000e+00   1.6434296e+04   7.7400000e+02
   0.0000000e+00   0.0000000e+00   1.6321086e+04   7.7500000e+02
   0.0000000e+00   0.0000000e+00   1.6252257e+04   7.7700000e+02
   0.0000000e+00   0.0000000e+00   1.6232814e+04   7.8100000e+02
   0.0000000e+00   0.0000000e+00   1.6227829e+04   7.8400000e+02
   0.0000000e+00   0.0000000e+00   1.6104789e+04   7.8500000e+02
   0.0000000e+00   0.0000000e+00   1.6088229e+04   7.8600000e+02
   0.0000000e+00   0.0000000e+00   1.6087448e+04   7.8700000e+02
   0.0000000e+00   0.0000000e+00   1.6069645e+04   7.9100000e+02
   0.0000000e+00   0.0000000e+00   1.6061828e+04   8.0300000e+02
   0.0000000e+00   0.0000000e+00   1.5927612e+04   8.0500000e+02
   0.0000000e+00   0.0000000e+00   1.5840454e+04   8.1000000e+02
   0.0000000e+00   0.0000000e+00   1.5829509e+04   8.1200000e+02
   0.0000000e+00   0.0000000e+00   1.5826267e+04   8.1600000e+02
   0.0000000e+00   0.0000000e+00   1.5807520e+04   8.2300000e+02
   0.0000000e+00   0.0000000e+00   1.5727475e+04   8.2500000e+02
   0.0000000e+00   0.0000000e+00   1.5428721e+04   8.2600000e+02
   0.0000000e+00   0.0000000e+00   1.5418573e+04   8.3800000e+02
   0.0000000e+00   0.0000000e+00   1.5283794e+04   8.4000000e+02
   0.0000000e+00   0.0000000e+00   1.5255017e+04   8.4600000e+02
   0.0000000e+00   0.0000000e+00   1.5167333e+04   8.4900000e+02
   0.0000000e+00   0.0000000e+00   1.5158489e+04   8.5400000e+02
   0.0000000e+00   0.0000000e+00   1.4936412e+04   8.6500000e+02
   0.0000000e+00   0.0000000e+00   1.4924856e+04   8.8000000e+02
   0.0000000e+00   0.0000000e+00   1.4853482e+04   8.8200000e+02
   0.0000000e+00   0.0000000e+00   1.4803065e+04   8.9000000e+02
   0.0000000e+00   0.0000000e+00   1.4791993e+04   9.0100000e+02
   0.0000000e+00   0.0000000e+00   1.4766511e+04   9.1500000e+02
   0.0000000e+00   0.0000000e+00   1.4637966e+04   9.2000000e+02
   0.0000000e+00   0.0000000e+00   1.4570394e+04   9.2900000e+02
   0.0000000e+00   0.0000000e+00   1.4375712e+04   9.3600000e+02
   0.0000000e+00   0.0000000e+00   1.4350282e+04   9.5400000e+02
   0.0000000e+00   0.0000000e+00   1.4259877e+04   9.5800000e+02
   0.0000000e+00   0.0000000e+00   1.4232831e+04   9.6400000e+02
   0.0000000e+00   0.0000000e+00   1.4199455e+04   9.6800000e+02
   0.0000000e+00   0.0000000e+00   1.4055646e+04   9.8100000e+02
   0.0000000e+00   0.0000000e+00   1.4013997e+04   9.8700000e+02
   0.0000000e+00   0.0000000e+00   1.3943515e+04   9.8800000e+02
   0.0000000e+00   0.0000000e+00   1.3929656e+04   9.9400000e+02
   0.0000000e+00   0.0000000e+00   1.3851500e+04   9.9700000e+02
   0.0000000e+00   0.0000000e+00   1.3786934e+04   1.0030000e+03
   0.0000000e+00   0.0000000e+00   1.3689901e+04   1.0040000e+03
   0.0000000e+00   0.0000000e+00   1.3652391e+04   1.0100000e+03
   0.0000000e+00   0.0000000e+00   1.3555760e+04   1.0120000e+03
   0.0000000e+00   0.0000000e+00   1.3554919e+04   1.0200000e+03
   0.0000000e+00   0.0000000e+00   1.3259042e+04   1.0230000e+03
   0.0000000e+00   0.0000000e+00   1.3086551e+04   1.0280000e+03
   0.0000000e+00   0.0000000e+00   1.3033074e+04   1.0290000e+03
   0.0000000e+00   0.0000000e+00   1.2972761e+04   1.0330000e+03
   0.0000000e+00   0.0000000e+00   1.2759171e+04   1.0410000e+03
   0.0000000e+00   0.0000000e+00   1.2712420e+04   1.0420000e+03
   0.0000000e+00   0.0000000e+00   1.2682421e+04   1.0540000e+03
   0.0000000e+00   0.0000000e+00   1.2631604e+04   1.0650000e+03
   0.0000000e+00   0.0000000e+00   1.2592689e+04   1.0690000e+03
   0.0000000e+00   0.0000000e+00   1.2591743e+04   1.0720000e+03
   0.0000000e+00   0.0000000e+00   1.2474305e+04   1.0770000e+03
   0.0000000e+00   0.0000000e+00   1.2448213e+04   1.0790000e+03
   0.0000000e+00   0.0000000e+00   1.2413292e+04   1.0880000e+03
   0.0000000e+00   0.0000000e+00   1.2381753e+04   1.0890000e+03
   0.0000000e+00   0.0000000e+00   1.2305602e+04   1.0960000e+03
   0.0000000e+00   0.0000000e+00   1.2275367e+04   1.1030000e+03
   0.0000000e+00   0.0000000e+00   1.2258455e+04   1.1100000e+03
   0.0000000e+00   0.0000000e+00   1.2246596e+04   1.1130000e+03
   0.0000000e+00   0.0000000e+00   1.2224465e+04   1.1200000e+03
   0.0000000e+00   0.0000000e+00   1.2159505e+04   1.1210000e+03
   0.0000000e+00   0.0000000e+00   1.2137764e+04   1.1220000e+03
   0.0000000e+00   0.0000000e+00   1.2116370e+04   1.1250000e+03
   0.0000000e+00   0.0000000e+00   1.2009956e+04   1.1320000e+03
   0.0000000e+00   0.0000000e+00   1.1817229e+04   1.1380000e+03
   0.0000000e+00   0.0000000e+00   1.1666636e+04   1.1400000e+03
   0.0000000e+00   0.0000000e+00   1.1662620e+04   1.1490000e+03
   0.0000000e+00   0.0000000e+00   1.1633779e+04   1.1550000e+03
   0.0000000e+00   0.0000000e+00   1.1553390e+04   1.1580000e+03
   0.0000000e+00   0.0000000e+00   1.1469137e+04   1.1600000e+03
   0.0000000e+00   0.0000000e+00   1.1432741e+04   1.1630000e+03
   0.0000000e+00   0.0000000e+00   1.1402230e+04   1.1660000e+03
   0.0000000e+00   0.0000000e+00   1.1317108e+04   1.1840000e+03
   0.0000000e+00   0.0000000e+00   1.1192011e+04   1.1870000e+03
   0.0000000e+00   0.0000000e+00   1.1185273e+04   1.1970000e+03
   0.0000000e+00   0.0000000e+00   1.1168328e+04   1.2130000e+03
   0.0000000e+00   0.0000000e+00   1.1149796e+04   1.2150000e+03
   0.0000000e+00   0.0000000e+00   1.0960359e+04   1.2190000e+03
   0.0000000e+00   0.0000000e+00   1.0783080e+04   1.2220000e+03
   0.0000000e+00   0.0000000e+00   1.0772834e+04   1.2260000e+03
   0.0000000e+00   0.0000000e+00   1.0762323e+04   1.2520000e+03
   0.0000000e+00   0.0000000e+00   1.0757864e+04   1.2750000e+03
   0.0000000e+00   0.0000000e+00   1.0452744e+04   1.2760000e+03
   0.0000000e+00   0.0000000e+00   1.0368716e+04   1.2940000e+03
   0.0000000e+00   0.0000000e+00   1.0329791e+04   1.3010000e+03
   0.0000000e+00   0.0000000e+00   1.0274693e+04   1.3080000e+03
   0.0000000e+00   0.0000000e+00   1.0233212e+04   1.3120000e+03
   0.0000000e+00   0.0000000e+00   1.0204059e+04   1.3130000e+03
   0.0000000e+00   0.0000000e+00   1.0180883e+04   1.3140000e+03
   0.0000000e+00   0.0000000e+00   1.0109365e+04   1.3230000e+03
   0.0000000e+00   0.0000000e+00   1.0023209e+04   1.3260000e+03
   0.0000000e+00   0.0000000e+00   9.9045097e+03   1.3320000e+03
   0.0000000e+00   0.0000000e+00   9.8650011e+03   1.3370000e+03
   0.0000000e+00   0.0000000e+00   9.7862613e+03   1.3420000e+03
   0.0000000e+00   0.0000000e+00   9.7235648e+03   1.3480000e+03
   0.0000000e+00   0.0000000e+00   9.6751742e+03   1.3610000e+03
   0.0000000e+00   0.0000000e+00   9.6205015e+03   1.3820000e+03
   0.0000000e+00   0.0000000e+00   9.5689565e+03   1.4070000e+03
   0.0000000e+00   0.0000000e+00   9.5215591e+03   1.4140000e+03
   0.0000000e+00   0.0000000e+00   9.5163064e+03   1.4160000e+03
   0.0000000e+00   0.0000000e+00   9.4791792e+03   1.4170000e+03
   0.0000000e+00   0.0000000e+00   9.3758636e+03   1.4180000e+03
   0.0000000e+00   0.0000000e+00   9.3115490e+03   1.4200000e+03
   0.0000000e+00   0.0000000e+00   9.2800769e+03   1.4230000e+03
   0.0000000e+00   0.0000000e+00   9.2680447e+03   1.4280000e+03
   0.0000000e+00   0.0000000e+00   9.1890444e+03   1.4340000e+03
   0.0000000e+00   0.0000000e+00   9.1532680e+03   1.4400000e+03
   0.0000000e+00   0.0000000e+00   9.1358130e+03   1.4480000e+03
   0.0000000e+00   0.0000000e+00   9.0925604e+03   1.4490000e+03
   0.0000000e+00   0.0000000e+00   9.0733805e+03   1.4530000e+03
   0.0000000e+00   0.0000000e+00   9.0490549e+03   1.4540000e+03
   0.0000000e+00   0.0000000e+00   9.0161452e+03   1.4570000e+03
   0.0000000e+00   0.0000000e+00   9.0132275e+03   1.4900000e+03
   0.0000000e+00   0.0000000e+00   8.9772871e+03   1.5090000e+03
   0.0000000e+00   0.0000000e+00   8.9425031e+03   1.5130000e+03
   0.0000000e+00   0.0000000e+00   8.9343483e+03   1.5250000e+03
   0.0000000e+00   0.0000000e+00   8.9166717e+03   1.5280000e+03
   0.0000000e+00   0.0000000e+00   8.8783150e+03   1.5310000e+03
   0.0000000e+00   0.0000000e+00   8.8761730e+03   1.5480000e+03
   0.0000000e+00   0.0000000e+00   8.8502898e+03   1.5600000e+03
   0.0000000e+00   0.0000000e+00   8.8209577e+03   1.5640000e+03
   0.0000000e+00   0.0000000e+00   8.8206751e+03   1.5660000e+03
   0.0000000e+00   0.0000000e+00   8.8062624e+03   1.5790000e+03
   0.0000000e+00   0.0000000e+00   8.7576696e+03   1.5830000e+03
   0.0000000e+00   0.0000000e+00   8.7266970e+03   1.5880000e+03
   0.0000000e+00   0.0000000e+00   8.4977082e+03   1.5890000e+03
   0.0000000e+00   0.0000000e+00   8.4845132e+03   1.5920000e+03
   0.0000000e+00   0.0000000e+00   8.3781580e+03   1.5980000e+03
   0.0000000e+00   0.0000000e+00   8.3658525e+03   1.6110000e+03
   0.0000000e+00   0.0000000e+00   8.3506536e+03   1.6330000e+03
   0.0000000e+00   0.0000000e+00   8.3503145e+03   1.6470000e+03
   0.0000000e+00   0.0000000e+00   8.2998165e+03   1.6480000e+03
   0.0000000e+00   0.0000000e+00   8.2433886e+03   1.6660000e+03
   0.0000000e+00   0.0000000e+00   8.1729486e+03   1.6840000e+03
   0.0000000e+00   0.0000000e+00   8.1717710e+03   1.7180000e+03
   0.0000000e+00   0.0000000e+00   8.1666986e+03   1.7380000e+03
   0.0000000e+00   0.0000000e+00   8.1279414e+03   1.7470000e+03
   0.0000000e+00   0.0000000e+00   8.0815208e+03   1.7510000e+03
   0.0000000e+00   0.0000000e+00   8.0808508e+03   1.7650000e+03
   0.0000000e+00   0.0000000e+00   8.0786930e+03   1.7820000e+03
   0.0000000e+00   0.0000000e+00   8.0609287e+03   1.7830000e+03
   0.0000000e+00   0.0000000e+00   7.9994281e+03   1.8190000e+03
   0.0000000e+00   0.0000000e+00   7.9637983e+03   1.8300000e+03
   0.0000000e+00   0.0000000e+00   7.9259673e+03   1.8430000e+03
   0.0000000e+00   0.0000000e+00   7.8240365e+03   1.8440000e+03
   0.0000000e+00   0.0000000e+00   7.7654142e+03   1.9450000e+03
   0.0000000e+00   0.0000000e+00   7.7446460e+03   2.0400000e+03
   0.0000000e+00   0.0000000e+00   7.6997199e+03   2.0530000e+03
   0.0000000e+00   0.0000000e+00   7.6795458e+03   2.0980000e+03
   0.0000000e+00   0.0000000e+00   7.6466342e+03   2.0990000e+03
   0.0000000e+00   0.0000000e+00   7.6381906e+03   2.1270000e+03
   0.0000000e+00   0.0000000e+00   7.6303051e+03   2.1430000e+03
   0.0000000e+00   0.0000000e+00   7.6162247e+03   2.1920000e+03
   0.0000000e+00   0.0000000e+00   7.6063980e+03   2.2060000e+03
   0.0000000e+00   0.0000000e+00   7.5909131e+03   2.2220000e+03
   0.0000000e+00   0.0000000e+00   7.5766360e+03   2.2460000e+03
   0.0000000e+00   0.0000000e+00   7.4859133e+03   2.3240000e+03
   0.0000000e+00   0.0000000e+00   7.4849007e+03   2.3540000e+03
   0.0000000e+00   0.0000000e+00   7.4741325e+03   2.3560000e+03
   0.0000000e+00   0.0000000e+00   7.4421827e+03   2.3770000e+03
   0.0000000e+00   0.0000000e+00   7.4058127e+03   2.4530000e+03
   0.0000000e+00   0.0000000e+00   7.4048085e+03   2.4540000e+03
   0.0000000e+00   0.0000000e+00   7.4019594e+03   2.4790000e+03
   0.0000000e+00   0.0000000e+00   7.3703569e+03   2.4990000e+03
   0.0000000e+00   0.0000000e+00   7.3394763e+03   2.5580000e+03
   0.0000000e+00   0.0000000e+00   7.3182211e+03   2.6330000e+03
   0.0000000e+00   0.0000000e+00   7.2964295e+03   2.6640000e+03
   0.0000000e+00   0.0000000e+00   7.2848073e+03   2.7300000e+03
   0.0000000e+00   0.0000000e+00   7.2704565e+03   2.7560000e+03
   0.0000000e+00   0.0000000e+00   7.2656808e+03   2.7590000e+03
   0.0000000e+00   0.0000000e+00   7.2433314e+03   2.7870000e+03
   0.0000000e+00   0.0000000e+00   7.2200553e+03   2.8000000e+03
   0.0000000e+00   0.0000000e+00   7.1944006e+03   2.8900000e+03
   0.0000000e+00   0.0000000e+00   7.1588315e+03   2.9030000e+03
   0.0000000e+00   0.0000000e+00   7.1501851e+03   2.9110000e+03
   0.0000000e+00   0.0000000e+00   7.1470139e+03   2.9220000e+03
   0.0000000e+00   0.0000000e+00   7.1266821e+03   2.9460000e+03
   0.0000000e+00   0.0000000e+00   7.1236892e+03   2.9800000e+03
   0.0000000e+00   0.0000000e+00   7.0967838e+03   3.0000000e+03
   0.0000000e+00   0.0000000e+00   7.0712624e+03   3.0450000e+03
   0.0000000e+00   0.0000000e+00   7.0710272e+03   3.0520000e+03
   0.0000000e+00   0.0000000e+00   7.0705357e+03   3.0800000e+03
   0.0000000e+00   0.0000000e+00   7.0538138e+03   3.0820000e+03
   0.0000000e+00   0.0000000e+00   7.0355819e+03   3.1130000e+03
   0.0000000e+00   0.0000000e+00   7.0185985e+03   3.1170000e+03
   0.0000000e+00   0.0000000e+00   6.9917534e+03   3.1750000e+03
   0.0000000e+00   0.0000000e+00   6.9861874e+03   3.1820000e+03
   0.0000000e+00   0.0000000e+00   6.9787469e+03   3.2340000e+03
   0.0000000e+00   0.0000000e+00   6.9585625e+03   3.2690000e+03
   0.0000000e+00   0.0000000e+00   6.9458990e+03   3.3550000e+03
   0.0000000e+00   0.0000000e+00   6.9364696e+03   3.3810000e+03
   0.0000000e+00   0.0000000e+00   6.9202844e+03   3.5280000e+03
   0.0000000e+00   0.0000000e+00   6.9175174e+03   3.6740000e+03
   0.0000000e+00   0.0000000e+00   6.8912099e+03   4.1850000e+03
   0.0000000e+00   0.0000000e+00   6.8688081e+03   4.2130000e+03
   0.0000000e+00   0.0000000e+00   6.8626876e+03   4.3430000e+03
   0.0000000e+00   0.0000000e+00   6.8468221e+03   4.3460000e+03
   0.0000000e+00   0.0000000e+00   6.8251963e+03   4.5220000e+03
   0.0000000e+00   0.0000000e+00   6.8177307e+03   4.5790000e+03
   0.0000000e+00   0.0000000e+00   6.7844621e+03   4.6040000e+03
   0.0000000e+00   0.0000000e+00   6.7764452e+03   4.6060000e+03
   0.0000000e+00   0.0000000e+00   6.7666356e+03   4.6210000e+03
   0.0000000e+00   0.0000000e+00   6.7488883e+03   4.6270000e+03
   0.0000000e+00   0.0000000e+00   6.7479182e+03   4.6370000e+03
   0.0000000e+00   0.0000000e+00   6.7288655e+03   4.6520000e+03
   0.0000000e+00   0.0000000e+00   6.6942025e+03   4.7060000e+03
   0.0000000e+00   0.0000000e+00   6.6789632e+03   4.7140000e+03
   0.0000000e+00   0.0000000e+00   6.6771955e+03   4.7250000e+03
   0.0000000e+00   0.0000000e+00   6.6729941e+03   4.7400000e+03
   0.0000000e+00   0.0000000e+00   6.6727817e+03   4.8430000e+03
   0.0000000e+00   0.0000000e+00   6.6262245e+03   4.8980000e+03
   0.0000000e+00   0.0000000e+00   6.6225631e+03   4.9300000e+03
   0.0000000e+00   0.0000000e+00   6.6218010e+03   4.9900000e+03
   0.0000000e+00   0.0000000e+00   6.6129287e+03   4.9970000e+03
   0.0000000e+00   0.0000000e+00   6.6123217e+03   5.4330000e+03
   0.0000000e+00   0.0000000e+00   6.5863509e+03   5.4980000e+03
   0.0000000e+00   0.0000000e+00   6.5467596e+03   5.5380000e+03
   0.0000000e+00   0.0000000e+00   6.5359161e+03   5.6870000e+03
   0.0000000e+00   0.0000000e+00   6.5328988e+03   5.7010000e+03
   0.0000000e+00   0.0000000e+00   6.5317015e+03   5.8590000e+03
   0.0000000e+00   0.0000000e+00   6.5317015e+03   5.8770000e+03
   0.0000000e+00   0.0000000e+00   6.5184399e+03   5.8870000e+03
   0.0000000e+00   0.0000000e+00   6.5138946e+03   5.8890000e+03
   0.0000000e+00   0.0000000e+00   6.5081547e+03   5.9660000e+03
   0.0000000e+00   0.0000000e+00   6.4963766e+03   6.0310000e+03
   0.0000000e+00   0.0000000e+00   6.4815273e+03   6.0460000e+03
   0.0000000e+00   0.0000000e+00   6.4517223e+03   6.1260000e+03
   0.0000000e+00   0.0000000e+00   6.4448768e+03   6.1800000e+03
   0.0000000e+00   0.0000000e+00   6.4384113e+03   6.2390000e+03
   0.0000000e+00   0.0000000e+00   6.4348059e+03   6.2510000e+03
   0.0000000e+00   0.0000000e+00   6.4078685e+03   6.2630000e+03
   0.0000000e+00   0.0000000e+00   6.3913439e+03   6.2830000e+03
   0.0000000e+00   0.0000000e+00   6.3853338e+03   6.3580000e+03
   0.0000000e+00   0.0000000e+00   6.3707561e+03   6.3650000e+03
   0.0000000e+00   0.0000000e+00   6.3690737e+03   6.3880000e+03
   0.0000000e+00   0.0000000e+00   6.3609960e+03   6.6370000e+03
   0.0000000e+00   0.0000000e+00   6.3593654e+03   6.7080000e+03
   0.0000000e+00   0.0000000e+00   6.3554197e+03   6.8190000e+03
   0.0000000e+00   0.0000000e+00   6.3526988e+03   6.9860000e+03
   0.0000000e+00   0.0000000e+00   6.3433394e+03   7.5310000e+03
   0.0000000e+00   0.0000000e+00   6.3365716e+03   7.5360000e+03
   0.0000000e+00   0.0000000e+00   6.3231272e+03   7.7340000e+03
   0.0000000e+00   0.0000000e+00   6.3150947e+03   7.7390000e+03
   0.0000000e+00   0.0000000e+00   6.2844486e+03   7.7730000e+03
   0.0000000e+00   0.0000000e+00   6.2842796e+03   7.7810000e+03
   0.0000000e+00   0.0000000e+00   6.2793913e+03   7.8160000e+03
   0.0000000e+00   0.0000000e+00   6.2661680e+03   7.8430000e+03
   0.0000000e+00   0.0000000e+00   6.2613743e+03   7.8820000e+03
   0.0000000e+00   0.0000000e+00   6.2487718e+03   7.8950000e+03
   0.0000000e+00   0.0000000e+00   6.2043968e+03   7.8960000e+03
   0.0000000e+00   0.0000000e+00   6.2019043e+03   7.9900000e+03
   0.0000000e+00   0.0000000e+00   6.1883789e+03   8.0370000e+03
   0.0000000e+00   0.0000000e+00   6.1745750e+03   8.0460000e+03
   0.0000000e+00   0.0000000e+00   6.1658674e+03   8.0610000e+03
   0.0000000e+00   0.0000000e+00   6.1591553e+03   8.1070000e+03
   0.0000000e+00   0.0000000e+00   6.1591553e+03   8.2750000e+03
   0.0000000e+00   0.0000000e+00   6.1491610e+03   8.3000000e+03
   0.0000000e+00   0.0000000e+00   6.1438989e+03   8.3330000e+03
   0.0000000e+00   0.0000000e+00   6.1427529e+03   8.4390000e+03
   0.0000000e+00   0.0000000e+00   6.1415218e+03   8.6960000e+03
   0.0000000e+00   0.0000000e+00   6.1386980e+03   8.8130000e+03
   0.0000000e+00   0.0000000e+00   6.1328193e+03   8.9490000e+03
   0.0000000e+00   0.0000000e+00   6.1164249e+03   9.6290000e+03
   0.0000000e+00   0.0000000e+00   6.1158063e+03   9.7400000e+03
   0.0000000e+00   0.0000000e+00   6.1007827e+03   9.9390000e+03
   0.0000000e+00   0.0000000e+00   6.0961343e+03   1.0150000e+04
   0.0000000e+00   0.0000000e+00   6.0783009e+03   1.0267000e+04
   0.0000000e+00   0.0000000e+00   6.0543313e+03   1.0290000e+04
   0.0000000e+00   0.0000000e+00   6.0490688e+03   1.0291000e+04
   0.0000000e+00   0.0000000e+00   6.0468367e+03   1.0751000e+04
   0.0000000e+00   0.0000000e+00   6.0333520e+03   1.1335000e+04
   0.0000000e+00   0.0000000e+00   6.0324825e+03   1.1357000e+04
   0.0000000e+00   0.0000000e+00   6.0287432e+03   1.1374000e+04
   0.0000000e+00   0.0000000e+00   6.0103846e+03   1.1558000e+04
   0.0000000e+00   0.0000000e+00   5.9936196e+03   1.1925000e+04
   0.0000000e+00   0.0000000e+00   5.9936196e+03   1.2153000e+04
   0.0000000e+00   0.0000000e+00   5.9906755e+03   1.2285000e+04
   0.0000000e+00   0.0000000e+00   5.9746168e+03   1.2352000e+04
   0.0000000e+00   0.0000000e+00   5.9739769e+03   1.2720000e+04
   0.0000000e+00   0.0000000e+00   5.9733787e+03   1.2862000e+04
   0.0000000e+00   0.0000000e+00   5.9492576e+03   1.2899000e+04
   0.0000000e+00   0.0000000e+00   5.9402429e+03   1.3004000e+04
   0.0000000e+00   0.0000000e+00   5.9389352e+03   1.3033000e+04
   0.0000000e+00   0.0000000e+00   5.9296592e+03   1.3034000e+04
   0.0000000e+00   0.0000000e+00   5.9260611e+03   1.3046000e+04
   0.0000000e+00   0.0000000e+00   5.9260611e+03   1.3349000e+04
   0.0000000e+00   0.0000000e+00   5.9208832e+03   1.3943000e+04
   0.0000000e+00   0.0000000e+00   5.9186592e+03   1.3995000e+04
   0.0000000e+00   0.0000000e+00   5.8998085e+03   1.4127000e+04
   0.0000000e+00   0.0000000e+00   5.8996380e+03   1.4195000e+04
   0.0000000e+00   0.0000000e+00   5.8965995e+03   1.4198000e+04
   0.0000000e+00   0.0000000e+00   5.8932925e+03   1.4243000e+04
   0.0000000e+00   0.0000000e+00   5.8925603e+03   1.4358000e+04
   0.0000000e+00   0.0000000e+00   5.8752518e+03   1.4618000e+04
   0.0000000e+00   0.0000000e+00   5.8702400e+03   1.4701000e+04
   0.0000000e+00   0.0000000e+00   5.8627064e+03   1.4930000e+04
   0.0000000e+00   0.0000000e+00   5.8566098e+03   1.5193000e+04
   0.0000000e+00   0.0000000e+00   5.8553481e+03   1.5488000e+04
   0.0000000e+00   0.0000000e+00   5.8551018e+03   1.5742000e+04
   0.0000000e+00   0.0000000e+00   5.8500309e+03   1.6447000e+04
   0.0000000e+00   0.0000000e+00   5.8492588e+03   1.7583000e+04
   0.0000000e+00   0.0000000e+00   5.8421888e+03   1.7714000e+04
   0.0000000e+00   0.0000000e+00   5.8407342e+03   1.7722000e+04
   0.0000000e+00   0.0000000e+00   5.8402330e+03   1.7831000e+04
   0.0000000e+00   0.0000000e+00   5.8353175e+03   1.8138000e+04
   0.0000000e+00   0.0000000e+00   5.8306240e+03   1.9286000e+04
   0.0000000e+00   0.0000000e+00   5.8266621e+03   1.9303000e+04
   0.0000000e+00   0.0000000e+00   5.8247942e+03   2.0852000e+04
   0.0000000e+00   0.0000000e+00   5.8213049e+03   2.0955000e+04
   0.0000000e+00   0.0000000e+00   5.8211445e+03   2.1136000e+04
   0.0000000e+00   0.0000000e+00   5.8107432e+03   2.1360000e+04
   0.0000000e+00   0.0000000e+00   5.7967639e+03   2.2459000e+04
   0.0000000e+00   0.0000000e+00   5.7967639e+03   2.3314000e+04
   0.0000000e+00   0.0000000e+00   5.7949377e+03   2.4114000e+04
   0.0000000e+00   0.0000000e+00   5.7929884e+03   2.4605000e+04
   0.0000000e+00   0.0000000e+00   5.7905083e+03   2.4619000e+04
   0.0000000e+00   0.0000000e+00   5.7843554e+03   2.5121000e+04
   0.0000000e+00   0.0000000e+00   5.7841466e+03   2.6473000e+04
   0.0000000e+00   0.0000000e+00   5.7811653e+03   2.6566000e+04
   0.0000000e+00   0.0000000e+00   5.7795813e+03   2.6838000e+04
   0.0000000e+00   0.0000000e+00   5.7785501e+03   2.6917000e+04
   0.0000000e+00   0.0000000e+00   5.7745765e+03   2.7146000e+04
   0.0000000e+00   0.0000000e+00   5.7691177e+03   2.7216000e+04
   0.0000000e+00   0.0000000e+00   5.7583524e+03   2.7308000e+04
   0.0000000e+00   0.0000000e+00   5.7583524e+03   2.7316000e+04
   0.0000000e+00   0.0000000e+00   5.7556916e+03   2.7526000e+04
   0.0000000e+00   0.0000000e+00   5.7556916e+03   2.7910000e+04
   0.0000000e+00   0.0000000e+00   5.7510363e+03   2.8010000e+04
   0.0000000e+00   0.0000000e+00   5.7421562e+03   2.8030000e+04
   0.0000000e+00   0.0000000e+00   5.7410216e+03   2.8351000e+04
   0.0000000e+00   0.0000000e+00   5.7402099e+03   2.8700000e+04
   0.0000000e+00   0.0000000e+00   5.7324843e+03   2.9030000e+04
   0.0000000e+00   0.0000000e+00   5.7311452e+03   2.9043000e+04
   0.0000000e+00   0.0000000e+00   5.7271181e+03   2.9117000e+04
   0.0000000e+00   0.0000000e+00   5.7243031e+03   2.9141000e+04
   0.0000000e+00   0.0000000e+00   5.7190225e+03   2.9359000e+04
   0.0000000e+00   0.0000000e+00   5.7190225e+03   2.9542000e+04
   0.0000000e+00   0.0000000e+00   5.7159444e+03   2.9947000e+04
   0.0000000e+00   0.0000000e+00   5.6958312e+03   3.0577000e+04
   0.0000000e+00   0.0000000e+00   5.6921546e+03   3.1139000e+04
   0.0000000e+00   0.0000000e+00   5.6915565e+03   3.1639000e+04
   0.0000000e+00   0.0000000e+00   5.6864271e+03   3.2142000e+04
   0.0000000e+00   0.0000000e+00   5.6844889e+03   3.2611000e+04
   0.0000000e+00   0.0000000e+00   5.6824360e+03   3.2798000e+04
   0.0000000e+00   0.0000000e+00   5.6810667e+03   3.2868000e+04
   0.0000000e+00   0.0000000e+00   5.6810667e+03   3.3401000e+04
   0.0000000e+00   0.0000000e+00   5.6747033e+03   3.4714000e+04
   0.0000000e+00   0.0000000e+00   5.6747033e+03   3.5137000e+04
   0.0000000e+00   0.0000000e+00   5.6648676e+03   3.6050000e+04
   0.0000000e+00   0.0000000e+00   5.6642319e+03   3.6221000e+04
   0.0000000e+00   0.0000000e+00   5.6610066e+03   3.7715000e+04
   0.0000000e+00   0.0000000e+00   5.6507665e+03   3.8214000e+04
   0.0000000e+00   0.0000000e+00   5.6469406e+03   3.8562000e+04
   0.0000000e+00   0.0000000e+00   5.6352539e+03   3.8899000e+04
   0.0000000e+00   0.0000000e+00   5.6337993e+03   3.8900000e+04
   0.0000000e+00   0.0000000e+00   5.6156757e+03   3.8997000e+04
   0.0000000e+00   0.0000000e+00   5.6144165e+03   3.9013000e+04
   0.0000000e+00   0.0000000e+00   5.6126729e+03   3.9167000e+04
   0.0000000e+00   0.0000000e+00   5.6095841e+03   3.9199000e+04
   0.0000000e+00   0.0000000e+00   5.5981719e+03   4.0193000e+04
   0.0000000e+00   0.0000000e+00   5.5899508e+03   4.0640000e+04
   0.0000000e+00   0.0000000e+00   5.5862036e+03   4.0925000e+04
   0.0000000e+00   0.0000000e+00   5.5836090e+03   4.1110000e+04
   0.0000000e+00   0.0000000e+00   5.5788151e+03   4.1153000e+04
   0.0000000e+00   0.0000000e+00   5.5783946e+03   4.1310000e+04
   0.0000000e+00   0.0000000e+00   5.5635533e+03   4.1476000e+04
   0.0000000e+00   0.0000000e+00   5.5560508e+03   4.1623000e+04
   0.0000000e+00   0.0000000e+00   5.5547238e+03   4.1830000e+04
   0.0000000e+00   0.0000000e+00   5.5398544e+03   4.2069000e+04
   0.0000000e+00   0.0000000e+00   5.5398544e+03   4.2113000e+04
   0.0000000e+00   0.0000000e+00   5.5313694e+03   4.2501000e+04
   0.0000000e+00   0.0000000e+00   5.5273070e+03   4.3060000e+04
   0.0000000e+00   0.0000000e+00   5.5253764e+03   4.3075000e+04
   0.0000000e+00   0.0000000e+00   5.5247407e+03   4.3125000e+04
   0.0000000e+00   0.0000000e+00   5.5244881e+03   4.3644000e+04
   0.0000000e+00   0.0000000e+00   5.5198628e+03   4.3913000e+04
   0.0000000e+00   0.0000000e+00   5.5198628e+03   4.4120000e+04
   0.0000000e+00   0.0000000e+00   5.5198628e+03   4.5093000e+04
   0.0000000e+00   0.0000000e+00   5.5142927e+03   4.5351000e+04
   0.0000000e+00   0.0000000e+00   5.5056116e+03   4.5426000e+04
   0.0000000e+00   0.0000000e+00   5.4999623e+03   4.5468000e+04
   0.0000000e+00   0.0000000e+00   5.4934368e+03   4.5552000e+04
   0.0000000e+00   0.0000000e+00   5.4881127e+03   4.5683000e+04
   0.0000000e+00   0.0000000e+00   5.4859869e+03   4.6310000e+04
   0.0000000e+00   0.0000000e+00   5.4840142e+03   4.6675000e+04
   0.0000000e+00   0.0000000e+00   5.4827677e+03   4.8111000e+04
   0.0000000e+00   0.0000000e+00   5.4732926e+03   4.8219000e+04
   0.0000000e+00   0.0000000e+00   5.4718379e+03   4.9862000e+04
   0.0000000e+00   0.0000000e+00   5.4712397e+03   5.1226000e+04
   0.0000000e+00   0.0000000e+00   5.4712397e+03   5.2352000e+04
   0.0000000e+00   0.0000000e+00   5.4712397e+03   5.4211000e+04
   0.0000000e+00   0.0000000e+00   5.4695189e+03   5.4236000e+04
   0.0000000e+00   0.0000000e+00   5.4695189e+03   5.4411000e+04
   0.0000000e+00   0.0000000e+00   5.4680643e+03   5.4644000e+04
   0.0000000e+00   0.0000000e+00   5.4519752e+03   5.4896000e+04
   0.0000000e+00   0.0000000e+00   5.4463542e+03   5.5070000e+04
   0.0000000e+00   0.0000000e+00   5.4366450e+03   5.5283000e+04
   0.0000000e+00   0.0000000e+00   5.4335050e+03   5.5599000e+04
   0.0000000e+00   0.0000000e+00   5.4300836e+03   5.5634000e+04
   0.0000000e+00   0.0000000e+00   5.4217406e+03   5.5747000e+04
   0.0000000e+00   0.0000000e+00   5.4202860e+03   5.5834000e+04
   0.0000000e+00   0.0000000e+00   5.4180320e+03   5.6203000e+04
   0.0000000e+00   0.0000000e+00   5.4142061e+03   5.8145000e+04
   0.0000000e+00   0.0000000e+00   5.4115835e+03   5.9470000e+04
   0.0000000e+00   0.0000000e+00   5.4076767e+03   5.9809000e+04
   0.0000000e+00   0.0000000e+00   5.4076767e+03   6.0203000e+04
   0.0000000e+00   0.0000000e+00   5.3937272e+03   6.0891000e+04
   0.0000000e+00   0.0000000e+00   5.3900507e+03   6.1161000e+04
   0.0000000e+00   0.0000000e+00   5.3864646e+03   6.2471000e+04
   0.0000000e+00   0.0000000e+00   5.3844919e+03   6.3398000e+04
   0.0000000e+00   0.0000000e+00   5.3825192e+03   6.3604000e+04
   0.0000000e+00   0.0000000e+00   5.3825192e+03   6.3619000e+04
   0.0000000e+00   0.0000000e+00   5.3825192e+03   6.3629000e+04
   0.0000000e+00   0.0000000e+00   5.3800102e+03   6.4570000e+04
   0.0000000e+00   0.0000000e+00   5.3772215e+03   6.5163000e+04
   0.0000000e+00   0.0000000e+00   5.3765858e+03   6.7075000e+04
   0.0000000e+00   0.0000000e+00   5.3712126e+03   6.7507000e+04
   0.0000000e+00   0.0000000e+00   5.3712126e+03   6.8014000e+04
   0.0000000e+00   0.0000000e+00   5.3712126e+03   6.8658000e+04
   0.0000000e+00   0.0000000e+00   5.3712126e+03   7.0340000e+04
   0.0000000e+00   0.0000000e+00   5.3712126e+03   7.0389000e+04
   0.0000000e+00   0.0000000e+00   5.3646870e+03   7.2090000e+04
   0.0000000e+00   0.0000000e+00   5.3646870e+03   7.3442000e+04
   0.0000000e+00   0.0000000e+00   5.3616875e+03   7.3785000e+04
   0.0000000e+00   0.0000000e+00   5.3598371e+03   7.5276000e+04
   0.0000000e+00   0.0000000e+00   5.3598371e+03   7.5323000e+04
   0.0000000e+00   0.0000000e+00   5.3590566e+03   7.5652000e+04
   0.0000000e+00   0.0000000e+00   5.3553801e+03   7.6737000e+04
   0.0000000e+00   0.0000000e+00   5.3553801e+03   7.6791000e+04
   0.0000000e+00   0.0000000e+00   5.3553801e+03   7.7831000e+04
   0.0000000e+00   0.0000000e+00   5.3553801e+03   7.8805000e+04
   0.0000000e+00   0.0000000e+00   5.3463757e+03   7.8884000e+04
   0.0000000e+00   0.0000000e+00   5.3443160e+03   8.0559000e+04
   0.0000000e+00   0.0000000e+00   5.3388752e+03   8.1914000e+04
   0.0000000e+00   0.0000000e+00   5.3363957e+03   8.3723000e+04
   0.0000000e+00   0.0000000e+00   5.3362674e+03   8.3839000e+04
   0.0000000e+00   0.0000000e+00   5.3333204e+03   8.3841000e+04
   0.0000000e+00   0.0000000e+00   5.3191914e+03   8.4071000e+04
   0.0000000e+00   0.0000000e+00   5.3078496e+03   8.4333000e+04
   0.0000000e+00   0.0000000e+00   5.3044519e+03   8.4620000e+04
   0.0000000e+00   0.0000000e+00   5.3023991e+03   8.4714000e+04
   0.0000000e+00   0.0000000e+00   5.3011506e+03   8.5821000e+04
   0.0000000e+00   0.0000000e+00   5.3011506e+03   8.5957000e+04
   0.0000000e+00   0.0000000e+00   5.3011506e+03   8.6749000e+04
   0.0000000e+00   0.0000000e+00   5.3011506e+03   8.7438000e+04
   0.0000000e+00   0.0000000e+00   5.3004794e+03   8.7709000e+04
   0.0000000e+00   0.0000000e+00   5.3004794e+03   8.7790000e+04
   0.0000000e+00   0.0000000e+00   5.2860406e+03   8.9337000e+04
   0.0000000e+00   0.0000000e+00   5.2817475e+03   8.9796000e+04
   0.0000000e+00   0.0000000e+00   5.2817475e+03   8.9799000e+04
   0.0000000e+00   0.0000000e+00   5.2802929e+03   9.1215000e+04
   0.0000000e+00   0.0000000e+00   5.2791452e+03   9.5554000e+04
   0.0000000e+00   0.0000000e+00   5.2791452e+03   9.5577000e+04
   0.0000000e+00   0.0000000e+00   5.2791452e+03   9.5899000e+04
   0.0000000e+00   0.0000000e+00   5.2772146e+03   9.7038000e+04
   0.0000000e+00   0.0000000e+00   5.2772146e+03   9.7400000e+04
   0.0000000e+00   0.0000000e+00   5.2772146e+03   9.7768000e+04
   0.0000000e+00   0.0000000e+00   5.2772146e+03   9.7835000e+04
   0.0000000e+00   0.0000000e+00   5.2732526e+03   9.8085000e+04
   0.0000000e+00   0.0000000e+00   5.2732526e+03   1.0139200e+05
   0.0000000e+00   0.0000000e+00   5.2732526e+03   1.0536100e+05
   0.0000000e+00   0.0000000e+00   5.2732526e+03   1.0767900e+05
   0.0000000e+00   0.0000000e+00   5.2732526e+03   1.0805100e+05
   0.0000000e+00   0.0000000e+00   5.2732526e+03   1.1015400e+05
   0.0000000e+00   0.0000000e+00   5.2732526e+03   1.1101200e+05
   0.0000000e+00   0.0000000e+00   5.2732526e+03   1.1171800e+05
   0.0000000e+00   0.0000000e+00   5.2727783e+03   1.1236600e+05
   0.0000000e+00   0.0000000e+00   5.2727783e+03   1.1334400e+05
   0.0000000e+00   0.0000000e+00   5.2727783e+03   1.1401700e+05
   0.0000000e+00   0.0000000e+00   5.2661433e+03   1.1422300e+05
   0.0000000e+00   0.0000000e+00   5.2549826e+03   1.1530900e+05
   0.0000000e+00   0.0000000e+00   5.2549826e+03   1.1549600e+05
   0.0000000e+00   0.0000000e+00   5.2512561e+03   1.1552200e+05
   0.0000000e+00   0.0000000e+00   5.2489261e+03   1.1656900e+05
   0.0000000e+00   0.0000000e+00   5.2489261e+03   1.1801400e+05
   0.0000000e+00   0.0000000e+00   5.2489261e+03   1.1804600e+05
   0.0000000e+00   0.0000000e+00   5.2474715e+03   1.1919200e+05
   0.0000000e+00   0.0000000e+00   5.2474715e+03   1.1980000e+05
   0.0000000e+00   0.0000000e+00   5.2338305e+03   1.2043100e+05
   0.0000000e+00   0.0000000e+00   5.1851028e+03   1.2046100e+05
   0.0000000e+00   0.0000000e+00   5.1851028e+03   1.2060400e+05
   0.0000000e+00   0.0000000e+00   5.1795256e+03   1.2063700e+05
   0.0000000e+00   0.0000000e+00   5.1745821e+03   1.2072500e+05
   0.0000000e+00   0.0000000e+00   5.1718612e+03   1.2080800e+05
   0.0000000e+00   0.0000000e+00   5.1714184e+03   1.2082400e+05
   0.0000000e+00   0.0000000e+00   5.1633293e+03   1.2083600e+05
   0.0000000e+00   0.0000000e+00   5.1582583e+03   1.2115400e+05
   0.0000000e+00   0.0000000e+00   5.1539879e+03   1.2157900e+05
   0.0000000e+00   0.0000000e+00   5.1539879e+03   1.2192800e+05
   0.0000000e+00   0.0000000e+00   5.1529336e+03   1.2234700e+05
   0.0000000e+00   0.0000000e+00   5.1529336e+03   1.2255000e+05
   0.0000000e+00   0.0000000e+00   5.1529336e+03   1.2255300e+05
   0.0000000e+00   0.0000000e+00   5.1475075e+03   1.2369000e+05
   0.0000000e+00   0.0000000e+00   5.1460528e+03   1.2439600e+05
   0.0000000e+00   0.0000000e+00   5.1460528e+03   1.2496700e+05
   0.0000000e+00   0.0000000e+00   5.1428401e+03   1.2509300e+05
   0.0000000e+00   0.0000000e+00   5.1428401e+03   1.2556300e+05
   0.0000000e+00   0.0000000e+00   5.1407872e+03   1.2699700e+05
   0.0000000e+00   0.0000000e+00   5.1407872e+03   1.2720800e+05
   0.0000000e+00   0.0000000e+00   5.1269057e+03   1.2839600e+05
   0.0000000e+00   0.0000000e+00   5.1259997e+03   1.2845400e+05
   0.0000000e+00   0.0000000e+00   5.1259997e+03   1.2848300e+05
   0.0000000e+00   0.0000000e+00   5.1259997e+03   1.2904500e+05
   0.0000000e+00   0.0000000e+00   5.1245451e+03   1.3087200e+05
   0.0000000e+00   0.0000000e+00   5.1245451e+03   1.3088000e+05
   0.0000000e+00   0.0000000e+00   5.1245451e+03   1.3090400e+05
   0.0000000e+00   0.0000000e+00   5.1245451e+03   1.3229200e+05
   0.0000000e+00   0.0000000e+00   5.1167533e+03   1.3517700e+05
   0.0000000e+00   0.0000000e+00   5.1167533e+03   1.3591100e+05
   0.0000000e+00   0.0000000e+00   5.1167533e+03   1.3823800e+05
   0.0000000e+00   0.0000000e+00   5.1167533e+03   1.3872700e+05
   0.0000000e+00   0.0000000e+00   5.1074308e+03   1.3878900e+05
   0.0000000e+00   0.0000000e+00   5.1074308e+03   1.3934600e+05
   0.0000000e+00   0.0000000e+00   5.1074308e+03   1.3940200e+05
   0.0000000e+00   0.0000000e+00   5.1036049e+03   1.3989500e+05
   0.0000000e+00   0.0000000e+00   5.1036049e+03   1.4015700e+05
   0.0000000e+00   0.0000000e+00   5.1036049e+03   1.4049800e+05
   0.0000000e+00   0.0000000e+00   5.1026989e+03   1.4118200e+05
   0.0000000e+00   0.0000000e+00   5.1026989e+03   1.4455000e+05
   0.0000000e+00   0.0000000e+00   5.1026989e+03   1.4517400e+05
   0.0000000e+00   0.0000000e+00   5.1026989e+03   1.4590900e+05
   0.0000000e+00   0.0000000e+00   5.1026989e+03   1.4620900e+05
   0.0000000e+00   0.0000000e+00   5.1026989e+03   1.4639900e+05
   0.0000000e+00   0.0000000e+00   5.1026989e+03   1.4703900e+05
   0.0000000e+00   0.0000000e+00   5.1026989e+03   1.5012400e+05
   0.0000000e+00   0.0000000e+00   5.1026989e+03   1.5233600e+05
   0.0000000e+00   0.0000000e+00   5.1022017e+03   1.5480800e+05
   0.0000000e+00   0.0000000e+00   5.1022017e+03   1.5518200e+05
   0.0000000e+00   0.0000000e+00   5.1022017e+03   1.5563400e+05
   0.0000000e+00   0.0000000e+00   5.1022017e+03   1.5570100e+05
   0.0000000e+00   0.0000000e+00   5.1022017e+03   1.5645500e+05
   0.0000000e+00   0.0000000e+00   5.1011675e+03   1.5715300e+05
   0.0000000e+00   0.0000000e+00   5.1011675e+03   1.5737400e+05
   0.0000000e+00   0.0000000e+00   5.1011675e+03   1.5780600e+05
   0.0000000e+00   0.0000000e+00   5.0974909e+03   1.5967800e+05
   0.0000000e+00   0.0000000e+00   5.0974909e+03   1.5997300e+05
   0.0000000e+00   0.0000000e+00   5.0965848e+03   1.6095500e+05
   0.0000000e+00   0.0000000e+00   5.0965848e+03   1.6200300e+05
   0.0000000e+00   0.0000000e+00   5.0965848e+03   1.6371700e+05
   0.0000000e+00   0.0000000e+00   5.0925793e+03   1.6564200e+05
   0.0000000e+00   0.0000000e+00   5.0925793e+03   1.6585900e+05
   0.0000000e+00   0.0000000e+00   5.0894971e+03   1.6641600e+05
   0.0000000e+00   0.0000000e+00   5.0849747e+03   1.6770400e+05
   0.0000000e+00   0.0000000e+00   5.0849747e+03   1.6906600e+05
   0.0000000e+00   0.0000000e+00   5.0749894e+03   1.6911200e+05
   0.0000000e+00   0.0000000e+00   5.0749894e+03   1.6955300e+05
   0.0000000e+00   0.0000000e+00   5.0749894e+03   1.7065800e+05
   0.0000000e+00   0.0000000e+00   5.0749894e+03   1.7459700e+05
   0.0000000e+00   0.0000000e+00   5.0749894e+03   1.7637400e+05
   0.0000000e+00   0.0000000e+00   5.0749894e+03   1.7652900e+05
   0.0000000e+00   0.0000000e+00   5.0749894e+03   1.7654700e+05
   0.0000000e+00   0.0000000e+00   5.0749894e+03   1.7775700e+05
   0.0000000e+00   0.0000000e+00   5.0671845e+03   1.7794600e+05
   0.0000000e+00   0.0000000e+00   5.0671845e+03   1.7963500e+05
   0.0000000e+00   0.0000000e+00   5.0671845e+03   1.8115800e+05
   0.0000000e+00   0.0000000e+00   5.0671845e+03   1.8373200e+05
   0.0000000e+00   0.0000000e+00   5.0642757e+03   1.8375500e+05
   0.0000000e+00   0.0000000e+00   5.0642757e+03   1.8450700e+05
   0.0000000e+00   0.0000000e+00   5.0642757e+03   1.8451800e+05
   0.0000000e+00   0.0000000e+00   5.0642757e+03   1.8676900e+05
   0.0000000e+00   0.0000000e+00   5.0642757e+03   1.8970400e+05
   0.0000000e+00   0.0000000e+00   5.0642757e+03   1.9068700e+05
   0.0000000e+00   0.0000000e+00   5.0623451e+03   1.9125400e+05
   0.0000000e+00   0.0000000e+00   5.0623451e+03   1.9202000e+05
   0.0000000e+00   0.0000000e+00   5.0623451e+03   1.9402900e+05
   0.0000000e+00   0.0000000e+00   5.0548512e+03   1.9551600e+05
   0.0000000e+00   0.0000000e+00   5.0548512e+03   1.9590200e+05
   0.0000000e+00   0.0000000e+00   5.0548512e+03   1.9823500e+05
   0.0000000e+00   0.0000000e+00   5.0526161e+03   1.9874300e+05
   0.0000000e+00   0.0000000e+00   5.0526161e+03   1.9932200e+05
   0.0000000e+00   0.0000000e+00   5.0526161e+03   1.9940800e+05
