   3.2533373e+02   1.7573009e+01   1.6713190e+04   3.0000000e+00
   3.2096175e+02   1.3519285e+01   1.6943761e+04   4.0000000e+00
   2.8171002e+02   1.0609420e+01   1.6984756e+04   6.0000000e+00
   2.8015459e+02   1.0505304e+01   1.7502058e+04   7.0000000e+00
   2.4833495e+02   8.1648329e+00   1.7553170e+04   9.0000000e+00
   2.4745454e+02   8.3001160e+00   1.7382828e+04   1.0000000e+01
   2.4433143e+02   8.4652299e+00   1.7378148e+04   1.4000000e+01
   2.4264315e+02   8.3522845e+00   1.7701761e+04   1.5000000e+01
   2.4231517e+02   8.0411162e+00   1.7579284e+04   1.7000000e+01
   2.3510513e+02   7.7566276e+00   1.7773897e+04   1.8000000e+01
   2.2521403e+02   6.8247714e+00   1.8010215e+04   2.3000000e+01
   2.1386412e+02   7.0284192e+00   1.7786025e+04   2.5000000e+01
   2.1291932e+02   7.0690392e+00   1.7724624e+04   2.6000000e+01
   2.0306207e+02   4.6233713e+00   1.7667382e+04   2.7000000e+01
   1.9999841e+02   4.1649437e+00   1.8355389e+04   2.9000000e+01
   1.9943608e+02   3.8309719e+00   1.8330164e+04   3.1000000e+01
   1.9915718e+02   3.8607046e+00   1.8301934e+04   3.2000000e+01
   1.7659908e+02   2.3259797e+00   1.9134150e+04   3.3000000e+01
   1.7563058e+02   2.3046465e+00   1.8873427e+04   3.4000000e+01
   1.7070546e+02   2.3126615e+00   1.8860505e+04   3.6000000e+01
   1.5931328e+02   2.0507478e+00   1.8855651e+04   3.7000000e+01
   1.5913663e+02   2.0872788e+00   1.8793070e+04   3.9000000e+01
   1.4162229e+02   1.8068609e+00   1.9504810e+04   4.0000000e+01
   1.3921461e+02   1.5582124e+00   1.9313655e+04   4.1000000e+01
   1.3372091e+02   1.2399283e+00   1.9940060e+04   4.4000000e+01
   1.3220483e+02   1.1453105e+00   2.0411327e+04   4.5000000e+01
   1.2914322e+02   1.1122654e+00   2.0744274e+04   4.6000000e+01
   1.2805001e+02   1.4030098e+00   2.0442217e+04   4.7000000e+01
   1.2795477e+02   1.3961866e+00   2.0590267e+04   4.8000000e+01
   1.1779202e+02   6.1949364e-01   2.0751165e+04   5.0000000e+01
   1.0922088e+02   6.0480576e-01   2.0503663e+04   5.1000000e+01
   1.0854742e+02   5.6540929e-01   2.0909805e+04   5.3000000e+01
   1.0795396e+02   5.1534466e-01   2.0799163e+04   5.4000000e+01
   1.0636637e+02   4.0704627e-01   2.0798231e+04   5.5000000e+01
   1.0586571e+02   4.1942086e-01   2.0777710e+04   5.6000000e+01
   1.0426078e+02   4.1496601e-01   2.0744073e+04   5.7000000e+01
   1.0421324e+02   6.2904809e-01   2.0507184e+04   5.8000000e+01
   1.0091013e+02   5.8215952e-01   2.0601726e+04   6.5000000e+01
   9.7499608e+01   3.8005253e-01   2.0834286e+04   6.6000000e+01
   9.7036520e+01   3.5579736e-01   2.0784316e+04   6.9000000e+01
   9.6556759e+01   3.5602649e-01   2.0853382e+04   7.0000000e+01
   9.6077893e+01   3.2724679e-01   2.0803412e+04   7.1000000e+01
   9.5678566e+01   2.8089371e-01   2.0866854e+04   7.2000000e+01
   9.5274881e+01   2.7786484e-01   2.1177628e+04   7.3000000e+01
   9.4922191e+01   2.7715902e-01   2.1146866e+04   7.5000000e+01
   8.3227254e+01   2.5267502e-01   2.1387464e+04   7.6000000e+01
   8.1490458e+01   3.2366004e-01   2.0843380e+04   7.7000000e+01
   7.9296469e+01   3.2299637e-01   2.0828529e+04   8.0000000e+01
   7.6038914e+01   3.2783465e-01   2.0779207e+04   8.1000000e+01
   7.4670691e+01   3.1805846e-01   2.1135567e+04   8.2000000e+01
   7.3731791e+01   3.2921635e-01   2.1101398e+04   8.4000000e+01
   7.3223304e+01   3.2419654e-01   2.1249152e+04   8.5000000e+01
   7.2854164e+01   3.1894801e-01   2.1283730e+04   8.6000000e+01
   6.7752623e+01   3.1354345e-01   2.1164868e+04   8.7000000e+01
   6.7548788e+01   2.8299813e-01   2.1417770e+04   9.0000000e+01
   6.7248006e+01   3.1772669e-01   2.1224055e+04   9.1000000e+01
   6.6644033e+01   3.2343891e-01   2.1653938e+04   9.2000000e+01
   6.5102271e+01   3.2749724e-01   2.1743290e+04   9.3000000e+01
   6.4848923e+01   3.2601852e-01   2.1913875e+04   9.9000000e+01
   6.4478715e+01   3.3712059e-01   2.2055194e+04   1.0100000e+02
   5.7384469e+01   9.4105405e-02   2.1938944e+04   1.0200000e+02
   5.4986130e+01   8.6437573e-02   2.1971187e+04   1.0500000e+02
   5.4666714e+01   2.5784030e-03   2.2083033e+04   1.0600000e+02
   4.5473722e+01   0.0000000e+00   2.2667553e+04   1.0900000e+02
   4.5393707e+01   0.0000000e+00   2.2655247e+04   1.1000000e+02
   4.5239499e+01   1.0841416e-03   2.2397608e+04   1.1300000e+02
   4.5135869e+01   8.7210824e-04   2.2565022e+04   1.1400000e+02
   4.4615561e+01   1.5786892e-03   2.2542826e+04   1.1500000e+02
   4.3243525e+01   0.0000000e+00   2.2947708e+04   1.1700000e+02
   4.2560773e+01   0.0000000e+00   2.2836252e+04   1.2000000e+02
   3.8814830e+01   0.0000000e+00   2.3291010e+04   1.2200000e+02
   3.8126814e+01   0.0000000e+00   2.3181267e+04   1.2400000e+02
   3.5562742e+01   0.0000000e+00   2.3066936e+04   1.2600000e+02
   3.5387206e+01   0.0000000e+00   2.3127365e+04   1.2700000e+02
   3.4751145e+01   0.0000000e+00   2.3734634e+04   1.2800000e+02
   3.4411049e+01   0.0000000e+00   2.3603861e+04   1.2900000e+02
   2.8718577e+01   0.0000000e+00   2.3343688e+04   1.3200000e+02
   2.8648891e+01   0.0000000e+00   2.3233584e+04   1.3300000e+02
   2.8634732e+01   0.0000000e+00   2.3424007e+04   1.4000000e+02
   2.8272198e+01   0.0000000e+00   2.3365140e+04   1.4300000e+02
   2.7925596e+01   0.0000000e+00   2.3469312e+04   1.5000000e+02
   2.7876870e+01   0.0000000e+00   2.3832045e+04   1.5900000e+02
   2.7483146e+01   0.0000000e+00   2.4069914e+04   1.6100000e+02
   2.6729077e+01   0.0000000e+00   2.4104413e+04   1.6200000e+02
   2.5314353e+01   0.0000000e+00   2.4265479e+04   1.6600000e+02
   2.4832856e+01   0.0000000e+00   2.4171396e+04   1.7000000e+02
   2.4812556e+01   0.0000000e+00   2.4047015e+04   1.7300000e+02
   1.8863035e+01   0.0000000e+00   2.4083659e+04   1.7900000e+02
   1.8814539e+01   0.0000000e+00   2.3614665e+04   1.8000000e+02
   1.8252071e+01   0.0000000e+00   2.3710902e+04   1.8100000e+02
   1.8170237e+01   0.0000000e+00   2.3813542e+04   1.8200000e+02
   1.7820020e+01   0.0000000e+00   2.4064870e+04   1.8900000e+02
   1.7771360e+01   0.0000000e+00   2.4053809e+04   1.9000000e+02
   1.7742485e+01   0.0000000e+00   2.4136879e+04   1.9500000e+02
   1.6950205e+01   0.0000000e+00   2.3972504e+04   1.9600000e+02
   1.6850342e+01   0.0000000e+00   2.3852806e+04   1.9900000e+02
   1.6704797e+01   0.0000000e+00   2.3782438e+04   2.0400000e+02
   1.6337562e+01   0.0000000e+00   2.3937643e+04   2.0700000e+02
   1.4270580e+01   0.0000000e+00   2.3963164e+04   2.0900000e+02
   1.4187021e+01   0.0000000e+00   2.3960193e+04   2.1000000e+02
   1.4170951e+01   0.0000000e+00   2.3596957e+04   2.1300000e+02
   1.4074253e+01   0.0000000e+00   2.3437856e+04   2.1600000e+02
   1.2138779e+01   0.0000000e+00   2.3802962e+04   2.2000000e+02
   1.2074161e+01   0.0000000e+00   2.4358751e+04   2.2100000e+02
   1.1773227e+01   0.0000000e+00   2.4284312e+04   2.2600000e+02
   1.1749961e+01   0.0000000e+00   2.4183752e+04   2.2800000e+02
   1.1195946e+01   0.0000000e+00   2.4123642e+04   2.3400000e+02
   1.0973238e+01   0.0000000e+00   2.3761972e+04   2.3800000e+02
   1.0836649e+01   0.0000000e+00   2.4013414e+04   2.4100000e+02
   1.0710101e+01   0.0000000e+00   2.3926654e+04   2.4500000e+02
   1.0538349e+01   0.0000000e+00   2.3962830e+04   2.4600000e+02
   1.0529885e+01   0.0000000e+00   2.3784802e+04   2.4700000e+02
   8.6902909e+00   0.0000000e+00   2.4289228e+04   2.5100000e+02
   8.6332717e+00   0.0000000e+00   2.4197201e+04   2.5200000e+02
   8.1515356e+00   0.0000000e+00   2.4652000e+04   2.5500000e+02
   8.1362435e+00   0.0000000e+00   2.4538028e+04   2.6100000e+02
   8.1245490e+00   0.0000000e+00   2.4505045e+04   2.6300000e+02
   7.9487098e+00   0.0000000e+00   2.4328674e+04   2.7300000e+02
   7.9219801e+00   0.0000000e+00   2.4249708e+04   2.8000000e+02
   7.9140637e+00   0.0000000e+00   2.4640092e+04   2.8200000e+02
   7.4222873e+00   0.0000000e+00   2.4258711e+04   2.8500000e+02
   7.3017581e+00   0.0000000e+00   2.3979686e+04   2.8600000e+02
   5.5023093e+00   0.0000000e+00   2.4175846e+04   2.8800000e+02
   5.4003364e+00   0.0000000e+00   2.4069354e+04   2.9200000e+02
   5.2805561e+00   0.0000000e+00   2.4055949e+04   2.9300000e+02
   5.2575608e+00   0.0000000e+00   2.4632678e+04   2.9500000e+02
   5.0440599e+00   0.0000000e+00   2.4484338e+04   3.0100000e+02
   5.0395481e+00   0.0000000e+00   2.4474121e+04   3.0400000e+02
   5.0196001e+00   0.0000000e+00   2.4668990e+04   3.0900000e+02
   4.8824582e+00   0.0000000e+00   2.5233413e+04   3.1100000e+02
   4.8094455e+00   0.0000000e+00   2.5552351e+04   3.1500000e+02
   4.7510434e+00   0.0000000e+00   2.5568395e+04   3.2200000e+02
   4.7099441e+00   0.0000000e+00   2.5725581e+04   3.3500000e+02
   4.6223237e+00   0.0000000e+00   2.5924025e+04   3.4200000e+02
   4.6122591e+00   0.0000000e+00   2.5794604e+04   3.4300000e+02
   4.5750792e+00   0.0000000e+00   2.6418789e+04   3.4600000e+02
   4.5521640e+00   0.0000000e+00   2.6674207e+04   3.4700000e+02
   4.5477999e+00   0.0000000e+00   2.6345857e+04   3.4800000e+02
   4.5396309e+00   0.0000000e+00   2.6332665e+04   3.4900000e+02
   4.4872535e+00   0.0000000e+00   2.6348048e+04   3.5100000e+02
   4.3891785e+00   0.0000000e+00   2.6685134e+04   3.5300000e+02
   3.9752391e+00   0.0000000e+00   2.6591379e+04   3.5400000e+02
   3.9610432e+00   0.0000000e+00   2.6302807e+04   3.5600000e+02
   3.3198230e+00   0.0000000e+00   2.6783672e+04   3.5900000e+02
   3.2877679e+00   0.0000000e+00   2.6594676e+04   3.6400000e+02
   3.2790573e+00   0.0000000e+00   2.6590379e+04   3.6700000e+02
   3.0288093e+00   0.0000000e+00   2.6861153e+04   3.6800000e+02
   3.0136954e+00   0.0000000e+00   2.6591645e+04   3.7400000e+02
   3.0092189e+00   0.0000000e+00   2.6482412e+04   3.8100000e+02
   3.0066034e+00   0.0000000e+00   2.6560851e+04   3.8200000e+02
   2.9545840e+00   0.0000000e+00   2.6871507e+04   3.8400000e+02
   2.2789562e+00   0.0000000e+00   2.6864006e+04   3.8900000e+02
   2.2387907e+00   0.0000000e+00   2.7066182e+04   3.9200000e+02
   2.1922836e+00   0.0000000e+00   2.6937241e+04   3.9900000e+02
   2.1778244e+00   0.0000000e+00   2.7053404e+04   4.0400000e+02
   9.9177338e-01   0.0000000e+00   2.6882108e+04   4.0500000e+02
   9.8634121e-01   0.0000000e+00   2.6533838e+04   4.0800000e+02
   9.5473624e-01   0.0000000e+00   2.6471314e+04   4.0900000e+02
   9.4712138e-01   0.0000000e+00   2.6415657e+04   4.1000000e+02
   9.4177607e-01   0.0000000e+00   2.6359184e+04   4.1100000e+02
   9.2506517e-01   0.0000000e+00   2.6432794e+04   4.1400000e+02
   9.0317601e-01   0.0000000e+00   2.6372981e+04   4.1500000e+02
   8.9743491e-01   0.0000000e+00   2.6674899e+04   4.1600000e+02
   8.9657474e-01   0.0000000e+00   2.6545851e+04   4.2000000e+02
   8.7309896e-01   0.0000000e+00   2.6258024e+04   4.2100000e+02
   8.3228119e-01   0.0000000e+00   2.6141929e+04   4.2200000e+02
   8.2616040e-01   0.0000000e+00   2.6485093e+04   4.2700000e+02
   7.8850390e-01   0.0000000e+00   2.6733640e+04   4.2900000e+02
   7.8596644e-01   0.0000000e+00   2.7068463e+04   4.3200000e+02
   7.8556336e-01   0.0000000e+00   2.6884675e+04   4.3300000e+02
   7.3787967e-01   0.0000000e+00   2.7065376e+04   4.3400000e+02
   7.3360851e-01   0.0000000e+00   2.6998262e+04   4.3500000e+02
   7.3315463e-01   0.0000000e+00   2.6850833e+04   4.3700000e+02
   7.3004118e-01   0.0000000e+00   2.7001849e+04   4.4000000e+02
   7.1717138e-01   0.0000000e+00   2.7571406e+04   4.4200000e+02
   7.1210326e-01   0.0000000e+00   2.7728416e+04   4.4800000e+02
   7.1133249e-01   0.0000000e+00   2.7594539e+04   4.4900000e+02
   6.7215576e-01   0.0000000e+00   2.7473141e+04   4.5200000e+02
   6.4654405e-01   0.0000000e+00   2.8245221e+04   4.5300000e+02
   6.4557927e-01   0.0000000e+00   2.8186192e+04   4.5400000e+02
   6.4340326e-01   0.0000000e+00   2.7943557e+04   4.5500000e+02
   3.9258917e-01   0.0000000e+00   2.8111661e+04   4.6000000e+02
   3.7116364e-01   0.0000000e+00   2.7815258e+04   4.6300000e+02
   3.6636783e-01   0.0000000e+00   2.7563020e+04   4.6700000e+02
   3.6604062e-01   0.0000000e+00   2.7473702e+04   4.7000000e+02
   3.6494107e-01   0.0000000e+00   2.7405676e+04   4.7200000e+02
   3.5564556e-01   0.0000000e+00   2.6889104e+04   4.7400000e+02
   3.5364108e-01   0.0000000e+00   2.7214150e+04   4.7500000e+02
   3.5359261e-01   0.0000000e+00   2.7356588e+04   4.7700000e+02
   3.5203964e-01   0.0000000e+00   2.7607545e+04   4.8100000e+02
   3.5146466e-01   0.0000000e+00   2.7446035e+04   4.8300000e+02
   3.3238796e-01   0.0000000e+00   2.7561856e+04   4.8500000e+02
   3.1867670e-01   0.0000000e+00   2.7269546e+04   4.8800000e+02
   2.9902526e-01   0.0000000e+00   2.7297409e+04   4.9100000e+02
   2.8689316e-01   0.0000000e+00   2.7575379e+04   4.9500000e+02
   2.6443585e-01   0.0000000e+00   2.7250255e+04   4.9800000e+02
   2.5908677e-01   0.0000000e+00   2.7151107e+04   5.1100000e+02
   2.5887035e-01   0.0000000e+00   2.7005044e+04   5.1300000e+02
   2.5758596e-01   0.0000000e+00   2.6813205e+04   5.1900000e+02
   2.5374453e-01   0.0000000e+00   2.6806666e+04   5.2100000e+02
   2.5329444e-01   0.0000000e+00   2.7072909e+04   5.2400000e+02
   2.3561849e-01   0.0000000e+00   2.6731147e+04   5.2900000e+02
   2.2794495e-01   0.0000000e+00   2.6676245e+04   5.3000000e+02
   2.2716570e-01   0.0000000e+00   2.6927749e+04   5.3300000e+02
   2.2700324e-01   0.0000000e+00   2.6859119e+04   5.3600000e+02
   2.2699543e-01   0.0000000e+00   2.6723349e+04   5.3800000e+02
   2.0140059e-01   0.0000000e+00   2.6979883e+04   5.4100000e+02
   1.7682792e-01   0.0000000e+00   2.7410841e+04   5.4200000e+02
   1.7678481e-01   0.0000000e+00   2.7436090e+04   5.4700000e+02
   1.7608375e-01   0.0000000e+00   2.7372855e+04   5.4900000e+02
   1.7027299e-01   0.0000000e+00   2.7415074e+04   5.5000000e+02
   1.6998970e-01   0.0000000e+00   2.7713876e+04   5.5100000e+02
   1.5728101e-01   0.0000000e+00   2.8126888e+04   5.5900000e+02
   1.5134898e-01   0.0000000e+00   2.8286968e+04   5.6000000e+02
   1.4802889e-01   0.0000000e+00   2.7927999e+04   5.6100000e+02
   1.4796730e-01   0.0000000e+00   2.7944748e+04   5.6200000e+02
   1.4616077e-01   0.0000000e+00   2.8094484e+04   5.6600000e+02
   1.4533234e-01   0.0000000e+00   2.8251623e+04   5.7100000e+02
   1.3285707e-01   0.0000000e+00   2.8060114e+04   5.7400000e+02
   1.3218665e-01   0.0000000e+00   2.8364222e+04   5.7600000e+02
   1.3213703e-01   0.0000000e+00   2.8109178e+04   5.7700000e+02
   1.3093359e-01   0.0000000e+00   2.8437127e+04   5.8100000e+02
   1.3068638e-01   0.0000000e+00   2.8144832e+04   5.9400000e+02
   1.2889927e-01   0.0000000e+00   2.8474724e+04   5.9600000e+02
   1.2791413e-01   0.0000000e+00   2.8557090e+04   6.0200000e+02
   1.2290292e-01   0.0000000e+00   2.8218834e+04   6.0900000e+02
   1.2276240e-01   0.0000000e+00   2.7831327e+04   6.1100000e+02
   1.1643320e-01   0.0000000e+00   2.8107451e+04   6.1400000e+02
   1.1479593e-01   0.0000000e+00   2.8284051e+04   6.1900000e+02
   1.1251744e-01   0.0000000e+00   2.7951797e+04   6.2300000e+02
   1.0739937e-01   0.0000000e+00   2.7835427e+04   6.2500000e+02
   1.0066046e-01   0.0000000e+00   2.8284400e+04   6.2700000e+02
   1.0044968e-01   0.0000000e+00   2.8763356e+04   6.2900000e+02
   9.9019621e-02   0.0000000e+00   2.8484541e+04   6.4100000e+02
   9.8711957e-02   0.0000000e+00   2.8426111e+04   6.4700000e+02
   8.0891074e-02   0.0000000e+00   2.8126876e+04   6.4800000e+02
   7.4154336e-02   0.0000000e+00   2.8465535e+04   6.4900000e+02
   7.3484075e-02   0.0000000e+00   2.8636200e+04   6.5000000e+02
   7.2491956e-02   0.0000000e+00   2.8718382e+04   6.5600000e+02
   7.2487055e-02   0.0000000e+00   2.8689347e+04   6.6300000e+02
   0.0000000e+00   0.0000000e+00   2.8948629e+04   6.6600000e+02
   0.0000000e+00   0.0000000e+00   2.8672206e+04   6.6800000e+02
   0.0000000e+00   0.0000000e+00   2.8671848e+04   6.7400000e+02
   0.0000000e+00   0.0000000e+00   2.8562032e+04   6.7700000e+02
   0.0000000e+00   0.0000000e+00   2.8184565e+04   6.8000000e+02
   0.0000000e+00   0.0000000e+00   2.7922674e+04   6.8100000e+02
   0.0000000e+00   0.0000000e+00   2.7579386e+04   6.9200000e+02
   0.0000000e+00   0.0000000e+00   2.7192795e+04   6.9400000e+02
   0.0000000e+00   0.0000000e+00   2.7024969e+04   6.9800000e+02
   0.0000000e+00   0.0000000e+00   2.6819599e+04   7.0100000e+02
   0.0000000e+00   0.0000000e+00   2.6258605e+04   7.0400000e+02
   0.0000000e+00   0.0000000e+00   2.6077949e+04   7.1400000e+02
   0.0000000e+00   0.0000000e+00   2.5878091e+04   7.2100000e+02
   0.0000000e+00   0.0000000e+00   2.5798567e+04   7.2200000e+02
   0.0000000e+00   0.0000000e+00   2.5740508e+04   7.2400000e+02
   0.0000000e+00   0.0000000e+00   2.5449169e+04   7.3200000e+02
   0.0000000e+00   0.0000000e+00   2.5420181e+04   7.3300000e+02
   0.0000000e+00   0.0000000e+00   2.5354408e+04   7.3400000e+02
   0.0000000e+00   0.0000000e+00   2.5157030e+04   7.3600000e+02
   0.0000000e+00   0.0000000e+00   2.5126521e+04   7.4200000e+02
   0.0000000e+00   0.0000000e+00   2.5044163e+04   7.4500000e+02
   0.0000000e+00   0.0000000e+00   2.5039784e+04   7.6100000e+02
   0.0000000e+00   0.0000000e+00   2.4998295e+04   7.6800000e+02
   0.0000000e+00   0.0000000e+00   2.4809443e+04   7.7300000e+02
   0.0000000e+00   0.0000000e+00   2.4768434e+04   7.8300000e+02
   0.0000000e+00   0.0000000e+00   2.4633207e+04   7.8700000e+02
   0.0000000e+00   0.0000000e+00   2.4434266e+04   7.8800000e+02
   0.0000000e+00   0.0000000e+00   2.4219231e+04   7.9500000e+02
   0.0000000e+00   0.0000000e+00   2.4178512e+04   7.9900000e+02
   0.0000000e+00   0.0000000e+00   2.4127380e+04   8.0100000e+02
   0.0000000e+00   0.0000000e+00   2.3750379e+04   8.0300000e+02
   0.0000000e+00   0.0000000e+00   2.3712400e+04   8.0400000e+02
   0.0000000e+00   0.0000000e+00   2.3674023e+04   8.1500000e+02
   0.0000000e+00   0.0000000e+00   2.3484803e+04   8.2000000e+02
   0.0000000e+00   0.0000000e+00   2.3308868e+04   8.2200000e+02
   0.0000000e+00   0.0000000e+00   2.3209121e+04   8.3300000e+02
   0.0000000e+00   0.0000000e+00   2.3183465e+04   8.3400000e+02
   0.0000000e+00   0.0000000e+00   2.3134082e+04   8.4000000e+02
   0.0000000e+00   0.0000000e+00   2.2951630e+04   8.6100000e+02
   0.0000000e+00   0.0000000e+00   2.2909849e+04   8.7100000e+02
   0.0000000e+00   0.0000000e+00   2.2898840e+04   9.1700000e+02
   0.0000000e+00   0.0000000e+00   2.2755401e+04   9.2100000e+02
   0.0000000e+00   0.0000000e+00   2.2628967e+04   9.2400000e+02
   0.0000000e+00   0.0000000e+00   2.2529050e+04   9.3000000e+02
   0.0000000e+00   0.0000000e+00   2.2423985e+04   9.3400000e+02
   0.0000000e+00   0.0000000e+00   2.2374849e+04   9.4200000e+02
   0.0000000e+00   0.0000000e+00   2.2255699e+04   9.4300000e+02
   0.0000000e+00   0.0000000e+00   2.2141641e+04   9.5500000e+02
   0.0000000e+00   0.0000000e+00   2.2119430e+04   9.5800000e+02
   0.0000000e+00   0.0000000e+00   2.1881511e+04   9.5900000e+02
   0.0000000e+00   0.0000000e+00   2.1846959e+04   9.7100000e+02
   0.0000000e+00   0.0000000e+00   2.1694663e+04   9.7400000e+02
   0.0000000e+00   0.0000000e+00   2.1665421e+04   9.7700000e+02
   0.0000000e+00   0.0000000e+00   2.1630465e+04   9.7800000e+02
   0.0000000e+00   0.0000000e+00   2.1549575e+04   9.8700000e+02
   0.0000000e+00   0.0000000e+00   2.1247751e+04   9.8800000e+02
   0.0000000e+00   0.0000000e+00   2.1156721e+04   9.8900000e+02
   0.0000000e+00   0.0000000e+00   2.1149139e+04   9.9200000e+02
   0.0000000e+00   0.0000000e+00   2.1144680e+04   1.0030000e+03
   0.0000000e+00   0.0000000e+00   2.1008339e+04   1.0130000e+03
   0.0000000e+00   0.0000000e+00   2.0871637e+04   1.0180000e+03
   0.0000000e+00   0.0000000e+00   2.0800410e+04   1.0210000e+03
   0.0000000e+00   0.0000000e+00   2.0665967e+04   1.0350000e+03
   0.0000000e+00   0.0000000e+00   2.0631193e+04   1.0380000e+03
   0.0000000e+00   0.0000000e+00   2.0565938e+04   1.0410000e+03
   0.0000000e+00   0.0000000e+00   2.0435992e+04   1.0450000e+03
   0.0000000e+00   0.0000000e+00   2.0411435e+04   1.0460000e+03
   0.0000000e+00   0.0000000e+00   2.0200597e+04   1.0520000e+03
   0.0000000e+00   0.0000000e+00   2.0128291e+04   1.0550000e+03
   0.0000000e+00   0.0000000e+00   2.0041898e+04   1.0630000e+03
   0.0000000e+00   0.0000000e+00   2.0012664e+04   1.0720000e+03
   0.0000000e+00   0.0000000e+00   1.9981229e+04   1.0750000e+03
   0.0000000e+00   0.0000000e+00   1.9804170e+04   1.0930000e+03
   0.0000000e+00   0.0000000e+00   1.9777958e+04   1.0970000e+03
   0.0000000e+00   0.0000000e+00   1.9699647e+04   1.1050000e+03
   0.0000000e+00   0.0000000e+00   1.9676484e+04   1.1150000e+03
   0.0000000e+00   0.0000000e+00   1.9401456e+04   1.1190000e+03
   0.0000000e+00   0.0000000e+00   1.9398717e+04   1.1200000e+03
   0.0000000e+00   0.0000000e+00   1.9243681e+04   1.1330000e+03
   0.0000000e+00   0.0000000e+00   1.9212116e+04   1.1340000e+03
   0.0000000e+00   0.0000000e+00   1.9037927e+04   1.1370000e+03
   0.0000000e+00   0.0000000e+00   1.8976180e+04   1.1490000e+03
   0.0000000e+00   0.0000000e+00   1.8824654e+04   1.1500000e+03
   0.0000000e+00   0.0000000e+00   1.8768764e+04   1.1530000e+03
   0.0000000e+00   0.0000000e+00   1.8563256e+04   1.1590000e+03
   0.0000000e+00   0.0000000e+00   1.8371188e+04   1.1660000e+03
   0.0000000e+00   0.0000000e+00   1.8221780e+04   1.1680000e+03
   0.0000000e+00   0.0000000e+00   1.8078783e+04   1.1700000e+03
   0.0000000e+00   0.0000000e+00   1.8056298e+04   1.1750000e+03
   0.0000000e+00   0.0000000e+00   1.7883237e+04   1.1780000e+03
   0.0000000e+00   0.0000000e+00   1.7608438e+04   1.1840000e+03
   0.0000000e+00   0.0000000e+00   1.7461834e+04   1.1970000e+03
   0.0000000e+00   0.0000000e+00   1.7347721e+04   1.2080000e+03
   0.0000000e+00   0.0000000e+00   1.7319366e+04   1.2100000e+03
   0.0000000e+00   0.0000000e+00   1.7217531e+04   1.2130000e+03
   0.0000000e+00   0.0000000e+00   1.7203842e+04   1.2240000e+03
   0.0000000e+00   0.0000000e+00   1.7175991e+04   1.2260000e+03
   0.0000000e+00   0.0000000e+00   1.7060060e+04   1.2280000e+03
   0.0000000e+00   0.0000000e+00   1.7006780e+04   1.2430000e+03
   0.0000000e+00   0.0000000e+00   1.6966946e+04   1.2460000e+03
   0.0000000e+00   0.0000000e+00   1.6958455e+04   1.2470000e+03
   0.0000000e+00   0.0000000e+00   1.6900506e+04   1.2490000e+03
   0.0000000e+00   0.0000000e+00   1.6825139e+04   1.2530000e+03
   0.0000000e+00   0.0000000e+00   1.6612071e+04   1.2630000e+03
   0.0000000e+00   0.0000000e+00   1.6502390e+04   1.2740000e+03
   0.0000000e+00   0.0000000e+00   1.6457543e+04   1.2750000e+03
   0.0000000e+00   0.0000000e+00   1.6346207e+04   1.2930000e+03
   0.0000000e+00   0.0000000e+00   1.6340648e+04   1.2940000e+03
   0.0000000e+00   0.0000000e+00   1.6190069e+04   1.2980000e+03
   0.0000000e+00   0.0000000e+00   1.6086189e+04   1.3010000e+03
   0.0000000e+00   0.0000000e+00   1.6081511e+04   1.3040000e+03
   0.0000000e+00   0.0000000e+00   1.5959899e+04   1.3050000e+03
   0.0000000e+00   0.0000000e+00   1.5887605e+04   1.3130000e+03
   0.0000000e+00   0.0000000e+00   1.5871296e+04   1.3170000e+03
   0.0000000e+00   0.0000000e+00   1.5711947e+04   1.3180000e+03
   0.0000000e+00   0.0000000e+00   1.5627571e+04   1.3220000e+03
   0.0000000e+00   0.0000000e+00   1.5615781e+04   1.3230000e+03
   0.0000000e+00   0.0000000e+00   1.5491693e+04   1.3240000e+03
   0.0000000e+00   0.0000000e+00   1.5480631e+04   1.3260000e+03
   0.0000000e+00   0.0000000e+00   1.5269662e+04   1.3270000e+03
   0.0000000e+00   0.0000000e+00   1.5178480e+04   1.3280000e+03
   0.0000000e+00   0.0000000e+00   1.5127171e+04   1.3290000e+03
   0.0000000e+00   0.0000000e+00   1.5075482e+04   1.3340000e+03
   0.0000000e+00   0.0000000e+00   1.5069208e+04   1.3390000e+03
   0.0000000e+00   0.0000000e+00   1.5025317e+04   1.3540000e+03
   0.0000000e+00   0.0000000e+00   1.5017916e+04   1.3560000e+03
   0.0000000e+00   0.0000000e+00   1.4976448e+04   1.3640000e+03
   0.0000000e+00   0.0000000e+00   1.4845840e+04   1.3660000e+03
   0.0000000e+00   0.0000000e+00   1.4785129e+04   1.3680000e+03
   0.0000000e+00   0.0000000e+00   1.4739858e+04   1.3720000e+03
   0.0000000e+00   0.0000000e+00   1.4703893e+04   1.3750000e+03
   0.0000000e+00   0.0000000e+00   1.4689910e+04   1.3790000e+03
   0.0000000e+00   0.0000000e+00   1.4685006e+04   1.3800000e+03
   0.0000000e+00   0.0000000e+00   1.4392870e+04   1.3820000e+03
   0.0000000e+00   0.0000000e+00   1.4291394e+04   1.4070000e+03
   0.0000000e+00   0.0000000e+00   1.4229021e+04   1.4100000e+03
   0.0000000e+00   0.0000000e+00   1.4191479e+04   1.4130000e+03
   0.0000000e+00   0.0000000e+00   1.4156331e+04   1.4150000e+03
   0.0000000e+00   0.0000000e+00   1.4105835e+04   1.4160000e+03
   0.0000000e+00   0.0000000e+00   1.4093946e+04   1.4190000e+03
   0.0000000e+00   0.0000000e+00   1.3917672e+04   1.4220000e+03
   0.0000000e+00   0.0000000e+00   1.3770706e+04   1.4280000e+03
   0.0000000e+00   0.0000000e+00   1.3687917e+04   1.4330000e+03
   0.0000000e+00   0.0000000e+00   1.3488415e+04   1.4370000e+03
   0.0000000e+00   0.0000000e+00   1.3374853e+04   1.4460000e+03
   0.0000000e+00   0.0000000e+00   1.3311119e+04   1.4560000e+03
   0.0000000e+00   0.0000000e+00   1.3135952e+04   1.4570000e+03
   0.0000000e+00   0.0000000e+00   1.3131356e+04   1.4610000e+03
   0.0000000e+00   0.0000000e+00   1.2898204e+04   1.4630000e+03
   0.0000000e+00   0.0000000e+00   1.2467829e+04   1.4840000e+03
   0.0000000e+00   0.0000000e+00   1.2375266e+04   1.4900000e+03
   0.0000000e+00   0.0000000e+00   1.2316430e+04   1.5030000e+03
   0.0000000e+00   0.0000000e+00   1.2281619e+04   1.5260000e+03
   0.0000000e+00   0.0000000e+00   1.2270883e+04   1.5320000e+03
   0.0000000e+00   0.0000000e+00   1.2255018e+04   1.5340000e+03
   0.0000000e+00   0.0000000e+00   1.2171764e+04   1.5380000e+03
   0.0000000e+00   0.0000000e+00   1.2150502e+04   1.5390000e+03
   0.0000000e+00   0.0000000e+00   1.2051657e+04   1.5400000e+03
   0.0000000e+00   0.0000000e+00   1.1984818e+04   1.5420000e+03
   0.0000000e+00   0.0000000e+00   1.1908478e+04   1.5450000e+03
   0.0000000e+00   0.0000000e+00   1.1895650e+04   1.5490000e+03
   0.0000000e+00   0.0000000e+00   1.1608256e+04   1.5650000e+03
   0.0000000e+00   0.0000000e+00   1.1555809e+04   1.5720000e+03
   0.0000000e+00   0.0000000e+00   1.1451998e+04   1.5740000e+03
   0.0000000e+00   0.0000000e+00   1.1422550e+04   1.5940000e+03
   0.0000000e+00   0.0000000e+00   1.1414992e+04   1.6110000e+03
   0.0000000e+00   0.0000000e+00   1.1406082e+04   1.6120000e+03
   0.0000000e+00   0.0000000e+00   1.1369224e+04   1.6160000e+03
   0.0000000e+00   0.0000000e+00   1.1352104e+04   1.6250000e+03
   0.0000000e+00   0.0000000e+00   1.1305136e+04   1.6380000e+03
   0.0000000e+00   0.0000000e+00   1.1295662e+04   1.6400000e+03
   0.0000000e+00   0.0000000e+00   1.1273141e+04   1.6440000e+03
   0.0000000e+00   0.0000000e+00   1.1185524e+04   1.6540000e+03
   0.0000000e+00   0.0000000e+00   1.1161331e+04   1.6700000e+03
   0.0000000e+00   0.0000000e+00   1.1127668e+04   1.6730000e+03
   0.0000000e+00   0.0000000e+00   1.0867251e+04   1.6740000e+03
   0.0000000e+00   0.0000000e+00   1.0824894e+04   1.6820000e+03
   0.0000000e+00   0.0000000e+00   1.0739925e+04   1.6830000e+03
   0.0000000e+00   0.0000000e+00   1.0656756e+04   1.6930000e+03
   0.0000000e+00   0.0000000e+00   1.0654595e+04   1.7000000e+03
   0.0000000e+00   0.0000000e+00   1.0651953e+04   1.7040000e+03
   0.0000000e+00   0.0000000e+00   1.0430244e+04   1.7060000e+03
   0.0000000e+00   0.0000000e+00   1.0401405e+04   1.7090000e+03
   0.0000000e+00   0.0000000e+00   1.0384278e+04   1.7350000e+03
   0.0000000e+00   0.0000000e+00   1.0371769e+04   1.7570000e+03
   0.0000000e+00   0.0000000e+00   1.0351993e+04   1.7590000e+03
   0.0000000e+00   0.0000000e+00   1.0350305e+04   1.7650000e+03
   0.0000000e+00   0.0000000e+00   1.0349605e+04   1.7690000e+03
   0.0000000e+00   0.0000000e+00   1.0307085e+04   1.7700000e+03
   0.0000000e+00   0.0000000e+00   1.0282245e+04   1.7760000e+03
   0.0000000e+00   0.0000000e+00   1.0248712e+04   1.7770000e+03
   0.0000000e+00   0.0000000e+00   1.0244044e+04   1.7880000e+03
   0.0000000e+00   0.0000000e+00   1.0178101e+04   1.7960000e+03
   0.0000000e+00   0.0000000e+00   1.0177821e+04   1.8120000e+03
   0.0000000e+00   0.0000000e+00   1.0095418e+04   1.8210000e+03
   0.0000000e+00   0.0000000e+00   1.0006087e+04   1.8390000e+03
   0.0000000e+00   0.0000000e+00   9.8259284e+03   1.8410000e+03
   0.0000000e+00   0.0000000e+00   9.8193454e+03   1.8520000e+03
   0.0000000e+00   0.0000000e+00   9.6069285e+03   1.8540000e+03
   0.0000000e+00   0.0000000e+00   9.5892382e+03   1.8550000e+03
   0.0000000e+00   0.0000000e+00   9.5462017e+03   1.8580000e+03
   0.0000000e+00   0.0000000e+00   9.4887331e+03   1.8620000e+03
   0.0000000e+00   0.0000000e+00   9.4806097e+03   1.8870000e+03
   0.0000000e+00   0.0000000e+00   9.4316231e+03   1.8880000e+03
   0.0000000e+00   0.0000000e+00   9.4294792e+03   1.8900000e+03
   0.0000000e+00   0.0000000e+00   9.4059147e+03   1.9090000e+03
   0.0000000e+00   0.0000000e+00   9.3985820e+03   1.9450000e+03
   0.0000000e+00   0.0000000e+00   9.3098205e+03   1.9720000e+03
   0.0000000e+00   0.0000000e+00   9.2642163e+03   1.9750000e+03
   0.0000000e+00   0.0000000e+00   9.2414565e+03   1.9760000e+03
   0.0000000e+00   0.0000000e+00   9.2115995e+03   1.9790000e+03
   0.0000000e+00   0.0000000e+00   9.1999838e+03   1.9830000e+03
   0.0000000e+00   0.0000000e+00   9.1570102e+03   1.9880000e+03
   0.0000000e+00   0.0000000e+00   9.1353277e+03   2.0000000e+03
   0.0000000e+00   0.0000000e+00   9.1230033e+03   2.0070000e+03
   0.0000000e+00   0.0000000e+00   9.0756398e+03   2.0080000e+03
   0.0000000e+00   0.0000000e+00   9.0695853e+03   2.0090000e+03
   0.0000000e+00   0.0000000e+00   9.0218649e+03   2.0130000e+03
   0.0000000e+00   0.0000000e+00   8.9880370e+03   2.0140000e+03
   0.0000000e+00   0.0000000e+00   8.9642207e+03   2.0230000e+03
   0.0000000e+00   0.0000000e+00   8.9573480e+03   2.0240000e+03
   0.0000000e+00   0.0000000e+00   8.9463343e+03   2.0280000e+03
   0.0000000e+00   0.0000000e+00   8.8099095e+03   2.0370000e+03
   0.0000000e+00   0.0000000e+00   8.7637226e+03   2.0570000e+03
   0.0000000e+00   0.0000000e+00   8.6845677e+03   2.0690000e+03
   0.0000000e+00   0.0000000e+00   8.6774628e+03   2.0840000e+03
   0.0000000e+00   0.0000000e+00   8.5680447e+03   2.0910000e+03
   0.0000000e+00   0.0000000e+00   8.5373072e+03   2.1120000e+03
   0.0000000e+00   0.0000000e+00   8.4676616e+03   2.1360000e+03
   0.0000000e+00   0.0000000e+00   8.4343754e+03   2.1380000e+03
   0.0000000e+00   0.0000000e+00   8.3913718e+03   2.1440000e+03
   0.0000000e+00   0.0000000e+00   8.3701328e+03   2.1510000e+03
   0.0000000e+00   0.0000000e+00   8.3648968e+03   2.1620000e+03
   0.0000000e+00   0.0000000e+00   8.3040686e+03   2.1730000e+03
   0.0000000e+00   0.0000000e+00   8.2916611e+03   2.1780000e+03
   0.0000000e+00   0.0000000e+00   8.2838416e+03   2.2510000e+03
   0.0000000e+00   0.0000000e+00   8.2576769e+03   2.2850000e+03
   0.0000000e+00   0.0000000e+00   8.2261458e+03   2.2940000e+03
   0.0000000e+00   0.0000000e+00   8.2122521e+03   2.3030000e+03
   0.0000000e+00   0.0000000e+00   8.1848624e+03   2.3480000e+03
   0.0000000e+00   0.0000000e+00   8.1280485e+03   2.3810000e+03
   0.0000000e+00   0.0000000e+00   8.1061082e+03   2.3820000e+03
   0.0000000e+00   0.0000000e+00   8.0118450e+03   2.3840000e+03
   0.0000000e+00   0.0000000e+00   7.9804056e+03   2.3850000e+03
   0.0000000e+00   0.0000000e+00   7.9302572e+03   2.3950000e+03
   0.0000000e+00   0.0000000e+00   7.9223627e+03   2.4070000e+03
   0.0000000e+00   0.0000000e+00   7.8950451e+03   2.4080000e+03
   0.0000000e+00   0.0000000e+00   7.8813680e+03   2.4150000e+03
   0.0000000e+00   0.0000000e+00   7.8681954e+03   2.4780000e+03
   0.0000000e+00   0.0000000e+00   7.8667987e+03   2.4970000e+03
   0.0000000e+00   0.0000000e+00   7.8548100e+03   2.5420000e+03
   0.0000000e+00   0.0000000e+00   7.8508574e+03   2.5660000e+03
   0.0000000e+00   0.0000000e+00   7.8298242e+03   2.5870000e+03
   0.0000000e+00   0.0000000e+00   7.7888225e+03   2.5910000e+03
   0.0000000e+00   0.0000000e+00   7.7630963e+03   2.5940000e+03
   0.0000000e+00   0.0000000e+00   7.7517569e+03   2.5980000e+03
   0.0000000e+00   0.0000000e+00   7.7301277e+03   2.6780000e+03
   0.0000000e+00   0.0000000e+00   7.6994311e+03   2.6870000e+03
   0.0000000e+00   0.0000000e+00   7.6951784e+03   2.7060000e+03
   0.0000000e+00   0.0000000e+00   7.6627703e+03   2.7120000e+03
   0.0000000e+00   0.0000000e+00   7.6237204e+03   2.7190000e+03
   0.0000000e+00   0.0000000e+00   7.5181440e+03   2.8180000e+03
   0.0000000e+00   0.0000000e+00   7.5117304e+03   2.9070000e+03
   0.0000000e+00   0.0000000e+00   7.5027637e+03   2.9080000e+03
   0.0000000e+00   0.0000000e+00   7.4675197e+03   2.9110000e+03
   0.0000000e+00   0.0000000e+00   7.4582726e+03   2.9230000e+03
   0.0000000e+00   0.0000000e+00   7.4341445e+03   2.9360000e+03
   0.0000000e+00   0.0000000e+00   7.3678040e+03   2.9420000e+03
   0.0000000e+00   0.0000000e+00   7.3409412e+03   2.9580000e+03
   0.0000000e+00   0.0000000e+00   7.3384373e+03   2.9650000e+03
   0.0000000e+00   0.0000000e+00   7.3372964e+03   3.0570000e+03
   0.0000000e+00   0.0000000e+00   7.2847889e+03   3.0640000e+03
   0.0000000e+00   0.0000000e+00   7.2819317e+03   3.1020000e+03
   0.0000000e+00   0.0000000e+00   7.2712882e+03   3.1400000e+03
   0.0000000e+00   0.0000000e+00   7.2625728e+03   3.2570000e+03
   0.0000000e+00   0.0000000e+00   7.2394314e+03   3.2920000e+03
   0.0000000e+00   0.0000000e+00   7.2338965e+03   3.4020000e+03
   0.0000000e+00   0.0000000e+00   7.2297246e+03   3.4330000e+03
   0.0000000e+00   0.0000000e+00   7.1989315e+03   3.4880000e+03
   0.0000000e+00   0.0000000e+00   7.1912119e+03   3.5160000e+03
   0.0000000e+00   0.0000000e+00   7.1772866e+03   3.5360000e+03
   0.0000000e+00   0.0000000e+00   7.1607501e+03   3.6100000e+03
   0.0000000e+00   0.0000000e+00   7.1592531e+03   3.7010000e+03
   0.0000000e+00   0.0000000e+00   7.1439265e+03   3.7250000e+03
   0.0000000e+00   0.0000000e+00   7.1261575e+03   3.7300000e+03
   0.0000000e+00   0.0000000e+00   7.1064442e+03   3.7690000e+03
   0.0000000e+00   0.0000000e+00   7.0962359e+03   3.8090000e+03
   0.0000000e+00   0.0000000e+00   7.0819962e+03   3.9070000e+03
   0.0000000e+00   0.0000000e+00   7.0787368e+03   4.0920000e+03
   0.0000000e+00   0.0000000e+00   7.0739724e+03   4.1280000e+03
   0.0000000e+00   0.0000000e+00   7.0719905e+03   4.1350000e+03
   0.0000000e+00   0.0000000e+00   7.0656749e+03   4.1810000e+03
   0.0000000e+00   0.0000000e+00   7.0628176e+03   4.1820000e+03
   0.0000000e+00   0.0000000e+00   7.0456945e+03   4.2050000e+03
   0.0000000e+00   0.0000000e+00   7.0265342e+03   4.3030000e+03
   0.0000000e+00   0.0000000e+00   7.0232644e+03   4.4450000e+03
   0.0000000e+00   0.0000000e+00   6.9162440e+03   4.4660000e+03
   0.0000000e+00   0.0000000e+00   6.8666112e+03   4.4710000e+03
   0.0000000e+00   0.0000000e+00   6.8553746e+03   4.5860000e+03
   0.0000000e+00   0.0000000e+00   6.8527095e+03   4.6030000e+03
   0.0000000e+00   0.0000000e+00   6.8512622e+03   4.6720000e+03
   0.0000000e+00   0.0000000e+00   6.8376375e+03   4.8800000e+03
   0.0000000e+00   0.0000000e+00   6.8361074e+03   4.8840000e+03
   0.0000000e+00   0.0000000e+00   6.8157415e+03   4.9040000e+03
   0.0000000e+00   0.0000000e+00   6.8066258e+03   4.9400000e+03
   0.0000000e+00   0.0000000e+00   6.7921133e+03   5.1130000e+03
   0.0000000e+00   0.0000000e+00   6.7790848e+03   5.1270000e+03
   0.0000000e+00   0.0000000e+00   6.7774061e+03   5.1510000e+03
   0.0000000e+00   0.0000000e+00   6.7536184e+03   5.1800000e+03
   0.0000000e+00   0.0000000e+00   6.7494061e+03   5.3740000e+03
   0.0000000e+00   0.0000000e+00   6.7481595e+03   5.3840000e+03
   0.0000000e+00   0.0000000e+00   6.7476409e+03   5.3850000e+03
   0.0000000e+00   0.0000000e+00   6.7157026e+03   5.4650000e+03
   0.0000000e+00   0.0000000e+00   6.7155320e+03   5.4960000e+03
   0.0000000e+00   0.0000000e+00   6.7090242e+03   5.5940000e+03
   0.0000000e+00   0.0000000e+00   6.6948088e+03   5.6680000e+03
   0.0000000e+00   0.0000000e+00   6.6670584e+03   5.7220000e+03
   0.0000000e+00   0.0000000e+00   6.6619827e+03   5.8750000e+03
   0.0000000e+00   0.0000000e+00   6.6528810e+03   5.9420000e+03
   0.0000000e+00   0.0000000e+00   6.6500803e+03   5.9890000e+03
   0.0000000e+00   0.0000000e+00   6.6374369e+03   6.0090000e+03
   0.0000000e+00   0.0000000e+00   6.6130838e+03   6.0150000e+03
   0.0000000e+00   0.0000000e+00   6.6117318e+03   6.0220000e+03
   0.0000000e+00   0.0000000e+00   6.5885977e+03   6.0700000e+03
   0.0000000e+00   0.0000000e+00   6.5697547e+03   6.1220000e+03
   0.0000000e+00   0.0000000e+00   6.5629523e+03   6.1580000e+03
   0.0000000e+00   0.0000000e+00   6.4241313e+03   6.2710000e+03
   0.0000000e+00   0.0000000e+00   6.4172690e+03   6.2740000e+03
   0.0000000e+00   0.0000000e+00   6.4122324e+03   6.3960000e+03
   0.0000000e+00   0.0000000e+00   6.4096885e+03   6.4140000e+03
   0.0000000e+00   0.0000000e+00   6.4084101e+03   6.4340000e+03
   0.0000000e+00   0.0000000e+00   6.4056092e+03   6.5840000e+03
   0.0000000e+00   0.0000000e+00   6.4022932e+03   6.7220000e+03
   0.0000000e+00   0.0000000e+00   6.3903721e+03   6.8280000e+03
   0.0000000e+00   0.0000000e+00   6.3338593e+03   6.9010000e+03
   0.0000000e+00   0.0000000e+00   6.3280816e+03   6.9390000e+03
   0.0000000e+00   0.0000000e+00   6.3005985e+03   6.9440000e+03
   0.0000000e+00   0.0000000e+00   6.2886750e+03   7.1290000e+03
   0.0000000e+00   0.0000000e+00   6.2830257e+03   7.1330000e+03
   0.0000000e+00   0.0000000e+00   6.2793441e+03   7.2690000e+03
   0.0000000e+00   0.0000000e+00   6.2613043e+03   7.3450000e+03
   0.0000000e+00   0.0000000e+00   6.2604814e+03   7.3570000e+03
   0.0000000e+00   0.0000000e+00   6.2431383e+03   7.4630000e+03
   0.0000000e+00   0.0000000e+00   6.2299456e+03   7.5290000e+03
   0.0000000e+00   0.0000000e+00   6.2253325e+03   7.7410000e+03
   0.0000000e+00   0.0000000e+00   6.2196775e+03   7.7760000e+03
   0.0000000e+00   0.0000000e+00   6.2136260e+03   7.7890000e+03
   0.0000000e+00   0.0000000e+00   6.2002570e+03   7.9200000e+03
   0.0000000e+00   0.0000000e+00   6.1996445e+03   7.9250000e+03
   0.0000000e+00   0.0000000e+00   6.1772846e+03   7.9670000e+03
   0.0000000e+00   0.0000000e+00   6.1720636e+03   8.0070000e+03
   0.0000000e+00   0.0000000e+00   6.1595922e+03   8.0750000e+03
   0.0000000e+00   0.0000000e+00   6.1553737e+03   8.0770000e+03
   0.0000000e+00   0.0000000e+00   6.1500669e+03   8.0920000e+03
   0.0000000e+00   0.0000000e+00   6.1420866e+03   8.4210000e+03
   0.0000000e+00   0.0000000e+00   6.1381946e+03   8.6200000e+03
   0.0000000e+00   0.0000000e+00   6.1375965e+03   8.7360000e+03
   0.0000000e+00   0.0000000e+00   6.1207288e+03   8.7870000e+03
   0.0000000e+00   0.0000000e+00   6.1178953e+03   8.8650000e+03
   0.0000000e+00   0.0000000e+00   6.1105789e+03   9.0000000e+03
   0.0000000e+00   0.0000000e+00   6.1063538e+03   9.0530000e+03
   0.0000000e+00   0.0000000e+00   6.1006018e+03   9.3930000e+03
   0.0000000e+00   0.0000000e+00   6.0905279e+03   9.5820000e+03
   0.0000000e+00   0.0000000e+00   6.0856975e+03   9.7280000e+03
   0.0000000e+00   0.0000000e+00   6.0776851e+03   9.7430000e+03
   0.0000000e+00   0.0000000e+00   6.0772899e+03   1.0034000e+04
   0.0000000e+00   0.0000000e+00   6.0713176e+03   1.0128000e+04
   0.0000000e+00   0.0000000e+00   6.0673048e+03   1.0206000e+04
   0.0000000e+00   0.0000000e+00   6.0544048e+03   1.0289000e+04
   0.0000000e+00   0.0000000e+00   6.0216302e+03   1.0605000e+04
   0.0000000e+00   0.0000000e+00   6.0158496e+03   1.0640000e+04
   0.0000000e+00   0.0000000e+00   6.0102617e+03   1.1016000e+04
   0.0000000e+00   0.0000000e+00   6.0055626e+03   1.1369000e+04
   0.0000000e+00   0.0000000e+00   6.0001668e+03   1.1413000e+04
   0.0000000e+00   0.0000000e+00   5.9947628e+03   1.1566000e+04
   0.0000000e+00   0.0000000e+00   5.9908091e+03   1.1639000e+04
   0.0000000e+00   0.0000000e+00   5.9821707e+03   1.2024000e+04
   0.0000000e+00   0.0000000e+00   5.9821707e+03   1.2974000e+04
   0.0000000e+00   0.0000000e+00   5.9772275e+03   1.2984000e+04
   0.0000000e+00   0.0000000e+00   5.9759033e+03   1.3735000e+04
   0.0000000e+00   0.0000000e+00   5.9652016e+03   1.3793000e+04
   0.0000000e+00   0.0000000e+00   5.9651446e+03   1.3794000e+04
   0.0000000e+00   0.0000000e+00   5.9193696e+03   1.4031000e+04
   0.0000000e+00   0.0000000e+00   5.9174119e+03   1.4032000e+04
   0.0000000e+00   0.0000000e+00   5.9115331e+03   1.4036000e+04
   0.0000000e+00   0.0000000e+00   5.9089870e+03   1.4108000e+04
   0.0000000e+00   0.0000000e+00   5.9017684e+03   1.4756000e+04
   0.0000000e+00   0.0000000e+00   5.8988897e+03   1.4971000e+04
   0.0000000e+00   0.0000000e+00   5.8952915e+03   1.5738000e+04
   0.0000000e+00   0.0000000e+00   5.8919416e+03   1.5748000e+04
   0.0000000e+00   0.0000000e+00   5.8899281e+03   1.5930000e+04
   0.0000000e+00   0.0000000e+00   5.8840493e+03   1.5957000e+04
   0.0000000e+00   0.0000000e+00   5.8817454e+03   1.6040000e+04
   0.0000000e+00   0.0000000e+00   5.8649762e+03   1.6306000e+04
   0.0000000e+00   0.0000000e+00   5.8621822e+03   1.6351000e+04
   0.0000000e+00   0.0000000e+00   5.8544675e+03   1.6687000e+04
   0.0000000e+00   0.0000000e+00   5.8455494e+03   1.6772000e+04
   0.0000000e+00   0.0000000e+00   5.8369829e+03   1.6774000e+04
   0.0000000e+00   0.0000000e+00   5.8210861e+03   1.6776000e+04
   0.0000000e+00   0.0000000e+00   5.8168997e+03   1.7163000e+04
   0.0000000e+00   0.0000000e+00   5.7986289e+03   1.7265000e+04
   0.0000000e+00   0.0000000e+00   5.7908651e+03   1.7336000e+04
   0.0000000e+00   0.0000000e+00   5.7853363e+03   1.7473000e+04
   0.0000000e+00   0.0000000e+00   5.7712024e+03   1.8181000e+04
   0.0000000e+00   0.0000000e+00   5.7682960e+03   1.8289000e+04
   0.0000000e+00   0.0000000e+00   5.7446604e+03   1.8376000e+04
   0.0000000e+00   0.0000000e+00   5.7445664e+03   1.8787000e+04
   0.0000000e+00   0.0000000e+00   5.7425529e+03   1.9132000e+04
   0.0000000e+00   0.0000000e+00   5.7423697e+03   1.9328000e+04
   0.0000000e+00   0.0000000e+00   5.7393632e+03   1.9492000e+04
   0.0000000e+00   0.0000000e+00   5.7393632e+03   1.9493000e+04
   0.0000000e+00   0.0000000e+00   5.7236780e+03   1.9627000e+04
   0.0000000e+00   0.0000000e+00   5.7172269e+03   2.0253000e+04
   0.0000000e+00   0.0000000e+00   5.7164070e+03   2.0298000e+04
   0.0000000e+00   0.0000000e+00   5.7119519e+03   2.1229000e+04
   0.0000000e+00   0.0000000e+00   5.6979389e+03   2.1399000e+04
   0.0000000e+00   0.0000000e+00   5.6873549e+03   2.1892000e+04
   0.0000000e+00   0.0000000e+00   5.6840746e+03   2.2000000e+04
   0.0000000e+00   0.0000000e+00   5.6826631e+03   2.2276000e+04
   0.0000000e+00   0.0000000e+00   5.6766772e+03   2.2526000e+04
   0.0000000e+00   0.0000000e+00   5.6742529e+03   2.2672000e+04
   0.0000000e+00   0.0000000e+00   5.6534803e+03   2.2700000e+04
   0.0000000e+00   0.0000000e+00   5.6491942e+03   2.3027000e+04
   0.0000000e+00   0.0000000e+00   5.6485634e+03   2.3143000e+04
   0.0000000e+00   0.0000000e+00   5.6423095e+03   2.3468000e+04
   0.0000000e+00   0.0000000e+00   5.6419231e+03   2.4260000e+04
   0.0000000e+00   0.0000000e+00   5.6419231e+03   2.4508000e+04
   0.0000000e+00   0.0000000e+00   5.6382962e+03   2.4654000e+04
   0.0000000e+00   0.0000000e+00   5.6305596e+03   2.5732000e+04
   0.0000000e+00   0.0000000e+00   5.6159320e+03   2.6110000e+04
   0.0000000e+00   0.0000000e+00   5.6055955e+03   2.6219000e+04
   0.0000000e+00   0.0000000e+00   5.6042564e+03   2.6356000e+04
   0.0000000e+00   0.0000000e+00   5.6027813e+03   2.6472000e+04
   0.0000000e+00   0.0000000e+00   5.6020008e+03   2.6634000e+04
   0.0000000e+00   0.0000000e+00   5.5946473e+03   2.6722000e+04
   0.0000000e+00   0.0000000e+00   5.5878870e+03   2.7895000e+04
   0.0000000e+00   0.0000000e+00   5.5780798e+03   2.8482000e+04
   0.0000000e+00   0.0000000e+00   5.5753590e+03   2.9755000e+04
   0.0000000e+00   0.0000000e+00   5.5578895e+03   3.0297000e+04
   0.0000000e+00   0.0000000e+00   5.5578895e+03   3.1802000e+04
   0.0000000e+00   0.0000000e+00   5.5517925e+03   3.1831000e+04
   0.0000000e+00   0.0000000e+00   5.5455954e+03   3.2905000e+04
   0.0000000e+00   0.0000000e+00   5.5455954e+03   3.4178000e+04
   0.0000000e+00   0.0000000e+00   5.5455954e+03   3.4872000e+04
   0.0000000e+00   0.0000000e+00   5.5435652e+03   3.4888000e+04
   0.0000000e+00   0.0000000e+00   5.5220675e+03   3.5502000e+04
   0.0000000e+00   0.0000000e+00   5.5220675e+03   3.5618000e+04
   0.0000000e+00   0.0000000e+00   5.5189640e+03   3.7039000e+04
   0.0000000e+00   0.0000000e+00   5.5157387e+03   3.7287000e+04
   0.0000000e+00   0.0000000e+00   5.5115735e+03   3.9057000e+04
   0.0000000e+00   0.0000000e+00   5.5100778e+03   3.9914000e+04
   0.0000000e+00   0.0000000e+00   5.5079873e+03   4.0130000e+04
   0.0000000e+00   0.0000000e+00   5.5050781e+03   4.1381000e+04
   0.0000000e+00   0.0000000e+00   5.5014015e+03   4.1432000e+04
   0.0000000e+00   0.0000000e+00   5.4977151e+03   4.2317000e+04
   0.0000000e+00   0.0000000e+00   5.4977151e+03   4.2562000e+04
   0.0000000e+00   0.0000000e+00   5.4977151e+03   4.2657000e+04
   0.0000000e+00   0.0000000e+00   5.4962274e+03   4.3684000e+04
   0.0000000e+00   0.0000000e+00   5.4939923e+03   4.4411000e+04
   0.0000000e+00   0.0000000e+00   5.4853232e+03   4.5815000e+04
   0.0000000e+00   0.0000000e+00   5.4853232e+03   4.7071000e+04
   0.0000000e+00   0.0000000e+00   5.4848300e+03   4.7230000e+04
   0.0000000e+00   0.0000000e+00   5.4842815e+03   5.0103000e+04
   0.0000000e+00   0.0000000e+00   5.4842815e+03   5.3260000e+04
   0.0000000e+00   0.0000000e+00   5.4842815e+03   5.5040000e+04
   0.0000000e+00   0.0000000e+00   5.4842815e+03   5.6864000e+04
   0.0000000e+00   0.0000000e+00   5.4842815e+03   5.8058000e+04
   0.0000000e+00   0.0000000e+00   5.4803195e+03   5.9602000e+04
   0.0000000e+00   0.0000000e+00   5.4795283e+03   5.9880000e+04
   0.0000000e+00   0.0000000e+00   5.4795283e+03   6.1648000e+04
   0.0000000e+00   0.0000000e+00   5.4795283e+03   6.5103000e+04
   0.0000000e+00   0.0000000e+00   5.4795283e+03   6.8025000e+04
   0.0000000e+00   0.0000000e+00   5.4734406e+03   6.8398000e+04
   0.0000000e+00   0.0000000e+00   5.4734406e+03   6.9799000e+04
   0.0000000e+00   0.0000000e+00   5.4734406e+03   7.3276000e+04
   0.0000000e+00   0.0000000e+00   5.4734406e+03   7.3497000e+04
   0.0000000e+00   0.0000000e+00   5.4734406e+03   7.7541000e+04
   0.0000000e+00   0.0000000e+00   5.4734406e+03   8.1230000e+04
   0.0000000e+00   0.0000000e+00   5.4734406e+03   8.1445000e+04
   0.0000000e+00   0.0000000e+00   5.4734406e+03   8.5409000e+04
   0.0000000e+00   0.0000000e+00   5.4734406e+03   8.7915000e+04
   0.0000000e+00   0.0000000e+00   5.4734406e+03   9.0032000e+04
   0.0000000e+00   0.0000000e+00   5.4734406e+03   9.1544000e+04
   0.0000000e+00   0.0000000e+00   5.4734406e+03   9.6886000e+04
   0.0000000e+00   0.0000000e+00   5.4734406e+03   9.7642000e+04
   0.0000000e+00   0.0000000e+00   5.4734406e+03   9.9169000e+04
   0.0000000e+00   0.0000000e+00   5.4734406e+03   9.9560000e+04
   0.0000000e+00   0.0000000e+00   5.4712054e+03   1.0317700e+05
   0.0000000e+00   0.0000000e+00   5.4675569e+03   1.0318500e+05
   0.0000000e+00   0.0000000e+00   5.4675569e+03   1.0337400e+05
   0.0000000e+00   0.0000000e+00   5.4662114e+03   1.0342400e+05
   0.0000000e+00   0.0000000e+00   5.4662114e+03   1.0380600e+05
   0.0000000e+00   0.0000000e+00   5.4662114e+03   1.0400200e+05
   0.0000000e+00   0.0000000e+00   5.4662114e+03   1.0748000e+05
   0.0000000e+00   0.0000000e+00   5.4662114e+03   1.0853200e+05
   0.0000000e+00   0.0000000e+00   5.4654309e+03   1.0896100e+05
   0.0000000e+00   0.0000000e+00   5.4654309e+03   1.0941100e+05
   0.0000000e+00   0.0000000e+00   5.4654309e+03   1.1205800e+05
   0.0000000e+00   0.0000000e+00   5.4654309e+03   1.1265400e+05
   0.0000000e+00   0.0000000e+00   5.4654309e+03   1.1693100e+05
   0.0000000e+00   0.0000000e+00   5.4567420e+03   1.1772800e+05
   0.0000000e+00   0.0000000e+00   5.4567420e+03   1.1773500e+05
   0.0000000e+00   0.0000000e+00   5.4567420e+03   1.1837500e+05
   0.0000000e+00   0.0000000e+00   5.4520394e+03   1.1849000e+05
   0.0000000e+00   0.0000000e+00   5.4520394e+03   1.1971200e+05
   0.0000000e+00   0.0000000e+00   5.4520394e+03   1.1996000e+05
   0.0000000e+00   0.0000000e+00   5.4520394e+03   1.2566800e+05
   0.0000000e+00   0.0000000e+00   5.4520394e+03   1.2860200e+05
   0.0000000e+00   0.0000000e+00   5.4520394e+03   1.3060400e+05
   0.0000000e+00   0.0000000e+00   5.4520394e+03   1.3147600e+05
   0.0000000e+00   0.0000000e+00   5.4520394e+03   1.3214000e+05
   0.0000000e+00   0.0000000e+00   5.4510251e+03   1.3250900e+05
   0.0000000e+00   0.0000000e+00   5.4510251e+03   1.3552800e+05
   0.0000000e+00   0.0000000e+00   5.4454110e+03   1.3704500e+05
   0.0000000e+00   0.0000000e+00   5.4451118e+03   1.3770700e+05
   0.0000000e+00   0.0000000e+00   5.4341007e+03   1.3816200e+05
   0.0000000e+00   0.0000000e+00   5.4337422e+03   1.3933800e+05
   0.0000000e+00   0.0000000e+00   5.4337422e+03   1.4570000e+05
   0.0000000e+00   0.0000000e+00   5.4317521e+03   1.4678400e+05
   0.0000000e+00   0.0000000e+00   5.4264775e+03   1.4745500e+05
   0.0000000e+00   0.0000000e+00   5.4232525e+03   1.4846200e+05
   0.0000000e+00   0.0000000e+00   5.4232525e+03   1.4977700e+05
   0.0000000e+00   0.0000000e+00   5.4232525e+03   1.5529600e+05
   0.0000000e+00   0.0000000e+00   5.4232525e+03   1.6051200e+05
   0.0000000e+00   0.0000000e+00   5.4232525e+03   1.6086300e+05
   0.0000000e+00   0.0000000e+00   5.4222658e+03   1.6183000e+05
   0.0000000e+00   0.0000000e+00   5.4222658e+03   1.6234900e+05
   0.0000000e+00   0.0000000e+00   5.4201754e+03   1.6609100e+05
   0.0000000e+00   0.0000000e+00   5.4171694e+03   1.6869100e+05
   0.0000000e+00   0.0000000e+00   5.4134928e+03   1.6985100e+05
   0.0000000e+00   0.0000000e+00   5.4106430e+03   1.7015800e+05
   0.0000000e+00   0.0000000e+00   5.4106430e+03   1.7104100e+05
   0.0000000e+00   0.0000000e+00   5.4106430e+03   1.7788100e+05
   0.0000000e+00   0.0000000e+00   5.4106430e+03   1.8005000e+05
   0.0000000e+00   0.0000000e+00   5.4057110e+03   1.8163700e+05
   0.0000000e+00   0.0000000e+00   5.4057110e+03   1.8167300e+05
   0.0000000e+00   0.0000000e+00   5.4057110e+03   1.8279900e+05
   0.0000000e+00   0.0000000e+00   5.4057110e+03   1.8648600e+05
   0.0000000e+00   0.0000000e+00   5.3964559e+03   1.9066900e+05
   0.0000000e+00   0.0000000e+00   5.3952987e+03   1.9159800e+05
   0.0000000e+00   0.0000000e+00   5.3952987e+03   1.9199400e+05
   0.0000000e+00   0.0000000e+00   5.3903625e+03   1.9499900e+05
   0.0000000e+00   0.0000000e+00   5.3883097e+03   1.9649000e+05
   0.0000000e+00   0.0000000e+00   5.3883097e+03   1.9699800e+05
   0.0000000e+00   0.0000000e+00   5.3861839e+03   1.9781100e+05
