   2.9878276e+02   1.1023636e+01   1.7667947e+04   2.0000000e+00
   2.9857900e+02   1.1449079e+01   1.7543619e+04   3.0000000e+00
   2.9635437e+02   1.0418893e+01   1.7590898e+04   6.0000000e+00
   2.9548380e+02   1.0683463e+01   1.7363481e+04   7.0000000e+00
   2.3489056e+02   7.0147438e+00   1.7327839e+04   8.0000000e+00
   2.1646085e+02   5.2274900e+00   1.7244263e+04   9.0000000e+00
   2.1275474e+02   5.1731092e+00   1.7238595e+04   1.0000000e+01
   2.1226853e+02   5.1641482e+00   1.7383926e+04   1.2000000e+01
   2.0215143e+02   5.2838253e+00   1.7205060e+04   1.5000000e+01
   1.9587116e+02   5.0222769e+00   1.7352292e+04   1.8000000e+01
   1.9561697e+02   4.8604623e+00   1.7223999e+04   2.0000000e+01
   1.9496762e+02   4.9505458e+00   1.6990530e+04   2.1000000e+01
   1.9326130e+02   4.6113240e+00   1.7086424e+04   2.3000000e+01
   1.9313366e+02   4.5268000e+00   1.7108760e+04   2.4000000e+01
   1.9256292e+02   4.5936141e+00   1.7021276e+04   2.9000000e+01
   1.9099948e+02   4.4336132e+00   1.7070600e+04   3.0000000e+01
   1.9088068e+02   4.4383739e+00   1.6809895e+04   3.2000000e+01
   1.9032779e+02   3.7960934e+00   1.6816723e+04   3.3000000e+01
   1.8568979e+02   3.5122454e+00   1.6876234e+04   3.5000000e+01
   1.7961917e+02   3.4510536e+00   1.6899103e+04   3.7000000e+01
   1.7960300e+02   3.3926989e+00   1.6917563e+04   4.0000000e+01
   1.7817025e+02   3.4489095e+00   1.6855558e+04   4.2000000e+01
   1.7626456e+02   3.3630668e+00   1.7031892e+04   4.3000000e+01
   1.7592854e+02   3.1137278e+00   1.7418255e+04   4.5000000e+01
   1.7409942e+02   3.2465898e+00   1.7246943e+04   4.9000000e+01
   1.6583507e+02   3.8383348e+00   1.7042600e+04   5.2000000e+01
   1.6517121e+02   3.9007844e+00   1.7031403e+04   5.4000000e+01
   1.6004993e+02   3.2409985e+00   1.7096678e+04   5.5000000e+01
   1.5781487e+02   3.4236398e+00   1.6798370e+04   5.6000000e+01
   1.5602778e+02   3.2607849e+00   1.6950247e+04   5.7000000e+01
   1.5527038e+02   3.2902692e+00   1.6938934e+04   6.6000000e+01
   1.5132846e+02   2.7709745e+00   1.6961118e+04   6.7000000e+01
   1.5124740e+02   2.6377603e+00   1.7330376e+04   6.8000000e+01
   1.3975141e+02   1.8188522e+00   1.7313106e+04   6.9000000e+01
   1.3740272e+02   1.6863701e+00   1.7579312e+04   7.1000000e+01
   1.3730274e+02   1.6793051e+00   1.8179741e+04   7.2000000e+01
   1.3562776e+02   1.6153146e+00   1.8157852e+04   7.5000000e+01
   1.3215024e+02   1.0772875e+00   1.8371130e+04   7.6000000e+01
   1.3006159e+02   1.3242002e+00   1.8240799e+04   7.7000000e+01
   1.2924373e+02   1.3939075e+00   1.7982971e+04   7.8000000e+01
   1.2875326e+02   1.3939609e+00   1.7947785e+04   7.9000000e+01
   1.2787674e+02   1.4051403e+00   1.7958564e+04   8.1000000e+01
   1.2701431e+02   1.3680864e+00   1.8493787e+04   8.4000000e+01
   1.2593244e+02   1.3796551e+00   1.8438576e+04   8.6000000e+01
   1.2097314e+02   1.2830434e+00   1.8429186e+04   8.7000000e+01
   1.1611925e+02   8.2637860e-01   1.9106471e+04   9.0000000e+01
   1.1610831e+02   8.2755576e-01   1.9085113e+04   9.1000000e+01
   1.1443021e+02   7.2064186e-01   1.9446915e+04   9.2000000e+01
   1.1274325e+02   6.8243792e-01   1.9640451e+04   9.4000000e+01
   1.1218093e+02   6.4557510e-01   1.9998717e+04   9.6000000e+01
   9.9200730e+01   3.7474329e-01   1.9913547e+04   1.0000000e+02
   9.7200946e+01   3.7849214e-01   1.9831027e+04   1.0300000e+02
   9.6901753e+01   3.6595286e-01   2.0206687e+04   1.0400000e+02
   9.1290952e+01   2.1677283e-01   2.1019260e+04   1.0600000e+02
   9.1051024e+01   2.2088545e-01   2.0840808e+04   1.0700000e+02
   9.0980991e+01   2.1452072e-01   2.1136374e+04   1.0800000e+02
   8.0455485e+01   1.8382555e-01   2.1007573e+04   1.1000000e+02
   8.0434484e+01   1.8334313e-01   2.1121601e+04   1.1200000e+02
   7.9637736e+01   1.7986113e-01   2.1538961e+04   1.1400000e+02
   7.7782165e+01   1.7334775e-01   2.1440166e+04   1.2100000e+02
   7.3470747e+01   1.4161799e-01   2.1867629e+04   1.2200000e+02
   6.8947643e+01   1.4215497e-01   2.2023409e+04   1.2500000e+02
   6.8731928e+01   1.3719531e-01   2.2183304e+04   1.2800000e+02
   6.0191911e+01   1.2246988e-01   2.1874396e+04   1.3000000e+02
   6.0072431e+01   1.1777922e-01   2.1793976e+04   1.3200000e+02
   5.9717822e+01   1.0556442e-01   2.1859971e+04   1.3300000e+02
   5.9525267e+01   1.0567891e-01   2.1839396e+04   1.3600000e+02
   5.8842914e+01   4.5654012e-02   2.1870700e+04   1.3800000e+02
   5.7906973e+01   5.7820439e-02   2.1649834e+04   1.3900000e+02
   5.7523586e+01   6.0632920e-02   2.1682919e+04   1.4100000e+02
   5.6166900e+01   5.4462171e-02   2.1552573e+04   1.4500000e+02
   5.4702920e+01   3.7742434e-02   2.1470365e+04   1.4700000e+02
   5.3911815e+01   3.9805994e-02   2.1506250e+04   1.5100000e+02
   5.3832765e+01   3.9546373e-02   2.1514626e+04   1.5200000e+02
   5.3508540e+01   3.9672603e-02   2.1377835e+04   1.5500000e+02
   5.3419196e+01   4.0266334e-02   2.1312262e+04   1.6000000e+02
   5.1675297e+01   3.9743422e-02   2.1446043e+04   1.6100000e+02
   5.1649445e+01   3.9409251e-02   2.1531045e+04   1.6300000e+02
   5.0793979e+01   3.8444432e-02   2.2038725e+04   1.6400000e+02
   5.0243096e+01   3.0715538e-03   2.2235703e+04   1.6800000e+02
   5.0180631e+01   7.4274974e-03   2.2219893e+04   1.7700000e+02
   4.9754950e+01   0.0000000e+00   2.2580462e+04   1.7800000e+02
   4.9470768e+01   0.0000000e+00   2.2638470e+04   1.7900000e+02
   4.8971891e+01   0.0000000e+00   2.2948903e+04   1.8100000e+02
   4.8930484e+01   0.0000000e+00   2.2781711e+04   1.8200000e+02
   4.8622347e+01   0.0000000e+00   2.2834165e+04   1.8800000e+02
   4.7914946e+01   6.4715019e-03   2.2640180e+04   1.9100000e+02
   4.6076864e+01   1.0601563e-02   2.2422470e+04   1.9500000e+02
   4.5711605e+01   0.0000000e+00   2.2739195e+04   1.9900000e+02
   4.4674835e+01   0.0000000e+00   2.2935946e+04   2.0500000e+02
   4.4597672e+01   0.0000000e+00   2.2916978e+04   2.1300000e+02
   4.2178516e+01   0.0000000e+00   2.2827941e+04   2.1500000e+02
   2.1851676e+01   0.0000000e+00   2.3119889e+04   2.1900000e+02
   2.1453120e+01   0.0000000e+00   2.3113694e+04   2.2000000e+02
   2.1419945e+01   0.0000000e+00   2.3163991e+04   2.2300000e+02
   2.1197818e+01   0.0000000e+00   2.3386774e+04   2.2500000e+02
   2.0734228e+01   0.0000000e+00   2.3336432e+04   2.2700000e+02
   2.0314008e+01   0.0000000e+00   2.3630972e+04   2.2900000e+02
   2.0173377e+01   0.0000000e+00   2.3630496e+04   2.3000000e+02
   2.0171377e+01   0.0000000e+00   2.3572914e+04   2.3100000e+02
   2.0159049e+01   0.0000000e+00   2.3504991e+04   2.3300000e+02
   1.9907388e+01   0.0000000e+00   2.3670719e+04   2.3500000e+02
   1.9841871e+01   0.0000000e+00   2.3592120e+04   2.3700000e+02
   1.9761728e+01   0.0000000e+00   2.3704334e+04   2.3800000e+02
   1.9667694e+01   0.0000000e+00   2.3904696e+04   2.3900000e+02
   1.9215196e+01   0.0000000e+00   2.4502874e+04   2.4600000e+02
   1.9072249e+01   0.0000000e+00   2.4560452e+04   2.4700000e+02
   1.8499528e+01   0.0000000e+00   2.4589237e+04   2.5100000e+02
   1.8375938e+01   0.0000000e+00   2.5011265e+04   2.5200000e+02
   1.8255285e+01   0.0000000e+00   2.5196503e+04   2.5600000e+02
   1.7024867e+01   0.0000000e+00   2.5127038e+04   2.5700000e+02
   1.6999159e+01   0.0000000e+00   2.5218570e+04   2.5800000e+02
   1.6731391e+01   0.0000000e+00   2.5639616e+04   2.5900000e+02
   1.6161798e+01   0.0000000e+00   2.5785117e+04   2.6000000e+02
   1.5721826e+01   0.0000000e+00   2.5747644e+04   2.7400000e+02
   1.5675800e+01   0.0000000e+00   2.5455678e+04   2.7500000e+02
   1.5556525e+01   0.0000000e+00   2.5372970e+04   2.8000000e+02
   1.5413935e+01   0.0000000e+00   2.5668784e+04   2.8500000e+02
   1.5407344e+01   0.0000000e+00   2.6104804e+04   2.8600000e+02
   1.5398424e+01   0.0000000e+00   2.5926005e+04   2.8900000e+02
   1.5379496e+01   0.0000000e+00   2.5981967e+04   2.9400000e+02
   1.5341245e+01   0.0000000e+00   2.5922235e+04   2.9700000e+02
   1.5252165e+01   0.0000000e+00   2.5867514e+04   3.0400000e+02
   1.5042800e+01   0.0000000e+00   2.5950090e+04   3.0800000e+02
   1.4500496e+01   0.0000000e+00   2.6200176e+04   3.1300000e+02
   1.4472691e+01   0.0000000e+00   2.6307202e+04   3.2300000e+02
   1.4375285e+01   0.0000000e+00   2.6009666e+04   3.2800000e+02
   1.4246628e+01   0.0000000e+00   2.6245477e+04   3.3000000e+02
   1.4046602e+01   0.0000000e+00   2.6678222e+04   3.3100000e+02
   1.4044622e+01   0.0000000e+00   2.6726598e+04   3.3300000e+02
   1.4020244e+01   0.0000000e+00   2.6625406e+04   3.3700000e+02
   1.3820920e+01   0.0000000e+00   2.6352989e+04   3.3800000e+02
   1.3548681e+01   0.0000000e+00   2.6300273e+04   3.4200000e+02
   1.3424070e+01   0.0000000e+00   2.6679839e+04   3.4300000e+02
   1.3367696e+01   0.0000000e+00   2.6607576e+04   3.4800000e+02
   1.3313738e+01   0.0000000e+00   2.6672533e+04   3.5000000e+02
   1.3302366e+01   0.0000000e+00   2.6833121e+04   3.5300000e+02
   1.3294862e+01   0.0000000e+00   2.6633608e+04   3.5800000e+02
   1.3077939e+01   0.0000000e+00   2.6557130e+04   3.6100000e+02
   1.2607226e+01   0.0000000e+00   2.7005611e+04   3.6200000e+02
   1.2594488e+01   0.0000000e+00   2.7072384e+04   3.6300000e+02
   1.2565047e+01   0.0000000e+00   2.6880317e+04   3.6400000e+02
   1.0152971e+01   0.0000000e+00   2.7010089e+04   3.6900000e+02
   9.9855867e+00   0.0000000e+00   2.6944127e+04   3.7200000e+02
   9.9791173e+00   0.0000000e+00   2.6854352e+04   3.7400000e+02
   9.9599816e+00   0.0000000e+00   2.6851984e+04   3.7700000e+02
   9.9074716e+00   0.0000000e+00   2.6996402e+04   3.7800000e+02
   9.6396809e+00   0.0000000e+00   2.6809661e+04   3.8600000e+02
   9.4708587e+00   0.0000000e+00   2.6700572e+04   3.8700000e+02
   9.4675899e+00   0.0000000e+00   2.6513607e+04   3.8900000e+02
   9.4384974e+00   0.0000000e+00   2.6436076e+04   3.9100000e+02
   9.4254836e+00   0.0000000e+00   2.6534176e+04   3.9200000e+02
   9.1941185e+00   0.0000000e+00   2.6443916e+04   3.9700000e+02
   9.0581515e+00   0.0000000e+00   2.6732132e+04   3.9900000e+02
   8.8217349e+00   0.0000000e+00   2.6705837e+04   4.0100000e+02
   8.7103072e+00   0.0000000e+00   2.7127349e+04   4.0300000e+02
   8.7007845e+00   0.0000000e+00   2.6846272e+04   4.0400000e+02
   8.6146049e+00   0.0000000e+00   2.6610452e+04   4.0600000e+02
   8.5736492e+00   0.0000000e+00   2.6695855e+04   4.0700000e+02
   8.5496981e+00   0.0000000e+00   2.6609524e+04   4.0800000e+02
   8.5251841e+00   0.0000000e+00   2.6439514e+04   4.2200000e+02
   8.4893610e+00   0.0000000e+00   2.6526849e+04   4.2400000e+02
   8.4661311e+00   0.0000000e+00   2.6608615e+04   4.3300000e+02
   8.3948825e+00   0.0000000e+00   2.6630929e+04   4.3600000e+02
   8.3942383e+00   0.0000000e+00   2.6545430e+04   4.3800000e+02
   8.3746068e+00   0.0000000e+00   2.6335574e+04   4.3900000e+02
   8.2788463e+00   0.0000000e+00   2.6604705e+04   4.4300000e+02
   8.2251309e+00   0.0000000e+00   2.6438529e+04   4.4900000e+02
   8.2209298e+00   0.0000000e+00   2.6776760e+04   4.5800000e+02
   8.1778614e+00   0.0000000e+00   2.7089191e+04   4.5900000e+02
   3.9360127e+00   0.0000000e+00   2.7435269e+04   4.6200000e+02
   3.9342732e+00   0.0000000e+00   2.7169489e+04   4.6600000e+02
   3.9002051e+00   0.0000000e+00   2.7044556e+04   4.6700000e+02
   3.8664267e+00   0.0000000e+00   2.7166988e+04   4.6800000e+02
   3.5407060e+00   0.0000000e+00   2.7320501e+04   4.6900000e+02
   3.5398406e+00   0.0000000e+00   2.7210722e+04   4.7300000e+02
   3.5217704e+00   0.0000000e+00   2.7695838e+04   4.7400000e+02
   3.5123829e+00   0.0000000e+00   2.7427196e+04   4.7500000e+02
   3.5103720e+00   0.0000000e+00   2.7198623e+04   4.7600000e+02
   3.5041953e+00   0.0000000e+00   2.7251273e+04   4.7700000e+02
   3.5022797e+00   0.0000000e+00   2.7234087e+04   4.7800000e+02
   3.4386945e+00   0.0000000e+00   2.7026758e+04   4.7900000e+02
   3.3082080e+00   0.0000000e+00   2.7140429e+04   4.8000000e+02
   3.3001284e+00   0.0000000e+00   2.7471998e+04   4.8100000e+02
   3.2764322e+00   0.0000000e+00   2.7584855e+04   4.8200000e+02
   3.2629515e+00   0.0000000e+00   2.7495667e+04   4.8300000e+02
   3.2426384e+00   0.0000000e+00   2.7691409e+04   4.8900000e+02
   3.2397910e+00   0.0000000e+00   2.7638600e+04   4.9300000e+02
   3.2236333e+00   0.0000000e+00   2.7852653e+04   4.9500000e+02
   3.2004081e+00   0.0000000e+00   2.7736214e+04   4.9800000e+02
   3.0874854e+00   0.0000000e+00   2.7543453e+04   5.0300000e+02
   3.0639411e+00   0.0000000e+00   2.7728186e+04   5.1000000e+02
   3.0606285e+00   0.0000000e+00   2.7847930e+04   5.1100000e+02
   2.9479701e+00   0.0000000e+00   2.7899776e+04   5.1400000e+02
   2.9417464e+00   0.0000000e+00   2.8036173e+04   5.1600000e+02
   2.9369195e+00   0.0000000e+00   2.7716732e+04   5.1700000e+02
   2.9266452e+00   0.0000000e+00   2.7633566e+04   5.1800000e+02
   2.8852433e+00   0.0000000e+00   2.7512473e+04   5.2000000e+02
   2.8458138e+00   0.0000000e+00   2.7733117e+04   5.2800000e+02
   2.8404645e+00   0.0000000e+00   2.7401067e+04   5.2900000e+02
   2.8117302e+00   0.0000000e+00   2.7879581e+04   5.3200000e+02
   2.8081754e+00   0.0000000e+00   2.7615369e+04   5.3900000e+02
   2.8077396e+00   0.0000000e+00   2.7539345e+04   5.4400000e+02
   2.8062374e+00   0.0000000e+00   2.7575082e+04   5.4600000e+02
   2.7954564e+00   0.0000000e+00   2.7793219e+04   5.4700000e+02
   2.7820473e+00   0.0000000e+00   2.7413205e+04   5.4800000e+02
   2.7778830e+00   0.0000000e+00   2.7498272e+04   5.5300000e+02
   2.7770832e+00   0.0000000e+00   2.7408957e+04   5.5600000e+02
   2.7753128e+00   0.0000000e+00   2.7716168e+04   5.5700000e+02
   2.7710839e+00   0.0000000e+00   2.8248700e+04   5.6300000e+02
   2.7533293e+00   0.0000000e+00   2.8119910e+04   5.6400000e+02
   2.7313631e+00   0.0000000e+00   2.8664593e+04   5.6600000e+02
   2.7115976e+00   0.0000000e+00   2.8702354e+04   5.6700000e+02
   2.7083597e+00   0.0000000e+00   2.8804406e+04   5.7200000e+02
   2.7006466e+00   0.0000000e+00   2.8675715e+04   5.7800000e+02
   2.6903763e+00   0.0000000e+00   2.8919279e+04   5.8600000e+02
   2.6479345e+00   0.0000000e+00   2.8676504e+04   5.8700000e+02
   2.6135926e+00   0.0000000e+00   2.8697161e+04   5.9000000e+02
   2.5892831e+00   0.0000000e+00   2.8676790e+04   5.9100000e+02
   2.5751589e+00   0.0000000e+00   2.8701118e+04   5.9800000e+02
   2.4379290e+00   0.0000000e+00   2.8761263e+04   5.9900000e+02
   2.4148409e+00   0.0000000e+00   2.8405767e+04   6.0100000e+02
   2.4123098e+00   0.0000000e+00   2.8377732e+04   6.0400000e+02
   2.3390359e+00   0.0000000e+00   2.8863634e+04   6.1300000e+02
   2.3386634e+00   0.0000000e+00   2.8697148e+04   6.1700000e+02
   2.3294215e+00   0.0000000e+00   2.8434398e+04   6.1800000e+02
   2.3239352e+00   0.0000000e+00   2.7997002e+04   6.2000000e+02
   2.2073443e+00   0.0000000e+00   2.7953732e+04   6.2100000e+02
   1.9343001e+00   0.0000000e+00   2.8048182e+04   6.2500000e+02
   1.9095795e+00   0.0000000e+00   2.8459749e+04   6.3400000e+02
   1.9052728e+00   0.0000000e+00   2.8285338e+04   6.3700000e+02
   1.9033324e+00   0.0000000e+00   2.8258715e+04   6.3800000e+02
   1.7806738e+00   0.0000000e+00   2.7889745e+04   6.4900000e+02
   1.7801350e+00   0.0000000e+00   2.8155755e+04   6.5100000e+02
   1.7791285e+00   0.0000000e+00   2.8007425e+04   6.6400000e+02
   1.7719865e+00   0.0000000e+00   2.7699948e+04   6.6600000e+02
   1.6895909e+00   0.0000000e+00   2.7804697e+04   6.7600000e+02
   1.6091420e+00   0.0000000e+00   2.7895991e+04   6.8200000e+02
   1.5989884e+00   0.0000000e+00   2.8245045e+04   6.8300000e+02
   1.5976037e+00   0.0000000e+00   2.7995733e+04   6.9500000e+02
   1.5970241e+00   0.0000000e+00   2.7965895e+04   6.9800000e+02
   1.5488330e+00   0.0000000e+00   2.7914644e+04   7.0200000e+02
   1.5400530e+00   0.0000000e+00   2.7680764e+04   7.0900000e+02
   1.5380075e+00   0.0000000e+00   2.7359262e+04   7.1200000e+02
   1.5378363e+00   0.0000000e+00   2.7436851e+04   7.1400000e+02
   1.5357727e+00   0.0000000e+00   2.7715167e+04   7.1700000e+02
   1.5305609e+00   0.0000000e+00   2.7870726e+04   7.2200000e+02
   1.5285439e+00   0.0000000e+00   2.7982479e+04   7.2300000e+02
   1.5279019e+00   0.0000000e+00   2.7943569e+04   7.2500000e+02
   1.5250643e+00   0.0000000e+00   2.7547448e+04   7.3100000e+02
   1.5008117e+00   0.0000000e+00   2.7166647e+04   7.4100000e+02
   1.4962842e+00   0.0000000e+00   2.7134024e+04   7.4700000e+02
   1.4949166e+00   0.0000000e+00   2.6933277e+04   7.5200000e+02
   1.4892062e+00   0.0000000e+00   2.7316890e+04   7.7700000e+02
   1.4885652e+00   0.0000000e+00   2.7578930e+04   7.9000000e+02
   1.4865369e+00   0.0000000e+00   2.7338042e+04   7.9100000e+02
   1.4852117e+00   0.0000000e+00   2.7313304e+04   7.9500000e+02
   1.4762594e+00   0.0000000e+00   2.7929612e+04   7.9600000e+02
   1.4751034e+00   0.0000000e+00   2.7397065e+04   8.0300000e+02
   1.4744917e+00   0.0000000e+00   2.7053341e+04   8.0600000e+02
   1.4654126e+00   0.0000000e+00   2.6981096e+04   8.1600000e+02
   1.4636347e+00   0.0000000e+00   2.7285679e+04   8.1700000e+02
   1.2395614e-01   0.0000000e+00   2.7246116e+04   8.1800000e+02
   1.2329063e-01   0.0000000e+00   2.7268825e+04   8.2200000e+02
   1.1313802e-01   0.0000000e+00   2.7146176e+04   8.2300000e+02
   9.8692106e-02   0.0000000e+00   2.7133547e+04   8.2500000e+02
   9.6839090e-02   0.0000000e+00   2.7093901e+04   8.3100000e+02
   9.3291223e-02   0.0000000e+00   2.6928786e+04   8.3600000e+02
   8.9954513e-02   0.0000000e+00   2.6843459e+04   8.3700000e+02
   8.9914432e-02   0.0000000e+00   2.6591803e+04   8.3800000e+02
   8.9499421e-02   0.0000000e+00   2.6632284e+04   8.3900000e+02
   8.7955221e-02   0.0000000e+00   2.6556210e+04   8.4200000e+02
   8.5571933e-02   0.0000000e+00   2.6187582e+04   8.4800000e+02
   3.0332654e-02   0.0000000e+00   2.6356819e+04   8.6000000e+02
   2.8261580e-02   0.0000000e+00   2.6449675e+04   8.6100000e+02
   2.2291727e-02   0.0000000e+00   2.6325029e+04   8.7600000e+02
   2.8448832e-03   0.0000000e+00   2.6100773e+04   8.7700000e+02
   0.0000000e+00   0.0000000e+00   2.5921271e+04   8.7800000e+02
   0.0000000e+00   0.0000000e+00   2.5655317e+04   8.8100000e+02
   0.0000000e+00   0.0000000e+00   2.5634832e+04   8.8800000e+02
   0.0000000e+00   0.0000000e+00   2.5416046e+04   8.8900000e+02
   0.0000000e+00   0.0000000e+00   2.5375030e+04   8.9300000e+02
   0.0000000e+00   0.0000000e+00   2.5236390e+04   8.9800000e+02
   0.0000000e+00   0.0000000e+00   2.5131660e+04   8.9900000e+02
   0.0000000e+00   0.0000000e+00   2.5127802e+04   9.0400000e+02
   0.0000000e+00   0.0000000e+00   2.4878236e+04   9.0500000e+02
   0.0000000e+00   0.0000000e+00   2.4755619e+04   9.0800000e+02
   0.0000000e+00   0.0000000e+00   2.4551818e+04   9.1000000e+02
   0.0000000e+00   0.0000000e+00   2.4513363e+04   9.1600000e+02
   0.0000000e+00   0.0000000e+00   2.4371460e+04   9.1900000e+02
   0.0000000e+00   0.0000000e+00   2.4268426e+04   9.2800000e+02
   0.0000000e+00   0.0000000e+00   2.4258024e+04   9.2900000e+02
   0.0000000e+00   0.0000000e+00   2.4225601e+04   9.3400000e+02
   0.0000000e+00   0.0000000e+00   2.4078336e+04   9.3500000e+02
   0.0000000e+00   0.0000000e+00   2.4038236e+04   9.3900000e+02
   0.0000000e+00   0.0000000e+00   2.3824840e+04   9.4700000e+02
   0.0000000e+00   0.0000000e+00   2.3685932e+04   9.4800000e+02
   0.0000000e+00   0.0000000e+00   2.3471212e+04   9.4900000e+02
   0.0000000e+00   0.0000000e+00   2.3409189e+04   9.5200000e+02
   0.0000000e+00   0.0000000e+00   2.3062591e+04   9.5400000e+02
   0.0000000e+00   0.0000000e+00   2.2947114e+04   9.5900000e+02
   0.0000000e+00   0.0000000e+00   2.2893509e+04   9.6500000e+02
   0.0000000e+00   0.0000000e+00   2.2882759e+04   9.6700000e+02
   0.0000000e+00   0.0000000e+00   2.2761588e+04   9.7400000e+02
   0.0000000e+00   0.0000000e+00   2.2573676e+04   9.8600000e+02
   0.0000000e+00   0.0000000e+00   2.2380956e+04   9.9100000e+02
   0.0000000e+00   0.0000000e+00   2.2267930e+04   9.9300000e+02
   0.0000000e+00   0.0000000e+00   2.2178953e+04   9.9600000e+02
   0.0000000e+00   0.0000000e+00   2.2118971e+04   9.9800000e+02
   0.0000000e+00   0.0000000e+00   2.2069815e+04   1.0020000e+03
   0.0000000e+00   0.0000000e+00   2.2030427e+04   1.0060000e+03
   0.0000000e+00   0.0000000e+00   2.1942271e+04   1.0080000e+03
   0.0000000e+00   0.0000000e+00   2.1640072e+04   1.0160000e+03
   0.0000000e+00   0.0000000e+00   2.1524487e+04   1.0170000e+03
   0.0000000e+00   0.0000000e+00   2.1519807e+04   1.0180000e+03
   0.0000000e+00   0.0000000e+00   2.1327948e+04   1.0200000e+03
   0.0000000e+00   0.0000000e+00   2.1309302e+04   1.0280000e+03
   0.0000000e+00   0.0000000e+00   2.0928602e+04   1.0290000e+03
   0.0000000e+00   0.0000000e+00   2.0735002e+04   1.0310000e+03
   0.0000000e+00   0.0000000e+00   2.0386547e+04   1.0370000e+03
   0.0000000e+00   0.0000000e+00   2.0177650e+04   1.0410000e+03
   0.0000000e+00   0.0000000e+00   1.9986928e+04   1.0470000e+03
   0.0000000e+00   0.0000000e+00   1.9976533e+04   1.0500000e+03
   0.0000000e+00   0.0000000e+00   1.9918621e+04   1.0540000e+03
   0.0000000e+00   0.0000000e+00   1.9892109e+04   1.0550000e+03
   0.0000000e+00   0.0000000e+00   1.9678608e+04   1.0560000e+03
   0.0000000e+00   0.0000000e+00   1.9566096e+04   1.0640000e+03
   0.0000000e+00   0.0000000e+00   1.9534032e+04   1.0720000e+03
   0.0000000e+00   0.0000000e+00   1.9176747e+04   1.0770000e+03
   0.0000000e+00   0.0000000e+00   1.9051324e+04   1.0840000e+03
   0.0000000e+00   0.0000000e+00   1.9047119e+04   1.0850000e+03
   0.0000000e+00   0.0000000e+00   1.8870217e+04   1.1020000e+03
   0.0000000e+00   0.0000000e+00   1.8663429e+04   1.1050000e+03
   0.0000000e+00   0.0000000e+00   1.8621204e+04   1.1090000e+03
   0.0000000e+00   0.0000000e+00   1.8532973e+04   1.1170000e+03
   0.0000000e+00   0.0000000e+00   1.8270675e+04   1.1200000e+03
   0.0000000e+00   0.0000000e+00   1.8139281e+04   1.1390000e+03
   0.0000000e+00   0.0000000e+00   1.8042967e+04   1.1430000e+03
   0.0000000e+00   0.0000000e+00   1.8022474e+04   1.1460000e+03
   0.0000000e+00   0.0000000e+00   1.7967349e+04   1.1470000e+03
   0.0000000e+00   0.0000000e+00   1.7830164e+04   1.1600000e+03
   0.0000000e+00   0.0000000e+00   1.7811841e+04   1.1680000e+03
   0.0000000e+00   0.0000000e+00   1.7805741e+04   1.1740000e+03
   0.0000000e+00   0.0000000e+00   1.7781829e+04   1.1840000e+03
   0.0000000e+00   0.0000000e+00   1.7753845e+04   1.1890000e+03
   0.0000000e+00   0.0000000e+00   1.7710301e+04   1.1910000e+03
   0.0000000e+00   0.0000000e+00   1.7644048e+04   1.1930000e+03
   0.0000000e+00   0.0000000e+00   1.7364227e+04   1.2060000e+03
   0.0000000e+00   0.0000000e+00   1.7336107e+04   1.2090000e+03
   0.0000000e+00   0.0000000e+00   1.7329287e+04   1.2160000e+03
   0.0000000e+00   0.0000000e+00   1.7289796e+04   1.2340000e+03
   0.0000000e+00   0.0000000e+00   1.7268474e+04   1.2400000e+03
   0.0000000e+00   0.0000000e+00   1.7177281e+04   1.2420000e+03
   0.0000000e+00   0.0000000e+00   1.7155349e+04   1.2480000e+03
   0.0000000e+00   0.0000000e+00   1.6889416e+04   1.2520000e+03
   0.0000000e+00   0.0000000e+00   1.6808321e+04   1.2550000e+03
   0.0000000e+00   0.0000000e+00   1.6563433e+04   1.2570000e+03
   0.0000000e+00   0.0000000e+00   1.6437317e+04   1.2590000e+03
   0.0000000e+00   0.0000000e+00   1.6361967e+04   1.2600000e+03
   0.0000000e+00   0.0000000e+00   1.6248047e+04   1.2640000e+03
   0.0000000e+00   0.0000000e+00   1.6158999e+04   1.2660000e+03
   0.0000000e+00   0.0000000e+00   1.5986939e+04   1.2790000e+03
   0.0000000e+00   0.0000000e+00   1.5940990e+04   1.2820000e+03
   0.0000000e+00   0.0000000e+00   1.5513439e+04   1.2830000e+03
   0.0000000e+00   0.0000000e+00   1.5462594e+04   1.2890000e+03
   0.0000000e+00   0.0000000e+00   1.5457173e+04   1.2940000e+03
   0.0000000e+00   0.0000000e+00   1.5408314e+04   1.3000000e+03
   0.0000000e+00   0.0000000e+00   1.5376121e+04   1.3070000e+03
   0.0000000e+00   0.0000000e+00   1.5015612e+04   1.3120000e+03
   0.0000000e+00   0.0000000e+00   1.4908659e+04   1.3150000e+03
   0.0000000e+00   0.0000000e+00   1.4819370e+04   1.3220000e+03
   0.0000000e+00   0.0000000e+00   1.4737510e+04   1.3230000e+03
   0.0000000e+00   0.0000000e+00   1.4585096e+04   1.3340000e+03
   0.0000000e+00   0.0000000e+00   1.4512317e+04   1.3700000e+03
   0.0000000e+00   0.0000000e+00   1.4423153e+04   1.3780000e+03
   0.0000000e+00   0.0000000e+00   1.4398048e+04   1.3800000e+03
   0.0000000e+00   0.0000000e+00   1.4308227e+04   1.3950000e+03
   0.0000000e+00   0.0000000e+00   1.4190586e+04   1.4080000e+03
   0.0000000e+00   0.0000000e+00   1.4046264e+04   1.4260000e+03
   0.0000000e+00   0.0000000e+00   1.4034091e+04   1.4440000e+03
   0.0000000e+00   0.0000000e+00   1.3966442e+04   1.4600000e+03
   0.0000000e+00   0.0000000e+00   1.3926941e+04   1.4710000e+03
   0.0000000e+00   0.0000000e+00   1.3810653e+04   1.4720000e+03
   0.0000000e+00   0.0000000e+00   1.3726580e+04   1.4770000e+03
   0.0000000e+00   0.0000000e+00   1.3531528e+04   1.4940000e+03
   0.0000000e+00   0.0000000e+00   1.3458161e+04   1.5020000e+03
   0.0000000e+00   0.0000000e+00   1.3316559e+04   1.5090000e+03
   0.0000000e+00   0.0000000e+00   1.3269697e+04   1.5140000e+03
   0.0000000e+00   0.0000000e+00   1.3188189e+04   1.5290000e+03
   0.0000000e+00   0.0000000e+00   1.3084353e+04   1.5330000e+03
   0.0000000e+00   0.0000000e+00   1.3051618e+04   1.5350000e+03
   0.0000000e+00   0.0000000e+00   1.3005790e+04   1.5430000e+03
   0.0000000e+00   0.0000000e+00   1.2989230e+04   1.5590000e+03
   0.0000000e+00   0.0000000e+00   1.2956176e+04   1.5670000e+03
   0.0000000e+00   0.0000000e+00   1.2947119e+04   1.5730000e+03
   0.0000000e+00   0.0000000e+00   1.2766688e+04   1.5800000e+03
   0.0000000e+00   0.0000000e+00   1.2755322e+04   1.6050000e+03
   0.0000000e+00   0.0000000e+00   1.2733811e+04   1.6120000e+03
   0.0000000e+00   0.0000000e+00   1.2723076e+04   1.6130000e+03
   0.0000000e+00   0.0000000e+00   1.2666548e+04   1.6250000e+03
   0.0000000e+00   0.0000000e+00   1.2626814e+04   1.6490000e+03
   0.0000000e+00   0.0000000e+00   1.2606357e+04   1.6790000e+03
   0.0000000e+00   0.0000000e+00   1.2559419e+04   1.6880000e+03
   0.0000000e+00   0.0000000e+00   1.2518320e+04   1.6890000e+03
   0.0000000e+00   0.0000000e+00   1.2465574e+04   1.7090000e+03
   0.0000000e+00   0.0000000e+00   1.2442972e+04   1.7130000e+03
   0.0000000e+00   0.0000000e+00   1.2361149e+04   1.7230000e+03
   0.0000000e+00   0.0000000e+00   1.2298023e+04   1.7380000e+03
   0.0000000e+00   0.0000000e+00   1.2217204e+04   1.7440000e+03
   0.0000000e+00   0.0000000e+00   1.2155883e+04   1.7470000e+03
   0.0000000e+00   0.0000000e+00   1.2119443e+04   1.7520000e+03
   0.0000000e+00   0.0000000e+00   1.2003727e+04   1.7600000e+03
   0.0000000e+00   0.0000000e+00   1.1995611e+04   1.7660000e+03
   0.0000000e+00   0.0000000e+00   1.1949163e+04   1.7730000e+03
   0.0000000e+00   0.0000000e+00   1.1921701e+04   1.7800000e+03
   0.0000000e+00   0.0000000e+00   1.1881215e+04   1.7840000e+03
   0.0000000e+00   0.0000000e+00   1.1866685e+04   1.7960000e+03
   0.0000000e+00   0.0000000e+00   1.1850083e+04   1.7970000e+03
   0.0000000e+00   0.0000000e+00   1.1763240e+04   1.8140000e+03
   0.0000000e+00   0.0000000e+00   1.1659702e+04   1.8250000e+03
   0.0000000e+00   0.0000000e+00   1.1644278e+04   1.8750000e+03
   0.0000000e+00   0.0000000e+00   1.1638110e+04   1.8820000e+03
   0.0000000e+00   0.0000000e+00   1.1628159e+04   1.8960000e+03
   0.0000000e+00   0.0000000e+00   1.1592811e+04   1.8980000e+03
   0.0000000e+00   0.0000000e+00   1.1585479e+04   1.9050000e+03
   0.0000000e+00   0.0000000e+00   1.1549835e+04   1.9190000e+03
   0.0000000e+00   0.0000000e+00   1.1541491e+04   1.9280000e+03
   0.0000000e+00   0.0000000e+00   1.1522199e+04   1.9470000e+03
   0.0000000e+00   0.0000000e+00   1.1441771e+04   1.9540000e+03
   0.0000000e+00   0.0000000e+00   1.1293350e+04   1.9630000e+03
   0.0000000e+00   0.0000000e+00   1.1257015e+04   1.9780000e+03
   0.0000000e+00   0.0000000e+00   1.1172465e+04   1.9850000e+03
   0.0000000e+00   0.0000000e+00   1.1091501e+04   1.9920000e+03
   0.0000000e+00   0.0000000e+00   1.0997407e+04   2.0290000e+03
   0.0000000e+00   0.0000000e+00   1.0990207e+04   2.0310000e+03
   0.0000000e+00   0.0000000e+00   1.0979444e+04   2.0380000e+03
   0.0000000e+00   0.0000000e+00   1.0906331e+04   2.0590000e+03
   0.0000000e+00   0.0000000e+00   1.0903316e+04   2.0690000e+03
   0.0000000e+00   0.0000000e+00   1.0836701e+04   2.0850000e+03
   0.0000000e+00   0.0000000e+00   1.0794974e+04   2.1130000e+03
   0.0000000e+00   0.0000000e+00   1.0776111e+04   2.1140000e+03
   0.0000000e+00   0.0000000e+00   1.0774484e+04   2.1160000e+03
   0.0000000e+00   0.0000000e+00   1.0772501e+04   2.1300000e+03
   0.0000000e+00   0.0000000e+00   1.0769668e+04   2.1350000e+03
   0.0000000e+00   0.0000000e+00   1.0751391e+04   2.1540000e+03
   0.0000000e+00   0.0000000e+00   1.0690525e+04   2.1820000e+03
   0.0000000e+00   0.0000000e+00   1.0650468e+04   2.1920000e+03
   0.0000000e+00   0.0000000e+00   1.0642680e+04   2.2090000e+03
   0.0000000e+00   0.0000000e+00   1.0612103e+04   2.2240000e+03
   0.0000000e+00   0.0000000e+00   1.0577223e+04   2.2410000e+03
   0.0000000e+00   0.0000000e+00   1.0565148e+04   2.2690000e+03
   0.0000000e+00   0.0000000e+00   1.0546224e+04   2.2730000e+03
   0.0000000e+00   0.0000000e+00   1.0542785e+04   2.2780000e+03
   0.0000000e+00   0.0000000e+00   1.0509483e+04   2.3060000e+03
   0.0000000e+00   0.0000000e+00   1.0481309e+04   2.3100000e+03
   0.0000000e+00   0.0000000e+00   1.0473840e+04   2.3120000e+03
   0.0000000e+00   0.0000000e+00   1.0449635e+04   2.3240000e+03
   0.0000000e+00   0.0000000e+00   1.0395495e+04   2.3490000e+03
   0.0000000e+00   0.0000000e+00   1.0383596e+04   2.3510000e+03
   0.0000000e+00   0.0000000e+00   1.0359159e+04   2.3560000e+03
   0.0000000e+00   0.0000000e+00   1.0286848e+04   2.3630000e+03
   0.0000000e+00   0.0000000e+00   1.0256591e+04   2.3680000e+03
   0.0000000e+00   0.0000000e+00   1.0239640e+04   2.3750000e+03
   0.0000000e+00   0.0000000e+00   1.0211192e+04   2.4150000e+03
   0.0000000e+00   0.0000000e+00   1.0166981e+04   2.4290000e+03
   0.0000000e+00   0.0000000e+00   1.0165689e+04   2.4580000e+03
   0.0000000e+00   0.0000000e+00   1.0155333e+04   2.5030000e+03
   0.0000000e+00   0.0000000e+00   1.0029300e+04   2.5060000e+03
   0.0000000e+00   0.0000000e+00   9.9872139e+03   2.5270000e+03
   0.0000000e+00   0.0000000e+00   9.9537489e+03   2.5340000e+03
   0.0000000e+00   0.0000000e+00   9.9477628e+03   2.5690000e+03
   0.0000000e+00   0.0000000e+00   9.9307170e+03   2.5990000e+03
   0.0000000e+00   0.0000000e+00   9.8996841e+03   2.6100000e+03
   0.0000000e+00   0.0000000e+00   9.8539707e+03   2.6200000e+03
   0.0000000e+00   0.0000000e+00   9.8034714e+03   2.6640000e+03
   0.0000000e+00   0.0000000e+00   9.8016633e+03   2.6670000e+03
   0.0000000e+00   0.0000000e+00   9.7877170e+03   2.6870000e+03
   0.0000000e+00   0.0000000e+00   9.7815069e+03   2.6900000e+03
   0.0000000e+00   0.0000000e+00   9.7521715e+03   2.6940000e+03
   0.0000000e+00   0.0000000e+00   9.7074324e+03   2.7070000e+03
   0.0000000e+00   0.0000000e+00   9.6970110e+03   2.7610000e+03
   0.0000000e+00   0.0000000e+00   9.6817131e+03   2.7670000e+03
   0.0000000e+00   0.0000000e+00   9.6477206e+03   2.7700000e+03
   0.0000000e+00   0.0000000e+00   9.6347382e+03   2.7790000e+03
   0.0000000e+00   0.0000000e+00   9.6319303e+03   2.8250000e+03
   0.0000000e+00   0.0000000e+00   9.6108453e+03   2.8380000e+03
   0.0000000e+00   0.0000000e+00   9.5995905e+03   2.8720000e+03
   0.0000000e+00   0.0000000e+00   9.5673247e+03   2.8910000e+03
   0.0000000e+00   0.0000000e+00   9.5415013e+03   2.8970000e+03
   0.0000000e+00   0.0000000e+00   9.5331058e+03   2.9550000e+03
   0.0000000e+00   0.0000000e+00   9.5152132e+03   2.9860000e+03
   0.0000000e+00   0.0000000e+00   9.5026261e+03   3.0010000e+03
   0.0000000e+00   0.0000000e+00   9.4499399e+03   3.0290000e+03
   0.0000000e+00   0.0000000e+00   9.4408464e+03   3.0370000e+03
   0.0000000e+00   0.0000000e+00   9.4110563e+03   3.0930000e+03
   0.0000000e+00   0.0000000e+00   9.3961871e+03   3.1190000e+03
   0.0000000e+00   0.0000000e+00   9.3614060e+03   3.1370000e+03
   0.0000000e+00   0.0000000e+00   9.3570184e+03   3.1490000e+03
   0.0000000e+00   0.0000000e+00   9.3506677e+03   3.1680000e+03
   0.0000000e+00   0.0000000e+00   9.3284675e+03   3.1820000e+03
   0.0000000e+00   0.0000000e+00   9.3082762e+03   3.2050000e+03
   0.0000000e+00   0.0000000e+00   9.2714958e+03   3.2080000e+03
   0.0000000e+00   0.0000000e+00   9.2688264e+03   3.2940000e+03
   0.0000000e+00   0.0000000e+00   9.2052757e+03   3.3060000e+03
   0.0000000e+00   0.0000000e+00   9.1746213e+03   3.3090000e+03
   0.0000000e+00   0.0000000e+00   9.1653375e+03   3.3570000e+03
   0.0000000e+00   0.0000000e+00   9.1549264e+03   3.4190000e+03
   0.0000000e+00   0.0000000e+00   9.1490336e+03   3.4610000e+03
   0.0000000e+00   0.0000000e+00   9.1065067e+03   3.5480000e+03
   0.0000000e+00   0.0000000e+00   9.1010833e+03   3.5960000e+03
   0.0000000e+00   0.0000000e+00   9.0750698e+03   3.7310000e+03
   0.0000000e+00   0.0000000e+00   9.0595845e+03   3.7880000e+03
   0.0000000e+00   0.0000000e+00   9.0470730e+03   3.8620000e+03
   0.0000000e+00   0.0000000e+00   9.0307904e+03   3.8940000e+03
   0.0000000e+00   0.0000000e+00   9.0302871e+03   4.0530000e+03
   0.0000000e+00   0.0000000e+00   8.9739869e+03   4.0990000e+03
   0.0000000e+00   0.0000000e+00   8.9602417e+03   4.1170000e+03
   0.0000000e+00   0.0000000e+00   8.9510924e+03   4.1280000e+03
   0.0000000e+00   0.0000000e+00   8.9211370e+03   4.1840000e+03
   0.0000000e+00   0.0000000e+00   8.9014909e+03   4.1850000e+03
   0.0000000e+00   0.0000000e+00   8.8879229e+03   4.2480000e+03
   0.0000000e+00   0.0000000e+00   8.8853406e+03   4.2490000e+03
   0.0000000e+00   0.0000000e+00   8.8824688e+03   4.3730000e+03
   0.0000000e+00   0.0000000e+00   8.8783232e+03   4.4780000e+03
   0.0000000e+00   0.0000000e+00   8.8771579e+03   4.5080000e+03
   0.0000000e+00   0.0000000e+00   8.8226310e+03   4.5400000e+03
   0.0000000e+00   0.0000000e+00   8.8068473e+03   4.5470000e+03
   0.0000000e+00   0.0000000e+00   8.8025540e+03   4.5510000e+03
   0.0000000e+00   0.0000000e+00   8.7947099e+03   4.5540000e+03
   0.0000000e+00   0.0000000e+00   8.7634220e+03   4.5920000e+03
   0.0000000e+00   0.0000000e+00   8.7621129e+03   4.5960000e+03
   0.0000000e+00   0.0000000e+00   8.7528553e+03   4.6220000e+03
   0.0000000e+00   0.0000000e+00   8.6890311e+03   4.7030000e+03
   0.0000000e+00   0.0000000e+00   8.6857299e+03   4.7130000e+03
   0.0000000e+00   0.0000000e+00   8.6853501e+03   4.8240000e+03
   0.0000000e+00   0.0000000e+00   8.6821944e+03   4.9090000e+03
   0.0000000e+00   0.0000000e+00   8.6808614e+03   4.9700000e+03
   0.0000000e+00   0.0000000e+00   8.6766581e+03   5.0030000e+03
   0.0000000e+00   0.0000000e+00   8.6734122e+03   5.2080000e+03
   0.0000000e+00   0.0000000e+00   8.6336711e+03   5.2320000e+03
   0.0000000e+00   0.0000000e+00   8.6187993e+03   5.3510000e+03
   0.0000000e+00   0.0000000e+00   8.5961561e+03   5.3710000e+03
   0.0000000e+00   0.0000000e+00   8.5908109e+03   5.3720000e+03
   0.0000000e+00   0.0000000e+00   8.5799358e+03   5.4170000e+03
   0.0000000e+00   0.0000000e+00   8.5793212e+03   5.4370000e+03
   0.0000000e+00   0.0000000e+00   8.5793212e+03   5.4560000e+03
   0.0000000e+00   0.0000000e+00   8.5546451e+03   5.5110000e+03
   0.0000000e+00   0.0000000e+00   8.5479846e+03   5.5200000e+03
   0.0000000e+00   0.0000000e+00   8.5363318e+03   5.5850000e+03
   0.0000000e+00   0.0000000e+00   8.5268913e+03   5.6080000e+03
   0.0000000e+00   0.0000000e+00   8.5094962e+03   5.6180000e+03
   0.0000000e+00   0.0000000e+00   8.4986662e+03   5.7000000e+03
   0.0000000e+00   0.0000000e+00   8.4984031e+03   5.7540000e+03
   0.0000000e+00   0.0000000e+00   8.4169923e+03   5.7590000e+03
   0.0000000e+00   0.0000000e+00   8.4097367e+03   5.7620000e+03
   0.0000000e+00   0.0000000e+00   8.3901896e+03   5.7950000e+03
   0.0000000e+00   0.0000000e+00   8.3574686e+03   5.8220000e+03
   0.0000000e+00   0.0000000e+00   8.3313266e+03   5.9000000e+03
   0.0000000e+00   0.0000000e+00   8.3288077e+03   5.9080000e+03
   0.0000000e+00   0.0000000e+00   8.3101833e+03   6.0100000e+03
   0.0000000e+00   0.0000000e+00   8.3089378e+03   6.0680000e+03
   0.0000000e+00   0.0000000e+00   8.2960399e+03   6.0930000e+03
   0.0000000e+00   0.0000000e+00   8.2866619e+03   6.1130000e+03
   0.0000000e+00   0.0000000e+00   8.2761957e+03   6.1830000e+03
   0.0000000e+00   0.0000000e+00   8.2731892e+03   6.1900000e+03
   0.0000000e+00   0.0000000e+00   8.2684195e+03   6.2950000e+03
   0.0000000e+00   0.0000000e+00   8.2612233e+03   6.3830000e+03
   0.0000000e+00   0.0000000e+00   8.2609820e+03   6.4620000e+03
   0.0000000e+00   0.0000000e+00   8.2599014e+03   6.7250000e+03
   0.0000000e+00   0.0000000e+00   8.2514336e+03   6.7290000e+03
   0.0000000e+00   0.0000000e+00   8.2440096e+03   6.8340000e+03
   0.0000000e+00   0.0000000e+00   8.2429724e+03   7.0680000e+03
   0.0000000e+00   0.0000000e+00   8.2380873e+03   7.4300000e+03
   0.0000000e+00   0.0000000e+00   8.2249300e+03   7.5270000e+03
   0.0000000e+00   0.0000000e+00   8.2249300e+03   7.5330000e+03
   0.0000000e+00   0.0000000e+00   8.1929420e+03   7.5380000e+03
   0.0000000e+00   0.0000000e+00   8.1583783e+03   7.5840000e+03
   0.0000000e+00   0.0000000e+00   8.1471297e+03   7.9930000e+03
   0.0000000e+00   0.0000000e+00   8.1430482e+03   8.0990000e+03
   0.0000000e+00   0.0000000e+00   8.1235923e+03   8.4500000e+03
   0.0000000e+00   0.0000000e+00   8.1211006e+03   8.8210000e+03
   0.0000000e+00   0.0000000e+00   8.1011093e+03   8.8740000e+03
   0.0000000e+00   0.0000000e+00   8.0861894e+03   8.9250000e+03
   0.0000000e+00   0.0000000e+00   8.0826752e+03   9.0380000e+03
   0.0000000e+00   0.0000000e+00   8.0620370e+03   9.0500000e+03
   0.0000000e+00   0.0000000e+00   8.0598018e+03   9.0850000e+03
   0.0000000e+00   0.0000000e+00   8.0473729e+03   9.2490000e+03
   0.0000000e+00   0.0000000e+00   8.0235233e+03   9.2610000e+03
   0.0000000e+00   0.0000000e+00   8.0228563e+03   9.2910000e+03
   0.0000000e+00   0.0000000e+00   8.0210978e+03   9.2970000e+03
   0.0000000e+00   0.0000000e+00   8.0179210e+03   9.4340000e+03
   0.0000000e+00   0.0000000e+00   7.9866535e+03   9.4430000e+03
   0.0000000e+00   0.0000000e+00   7.9762442e+03   9.5130000e+03
   0.0000000e+00   0.0000000e+00   7.9586918e+03   9.5890000e+03
   0.0000000e+00   0.0000000e+00   7.9279850e+03   9.7040000e+03
   0.0000000e+00   0.0000000e+00   7.9038862e+03   9.7290000e+03
   0.0000000e+00   0.0000000e+00   7.8972383e+03   9.8260000e+03
   0.0000000e+00   0.0000000e+00   7.8575183e+03   9.8440000e+03
   0.0000000e+00   0.0000000e+00   7.8507349e+03   9.8490000e+03
   0.0000000e+00   0.0000000e+00   7.8452061e+03   9.8500000e+03
   0.0000000e+00   0.0000000e+00   7.8338670e+03   9.8700000e+03
   0.0000000e+00   0.0000000e+00   7.8280525e+03   9.9040000e+03
   0.0000000e+00   0.0000000e+00   7.7933412e+03   1.0067000e+04
   0.0000000e+00   0.0000000e+00   7.7750666e+03   1.0101000e+04
   0.0000000e+00   0.0000000e+00   7.7472101e+03   1.0117000e+04
   0.0000000e+00   0.0000000e+00   7.7418764e+03   1.0139000e+04
   0.0000000e+00   0.0000000e+00   7.7169758e+03   1.0163000e+04
   0.0000000e+00   0.0000000e+00   7.7098974e+03   1.0355000e+04
   0.0000000e+00   0.0000000e+00   7.6863425e+03   1.0403000e+04
   0.0000000e+00   0.0000000e+00   7.6796235e+03   1.0422000e+04
   0.0000000e+00   0.0000000e+00   7.6712985e+03   1.0555000e+04
   0.0000000e+00   0.0000000e+00   7.6703702e+03   1.0725000e+04
   0.0000000e+00   0.0000000e+00   7.6692151e+03   1.0760000e+04
   0.0000000e+00   0.0000000e+00   7.6451110e+03   1.0805000e+04
   0.0000000e+00   0.0000000e+00   7.6365205e+03   1.1512000e+04
   0.0000000e+00   0.0000000e+00   7.6094948e+03   1.1833000e+04
   0.0000000e+00   0.0000000e+00   7.5818942e+03   1.1941000e+04
   0.0000000e+00   0.0000000e+00   7.5763524e+03   1.2239000e+04
   0.0000000e+00   0.0000000e+00   7.5643165e+03   1.2475000e+04
   0.0000000e+00   0.0000000e+00   7.5631975e+03   1.2535000e+04
   0.0000000e+00   0.0000000e+00   7.5504589e+03   1.2866000e+04
   0.0000000e+00   0.0000000e+00   7.5496295e+03   1.2996000e+04
   0.0000000e+00   0.0000000e+00   7.5496295e+03   1.3292000e+04
   0.0000000e+00   0.0000000e+00   7.5343029e+03   1.3423000e+04
   0.0000000e+00   0.0000000e+00   7.5342709e+03   1.3741000e+04
   0.0000000e+00   0.0000000e+00   7.5317742e+03   1.3846000e+04
   0.0000000e+00   0.0000000e+00   7.5225271e+03   1.4301000e+04
   0.0000000e+00   0.0000000e+00   7.5213597e+03   1.4399000e+04
   0.0000000e+00   0.0000000e+00   7.5149405e+03   1.4757000e+04
   0.0000000e+00   0.0000000e+00   7.5043585e+03   1.4984000e+04
   0.0000000e+00   0.0000000e+00   7.5011873e+03   1.5024000e+04
   0.0000000e+00   0.0000000e+00   7.4963825e+03   1.5290000e+04
   0.0000000e+00   0.0000000e+00   7.4629908e+03   1.5368000e+04
   0.0000000e+00   0.0000000e+00   7.4623175e+03   1.6057000e+04
   0.0000000e+00   0.0000000e+00   7.4507850e+03   1.6654000e+04
   0.0000000e+00   0.0000000e+00   7.4381010e+03   1.6920000e+04
   0.0000000e+00   0.0000000e+00   7.4329698e+03   1.7105000e+04
   0.0000000e+00   0.0000000e+00   7.4291231e+03   1.7540000e+04
   0.0000000e+00   0.0000000e+00   7.4229198e+03   1.7861000e+04
   0.0000000e+00   0.0000000e+00   7.4228672e+03   1.8013000e+04
   0.0000000e+00   0.0000000e+00   7.4223166e+03   1.8562000e+04
   0.0000000e+00   0.0000000e+00   7.4032282e+03   1.9129000e+04
   0.0000000e+00   0.0000000e+00   7.3945051e+03   1.9528000e+04
   0.0000000e+00   0.0000000e+00   7.3870925e+03   1.9916000e+04
   0.0000000e+00   0.0000000e+00   7.3870925e+03   2.0010000e+04
   0.0000000e+00   0.0000000e+00   7.3686213e+03   2.0410000e+04
   0.0000000e+00   0.0000000e+00   7.3487904e+03   2.0502000e+04
   0.0000000e+00   0.0000000e+00   7.3454541e+03   2.0800000e+04
   0.0000000e+00   0.0000000e+00   7.3422873e+03   2.0922000e+04
   0.0000000e+00   0.0000000e+00   7.3371425e+03   2.1346000e+04
   0.0000000e+00   0.0000000e+00   7.3352160e+03   2.1437000e+04
   0.0000000e+00   0.0000000e+00   7.3331399e+03   2.1539000e+04
   0.0000000e+00   0.0000000e+00   7.3197071e+03   2.1542000e+04
   0.0000000e+00   0.0000000e+00   7.3132703e+03   2.1570000e+04
   0.0000000e+00   0.0000000e+00   7.3066861e+03   2.1749000e+04
   0.0000000e+00   0.0000000e+00   7.3039246e+03   2.2714000e+04
   0.0000000e+00   0.0000000e+00   7.3038510e+03   2.2763000e+04
   0.0000000e+00   0.0000000e+00   7.3038510e+03   2.4721000e+04
   0.0000000e+00   0.0000000e+00   7.3012002e+03   2.4947000e+04
   0.0000000e+00   0.0000000e+00   7.2977437e+03   2.5996000e+04
   0.0000000e+00   0.0000000e+00   7.2960333e+03   2.6228000e+04
   0.0000000e+00   0.0000000e+00   7.2952528e+03   2.6389000e+04
   0.0000000e+00   0.0000000e+00   7.2915762e+03   2.6414000e+04
   0.0000000e+00   0.0000000e+00   7.2835616e+03   2.6639000e+04
   0.0000000e+00   0.0000000e+00   7.2824984e+03   2.7181000e+04
   0.0000000e+00   0.0000000e+00   7.2727398e+03   2.7358000e+04
   0.0000000e+00   0.0000000e+00   7.2639690e+03   2.8122000e+04
   0.0000000e+00   0.0000000e+00   7.2626495e+03   2.8411000e+04
   0.0000000e+00   0.0000000e+00   7.2624866e+03   2.8562000e+04
   0.0000000e+00   0.0000000e+00   7.2618306e+03   2.8827000e+04
   0.0000000e+00   0.0000000e+00   7.2618306e+03   2.9153000e+04
   0.0000000e+00   0.0000000e+00   7.2562791e+03   2.9263000e+04
   0.0000000e+00   0.0000000e+00   7.2549565e+03   2.9610000e+04
   0.0000000e+00   0.0000000e+00   7.2466247e+03   2.9648000e+04
   0.0000000e+00   0.0000000e+00   7.2318384e+03   3.0624000e+04
   0.0000000e+00   0.0000000e+00   7.2270727e+03   3.1617000e+04
   0.0000000e+00   0.0000000e+00   7.2250199e+03   3.3131000e+04
   0.0000000e+00   0.0000000e+00   7.2167760e+03   3.3327000e+04
   0.0000000e+00   0.0000000e+00   7.2050884e+03   3.3885000e+04
   0.0000000e+00   0.0000000e+00   7.2050884e+03   3.4198000e+04
   0.0000000e+00   0.0000000e+00   7.2050884e+03   3.6844000e+04
   0.0000000e+00   0.0000000e+00   7.2014903e+03   3.7060000e+04
   0.0000000e+00   0.0000000e+00   7.2014903e+03   3.8255000e+04
   0.0000000e+00   0.0000000e+00   7.2014903e+03   3.9489000e+04
   0.0000000e+00   0.0000000e+00   7.2014903e+03   4.1215000e+04
   0.0000000e+00   0.0000000e+00   7.2014903e+03   4.1693000e+04
   0.0000000e+00   0.0000000e+00   7.1964193e+03   4.2049000e+04
   0.0000000e+00   0.0000000e+00   7.1945703e+03   4.3253000e+04
   0.0000000e+00   0.0000000e+00   7.1945703e+03   4.3277000e+04
   0.0000000e+00   0.0000000e+00   7.1939030e+03   4.3548000e+04
   0.0000000e+00   0.0000000e+00   7.1936355e+03   4.4289000e+04
   0.0000000e+00   0.0000000e+00   7.1879945e+03   4.8896000e+04
   0.0000000e+00   0.0000000e+00   7.1875856e+03   5.0346000e+04
   0.0000000e+00   0.0000000e+00   7.1875856e+03   5.0466000e+04
   0.0000000e+00   0.0000000e+00   7.1847302e+03   5.0603000e+04
   0.0000000e+00   0.0000000e+00   7.1847302e+03   5.1486000e+04
   0.0000000e+00   0.0000000e+00   7.1817309e+03   5.1922000e+04
   0.0000000e+00   0.0000000e+00   7.1806310e+03   5.2109000e+04
   0.0000000e+00   0.0000000e+00   7.1783959e+03   5.2457000e+04
   0.0000000e+00   0.0000000e+00   7.1729786e+03   5.2926000e+04
   0.0000000e+00   0.0000000e+00   7.1729786e+03   5.2960000e+04
   0.0000000e+00   0.0000000e+00   7.1728861e+03   5.3276000e+04
   0.0000000e+00   0.0000000e+00   7.1728861e+03   5.3390000e+04
   0.0000000e+00   0.0000000e+00   7.1728861e+03   5.3474000e+04
   0.0000000e+00   0.0000000e+00   7.1724102e+03   5.6969000e+04
   0.0000000e+00   0.0000000e+00   7.1724102e+03   5.7303000e+04
   0.0000000e+00   0.0000000e+00   7.1724102e+03   5.7438000e+04
   0.0000000e+00   0.0000000e+00   7.1724102e+03   5.7682000e+04
   0.0000000e+00   0.0000000e+00   7.1724102e+03   5.7819000e+04
   0.0000000e+00   0.0000000e+00   7.1724102e+03   5.9577000e+04
   0.0000000e+00   0.0000000e+00   7.1709555e+03   5.9655000e+04
   0.0000000e+00   0.0000000e+00   7.1709555e+03   6.1702000e+04
   0.0000000e+00   0.0000000e+00   7.1628165e+03   6.1779000e+04
   0.0000000e+00   0.0000000e+00   7.1576630e+03   6.2043000e+04
   0.0000000e+00   0.0000000e+00   7.1576630e+03   6.2110000e+04
   0.0000000e+00   0.0000000e+00   7.1572001e+03   6.2242000e+04
   0.0000000e+00   0.0000000e+00   7.1372953e+03   6.2316000e+04
   0.0000000e+00   0.0000000e+00   7.1239080e+03   6.2433000e+04
   0.0000000e+00   0.0000000e+00   7.1235819e+03   6.2552000e+04
   0.0000000e+00   0.0000000e+00   7.1231938e+03   6.2973000e+04
   0.0000000e+00   0.0000000e+00   7.1120445e+03   6.3074000e+04
   0.0000000e+00   0.0000000e+00   7.1053344e+03   6.3794000e+04
   0.0000000e+00   0.0000000e+00   7.1053344e+03   6.4551000e+04
   0.0000000e+00   0.0000000e+00   7.1053344e+03   6.9027000e+04
   0.0000000e+00   0.0000000e+00   7.1053344e+03   6.9785000e+04
   0.0000000e+00   0.0000000e+00   7.1029178e+03   7.0638000e+04
   0.0000000e+00   0.0000000e+00   7.0942197e+03   7.0800000e+04
   0.0000000e+00   0.0000000e+00   7.0868534e+03   7.1158000e+04
   0.0000000e+00   0.0000000e+00   7.0868534e+03   7.1957000e+04
   0.0000000e+00   0.0000000e+00   7.0533710e+03   7.2205000e+04
   0.0000000e+00   0.0000000e+00   7.0475378e+03   7.2242000e+04
   0.0000000e+00   0.0000000e+00   7.0472992e+03   7.2657000e+04
   0.0000000e+00   0.0000000e+00   7.0472992e+03   7.2966000e+04
   0.0000000e+00   0.0000000e+00   7.0455991e+03   7.3511000e+04
   0.0000000e+00   0.0000000e+00   7.0433645e+03   7.3624000e+04
   0.0000000e+00   0.0000000e+00   7.0433645e+03   7.3637000e+04
   0.0000000e+00   0.0000000e+00   7.0433645e+03   7.3950000e+04
   0.0000000e+00   0.0000000e+00   7.0433645e+03   7.4032000e+04
   0.0000000e+00   0.0000000e+00   7.0410753e+03   7.4107000e+04
   0.0000000e+00   0.0000000e+00   7.0303451e+03   7.4217000e+04
   0.0000000e+00   0.0000000e+00   7.0252742e+03   7.4334000e+04
   0.0000000e+00   0.0000000e+00   7.0251934e+03   7.4860000e+04
   0.0000000e+00   0.0000000e+00   6.9522850e+03   7.5114000e+04
   0.0000000e+00   0.0000000e+00   6.9371626e+03   7.5492000e+04
   0.0000000e+00   0.0000000e+00   6.9255762e+03   7.6153000e+04
   0.0000000e+00   0.0000000e+00   6.9054820e+03   7.6220000e+04
   0.0000000e+00   0.0000000e+00   6.9040274e+03   7.6688000e+04
   0.0000000e+00   0.0000000e+00   6.9020382e+03   7.6712000e+04
   0.0000000e+00   0.0000000e+00   6.8994046e+03   7.6862000e+04
   0.0000000e+00   0.0000000e+00   6.8957280e+03   7.7038000e+04
   0.0000000e+00   0.0000000e+00   6.8928192e+03   7.7077000e+04
   0.0000000e+00   0.0000000e+00   6.8890666e+03   7.7337000e+04
   0.0000000e+00   0.0000000e+00   6.8890666e+03   7.7521000e+04
   0.0000000e+00   0.0000000e+00   6.8777579e+03   7.7990000e+04
   0.0000000e+00   0.0000000e+00   6.8765665e+03   7.8230000e+04
   0.0000000e+00   0.0000000e+00   6.8765665e+03   7.8367000e+04
   0.0000000e+00   0.0000000e+00   6.8764359e+03   7.8495000e+04
   0.0000000e+00   0.0000000e+00   6.8764359e+03   7.8785000e+04
   0.0000000e+00   0.0000000e+00   6.8747493e+03   7.9401000e+04
   0.0000000e+00   0.0000000e+00   6.8669575e+03   7.9649000e+04
   0.0000000e+00   0.0000000e+00   6.8622848e+03   8.0226000e+04
   0.0000000e+00   0.0000000e+00   6.8616453e+03   8.0269000e+04
   0.0000000e+00   0.0000000e+00   6.8602877e+03   8.0344000e+04
   0.0000000e+00   0.0000000e+00   6.8583494e+03   8.0395000e+04
   0.0000000e+00   0.0000000e+00   6.8583494e+03   8.0405000e+04
   0.0000000e+00   0.0000000e+00   6.8557547e+03   8.0527000e+04
   0.0000000e+00   0.0000000e+00   6.8418956e+03   8.0552000e+04
   0.0000000e+00   0.0000000e+00   6.8298327e+03   8.0690000e+04
   0.0000000e+00   0.0000000e+00   6.8200949e+03   8.0820000e+04
   0.0000000e+00   0.0000000e+00   6.8200949e+03   8.0858000e+04
   0.0000000e+00   0.0000000e+00   6.8117011e+03   8.1047000e+04
   0.0000000e+00   0.0000000e+00   6.8086117e+03   8.1209000e+04
   0.0000000e+00   0.0000000e+00   6.7992438e+03   8.1236000e+04
   0.0000000e+00   0.0000000e+00   6.7977892e+03   8.1528000e+04
   0.0000000e+00   0.0000000e+00   6.7977892e+03   8.1794000e+04
   0.0000000e+00   0.0000000e+00   6.7921399e+03   8.1849000e+04
   0.0000000e+00   0.0000000e+00   6.7910985e+03   8.2736000e+04
   0.0000000e+00   0.0000000e+00   6.7872896e+03   8.3372000e+04
   0.0000000e+00   0.0000000e+00   6.7767036e+03   8.3557000e+04
   0.0000000e+00   0.0000000e+00   6.7744364e+03   8.3631000e+04
   0.0000000e+00   0.0000000e+00   6.7665045e+03   8.5634000e+04
   0.0000000e+00   0.0000000e+00   6.7650498e+03   8.6148000e+04
   0.0000000e+00   0.0000000e+00   6.7648870e+03   8.6815000e+04
   0.0000000e+00   0.0000000e+00   6.7626557e+03   8.6906000e+04
   0.0000000e+00   0.0000000e+00   6.7620653e+03   8.7299000e+04
   0.0000000e+00   0.0000000e+00   6.7535677e+03   8.7455000e+04
   0.0000000e+00   0.0000000e+00   6.7495020e+03   8.7548000e+04
   0.0000000e+00   0.0000000e+00   6.7390099e+03   8.8039000e+04
   0.0000000e+00   0.0000000e+00   6.7375987e+03   8.9482000e+04
   0.0000000e+00   0.0000000e+00   6.7371672e+03   8.9894000e+04
   0.0000000e+00   0.0000000e+00   6.7287341e+03   9.0132000e+04
   0.0000000e+00   0.0000000e+00   6.7287341e+03   9.0992000e+04
   0.0000000e+00   0.0000000e+00   6.7277980e+03   9.1008000e+04
   0.0000000e+00   0.0000000e+00   6.7266300e+03   9.2323000e+04
   0.0000000e+00   0.0000000e+00   6.7265493e+03   9.3139000e+04
   0.0000000e+00   0.0000000e+00   6.7182752e+03   9.3488000e+04
   0.0000000e+00   0.0000000e+00   6.7145225e+03   9.3584000e+04
   0.0000000e+00   0.0000000e+00   6.7145225e+03   9.3629000e+04
   0.0000000e+00   0.0000000e+00   6.7089039e+03   9.3882000e+04
   0.0000000e+00   0.0000000e+00   6.6999766e+03   9.4191000e+04
   0.0000000e+00   0.0000000e+00   6.6900310e+03   9.4639000e+04
   0.0000000e+00   0.0000000e+00   6.6848227e+03   9.5255000e+04
   0.0000000e+00   0.0000000e+00   6.6848227e+03   9.5472000e+04
   0.0000000e+00   0.0000000e+00   6.6848227e+03   9.6240000e+04
   0.0000000e+00   0.0000000e+00   6.6808403e+03   9.7141000e+04
   0.0000000e+00   0.0000000e+00   6.6808403e+03   9.8702000e+04
   0.0000000e+00   0.0000000e+00   6.6806828e+03   1.0018100e+05
   0.0000000e+00   0.0000000e+00   6.6801580e+03   1.0023600e+05
   0.0000000e+00   0.0000000e+00   6.6801580e+03   1.0027300e+05
   0.0000000e+00   0.0000000e+00   6.6770105e+03   1.0106200e+05
   0.0000000e+00   0.0000000e+00   6.6770105e+03   1.0126300e+05
   0.0000000e+00   0.0000000e+00   6.6692187e+03   1.0127600e+05
   0.0000000e+00   0.0000000e+00   6.6672003e+03   1.0175300e+05
   0.0000000e+00   0.0000000e+00   6.6672003e+03   1.0298900e+05
   0.0000000e+00   0.0000000e+00   6.6672003e+03   1.0302300e+05
   0.0000000e+00   0.0000000e+00   6.6672003e+03   1.0345200e+05
   0.0000000e+00   0.0000000e+00   6.6672003e+03   1.0373800e+05
   0.0000000e+00   0.0000000e+00   6.6649652e+03   1.0393600e+05
   0.0000000e+00   0.0000000e+00   6.6632766e+03   1.0572900e+05
   0.0000000e+00   0.0000000e+00   6.6632766e+03   1.0664400e+05
   0.0000000e+00   0.0000000e+00   6.6632766e+03   1.0699600e+05
   0.0000000e+00   0.0000000e+00   6.6556018e+03   1.0755400e+05
   0.0000000e+00   0.0000000e+00   6.6533667e+03   1.0850800e+05
   0.0000000e+00   0.0000000e+00   6.6533667e+03   1.0852800e+05
   0.0000000e+00   0.0000000e+00   6.6528736e+03   1.0907100e+05
   0.0000000e+00   0.0000000e+00   6.6528736e+03   1.0982100e+05
   0.0000000e+00   0.0000000e+00   6.6528736e+03   1.1013100e+05
   0.0000000e+00   0.0000000e+00   6.6528736e+03   1.1059800e+05
   0.0000000e+00   0.0000000e+00   6.6528736e+03   1.1077100e+05
   0.0000000e+00   0.0000000e+00   6.6509633e+03   1.1152700e+05
   0.0000000e+00   0.0000000e+00   6.6509633e+03   1.1335500e+05
   0.0000000e+00   0.0000000e+00   6.6509633e+03   1.1341600e+05
   0.0000000e+00   0.0000000e+00   6.6509433e+03   1.1360100e+05
   0.0000000e+00   0.0000000e+00   6.6509433e+03   1.1372200e+05
   0.0000000e+00   0.0000000e+00   6.6509433e+03   1.1557000e+05
   0.0000000e+00   0.0000000e+00   6.6509433e+03   1.1597600e+05
   0.0000000e+00   0.0000000e+00   6.6509433e+03   1.2167100e+05
   0.0000000e+00   0.0000000e+00   6.6509433e+03   1.2292500e+05
   0.0000000e+00   0.0000000e+00   6.6509433e+03   1.2380800e+05
   0.0000000e+00   0.0000000e+00   6.6509433e+03   1.2486500e+05
   0.0000000e+00   0.0000000e+00   6.6509433e+03   1.2722500e+05
   0.0000000e+00   0.0000000e+00   6.6509433e+03   1.2788600e+05
   0.0000000e+00   0.0000000e+00   6.6509433e+03   1.2869500e+05
   0.0000000e+00   0.0000000e+00   6.6509433e+03   1.2953700e+05
   0.0000000e+00   0.0000000e+00   6.6509433e+03   1.2964900e+05
   0.0000000e+00   0.0000000e+00   6.6509433e+03   1.2991500e+05
   0.0000000e+00   0.0000000e+00   6.6509433e+03   1.3009400e+05
   0.0000000e+00   0.0000000e+00   6.6462637e+03   1.3045300e+05
   0.0000000e+00   0.0000000e+00   6.6462637e+03   1.3089700e+05
   0.0000000e+00   0.0000000e+00   6.6462637e+03   1.3111700e+05
   0.0000000e+00   0.0000000e+00   6.6462637e+03   1.3407000e+05
   0.0000000e+00   0.0000000e+00   6.6462637e+03   1.3440800e+05
   0.0000000e+00   0.0000000e+00   6.6462637e+03   1.3464700e+05
   0.0000000e+00   0.0000000e+00   6.6462637e+03   1.3550400e+05
   0.0000000e+00   0.0000000e+00   6.6462637e+03   1.3788000e+05
   0.0000000e+00   0.0000000e+00   6.6462637e+03   1.3962600e+05
   0.0000000e+00   0.0000000e+00   6.6462637e+03   1.3980800e+05
   0.0000000e+00   0.0000000e+00   6.6462637e+03   1.4026100e+05
   0.0000000e+00   0.0000000e+00   6.6462637e+03   1.4145900e+05
   0.0000000e+00   0.0000000e+00   6.6462637e+03   1.4158100e+05
   0.0000000e+00   0.0000000e+00   6.6462637e+03   1.4251900e+05
   0.0000000e+00   0.0000000e+00   6.6462637e+03   1.4252700e+05
   0.0000000e+00   0.0000000e+00   6.6462637e+03   1.4282500e+05
   0.0000000e+00   0.0000000e+00   6.6462637e+03   1.4310500e+05
   0.0000000e+00   0.0000000e+00   6.6458054e+03   1.4451000e+05
   0.0000000e+00   0.0000000e+00   6.6453682e+03   1.4629600e+05
   0.0000000e+00   0.0000000e+00   6.6453682e+03   1.4646100e+05
   0.0000000e+00   0.0000000e+00   6.6453682e+03   1.4807800e+05
   0.0000000e+00   0.0000000e+00   6.6439136e+03   1.4986800e+05
   0.0000000e+00   0.0000000e+00   6.6439136e+03   1.5129200e+05
   0.0000000e+00   0.0000000e+00   6.6439136e+03   1.5143700e+05
   0.0000000e+00   0.0000000e+00   6.6409599e+03   1.5178300e+05
   0.0000000e+00   0.0000000e+00   6.6409599e+03   1.5188200e+05
   0.0000000e+00   0.0000000e+00   6.6409599e+03   1.5310100e+05
   0.0000000e+00   0.0000000e+00   6.6409599e+03   1.5325300e+05
   0.0000000e+00   0.0000000e+00   6.6409599e+03   1.5381800e+05
   0.0000000e+00   0.0000000e+00   6.6409599e+03   1.5602100e+05
   0.0000000e+00   0.0000000e+00   6.6409599e+03   1.5668000e+05
   0.0000000e+00   0.0000000e+00   6.6356218e+03   1.5688000e+05
   0.0000000e+00   0.0000000e+00   6.6356218e+03   1.5775600e+05
   0.0000000e+00   0.0000000e+00   6.6356218e+03   1.5855200e+05
   0.0000000e+00   0.0000000e+00   6.6356218e+03   1.6016600e+05
   0.0000000e+00   0.0000000e+00   6.6356218e+03   1.6087800e+05
   0.0000000e+00   0.0000000e+00   6.6312378e+03   1.6097100e+05
   0.0000000e+00   0.0000000e+00   6.6312378e+03   1.6136000e+05
   0.0000000e+00   0.0000000e+00   6.6312378e+03   1.6232700e+05
   0.0000000e+00   0.0000000e+00   6.6279464e+03   1.6236900e+05
   0.0000000e+00   0.0000000e+00   6.6279464e+03   1.6295500e+05
   0.0000000e+00   0.0000000e+00   6.6279464e+03   1.6333200e+05
   0.0000000e+00   0.0000000e+00   6.6279464e+03   1.6362100e+05
   0.0000000e+00   0.0000000e+00   6.6279464e+03   1.6586000e+05
   0.0000000e+00   0.0000000e+00   6.6279464e+03   1.6638700e+05
   0.0000000e+00   0.0000000e+00   6.6279464e+03   1.6651100e+05
   0.0000000e+00   0.0000000e+00   6.6279464e+03   1.7354900e+05
   0.0000000e+00   0.0000000e+00   6.6279464e+03   1.7530400e+05
   0.0000000e+00   0.0000000e+00   6.6279464e+03   1.7645300e+05
   0.0000000e+00   0.0000000e+00   6.6279464e+03   1.7740200e+05
   0.0000000e+00   0.0000000e+00   6.6279464e+03   1.7879300e+05
   0.0000000e+00   0.0000000e+00   6.6279464e+03   1.8133900e+05
   0.0000000e+00   0.0000000e+00   6.6220269e+03   1.8267000e+05
   0.0000000e+00   0.0000000e+00   6.6220269e+03   1.8279400e+05
   0.0000000e+00   0.0000000e+00   6.6220269e+03   1.8301000e+05
   0.0000000e+00   0.0000000e+00   6.6220269e+03   1.8312900e+05
   0.0000000e+00   0.0000000e+00   6.6220269e+03   1.8326700e+05
   0.0000000e+00   0.0000000e+00   6.6220269e+03   1.8335000e+05
   0.0000000e+00   0.0000000e+00   6.6220269e+03   1.8498100e+05
   0.0000000e+00   0.0000000e+00   6.6220269e+03   1.8519100e+05
   0.0000000e+00   0.0000000e+00   6.6220269e+03   1.8713300e+05
   0.0000000e+00   0.0000000e+00   6.6220269e+03   1.8719200e+05
   0.0000000e+00   0.0000000e+00   6.6220269e+03   1.8777600e+05
   0.0000000e+00   0.0000000e+00   6.6220269e+03   1.9007900e+05
   0.0000000e+00   0.0000000e+00   6.6220269e+03   1.9094300e+05
   0.0000000e+00   0.0000000e+00   6.6220269e+03   1.9280000e+05
   0.0000000e+00   0.0000000e+00   6.6220269e+03   1.9327200e+05
   0.0000000e+00   0.0000000e+00   6.6220269e+03   1.9499800e+05
   0.0000000e+00   0.0000000e+00   6.6220269e+03   1.9656600e+05
   0.0000000e+00   0.0000000e+00   6.6220269e+03   1.9809000e+05
   0.0000000e+00   0.0000000e+00   6.6220269e+03   1.9982600e+05
