   2.1480619e+02   9.7588326e+00   1.5100871e+04   2.0000000e+00
   1.6428107e+02   5.5225953e+00   1.7720643e+04   5.0000000e+00
   1.5504004e+02   5.3503444e+00   1.7416234e+04   6.0000000e+00
   1.4955682e+02   4.3282101e+00   1.8617996e+04   7.0000000e+00
   1.4486256e+02   3.7839546e+00   1.9321744e+04   8.0000000e+00
   1.3436489e+02   2.9998773e+00   1.9364646e+04   9.0000000e+00
   1.2822247e+02   2.6658904e+00   2.1375274e+04   1.0000000e+01
   1.1944804e+02   2.6958879e+00   2.0479288e+04   1.6000000e+01
   1.1721049e+02   4.3312030e+00   2.0156547e+04   1.7000000e+01
   1.0963557e+02   2.6568443e+00   1.9554942e+04   2.0000000e+01
   1.0188165e+02   2.6556282e+00   1.8905383e+04   2.3000000e+01
   9.5537815e+01   1.8610092e+00   1.8795310e+04   2.4000000e+01
   8.8668638e+01   1.3241100e+00   1.9184414e+04   2.5000000e+01
   8.3241169e+01   7.5699651e-01   1.9611895e+04   2.6000000e+01
   6.6630475e+01   6.8068843e-01   1.8951891e+04   2.7000000e+01
   5.7556939e+01   1.2622102e+00   1.8430160e+04   2.8000000e+01
   5.7110431e+01   7.9361972e-01   1.8332804e+04   2.9000000e+01
   5.6932918e+01   9.9756993e-01   1.7419429e+04   3.0000000e+01
   5.4309433e+01   9.7010672e-01   1.7362610e+04   3.1000000e+01
   4.7394623e+01   4.5316067e-01   1.9243112e+04   3.2000000e+01
   4.5548371e+01   5.2607886e-01   1.8700319e+04   3.5000000e+01
   4.5465055e+01   6.3812636e-01   1.8047717e+04   3.6000000e+01
   4.3499098e+01   5.7714068e-01   1.7807217e+04   3.7000000e+01
   4.1159486e+01   3.6695645e-01   1.7517801e+04   3.9000000e+01
   3.6570650e+01   2.4670041e-01   1.8769008e+04   4.0000000e+01
   3.2534216e+01   1.3159493e-01   1.9238065e+04   4.3000000e+01
   3.2298307e+01   1.2103093e-01   1.8722349e+04   4.4000000e+01
   2.8827932e+01   6.5950013e-02   1.8757627e+04   4.5000000e+01
   2.4850560e+01   6.3551802e-02   1.9357240e+04   4.6000000e+01
   2.4271244e+01   8.9184010e-03   2.0190078e+04   4.8000000e+01
   2.2532336e+01   0.0000000e+00   1.9875389e+04   5.0000000e+01
   1.9250800e+01   0.0000000e+00   2.1276748e+04   5.1000000e+01
   1.5703106e+01   0.0000000e+00   2.2563182e+04   5.2000000e+01
   6.2372148e+00   0.0000000e+00   2.2275152e+04   5.3000000e+01
   6.0972693e+00   0.0000000e+00   2.2468553e+04   5.7000000e+01
   4.4956917e+00   0.0000000e+00   2.2246300e+04   5.9000000e+01
   4.3227687e+00   0.0000000e+00   2.2340276e+04   6.1000000e+01
   3.3124067e+00   0.0000000e+00   2.1872090e+04   6.5000000e+01
   3.0207933e+00   0.0000000e+00   2.3149275e+04   6.7000000e+01
   2.9961550e+00   0.0000000e+00   2.4893442e+04   6.8000000e+01
   1.7617462e+00   0.0000000e+00   2.4736647e+04   7.0000000e+01
   1.6037505e+00   0.0000000e+00   2.4749039e+04   7.2000000e+01
   1.4117019e+00   0.0000000e+00   2.5303594e+04   7.9000000e+01
   1.3186135e+00   0.0000000e+00   2.6473936e+04   8.1000000e+01
   1.2394335e+00   0.0000000e+00   2.6422652e+04   8.2000000e+01
   1.1734712e+00   0.0000000e+00   2.6991924e+04   8.4000000e+01
   1.0679243e+00   0.0000000e+00   2.6578438e+04   8.9000000e+01
   9.5592269e-01   0.0000000e+00   2.6059404e+04   9.1000000e+01
   8.5640618e-01   0.0000000e+00   2.4910058e+04   9.6000000e+01
   8.5551403e-01   0.0000000e+00   2.5955773e+04   1.1500000e+02
   3.0526262e-01   0.0000000e+00   2.6306371e+04   1.2300000e+02
   2.1190861e-01   0.0000000e+00   2.6132262e+04   1.2700000e+02
   1.9517728e-01   0.0000000e+00   2.7148742e+04   1.3900000e+02
   1.5793285e-01   0.0000000e+00   2.6488844e+04   1.4500000e+02
   1.5713475e-01   0.0000000e+00   2.7631082e+04   1.5300000e+02
   1.0010520e-01   0.0000000e+00   2.6448411e+04   1.5500000e+02
   9.7302882e-02   0.0000000e+00   2.5258564e+04   1.5900000e+02
   7.4329033e-02   0.0000000e+00   2.6524061e+04   1.6300000e+02
   5.9783122e-02   0.0000000e+00   2.6441147e+04   1.6400000e+02
   4.8677042e-02   0.0000000e+00   2.8259598e+04   1.7500000e+02
   3.7369371e-02   0.0000000e+00   2.9444844e+04   1.7700000e+02
   1.8222395e-02   0.0000000e+00   2.9554603e+04   1.8600000e+02
   0.0000000e+00   0.0000000e+00   3.1014547e+04   1.8800000e+02
   0.0000000e+00   0.0000000e+00   3.0658359e+04   1.9200000e+02
   0.0000000e+00   0.0000000e+00   3.0138869e+04   1.9300000e+02
   0.0000000e+00   0.0000000e+00   2.9246166e+04   1.9600000e+02
   0.0000000e+00   0.0000000e+00   2.8441813e+04   1.9800000e+02
   0.0000000e+00   0.0000000e+00   2.7274865e+04   2.0400000e+02
   0.0000000e+00   0.0000000e+00   2.6778378e+04   2.0500000e+02
   0.0000000e+00   0.0000000e+00   2.5770638e+04   2.0700000e+02
   0.0000000e+00   0.0000000e+00   2.5250630e+04   2.0900000e+02
   0.0000000e+00   0.0000000e+00   2.4617392e+04   2.1000000e+02
   0.0000000e+00   0.0000000e+00   2.4369860e+04   2.1100000e+02
   0.0000000e+00   0.0000000e+00   2.4069590e+04   2.1200000e+02
   0.0000000e+00   0.0000000e+00   2.3509744e+04   2.2000000e+02
   0.0000000e+00   0.0000000e+00   2.2715943e+04   2.2300000e+02
   0.0000000e+00   0.0000000e+00   2.2260923e+04   2.2400000e+02
   0.0000000e+00   0.0000000e+00   2.1701501e+04   2.4000000e+02
   0.0000000e+00   0.0000000e+00   2.1520541e+04   2.4200000e+02
   0.0000000e+00   0.0000000e+00   2.0841984e+04   2.4500000e+02
   0.0000000e+00   0.0000000e+00   2.0775837e+04   2.4800000e+02
   0.0000000e+00   0.0000000e+00   2.0341970e+04   2.5000000e+02
   0.0000000e+00   0.0000000e+00   2.0291245e+04   2.5400000e+02
   0.0000000e+00   0.0000000e+00   1.9981362e+04   2.5600000e+02
   0.0000000e+00   0.0000000e+00   1.9613288e+04   2.5800000e+02
   0.0000000e+00   0.0000000e+00   1.9288030e+04   2.6400000e+02
   0.0000000e+00   0.0000000e+00   1.8947521e+04   2.7100000e+02
   0.0000000e+00   0.0000000e+00   1.8897685e+04   2.7400000e+02
   0.0000000e+00   0.0000000e+00   1.8548946e+04   2.7700000e+02
   0.0000000e+00   0.0000000e+00   1.8365391e+04   2.7800000e+02
   0.0000000e+00   0.0000000e+00   1.7814239e+04   2.8400000e+02
   0.0000000e+00   0.0000000e+00   1.7779126e+04   2.8900000e+02
   0.0000000e+00   0.0000000e+00   1.7011793e+04   2.9000000e+02
   0.0000000e+00   0.0000000e+00   1.6716630e+04   2.9500000e+02
   0.0000000e+00   0.0000000e+00   1.6456055e+04   2.9800000e+02
   0.0000000e+00   0.0000000e+00   1.5864040e+04   3.0200000e+02
   0.0000000e+00   0.0000000e+00   1.5221975e+04   3.0300000e+02
   0.0000000e+00   0.0000000e+00   1.5079133e+04   3.1100000e+02
   0.0000000e+00   0.0000000e+00   1.5047228e+04   3.1700000e+02
   0.0000000e+00   0.0000000e+00   1.4649189e+04   3.2600000e+02
   0.0000000e+00   0.0000000e+00   1.4357542e+04   3.2700000e+02
   0.0000000e+00   0.0000000e+00   1.4201278e+04   3.4400000e+02
   0.0000000e+00   0.0000000e+00   1.3534353e+04   3.5300000e+02
   0.0000000e+00   0.0000000e+00   1.3455127e+04   3.5500000e+02
   0.0000000e+00   0.0000000e+00   1.3321830e+04   3.6400000e+02
   0.0000000e+00   0.0000000e+00   1.2918257e+04   3.6800000e+02
   0.0000000e+00   0.0000000e+00   1.2712040e+04   3.7100000e+02
   0.0000000e+00   0.0000000e+00   1.2671786e+04   3.7600000e+02
   0.0000000e+00   0.0000000e+00   1.2604410e+04   3.8800000e+02
   0.0000000e+00   0.0000000e+00   1.2480596e+04   3.9000000e+02
   0.0000000e+00   0.0000000e+00   1.2212411e+04   3.9200000e+02
   0.0000000e+00   0.0000000e+00   1.2181953e+04   4.0000000e+02
   0.0000000e+00   0.0000000e+00   1.2072180e+04   4.0200000e+02
   0.0000000e+00   0.0000000e+00   1.2038491e+04   4.0900000e+02
   0.0000000e+00   0.0000000e+00   1.2024113e+04   4.1900000e+02
   0.0000000e+00   0.0000000e+00   1.1971088e+04   4.3200000e+02
   0.0000000e+00   0.0000000e+00   1.1759034e+04   4.4800000e+02
   0.0000000e+00   0.0000000e+00   1.1532562e+04   4.5100000e+02
   0.0000000e+00   0.0000000e+00   1.1494749e+04   4.5300000e+02
   0.0000000e+00   0.0000000e+00   1.1435374e+04   4.5600000e+02
   0.0000000e+00   0.0000000e+00   1.1401238e+04   4.8700000e+02
   0.0000000e+00   0.0000000e+00   1.1183766e+04   4.9400000e+02
   0.0000000e+00   0.0000000e+00   1.1060514e+04   4.9600000e+02
   0.0000000e+00   0.0000000e+00   1.0915038e+04   5.0900000e+02
   0.0000000e+00   0.0000000e+00   1.0760196e+04   5.1300000e+02
   0.0000000e+00   0.0000000e+00   1.0667636e+04   5.1400000e+02
   0.0000000e+00   0.0000000e+00   1.0630522e+04   5.1700000e+02
   0.0000000e+00   0.0000000e+00   1.0570826e+04   5.1800000e+02
   0.0000000e+00   0.0000000e+00   1.0409090e+04   5.1900000e+02
   0.0000000e+00   0.0000000e+00   1.0235954e+04   5.2100000e+02
   0.0000000e+00   0.0000000e+00   1.0038698e+04   5.2200000e+02
   0.0000000e+00   0.0000000e+00   9.9977901e+03   5.3800000e+02
   0.0000000e+00   0.0000000e+00   9.8770651e+03   5.4000000e+02
   0.0000000e+00   0.0000000e+00   9.8374768e+03   5.4700000e+02
   0.0000000e+00   0.0000000e+00   9.6085393e+03   5.5000000e+02
   0.0000000e+00   0.0000000e+00   9.5687262e+03   5.6600000e+02
   0.0000000e+00   0.0000000e+00   9.3547508e+03   5.9000000e+02
   0.0000000e+00   0.0000000e+00   9.3389041e+03   5.9700000e+02
   0.0000000e+00   0.0000000e+00   9.0648341e+03   5.9800000e+02
   0.0000000e+00   0.0000000e+00   8.8942355e+03   6.1100000e+02
   0.0000000e+00   0.0000000e+00   8.6771372e+03   6.1300000e+02
   0.0000000e+00   0.0000000e+00   8.5286760e+03   6.2300000e+02
   0.0000000e+00   0.0000000e+00   8.4747228e+03   7.1700000e+02
   0.0000000e+00   0.0000000e+00   8.4340884e+03   7.6200000e+02
   0.0000000e+00   0.0000000e+00   8.3440633e+03   8.4000000e+02
   0.0000000e+00   0.0000000e+00   8.2994386e+03   8.4200000e+02
   0.0000000e+00   0.0000000e+00   8.2695487e+03   8.4700000e+02
   0.0000000e+00   0.0000000e+00   8.2215661e+03   8.8700000e+02
   0.0000000e+00   0.0000000e+00   8.0676957e+03   8.8800000e+02
   0.0000000e+00   0.0000000e+00   8.0333951e+03   8.9300000e+02
   0.0000000e+00   0.0000000e+00   7.9987140e+03   9.4200000e+02
   0.0000000e+00   0.0000000e+00   7.9939318e+03   9.4600000e+02
   0.0000000e+00   0.0000000e+00   7.9518810e+03   9.5100000e+02
   0.0000000e+00   0.0000000e+00   7.8458539e+03   9.5700000e+02
   0.0000000e+00   0.0000000e+00   7.8341525e+03   9.6000000e+02
   0.0000000e+00   0.0000000e+00   7.7707939e+03   1.0390000e+03
   0.0000000e+00   0.0000000e+00   7.7252024e+03   1.1460000e+03
   0.0000000e+00   0.0000000e+00   7.6915429e+03   1.1760000e+03
   0.0000000e+00   0.0000000e+00   7.6598564e+03   1.1770000e+03
   0.0000000e+00   0.0000000e+00   7.6507390e+03   1.2420000e+03
   0.0000000e+00   0.0000000e+00   7.5702782e+03   1.2590000e+03
   0.0000000e+00   0.0000000e+00   7.5394587e+03   1.3610000e+03
   0.0000000e+00   0.0000000e+00   7.5348397e+03   1.3820000e+03
   0.0000000e+00   0.0000000e+00   7.5282856e+03   1.3840000e+03
   0.0000000e+00   0.0000000e+00   7.4709915e+03   1.3920000e+03
   0.0000000e+00   0.0000000e+00   7.4433199e+03   1.4120000e+03
   0.0000000e+00   0.0000000e+00   7.4238085e+03   1.4520000e+03
   0.0000000e+00   0.0000000e+00   7.4038325e+03   1.5090000e+03
   0.0000000e+00   0.0000000e+00   7.3797026e+03   1.5470000e+03
   0.0000000e+00   0.0000000e+00   7.3622013e+03   1.5480000e+03
   0.0000000e+00   0.0000000e+00   7.3582578e+03   1.6100000e+03
   0.0000000e+00   0.0000000e+00   7.3347730e+03   1.6510000e+03
   0.0000000e+00   0.0000000e+00   7.2498072e+03   1.6850000e+03
   0.0000000e+00   0.0000000e+00   7.2466316e+03   1.7190000e+03
   0.0000000e+00   0.0000000e+00   7.2421065e+03   1.7390000e+03
   0.0000000e+00   0.0000000e+00   7.2229528e+03   1.7990000e+03
   0.0000000e+00   0.0000000e+00   7.2127943e+03   1.8810000e+03
   0.0000000e+00   0.0000000e+00   7.2103149e+03   1.9110000e+03
   0.0000000e+00   0.0000000e+00   7.1989177e+03   1.9310000e+03
   0.0000000e+00   0.0000000e+00   7.1942553e+03   2.6770000e+03
   0.0000000e+00   0.0000000e+00   7.1853144e+03   2.7380000e+03
   0.0000000e+00   0.0000000e+00   7.1847805e+03   2.7900000e+03
   0.0000000e+00   0.0000000e+00   7.1846214e+03   2.8050000e+03
   0.0000000e+00   0.0000000e+00   7.1824085e+03   2.8800000e+03
   0.0000000e+00   0.0000000e+00   7.1661079e+03   2.8890000e+03
   0.0000000e+00   0.0000000e+00   7.1612233e+03   2.9530000e+03
   0.0000000e+00   0.0000000e+00   7.1590111e+03   3.1430000e+03
   0.0000000e+00   0.0000000e+00   7.1392469e+03   3.1770000e+03
   0.0000000e+00   0.0000000e+00   7.1321745e+03   3.1790000e+03
   0.0000000e+00   0.0000000e+00   7.1292994e+03   3.1960000e+03
   0.0000000e+00   0.0000000e+00   7.1276075e+03   3.2780000e+03
   0.0000000e+00   0.0000000e+00   7.1227895e+03   3.3510000e+03
   0.0000000e+00   0.0000000e+00   7.1135166e+03   3.5980000e+03
   0.0000000e+00   0.0000000e+00   7.1104916e+03   3.8570000e+03
   0.0000000e+00   0.0000000e+00   7.1081415e+03   3.9520000e+03
   0.0000000e+00   0.0000000e+00   7.1014119e+03   4.2330000e+03
   0.0000000e+00   0.0000000e+00   7.1004896e+03   4.2630000e+03
   0.0000000e+00   0.0000000e+00   7.0941099e+03   4.2720000e+03
   0.0000000e+00   0.0000000e+00   7.0586419e+03   4.6050000e+03
   0.0000000e+00   0.0000000e+00   7.0488986e+03   4.6130000e+03
   0.0000000e+00   0.0000000e+00   7.0487938e+03   5.0640000e+03
   0.0000000e+00   0.0000000e+00   7.0312295e+03   5.3120000e+03
   0.0000000e+00   0.0000000e+00   7.0309091e+03   5.3650000e+03
   0.0000000e+00   0.0000000e+00   7.0227012e+03   5.4640000e+03
   0.0000000e+00   0.0000000e+00   7.0209561e+03   5.8770000e+03
   0.0000000e+00   0.0000000e+00   7.0177158e+03   5.9920000e+03
   0.0000000e+00   0.0000000e+00   7.0160780e+03   6.3360000e+03
   0.0000000e+00   0.0000000e+00   7.0141931e+03   6.9100000e+03
   0.0000000e+00   0.0000000e+00   7.0130739e+03   6.9440000e+03
   0.0000000e+00   0.0000000e+00   7.0128258e+03   7.0150000e+03
   0.0000000e+00   0.0000000e+00   7.0109509e+03   8.0490000e+03
   0.0000000e+00   0.0000000e+00   7.0100639e+03   8.3970000e+03
   0.0000000e+00   0.0000000e+00   7.0090738e+03   9.3290000e+03
   0.0000000e+00   0.0000000e+00   7.0082040e+03   1.0265000e+04
   0.0000000e+00   0.0000000e+00   7.0067506e+03   1.0913000e+04
   0.0000000e+00   0.0000000e+00   7.0059671e+03   1.1131000e+04
   0.0000000e+00   0.0000000e+00   7.0046452e+03   1.2600000e+04
   0.0000000e+00   0.0000000e+00   7.0030920e+03   1.2913000e+04
   0.0000000e+00   0.0000000e+00   7.0007187e+03   1.7553000e+04
   0.0000000e+00   0.0000000e+00   6.9990052e+03   1.7707000e+04
   0.0000000e+00   0.0000000e+00   6.9989654e+03   1.7834000e+04
   0.0000000e+00   0.0000000e+00   6.9978161e+03   1.8015000e+04
   0.0000000e+00   0.0000000e+00   6.9962078e+03   1.8192000e+04
   0.0000000e+00   0.0000000e+00   6.9953410e+03   1.8224000e+04
   0.0000000e+00   0.0000000e+00   6.9947851e+03   1.8348000e+04
   0.0000000e+00   0.0000000e+00   6.9936923e+03   1.8608000e+04
   0.0000000e+00   0.0000000e+00   6.9928855e+03   1.8913000e+04
   0.0000000e+00   0.0000000e+00   6.9906182e+03   1.9447000e+04
   0.0000000e+00   0.0000000e+00   6.9903193e+03   2.0413000e+04
   0.0000000e+00   0.0000000e+00   6.9893286e+03   2.1080000e+04
   0.0000000e+00   0.0000000e+00   6.9887654e+03   2.2342000e+04
   0.0000000e+00   0.0000000e+00   6.9886945e+03   2.4792000e+04
   0.0000000e+00   0.0000000e+00   6.9881719e+03   2.5486000e+04
   0.0000000e+00   0.0000000e+00   6.9879179e+03   2.7412000e+04
   0.0000000e+00   0.0000000e+00   6.9876640e+03   2.7629000e+04
   0.0000000e+00   0.0000000e+00   6.9872953e+03   3.0339000e+04
   0.0000000e+00   0.0000000e+00   6.9870197e+03   3.1670000e+04
   0.0000000e+00   0.0000000e+00   6.9862758e+03   3.4815000e+04
   0.0000000e+00   0.0000000e+00   6.9858419e+03   3.8561000e+04
   0.0000000e+00   0.0000000e+00   6.9858419e+03   4.0619000e+04
   0.0000000e+00   0.0000000e+00   6.9856487e+03   4.2088000e+04
   0.0000000e+00   0.0000000e+00   6.9850212e+03   4.3076000e+04
   0.0000000e+00   0.0000000e+00   6.9850212e+03   4.3269000e+04
   0.0000000e+00   0.0000000e+00   6.9845873e+03   4.6319000e+04
   0.0000000e+00   0.0000000e+00   6.9842218e+03   4.7299000e+04
   0.0000000e+00   0.0000000e+00   6.9842218e+03   4.7697000e+04
   0.0000000e+00   0.0000000e+00   6.9842218e+03   4.7843000e+04
   0.0000000e+00   0.0000000e+00   6.9840425e+03   5.0807000e+04
   0.0000000e+00   0.0000000e+00   6.9837952e+03   5.0950000e+04
   0.0000000e+00   0.0000000e+00   6.9836053e+03   5.1877000e+04
   0.0000000e+00   0.0000000e+00   6.9836053e+03   5.1886000e+04
   0.0000000e+00   0.0000000e+00   6.9836053e+03   5.5815000e+04
   0.0000000e+00   0.0000000e+00   6.9836053e+03   5.6124000e+04
   0.0000000e+00   0.0000000e+00   6.9836053e+03   5.7288000e+04
   0.0000000e+00   0.0000000e+00   6.9831825e+03   5.7404000e+04
   0.0000000e+00   0.0000000e+00   6.9831825e+03   5.7722000e+04
   0.0000000e+00   0.0000000e+00   6.9831825e+03   5.8525000e+04
   0.0000000e+00   0.0000000e+00   6.9831825e+03   6.1572000e+04
   0.0000000e+00   0.0000000e+00   6.9831825e+03   6.1625000e+04
   0.0000000e+00   0.0000000e+00   6.9831825e+03   6.2960000e+04
   0.0000000e+00   0.0000000e+00   6.9831825e+03   6.6268000e+04
   0.0000000e+00   0.0000000e+00   6.9831825e+03   6.6737000e+04
   0.0000000e+00   0.0000000e+00   6.9829995e+03   6.9283000e+04
   0.0000000e+00   0.0000000e+00   6.9829995e+03   7.1509000e+04
   0.0000000e+00   0.0000000e+00   6.9828165e+03   7.4835000e+04
   0.0000000e+00   0.0000000e+00   6.9828165e+03   7.4939000e+04
   0.0000000e+00   0.0000000e+00   6.9828165e+03   7.6433000e+04
   0.0000000e+00   0.0000000e+00   6.9828165e+03   7.8402000e+04
   0.0000000e+00   0.0000000e+00   6.9828165e+03   8.2640000e+04
   0.0000000e+00   0.0000000e+00   6.9828165e+03   8.3840000e+04
   0.0000000e+00   0.0000000e+00   6.9826299e+03   8.4315000e+04
   0.0000000e+00   0.0000000e+00   6.9826299e+03   8.8596000e+04
   0.0000000e+00   0.0000000e+00   6.9826299e+03   9.1333000e+04
   0.0000000e+00   0.0000000e+00   6.9826299e+03   9.3384000e+04
   0.0000000e+00   0.0000000e+00   6.9826299e+03   9.6335000e+04
   0.0000000e+00   0.0000000e+00   6.9826299e+03   9.7405000e+04
   0.0000000e+00   0.0000000e+00   6.9826299e+03   9.8286000e+04
   0.0000000e+00   0.0000000e+00   6.9826299e+03   1.0046400e+05
   0.0000000e+00   0.0000000e+00   6.9826299e+03   1.0090800e+05
   0.0000000e+00   0.0000000e+00   6.9826299e+03   1.0140400e+05
   0.0000000e+00   0.0000000e+00   6.9826299e+03   1.0324000e+05
   0.0000000e+00   0.0000000e+00   6.9826299e+03   1.0359500e+05
   0.0000000e+00   0.0000000e+00   6.9826299e+03   1.0657700e+05
   0.0000000e+00   0.0000000e+00   6.9826299e+03   1.1124300e+05
   0.0000000e+00   0.0000000e+00   6.9826299e+03   1.1196900e+05
   0.0000000e+00   0.0000000e+00   6.9826299e+03   1.1297400e+05
   0.0000000e+00   0.0000000e+00   6.9826299e+03   1.1353200e+05
   0.0000000e+00   0.0000000e+00   6.9826299e+03   1.1609300e+05
   0.0000000e+00   0.0000000e+00   6.9826299e+03   1.1828200e+05
   0.0000000e+00   0.0000000e+00   6.9826299e+03   1.2011900e+05
   0.0000000e+00   0.0000000e+00   6.9826299e+03   1.2019400e+05
   0.0000000e+00   0.0000000e+00   6.9826299e+03   1.2126000e+05
   0.0000000e+00   0.0000000e+00   6.9826299e+03   1.2136700e+05
   0.0000000e+00   0.0000000e+00   6.9826299e+03   1.2167400e+05
   0.0000000e+00   0.0000000e+00   6.9824367e+03   1.2173800e+05
   0.0000000e+00   0.0000000e+00   6.9824367e+03   1.2417000e+05
   0.0000000e+00   0.0000000e+00   6.9824367e+03   1.2678400e+05
   0.0000000e+00   0.0000000e+00   6.9824367e+03   1.2801000e+05
   0.0000000e+00   0.0000000e+00   6.9824367e+03   1.2805000e+05
   0.0000000e+00   0.0000000e+00   6.9824367e+03   1.2923400e+05
   0.0000000e+00   0.0000000e+00   6.9824367e+03   1.2968000e+05
   0.0000000e+00   0.0000000e+00   6.9824367e+03   1.3027200e+05
   0.0000000e+00   0.0000000e+00   6.9824367e+03   1.3150200e+05
   0.0000000e+00   0.0000000e+00   6.9824367e+03   1.3329100e+05
   0.0000000e+00   0.0000000e+00   6.9824367e+03   1.3593200e+05
   0.0000000e+00   0.0000000e+00   6.9824367e+03   1.3957900e+05
   0.0000000e+00   0.0000000e+00   6.9824367e+03   1.4000100e+05
   0.0000000e+00   0.0000000e+00   6.9824367e+03   1.4066800e+05
   0.0000000e+00   0.0000000e+00   6.9824367e+03   1.4098900e+05
   0.0000000e+00   0.0000000e+00   6.9824367e+03   1.4234400e+05
   0.0000000e+00   0.0000000e+00   6.9824367e+03   1.4257400e+05
   0.0000000e+00   0.0000000e+00   6.9824367e+03   1.4391700e+05
   0.0000000e+00   0.0000000e+00   6.9824367e+03   1.4420500e+05
   0.0000000e+00   0.0000000e+00   6.9824367e+03   1.4421700e+05
   0.0000000e+00   0.0000000e+00   6.9824367e+03   1.4635400e+05
   0.0000000e+00   0.0000000e+00   6.9824367e+03   1.4660900e+05
   0.0000000e+00   0.0000000e+00   6.9824367e+03   1.4719100e+05
   0.0000000e+00   0.0000000e+00   6.9822612e+03   1.4798200e+05
   0.0000000e+00   0.0000000e+00   6.9822612e+03   1.4853100e+05
   0.0000000e+00   0.0000000e+00   6.9822612e+03   1.5165300e+05
   0.0000000e+00   0.0000000e+00   6.9822612e+03   1.5285000e+05
   0.0000000e+00   0.0000000e+00   6.9822612e+03   1.5619800e+05
   0.0000000e+00   0.0000000e+00   6.9822612e+03   1.5697300e+05
   0.0000000e+00   0.0000000e+00   6.9822612e+03   1.5698800e+05
   0.0000000e+00   0.0000000e+00   6.9822612e+03   1.5719400e+05
   0.0000000e+00   0.0000000e+00   6.9822612e+03   1.5936500e+05
   0.0000000e+00   0.0000000e+00   6.9822612e+03   1.6131100e+05
   0.0000000e+00   0.0000000e+00   6.9822612e+03   1.6331800e+05
   0.0000000e+00   0.0000000e+00   6.9822612e+03   1.6348400e+05
   0.0000000e+00   0.0000000e+00   6.9822612e+03   1.6661400e+05
   0.0000000e+00   0.0000000e+00   6.9822612e+03   1.6697700e+05
   0.0000000e+00   0.0000000e+00   6.9822612e+03   1.6798300e+05
   0.0000000e+00   0.0000000e+00   6.9822612e+03   1.6825100e+05
   0.0000000e+00   0.0000000e+00   6.9822612e+03   1.6829700e+05
   0.0000000e+00   0.0000000e+00   6.9822612e+03   1.6842000e+05
   0.0000000e+00   0.0000000e+00   6.9822612e+03   1.7263900e+05
   0.0000000e+00   0.0000000e+00   6.9822612e+03   1.7274200e+05
   0.0000000e+00   0.0000000e+00   6.9822612e+03   1.7285400e+05
   0.0000000e+00   0.0000000e+00   6.9822612e+03   1.7345300e+05
   0.0000000e+00   0.0000000e+00   6.9822612e+03   1.7780800e+05
   0.0000000e+00   0.0000000e+00   6.9822612e+03   1.8036100e+05
   0.0000000e+00   0.0000000e+00   6.9822612e+03   1.8239500e+05
   0.0000000e+00   0.0000000e+00   6.9822612e+03   1.8269500e+05
   0.0000000e+00   0.0000000e+00   6.9822612e+03   1.8720200e+05
   0.0000000e+00   0.0000000e+00   6.9822612e+03   1.8791000e+05
   0.0000000e+00   0.0000000e+00   6.9822612e+03   1.8938100e+05
   0.0000000e+00   0.0000000e+00   6.9822612e+03   1.9303200e+05
   0.0000000e+00   0.0000000e+00   6.9822612e+03   1.9373200e+05
   0.0000000e+00   0.0000000e+00   6.9822612e+03   1.9628100e+05
   0.0000000e+00   0.0000000e+00   6.9822612e+03   1.9674400e+05
   0.0000000e+00   0.0000000e+00   6.9822612e+03   1.9687400e+05
   0.0000000e+00   0.0000000e+00   6.9822612e+03   1.9729100e+05
   0.0000000e+00   0.0000000e+00   6.9822612e+03   1.9765100e+05
   0.0000000e+00   0.0000000e+00   6.9822612e+03   1.9768600e+05
   0.0000000e+00   0.0000000e+00   6.9822612e+03   1.9836400e+05
   0.0000000e+00   0.0000000e+00   6.9822612e+03   1.9907300e+05
   0.0000000e+00   0.0000000e+00   6.9822612e+03   1.9959400e+05
