   2.7028149e+02   7.7069494e+00   1.6181007e+04   3.0000000e+00
   2.7005454e+02   7.6804772e+00   1.6148627e+04   6.0000000e+00
   2.6996017e+02   7.5962994e+00   1.6219585e+04   7.0000000e+00
   2.6338691e+02   7.5238747e+00   1.6377936e+04   8.0000000e+00
   2.6283199e+02   7.4986589e+00   1.6725082e+04   9.0000000e+00
   2.2027715e+02   5.4246930e+00   1.6799254e+04   1.0000000e+01
   2.1508880e+02   5.4479596e+00   1.6957664e+04   1.3000000e+01
   2.1463167e+02   5.4428620e+00   1.7237062e+04   1.4000000e+01
   2.1359524e+02   5.3876880e+00   1.7822742e+04   1.5000000e+01
   2.1214802e+02   5.2592901e+00   1.7705429e+04   1.6000000e+01
   1.5421128e+02   1.1675199e+00   1.7980187e+04   1.8000000e+01
   1.4736972e+02   8.3694121e-01   1.8113101e+04   1.9000000e+01
   1.4731695e+02   8.5142538e-01   1.8098891e+04   2.2000000e+01
   1.4337761e+02   8.3742037e-01   1.8551141e+04   2.4000000e+01
   1.3608614e+02   8.5985878e-01   1.8522336e+04   2.6000000e+01
   1.3542519e+02   9.6740719e-01   1.8464071e+04   2.7000000e+01
   1.3289266e+02   8.7359590e-01   1.8262369e+04   2.8000000e+01
   1.3113614e+02   8.7353148e-01   1.8658977e+04   2.9000000e+01
   1.1751155e+02   2.9530882e-01   1.8872537e+04   3.0000000e+01
   1.1704653e+02   3.1107532e-01   1.8851582e+04   3.2000000e+01
   1.1660738e+02   3.1264070e-01   1.8759887e+04   3.6000000e+01
   1.1139744e+02   3.3689673e-01   1.8650084e+04   3.9000000e+01
   1.0900757e+02   2.5822725e-01   1.8786112e+04   4.0000000e+01
   9.7388119e+01   2.5903666e-01   1.8550083e+04   4.2000000e+01
   9.6639236e+01   2.4831618e-01   1.8499172e+04   4.3000000e+01
   9.4492830e+01   2.2949119e-01   1.8483445e+04   4.9000000e+01
   7.6955636e+01   0.0000000e+00   1.8538977e+04   5.0000000e+01
   7.2520787e+01   0.0000000e+00   1.8339815e+04   5.4000000e+01
   7.0820610e+01   0.0000000e+00   1.8445982e+04   5.7000000e+01
   7.0715916e+01   0.0000000e+00   1.8441849e+04   5.8000000e+01
   6.9466644e+01   0.0000000e+00   1.8201959e+04   6.3000000e+01
   6.7904502e+01   0.0000000e+00   1.8191188e+04   6.4000000e+01
   6.6789526e+01   0.0000000e+00   1.7973987e+04   6.7000000e+01
   6.6322809e+01   1.0279721e-02   1.7846078e+04   7.0000000e+01
   6.3944365e+01   0.0000000e+00   1.7858677e+04   7.5000000e+01
   6.1468841e+01   0.0000000e+00   1.7756029e+04   7.7000000e+01
   6.0679548e+01   0.0000000e+00   1.7760550e+04   8.0000000e+01
   6.0583138e+01   0.0000000e+00   1.7644157e+04   8.1000000e+01
   6.0551506e+01   0.0000000e+00   1.7795166e+04   8.4000000e+01
   5.5842335e+01   0.0000000e+00   1.8161248e+04   8.5000000e+01
   5.5783816e+01   0.0000000e+00   1.8270735e+04   8.8000000e+01
   5.5310553e+01   0.0000000e+00   1.8413175e+04   8.9000000e+01
   5.3791927e+01   0.0000000e+00   1.8947340e+04   9.0000000e+01
   5.3634991e+01   0.0000000e+00   1.9389136e+04   9.3000000e+01
   5.2973301e+01   0.0000000e+00   1.9817788e+04   9.4000000e+01
   4.7166041e+01   0.0000000e+00   1.9691825e+04   9.6000000e+01
   4.6197333e+01   0.0000000e+00   1.9972244e+04   9.8000000e+01
   4.5514636e+01   0.0000000e+00   2.0265999e+04   9.9000000e+01
   4.4296128e+01   0.0000000e+00   2.0456919e+04   1.0200000e+02
   4.1735980e+01   0.0000000e+00   2.0318306e+04   1.0500000e+02
   4.1135266e+01   0.0000000e+00   2.0268049e+04   1.1400000e+02
   4.0776109e+01   0.0000000e+00   2.0147654e+04   1.1500000e+02
   3.9141046e+01   0.0000000e+00   2.0376825e+04   1.2100000e+02
   3.9133353e+01   0.0000000e+00   2.0578073e+04   1.2200000e+02
   3.6180244e+01   0.0000000e+00   2.0772351e+04   1.2400000e+02
   3.5587211e+01   0.0000000e+00   2.0729281e+04   1.2600000e+02
   3.5550507e+01   0.0000000e+00   2.0655792e+04   1.2700000e+02
   3.0076402e+01   0.0000000e+00   2.0965060e+04   1.2800000e+02
   2.9611821e+01   0.0000000e+00   2.1422701e+04   1.2900000e+02
   2.8662772e+01   0.0000000e+00   2.1566395e+04   1.3000000e+02
   2.8658970e+01   0.0000000e+00   2.1522278e+04   1.3700000e+02
   2.7794585e+01   0.0000000e+00   2.2133713e+04   1.3900000e+02
   2.3930885e+01   0.0000000e+00   2.2628185e+04   1.4200000e+02
   2.3917488e+01   0.0000000e+00   2.2892399e+04   1.4700000e+02
   2.3001193e+01   0.0000000e+00   2.3379209e+04   1.4800000e+02
   2.2341874e+01   0.0000000e+00   2.3135390e+04   1.5100000e+02
   1.8926164e+01   0.0000000e+00   2.3518553e+04   1.5200000e+02
   1.8593081e+01   0.0000000e+00   2.3820539e+04   1.5300000e+02
   1.8448419e+01   0.0000000e+00   2.3893448e+04   1.5600000e+02
   1.7427159e+01   0.0000000e+00   2.3922263e+04   1.5700000e+02
   1.7422789e+01   0.0000000e+00   2.3886035e+04   1.5900000e+02
   1.7357034e+01   0.0000000e+00   2.4108515e+04   1.6200000e+02
   1.7312362e+01   0.0000000e+00   2.4406907e+04   1.6400000e+02
   1.7082640e+01   0.0000000e+00   2.4365272e+04   1.6700000e+02
   1.4742859e+01   0.0000000e+00   2.4420232e+04   1.7000000e+02
   1.4151384e+01   0.0000000e+00   2.4414727e+04   1.7100000e+02
   1.4135759e+01   0.0000000e+00   2.4133331e+04   1.7300000e+02
   1.3642819e+01   0.0000000e+00   2.4248466e+04   1.7500000e+02
   1.3633195e+01   0.0000000e+00   2.4504697e+04   1.7700000e+02
   1.3037716e+01   0.0000000e+00   2.4654145e+04   1.8600000e+02
   1.1926830e+01   0.0000000e+00   2.4664690e+04   1.8900000e+02
   1.1851760e+01   0.0000000e+00   2.4376506e+04   1.9400000e+02
   1.1686443e+01   0.0000000e+00   2.4367139e+04   1.9700000e+02
   1.1685427e+01   0.0000000e+00   2.4317226e+04   2.0000000e+02
   1.1631558e+01   0.0000000e+00   2.4365203e+04   2.0100000e+02
   1.1511097e+01   0.0000000e+00   2.4474769e+04   2.1400000e+02
   1.1417326e+01   0.0000000e+00   2.4821061e+04   2.1900000e+02
   1.1263810e+01   0.0000000e+00   2.5235830e+04   2.2300000e+02
   1.1243681e+01   0.0000000e+00   2.5138591e+04   2.2400000e+02
   1.0808993e+01   0.0000000e+00   2.4861809e+04   2.3500000e+02
   1.0793903e+01   0.0000000e+00   2.4713628e+04   2.3600000e+02
   1.0609824e+01   0.0000000e+00   2.4951222e+04   2.3700000e+02
   1.0537746e+01   0.0000000e+00   2.4921601e+04   2.4100000e+02
   1.0365230e+01   0.0000000e+00   2.5010688e+04   2.4300000e+02
   1.0226489e+01   0.0000000e+00   2.5408246e+04   2.4500000e+02
   1.0209806e+01   0.0000000e+00   2.5371668e+04   2.5300000e+02
   1.0002472e+01   0.0000000e+00   2.5517977e+04   2.6400000e+02
   9.8181085e+00   0.0000000e+00   2.5323383e+04   2.6900000e+02
   9.8090461e+00   0.0000000e+00   2.5594670e+04   2.7000000e+02
   9.6559929e+00   0.0000000e+00   2.5519242e+04   2.7300000e+02
   9.6082657e+00   0.0000000e+00   2.5087976e+04   2.7600000e+02
   9.4864332e+00   0.0000000e+00   2.4883340e+04   2.7700000e+02
   9.3222712e+00   0.0000000e+00   2.4682592e+04   2.7800000e+02
   9.2222537e+00   0.0000000e+00   2.4488713e+04   2.8600000e+02
   9.0861411e+00   0.0000000e+00   2.4406592e+04   2.9900000e+02
   9.0752967e+00   0.0000000e+00   2.4869354e+04   3.0600000e+02
   7.6059168e+00   0.0000000e+00   2.5328182e+04   3.1300000e+02
   7.4039217e+00   0.0000000e+00   2.5394663e+04   3.1400000e+02
   7.3933920e+00   0.0000000e+00   2.5384607e+04   3.1600000e+02
   7.3860466e+00   0.0000000e+00   2.5399289e+04   3.1700000e+02
   7.3850831e+00   0.0000000e+00   2.5307761e+04   3.1800000e+02
   7.2955791e+00   0.0000000e+00   2.5754215e+04   3.2000000e+02
   7.2952462e+00   0.0000000e+00   2.5564818e+04   3.2600000e+02
   7.2175705e+00   0.0000000e+00   2.5533390e+04   3.2900000e+02
   7.1305718e+00   0.0000000e+00   2.5472382e+04   3.3000000e+02
   7.1295750e+00   0.0000000e+00   2.5793034e+04   3.3300000e+02
   6.3751205e+00   0.0000000e+00   2.5896938e+04   3.3400000e+02
   1.0412956e+00   0.0000000e+00   2.5894106e+04   3.3600000e+02
   1.0130342e+00   0.0000000e+00   2.5975091e+04   3.3800000e+02
   9.8105846e-01   0.0000000e+00   2.5981652e+04   3.4200000e+02
   9.4939848e-01   0.0000000e+00   2.6086413e+04   3.5000000e+02
   8.6713747e-01   0.0000000e+00   2.6743291e+04   3.5300000e+02
   8.5957928e-01   0.0000000e+00   2.6939775e+04   3.6500000e+02
   8.5618000e-01   0.0000000e+00   2.6950502e+04   3.6600000e+02
   8.5596563e-01   0.0000000e+00   2.6542444e+04   3.7200000e+02
   8.5328144e-01   0.0000000e+00   2.6822589e+04   3.7600000e+02
   7.7262095e-01   0.0000000e+00   2.7078406e+04   3.7900000e+02
   7.7175243e-01   0.0000000e+00   2.7356666e+04   3.8000000e+02
   7.6692595e-01   0.0000000e+00   2.7149740e+04   3.8300000e+02
   7.5247109e-01   0.0000000e+00   2.7268991e+04   3.8400000e+02
   7.4345928e-01   0.0000000e+00   2.7139679e+04   3.9100000e+02
   7.3043583e-01   0.0000000e+00   2.6889470e+04   4.0000000e+02
   6.7577643e-01   0.0000000e+00   2.7222948e+04   4.0100000e+02
   6.7144093e-01   0.0000000e+00   2.7163471e+04   4.0500000e+02
   6.6515061e-01   0.0000000e+00   2.7574271e+04   4.1000000e+02
   6.6114763e-01   0.0000000e+00   2.7596893e+04   4.1500000e+02
   6.5452864e-01   0.0000000e+00   2.7436176e+04   4.2400000e+02
   6.3984429e-01   0.0000000e+00   2.7610705e+04   4.2500000e+02
   6.3745126e-01   0.0000000e+00   2.7444084e+04   4.4000000e+02
   6.2971905e-01   0.0000000e+00   2.7465065e+04   4.4100000e+02
   6.0180295e-01   0.0000000e+00   2.7374407e+04   4.4900000e+02
   6.0150412e-01   0.0000000e+00   2.7417070e+04   4.5300000e+02
   5.9325530e-01   0.0000000e+00   2.7449822e+04   4.5700000e+02
   5.8815568e-01   0.0000000e+00   2.7483550e+04   4.6300000e+02
   5.5868949e-01   0.0000000e+00   2.7774829e+04   4.7200000e+02
   5.2090206e-01   0.0000000e+00   2.7406332e+04   4.7300000e+02
   5.0737153e-01   0.0000000e+00   2.7221160e+04   4.7500000e+02
   5.0306436e-01   0.0000000e+00   2.7460571e+04   4.8100000e+02
   4.9757377e-01   0.0000000e+00   2.7264059e+04   4.8600000e+02
   4.8510512e-01   0.0000000e+00   2.7048783e+04   4.8700000e+02
   4.6227879e-01   0.0000000e+00   2.7004869e+04   4.9000000e+02
   4.4928775e-01   0.0000000e+00   2.7328434e+04   4.9100000e+02
   4.3863131e-01   0.0000000e+00   2.7400587e+04   4.9500000e+02
   2.4732051e-01   0.0000000e+00   2.7242168e+04   4.9600000e+02
   2.4699244e-01   0.0000000e+00   2.7556797e+04   4.9800000e+02
   2.3086131e-01   0.0000000e+00   2.7726982e+04   5.0400000e+02
   2.2026020e-01   0.0000000e+00   2.7752065e+04   5.0700000e+02
   8.0173209e-02   0.0000000e+00   2.7554827e+04   5.1400000e+02
   5.8694917e-02   0.0000000e+00   2.7305428e+04   5.1800000e+02
   5.8527414e-02   0.0000000e+00   2.7722202e+04   5.2000000e+02
   5.8474134e-02   0.0000000e+00   2.7919912e+04   5.2700000e+02
   5.3640056e-02   0.0000000e+00   2.7629211e+04   5.2800000e+02
   5.2519631e-02   0.0000000e+00   2.7508041e+04   5.4500000e+02
   2.4999063e-02   0.0000000e+00   2.7948568e+04   5.5700000e+02
   2.4377223e-02   0.0000000e+00   2.7740468e+04   5.7500000e+02
   2.3976992e-02   0.0000000e+00   2.7860327e+04   5.7800000e+02
   2.1833544e-02   0.0000000e+00   2.7849449e+04   5.8100000e+02
   1.7939185e-02   0.0000000e+00   2.7383388e+04   5.8200000e+02
   1.6679015e-02   0.0000000e+00   2.7723300e+04   5.8600000e+02
   0.0000000e+00   0.0000000e+00   2.7923481e+04   5.8800000e+02
   0.0000000e+00   0.0000000e+00   2.7766445e+04   5.8900000e+02
   0.0000000e+00   0.0000000e+00   2.7497073e+04   5.9200000e+02
   0.0000000e+00   0.0000000e+00   2.7268967e+04   5.9400000e+02
   0.0000000e+00   0.0000000e+00   2.7059260e+04   5.9500000e+02
   0.0000000e+00   0.0000000e+00   2.7042397e+04   6.0000000e+02
   0.0000000e+00   0.0000000e+00   2.7011748e+04   6.0600000e+02
   0.0000000e+00   0.0000000e+00   2.6944117e+04   6.0800000e+02
   0.0000000e+00   0.0000000e+00   2.6931613e+04   6.0900000e+02
   0.0000000e+00   0.0000000e+00   2.6801699e+04   6.2500000e+02
   0.0000000e+00   0.0000000e+00   2.6729083e+04   6.2600000e+02
   0.0000000e+00   0.0000000e+00   2.6413854e+04   6.3700000e+02
   0.0000000e+00   0.0000000e+00   2.6277238e+04   6.5000000e+02
   0.0000000e+00   0.0000000e+00   2.6067849e+04   6.5500000e+02
   0.0000000e+00   0.0000000e+00   2.5978019e+04   6.5600000e+02
   0.0000000e+00   0.0000000e+00   2.5661553e+04   6.6400000e+02
   0.0000000e+00   0.0000000e+00   2.5479322e+04   6.7200000e+02
   0.0000000e+00   0.0000000e+00   2.5175845e+04   6.7300000e+02
   0.0000000e+00   0.0000000e+00   2.4984572e+04   6.8000000e+02
   0.0000000e+00   0.0000000e+00   2.4979774e+04   6.9000000e+02
   0.0000000e+00   0.0000000e+00   2.4723622e+04   6.9100000e+02
   0.0000000e+00   0.0000000e+00   2.4688771e+04   6.9500000e+02
   0.0000000e+00   0.0000000e+00   2.4497368e+04   6.9600000e+02
   0.0000000e+00   0.0000000e+00   2.4401998e+04   6.9800000e+02
   0.0000000e+00   0.0000000e+00   2.4262059e+04   7.0100000e+02
   0.0000000e+00   0.0000000e+00   2.4014532e+04   7.0700000e+02
   0.0000000e+00   0.0000000e+00   2.3913025e+04   7.0800000e+02
   0.0000000e+00   0.0000000e+00   2.3788696e+04   7.1700000e+02
   0.0000000e+00   0.0000000e+00   2.3550547e+04   7.2100000e+02
   0.0000000e+00   0.0000000e+00   2.3507718e+04   7.2200000e+02
   0.0000000e+00   0.0000000e+00   2.3373103e+04   7.2600000e+02
   0.0000000e+00   0.0000000e+00   2.3335116e+04   7.2800000e+02
   0.0000000e+00   0.0000000e+00   2.3212453e+04   7.3000000e+02
   0.0000000e+00   0.0000000e+00   2.2840250e+04   7.3500000e+02
   0.0000000e+00   0.0000000e+00   2.2740033e+04   7.3600000e+02
   0.0000000e+00   0.0000000e+00   2.2584910e+04   7.3700000e+02
   0.0000000e+00   0.0000000e+00   2.2424074e+04   7.3900000e+02
   0.0000000e+00   0.0000000e+00   2.2298007e+04   7.4000000e+02
   0.0000000e+00   0.0000000e+00   2.2173240e+04   7.4800000e+02
   0.0000000e+00   0.0000000e+00   2.2095820e+04   7.5000000e+02
   0.0000000e+00   0.0000000e+00   2.1975192e+04   7.5300000e+02
   0.0000000e+00   0.0000000e+00   2.1810650e+04   7.5400000e+02
   0.0000000e+00   0.0000000e+00   2.1449371e+04   7.6800000e+02
   0.0000000e+00   0.0000000e+00   2.1219766e+04   7.7200000e+02
   0.0000000e+00   0.0000000e+00   2.1176067e+04   7.7300000e+02
   0.0000000e+00   0.0000000e+00   2.0970529e+04   7.7600000e+02
   0.0000000e+00   0.0000000e+00   2.0905820e+04   7.8100000e+02
   0.0000000e+00   0.0000000e+00   2.0678795e+04   7.8200000e+02
   0.0000000e+00   0.0000000e+00   2.0653155e+04   7.8400000e+02
   0.0000000e+00   0.0000000e+00   2.0521081e+04   7.8500000e+02
   0.0000000e+00   0.0000000e+00   2.0464080e+04   7.8800000e+02
   0.0000000e+00   0.0000000e+00   2.0406393e+04   7.8900000e+02
   0.0000000e+00   0.0000000e+00   2.0206079e+04   7.9000000e+02
   0.0000000e+00   0.0000000e+00   2.0085536e+04   7.9300000e+02
   0.0000000e+00   0.0000000e+00   2.0072485e+04   7.9400000e+02
   0.0000000e+00   0.0000000e+00   1.9925164e+04   7.9800000e+02
   0.0000000e+00   0.0000000e+00   1.9775104e+04   7.9900000e+02
   0.0000000e+00   0.0000000e+00   1.9725714e+04   8.0300000e+02
   0.0000000e+00   0.0000000e+00   1.9599223e+04   8.0500000e+02
   0.0000000e+00   0.0000000e+00   1.9393927e+04   8.1200000e+02
   0.0000000e+00   0.0000000e+00   1.9383537e+04   8.1300000e+02
   0.0000000e+00   0.0000000e+00   1.9263972e+04   8.1400000e+02
   0.0000000e+00   0.0000000e+00   1.9158884e+04   8.2600000e+02
   0.0000000e+00   0.0000000e+00   1.9003196e+04   8.3000000e+02
   0.0000000e+00   0.0000000e+00   1.8915126e+04   8.3500000e+02
   0.0000000e+00   0.0000000e+00   1.8733741e+04   8.3900000e+02
   0.0000000e+00   0.0000000e+00   1.8676569e+04   8.4200000e+02
   0.0000000e+00   0.0000000e+00   1.8483489e+04   8.4300000e+02
   0.0000000e+00   0.0000000e+00   1.8358547e+04   8.4400000e+02
   0.0000000e+00   0.0000000e+00   1.8280003e+04   8.5100000e+02
   0.0000000e+00   0.0000000e+00   1.8111748e+04   8.5300000e+02
   0.0000000e+00   0.0000000e+00   1.8109124e+04   8.6400000e+02
   0.0000000e+00   0.0000000e+00   1.8001176e+04   8.6500000e+02
   0.0000000e+00   0.0000000e+00   1.7951419e+04   8.6600000e+02
   0.0000000e+00   0.0000000e+00   1.7795166e+04   8.6700000e+02
   0.0000000e+00   0.0000000e+00   1.7780352e+04   8.6800000e+02
   0.0000000e+00   0.0000000e+00   1.7747299e+04   8.6900000e+02
   0.0000000e+00   0.0000000e+00   1.7639511e+04   8.7800000e+02
   0.0000000e+00   0.0000000e+00   1.7506183e+04   8.7900000e+02
   0.0000000e+00   0.0000000e+00   1.7328949e+04   8.8000000e+02
   0.0000000e+00   0.0000000e+00   1.7286082e+04   8.8300000e+02
   0.0000000e+00   0.0000000e+00   1.7247300e+04   8.8600000e+02
   0.0000000e+00   0.0000000e+00   1.7099309e+04   8.9200000e+02
   0.0000000e+00   0.0000000e+00   1.7085780e+04   8.9400000e+02
   0.0000000e+00   0.0000000e+00   1.6989399e+04   8.9600000e+02
   0.0000000e+00   0.0000000e+00   1.6940060e+04   8.9700000e+02
   0.0000000e+00   0.0000000e+00   1.6855828e+04   9.0400000e+02
   0.0000000e+00   0.0000000e+00   1.6823720e+04   9.0500000e+02
   0.0000000e+00   0.0000000e+00   1.6663044e+04   9.0600000e+02
   0.0000000e+00   0.0000000e+00   1.6586112e+04   9.1800000e+02
   0.0000000e+00   0.0000000e+00   1.6504688e+04   9.2200000e+02
   0.0000000e+00   0.0000000e+00   1.6455033e+04   9.2500000e+02
   0.0000000e+00   0.0000000e+00   1.6420297e+04   9.3400000e+02
   0.0000000e+00   0.0000000e+00   1.6324759e+04   9.3600000e+02
   0.0000000e+00   0.0000000e+00   1.6124228e+04   9.3800000e+02
   0.0000000e+00   0.0000000e+00   1.5990025e+04   9.4600000e+02
   0.0000000e+00   0.0000000e+00   1.5973842e+04   9.5000000e+02
   0.0000000e+00   0.0000000e+00   1.5911119e+04   9.5200000e+02
   0.0000000e+00   0.0000000e+00   1.5762350e+04   9.5900000e+02
   0.0000000e+00   0.0000000e+00   1.5738633e+04   9.6800000e+02
   0.0000000e+00   0.0000000e+00   1.5632523e+04   9.7000000e+02
   0.0000000e+00   0.0000000e+00   1.5592518e+04   9.7100000e+02
   0.0000000e+00   0.0000000e+00   1.5523599e+04   9.7700000e+02
   0.0000000e+00   0.0000000e+00   1.5485395e+04   9.7800000e+02
   0.0000000e+00   0.0000000e+00   1.5325409e+04   9.8300000e+02
   0.0000000e+00   0.0000000e+00   1.5128162e+04   9.8800000e+02
   0.0000000e+00   0.0000000e+00   1.5034616e+04   9.9500000e+02
   0.0000000e+00   0.0000000e+00   1.4978688e+04   9.9800000e+02
   0.0000000e+00   0.0000000e+00   1.4925654e+04   1.0090000e+03
   0.0000000e+00   0.0000000e+00   1.4890160e+04   1.0140000e+03
   0.0000000e+00   0.0000000e+00   1.4805135e+04   1.0170000e+03
   0.0000000e+00   0.0000000e+00   1.4645383e+04   1.0180000e+03
   0.0000000e+00   0.0000000e+00   1.4639115e+04   1.0260000e+03
   0.0000000e+00   0.0000000e+00   1.4529463e+04   1.0330000e+03
   0.0000000e+00   0.0000000e+00   1.4494916e+04   1.0560000e+03
   0.0000000e+00   0.0000000e+00   1.4409824e+04   1.0580000e+03
   0.0000000e+00   0.0000000e+00   1.4341045e+04   1.0600000e+03
   0.0000000e+00   0.0000000e+00   1.4038655e+04   1.0720000e+03
   0.0000000e+00   0.0000000e+00   1.3946317e+04   1.0760000e+03
   0.0000000e+00   0.0000000e+00   1.3870037e+04   1.0790000e+03
   0.0000000e+00   0.0000000e+00   1.3766205e+04   1.0800000e+03
   0.0000000e+00   0.0000000e+00   1.3740071e+04   1.0810000e+03
   0.0000000e+00   0.0000000e+00   1.3692991e+04   1.0840000e+03
   0.0000000e+00   0.0000000e+00   1.3535740e+04   1.0910000e+03
   0.0000000e+00   0.0000000e+00   1.3396806e+04   1.0930000e+03
   0.0000000e+00   0.0000000e+00   1.3350313e+04   1.1080000e+03
   0.0000000e+00   0.0000000e+00   1.3342308e+04   1.1200000e+03
   0.0000000e+00   0.0000000e+00   1.3290445e+04   1.1330000e+03
   0.0000000e+00   0.0000000e+00   1.3263117e+04   1.1350000e+03
   0.0000000e+00   0.0000000e+00   1.3210146e+04   1.1480000e+03
   0.0000000e+00   0.0000000e+00   1.3087668e+04   1.1520000e+03
   0.0000000e+00   0.0000000e+00   1.3066820e+04   1.1580000e+03
   0.0000000e+00   0.0000000e+00   1.2878096e+04   1.1630000e+03
   0.0000000e+00   0.0000000e+00   1.2832243e+04   1.1750000e+03
   0.0000000e+00   0.0000000e+00   1.2761088e+04   1.1920000e+03
   0.0000000e+00   0.0000000e+00   1.2630908e+04   1.1940000e+03
   0.0000000e+00   0.0000000e+00   1.2571589e+04   1.1960000e+03
   0.0000000e+00   0.0000000e+00   1.2531627e+04   1.1980000e+03
   0.0000000e+00   0.0000000e+00   1.2311274e+04   1.2020000e+03
   0.0000000e+00   0.0000000e+00   1.2268329e+04   1.2050000e+03
   0.0000000e+00   0.0000000e+00   1.2254690e+04   1.2120000e+03
   0.0000000e+00   0.0000000e+00   1.2230628e+04   1.2160000e+03
   0.0000000e+00   0.0000000e+00   1.1933798e+04   1.2220000e+03
   0.0000000e+00   0.0000000e+00   1.1907357e+04   1.2240000e+03
   0.0000000e+00   0.0000000e+00   1.1885942e+04   1.2290000e+03
   0.0000000e+00   0.0000000e+00   1.1882615e+04   1.2300000e+03
   0.0000000e+00   0.0000000e+00   1.1786227e+04   1.2330000e+03
   0.0000000e+00   0.0000000e+00   1.1751544e+04   1.2410000e+03
   0.0000000e+00   0.0000000e+00   1.1611912e+04   1.2490000e+03
   0.0000000e+00   0.0000000e+00   1.1538800e+04   1.2540000e+03
   0.0000000e+00   0.0000000e+00   1.1531082e+04   1.2670000e+03
   0.0000000e+00   0.0000000e+00   1.1487752e+04   1.2790000e+03
   0.0000000e+00   0.0000000e+00   1.1306540e+04   1.2930000e+03
   0.0000000e+00   0.0000000e+00   1.1248324e+04   1.3070000e+03
   0.0000000e+00   0.0000000e+00   1.1164946e+04   1.3180000e+03
   0.0000000e+00   0.0000000e+00   1.1139870e+04   1.3190000e+03
   0.0000000e+00   0.0000000e+00   1.1133149e+04   1.3410000e+03
   0.0000000e+00   0.0000000e+00   1.1106275e+04   1.3480000e+03
   0.0000000e+00   0.0000000e+00   1.1090084e+04   1.3580000e+03
   0.0000000e+00   0.0000000e+00   1.1050012e+04   1.3670000e+03
   0.0000000e+00   0.0000000e+00   1.1019987e+04   1.3830000e+03
   0.0000000e+00   0.0000000e+00   1.1003846e+04   1.3970000e+03
   0.0000000e+00   0.0000000e+00   1.0982376e+04   1.4000000e+03
   0.0000000e+00   0.0000000e+00   1.0889114e+04   1.4100000e+03
   0.0000000e+00   0.0000000e+00   1.0833667e+04   1.4180000e+03
   0.0000000e+00   0.0000000e+00   1.0820776e+04   1.4270000e+03
   0.0000000e+00   0.0000000e+00   1.0752349e+04   1.4320000e+03
   0.0000000e+00   0.0000000e+00   1.0743352e+04   1.4390000e+03
   0.0000000e+00   0.0000000e+00   1.0737718e+04   1.4450000e+03
   0.0000000e+00   0.0000000e+00   1.0733943e+04   1.4490000e+03
   0.0000000e+00   0.0000000e+00   1.0681230e+04   1.4500000e+03
   0.0000000e+00   0.0000000e+00   1.0659473e+04   1.4540000e+03
   0.0000000e+00   0.0000000e+00   1.0632661e+04   1.4750000e+03
   0.0000000e+00   0.0000000e+00   1.0606073e+04   1.4830000e+03
   0.0000000e+00   0.0000000e+00   1.0445985e+04   1.4900000e+03
   0.0000000e+00   0.0000000e+00   1.0433156e+04   1.4950000e+03
   0.0000000e+00   0.0000000e+00   1.0397464e+04   1.5010000e+03
   0.0000000e+00   0.0000000e+00   1.0316759e+04   1.5200000e+03
   0.0000000e+00   0.0000000e+00   1.0299333e+04   1.5290000e+03
   0.0000000e+00   0.0000000e+00   1.0297678e+04   1.5370000e+03
   0.0000000e+00   0.0000000e+00   1.0274906e+04   1.5420000e+03
   0.0000000e+00   0.0000000e+00   1.0269764e+04   1.5710000e+03
   0.0000000e+00   0.0000000e+00   1.0238619e+04   1.5790000e+03
   0.0000000e+00   0.0000000e+00   1.0151511e+04   1.5860000e+03
   0.0000000e+00   0.0000000e+00   1.0098833e+04   1.5940000e+03
   0.0000000e+00   0.0000000e+00   1.0064187e+04   1.6050000e+03
   0.0000000e+00   0.0000000e+00   1.0025507e+04   1.6080000e+03
   0.0000000e+00   0.0000000e+00   1.0022115e+04   1.6120000e+03
   0.0000000e+00   0.0000000e+00   9.9994509e+03   1.6240000e+03
   0.0000000e+00   0.0000000e+00   9.9922263e+03   1.6260000e+03
   0.0000000e+00   0.0000000e+00   9.9308548e+03   1.6300000e+03
   0.0000000e+00   0.0000000e+00   9.9154385e+03   1.6320000e+03
   0.0000000e+00   0.0000000e+00   9.8836650e+03   1.6340000e+03
   0.0000000e+00   0.0000000e+00   9.8674074e+03   1.6470000e+03
   0.0000000e+00   0.0000000e+00   9.8558683e+03   1.6530000e+03
   0.0000000e+00   0.0000000e+00   9.8523493e+03   1.6660000e+03
   0.0000000e+00   0.0000000e+00   9.8404703e+03   1.6680000e+03
   0.0000000e+00   0.0000000e+00   9.8221114e+03   1.6700000e+03
   0.0000000e+00   0.0000000e+00   9.8037028e+03   1.6800000e+03
   0.0000000e+00   0.0000000e+00   9.7885500e+03   1.7130000e+03
   0.0000000e+00   0.0000000e+00   9.7205011e+03   1.7240000e+03
   0.0000000e+00   0.0000000e+00   9.6673931e+03   1.7290000e+03
   0.0000000e+00   0.0000000e+00   9.6418487e+03   1.7350000e+03
   0.0000000e+00   0.0000000e+00   9.6334633e+03   1.7420000e+03
   0.0000000e+00   0.0000000e+00   9.5752807e+03   1.7540000e+03
   0.0000000e+00   0.0000000e+00   9.4325554e+03   1.7730000e+03
   0.0000000e+00   0.0000000e+00   9.3957896e+03   1.7870000e+03
   0.0000000e+00   0.0000000e+00   9.3917691e+03   1.7930000e+03
   0.0000000e+00   0.0000000e+00   9.3178388e+03   1.7980000e+03
   0.0000000e+00   0.0000000e+00   9.2571542e+03   1.8020000e+03
   0.0000000e+00   0.0000000e+00   9.2332907e+03   1.8060000e+03
   0.0000000e+00   0.0000000e+00   9.1815089e+03   1.8120000e+03
   0.0000000e+00   0.0000000e+00   9.1560822e+03   1.8160000e+03
   0.0000000e+00   0.0000000e+00   9.1400920e+03   1.8260000e+03
   0.0000000e+00   0.0000000e+00   9.1374012e+03   1.8440000e+03
   0.0000000e+00   0.0000000e+00   9.1266323e+03   1.8460000e+03
   0.0000000e+00   0.0000000e+00   9.0650836e+03   1.8480000e+03
   0.0000000e+00   0.0000000e+00   9.0640336e+03   1.8540000e+03
   0.0000000e+00   0.0000000e+00   9.0563299e+03   1.8730000e+03
   0.0000000e+00   0.0000000e+00   8.9921626e+03   1.8930000e+03
   0.0000000e+00   0.0000000e+00   8.9620952e+03   1.9340000e+03
   0.0000000e+00   0.0000000e+00   8.9013424e+03   1.9670000e+03
   0.0000000e+00   0.0000000e+00   8.8529642e+03   2.0110000e+03
   0.0000000e+00   0.0000000e+00   8.8037069e+03   2.0240000e+03
   0.0000000e+00   0.0000000e+00   8.7935381e+03   2.0320000e+03
   0.0000000e+00   0.0000000e+00   8.7866154e+03   2.0360000e+03
   0.0000000e+00   0.0000000e+00   8.7584901e+03   2.0770000e+03
   0.0000000e+00   0.0000000e+00   8.7572704e+03   2.0790000e+03
   0.0000000e+00   0.0000000e+00   8.7303375e+03   2.0880000e+03
   0.0000000e+00   0.0000000e+00   8.7148273e+03   2.1170000e+03
   0.0000000e+00   0.0000000e+00   8.6408091e+03   2.1200000e+03
   0.0000000e+00   0.0000000e+00   8.5975920e+03   2.1310000e+03
   0.0000000e+00   0.0000000e+00   8.5569085e+03   2.1360000e+03
   0.0000000e+00   0.0000000e+00   8.5536727e+03   2.1410000e+03
   0.0000000e+00   0.0000000e+00   8.3710935e+03   2.1480000e+03
   0.0000000e+00   0.0000000e+00   8.3587168e+03   2.1840000e+03
   0.0000000e+00   0.0000000e+00   8.3507582e+03   2.1850000e+03
   0.0000000e+00   0.0000000e+00   8.3506977e+03   2.1970000e+03
   0.0000000e+00   0.0000000e+00   8.3142376e+03   2.2090000e+03
   0.0000000e+00   0.0000000e+00   8.2999379e+03   2.2370000e+03
   0.0000000e+00   0.0000000e+00   8.2874291e+03   2.2560000e+03
   0.0000000e+00   0.0000000e+00   8.2211579e+03   2.2680000e+03
   0.0000000e+00   0.0000000e+00   8.2094635e+03   2.2690000e+03
   0.0000000e+00   0.0000000e+00   8.1801083e+03   2.2990000e+03
   0.0000000e+00   0.0000000e+00   8.1121263e+03   2.3050000e+03
   0.0000000e+00   0.0000000e+00   8.0884410e+03   2.3060000e+03
   0.0000000e+00   0.0000000e+00   8.0625200e+03   2.3320000e+03
   0.0000000e+00   0.0000000e+00   8.0480874e+03   2.3410000e+03
   0.0000000e+00   0.0000000e+00   8.0434116e+03   2.3430000e+03
   0.0000000e+00   0.0000000e+00   8.0405086e+03   2.3470000e+03
   0.0000000e+00   0.0000000e+00   8.0203264e+03   2.3500000e+03
   0.0000000e+00   0.0000000e+00   8.0043803e+03   2.3660000e+03
   0.0000000e+00   0.0000000e+00   7.9997635e+03   2.4090000e+03
   0.0000000e+00   0.0000000e+00   7.9784337e+03   2.5390000e+03
   0.0000000e+00   0.0000000e+00   7.9386073e+03   2.5440000e+03
   0.0000000e+00   0.0000000e+00   7.9085171e+03   2.5730000e+03
   0.0000000e+00   0.0000000e+00   7.9014215e+03   2.6230000e+03
   0.0000000e+00   0.0000000e+00   7.8712317e+03   2.6600000e+03
   0.0000000e+00   0.0000000e+00   7.8608159e+03   2.6730000e+03
   0.0000000e+00   0.0000000e+00   7.8509475e+03   2.7010000e+03
   0.0000000e+00   0.0000000e+00   7.8379086e+03   2.7140000e+03
   0.0000000e+00   0.0000000e+00   7.8104365e+03   2.7170000e+03
   0.0000000e+00   0.0000000e+00   7.7960149e+03   2.7420000e+03
   0.0000000e+00   0.0000000e+00   7.7924207e+03   2.7580000e+03
   0.0000000e+00   0.0000000e+00   7.7863086e+03   2.7680000e+03
   0.0000000e+00   0.0000000e+00   7.7783111e+03   2.8020000e+03
   0.0000000e+00   0.0000000e+00   7.7624629e+03   2.8500000e+03
   0.0000000e+00   0.0000000e+00   7.7490884e+03   2.8790000e+03
   0.0000000e+00   0.0000000e+00   7.7372964e+03   3.0910000e+03
   0.0000000e+00   0.0000000e+00   7.7255039e+03   3.1260000e+03
   0.0000000e+00   0.0000000e+00   7.6930700e+03   3.1310000e+03
   0.0000000e+00   0.0000000e+00   7.6827461e+03   3.1520000e+03
   0.0000000e+00   0.0000000e+00   7.6592703e+03   3.1830000e+03
   0.0000000e+00   0.0000000e+00   7.6538734e+03   3.1920000e+03
   0.0000000e+00   0.0000000e+00   7.6486776e+03   3.1980000e+03
   0.0000000e+00   0.0000000e+00   7.6079845e+03   3.2020000e+03
   0.0000000e+00   0.0000000e+00   7.6012558e+03   3.2070000e+03
   0.0000000e+00   0.0000000e+00   7.5916192e+03   3.2080000e+03
   0.0000000e+00   0.0000000e+00   7.5824505e+03   3.2170000e+03
   0.0000000e+00   0.0000000e+00   7.5634946e+03   3.2420000e+03
   0.0000000e+00   0.0000000e+00   7.5159161e+03   3.3180000e+03
   0.0000000e+00   0.0000000e+00   7.5147849e+03   3.3240000e+03
   0.0000000e+00   0.0000000e+00   7.4557112e+03   3.3370000e+03
   0.0000000e+00   0.0000000e+00   7.4045122e+03   3.3620000e+03
   0.0000000e+00   0.0000000e+00   7.4041463e+03   3.4080000e+03
   0.0000000e+00   0.0000000e+00   7.3782744e+03   3.4140000e+03
   0.0000000e+00   0.0000000e+00   7.3694174e+03   3.4240000e+03
   0.0000000e+00   0.0000000e+00   7.3688427e+03   3.6610000e+03
   0.0000000e+00   0.0000000e+00   7.3676045e+03   3.7600000e+03
   0.0000000e+00   0.0000000e+00   7.3040984e+03   3.9210000e+03
   0.0000000e+00   0.0000000e+00   7.2848592e+03   3.9230000e+03
   0.0000000e+00   0.0000000e+00   7.2762143e+03   3.9450000e+03
   0.0000000e+00   0.0000000e+00   7.2398032e+03   3.9730000e+03
   0.0000000e+00   0.0000000e+00   7.2297084e+03   4.1100000e+03
   0.0000000e+00   0.0000000e+00   7.2284316e+03   4.1400000e+03
   0.0000000e+00   0.0000000e+00   7.2187066e+03   4.1520000e+03
   0.0000000e+00   0.0000000e+00   7.2044631e+03   4.1600000e+03
   0.0000000e+00   0.0000000e+00   7.1781466e+03   4.2150000e+03
   0.0000000e+00   0.0000000e+00   7.1632427e+03   4.2190000e+03
   0.0000000e+00   0.0000000e+00   7.1487805e+03   4.3690000e+03
   0.0000000e+00   0.0000000e+00   7.1281774e+03   4.4190000e+03
   0.0000000e+00   0.0000000e+00   7.1058508e+03   4.6030000e+03
   0.0000000e+00   0.0000000e+00   7.0946525e+03   4.6260000e+03
   0.0000000e+00   0.0000000e+00   7.0916781e+03   4.7560000e+03
   0.0000000e+00   0.0000000e+00   7.0730352e+03   4.7700000e+03
   0.0000000e+00   0.0000000e+00   7.0596757e+03   4.7830000e+03
   0.0000000e+00   0.0000000e+00   7.0591392e+03   5.1190000e+03
   0.0000000e+00   0.0000000e+00   7.0357819e+03   5.1560000e+03
   0.0000000e+00   0.0000000e+00   7.0327076e+03   5.2400000e+03
   0.0000000e+00   0.0000000e+00   7.0237114e+03   5.3560000e+03
   0.0000000e+00   0.0000000e+00   7.0236482e+03   5.3570000e+03
   0.0000000e+00   0.0000000e+00   6.9835006e+03   5.3940000e+03
   0.0000000e+00   0.0000000e+00   6.9602432e+03   5.4000000e+03
   0.0000000e+00   0.0000000e+00   6.9479241e+03   5.4070000e+03
   0.0000000e+00   0.0000000e+00   6.9206628e+03   5.4860000e+03
   0.0000000e+00   0.0000000e+00   6.9127544e+03   5.5570000e+03
   0.0000000e+00   0.0000000e+00   6.9044746e+03   5.5910000e+03
   0.0000000e+00   0.0000000e+00   6.8971760e+03   5.6250000e+03
   0.0000000e+00   0.0000000e+00   6.8686383e+03   5.6270000e+03
   0.0000000e+00   0.0000000e+00   6.8391414e+03   5.6390000e+03
   0.0000000e+00   0.0000000e+00   6.8226952e+03   5.6660000e+03
   0.0000000e+00   0.0000000e+00   6.8115014e+03   5.7590000e+03
   0.0000000e+00   0.0000000e+00   6.8025353e+03   5.8290000e+03
   0.0000000e+00   0.0000000e+00   6.7570437e+03   6.0020000e+03
   0.0000000e+00   0.0000000e+00   6.7449949e+03   6.1740000e+03
   0.0000000e+00   0.0000000e+00   6.7356559e+03   6.3170000e+03
   0.0000000e+00   0.0000000e+00   6.7251744e+03   6.4680000e+03
   0.0000000e+00   0.0000000e+00   6.7165669e+03   6.5230000e+03
   0.0000000e+00   0.0000000e+00   6.7161297e+03   6.5410000e+03
   0.0000000e+00   0.0000000e+00   6.7110460e+03   6.5520000e+03
   0.0000000e+00   0.0000000e+00   6.7024392e+03   6.7590000e+03
   0.0000000e+00   0.0000000e+00   6.6972142e+03   7.1520000e+03
   0.0000000e+00   0.0000000e+00   6.6927119e+03   7.3190000e+03
   0.0000000e+00   0.0000000e+00   6.6917355e+03   7.3220000e+03
   0.0000000e+00   0.0000000e+00   6.6863358e+03   7.4390000e+03
   0.0000000e+00   0.0000000e+00   6.6824891e+03   7.5550000e+03
   0.0000000e+00   0.0000000e+00   6.6781174e+03   7.8170000e+03
   0.0000000e+00   0.0000000e+00   6.6617998e+03   7.9740000e+03
   0.0000000e+00   0.0000000e+00   6.6536145e+03   8.0340000e+03
   0.0000000e+00   0.0000000e+00   6.6301338e+03   8.1340000e+03
   0.0000000e+00   0.0000000e+00   6.6291687e+03   8.1900000e+03
   0.0000000e+00   0.0000000e+00   6.6006763e+03   8.3180000e+03
   0.0000000e+00   0.0000000e+00   6.5986495e+03   8.4670000e+03
   0.0000000e+00   0.0000000e+00   6.5968007e+03   8.6790000e+03
   0.0000000e+00   0.0000000e+00   6.5920016e+03   8.8860000e+03
   0.0000000e+00   0.0000000e+00   6.5913350e+03   8.9460000e+03
   0.0000000e+00   0.0000000e+00   6.5865724e+03   9.0780000e+03
   0.0000000e+00   0.0000000e+00   6.5693416e+03   9.1340000e+03
   0.0000000e+00   0.0000000e+00   6.5678870e+03   9.5110000e+03
   0.0000000e+00   0.0000000e+00   6.5671172e+03   9.5600000e+03
   0.0000000e+00   0.0000000e+00   6.5658946e+03   9.6970000e+03
   0.0000000e+00   0.0000000e+00   6.5518887e+03   1.0007000e+04
   0.0000000e+00   0.0000000e+00   6.5426414e+03   1.0036000e+04
   0.0000000e+00   0.0000000e+00   6.5339879e+03   1.0223000e+04
   0.0000000e+00   0.0000000e+00   6.5253914e+03   1.0395000e+04
   0.0000000e+00   0.0000000e+00   6.5157485e+03   1.0440000e+04
   0.0000000e+00   0.0000000e+00   6.5154512e+03   1.0457000e+04
   0.0000000e+00   0.0000000e+00   6.5102439e+03   1.0473000e+04
   0.0000000e+00   0.0000000e+00   6.4983873e+03   1.0680000e+04
   0.0000000e+00   0.0000000e+00   6.4935606e+03   1.0750000e+04
   0.0000000e+00   0.0000000e+00   6.4917103e+03   1.0871000e+04
   0.0000000e+00   0.0000000e+00   6.4876847e+03   1.1018000e+04
   0.0000000e+00   0.0000000e+00   6.4678501e+03   1.1091000e+04
   0.0000000e+00   0.0000000e+00   6.4602073e+03   1.1234000e+04
   0.0000000e+00   0.0000000e+00   6.4459198e+03   1.1607000e+04
   0.0000000e+00   0.0000000e+00   6.4420890e+03   1.1760000e+04
   0.0000000e+00   0.0000000e+00   6.4348928e+03   1.1791000e+04
   0.0000000e+00   0.0000000e+00   6.4348928e+03   1.2088000e+04
   0.0000000e+00   0.0000000e+00   6.4294187e+03   1.2429000e+04
   0.0000000e+00   0.0000000e+00   6.4168195e+03   1.2661000e+04
   0.0000000e+00   0.0000000e+00   6.3973463e+03   1.3452000e+04
   0.0000000e+00   0.0000000e+00   6.3923675e+03   1.3567000e+04
   0.0000000e+00   0.0000000e+00   6.3901324e+03   1.3825000e+04
   0.0000000e+00   0.0000000e+00   6.3656880e+03   1.3974000e+04
   0.0000000e+00   0.0000000e+00   6.3608815e+03   1.4933000e+04
   0.0000000e+00   0.0000000e+00   6.3540378e+03   1.5220000e+04
   0.0000000e+00   0.0000000e+00   6.3407554e+03   1.5315000e+04
   0.0000000e+00   0.0000000e+00   6.3389849e+03   1.5392000e+04
   0.0000000e+00   0.0000000e+00   6.3375303e+03   1.5666000e+04
   0.0000000e+00   0.0000000e+00   6.3353143e+03   1.5690000e+04
   0.0000000e+00   0.0000000e+00   6.3353143e+03   1.5953000e+04
   0.0000000e+00   0.0000000e+00   6.3281294e+03   1.5992000e+04
   0.0000000e+00   0.0000000e+00   6.3221717e+03   1.5997000e+04
   0.0000000e+00   0.0000000e+00   6.3128859e+03   1.6193000e+04
   0.0000000e+00   0.0000000e+00   6.3107601e+03   1.6298000e+04
   0.0000000e+00   0.0000000e+00   6.3093358e+03   1.6301000e+04
   0.0000000e+00   0.0000000e+00   6.3092198e+03   1.6420000e+04
   0.0000000e+00   0.0000000e+00   6.3067109e+03   1.6520000e+04
   0.0000000e+00   0.0000000e+00   6.2964302e+03   1.6575000e+04
   0.0000000e+00   0.0000000e+00   6.2919818e+03   1.6848000e+04
   0.0000000e+00   0.0000000e+00   6.2911720e+03   1.6872000e+04
   0.0000000e+00   0.0000000e+00   6.2895086e+03   1.7093000e+04
   0.0000000e+00   0.0000000e+00   6.2863297e+03   1.7558000e+04
   0.0000000e+00   0.0000000e+00   6.2766980e+03   1.7964000e+04
   0.0000000e+00   0.0000000e+00   6.2737071e+03   1.8153000e+04
   0.0000000e+00   0.0000000e+00   6.2595711e+03   1.8612000e+04
   0.0000000e+00   0.0000000e+00   6.2530456e+03   1.8959000e+04
   0.0000000e+00   0.0000000e+00   6.2521809e+03   1.9018000e+04
   0.0000000e+00   0.0000000e+00   6.2392054e+03   1.9048000e+04
   0.0000000e+00   0.0000000e+00   6.2038791e+03   1.9052000e+04
   0.0000000e+00   0.0000000e+00   6.1886157e+03   1.9145000e+04
   0.0000000e+00   0.0000000e+00   6.1775477e+03   1.9197000e+04
   0.0000000e+00   0.0000000e+00   6.1772216e+03   1.9311000e+04
   0.0000000e+00   0.0000000e+00   6.1738526e+03   1.9426000e+04
   0.0000000e+00   0.0000000e+00   6.1690167e+03   1.9587000e+04
   0.0000000e+00   0.0000000e+00   6.1660891e+03   1.9646000e+04
   0.0000000e+00   0.0000000e+00   6.1653086e+03   1.9692000e+04
   0.0000000e+00   0.0000000e+00   6.1578517e+03   1.9757000e+04
   0.0000000e+00   0.0000000e+00   6.1536653e+03   1.9904000e+04
   0.0000000e+00   0.0000000e+00   6.1514302e+03   2.0041000e+04
   0.0000000e+00   0.0000000e+00   6.1442093e+03   2.0075000e+04
   0.0000000e+00   0.0000000e+00   6.1364176e+03   2.0242000e+04
   0.0000000e+00   0.0000000e+00   6.1341954e+03   2.1007000e+04
   0.0000000e+00   0.0000000e+00   6.1291245e+03   2.1317000e+04
   0.0000000e+00   0.0000000e+00   6.1128396e+03   2.1591000e+04
   0.0000000e+00   0.0000000e+00   6.1123343e+03   2.2476000e+04
   0.0000000e+00   0.0000000e+00   6.1114450e+03   2.2875000e+04
   0.0000000e+00   0.0000000e+00   6.1114450e+03   2.2969000e+04
   0.0000000e+00   0.0000000e+00   6.0925889e+03   2.3611000e+04
   0.0000000e+00   0.0000000e+00   6.0914595e+03   2.3658000e+04
   0.0000000e+00   0.0000000e+00   6.0882137e+03   2.3727000e+04
   0.0000000e+00   0.0000000e+00   6.0700392e+03   2.3771000e+04
   0.0000000e+00   0.0000000e+00   6.0585705e+03   2.3878000e+04
   0.0000000e+00   0.0000000e+00   6.0561544e+03   2.4511000e+04
   0.0000000e+00   0.0000000e+00   6.0505774e+03   2.5046000e+04
   0.0000000e+00   0.0000000e+00   6.0410249e+03   2.5365000e+04
   0.0000000e+00   0.0000000e+00   6.0303139e+03   2.5526000e+04
   0.0000000e+00   0.0000000e+00   6.0244964e+03   2.5545000e+04
   0.0000000e+00   0.0000000e+00   6.0244964e+03   2.6204000e+04
   0.0000000e+00   0.0000000e+00   6.0230581e+03   2.9876000e+04
   0.0000000e+00   0.0000000e+00   6.0190961e+03   2.9961000e+04
   0.0000000e+00   0.0000000e+00   6.0152621e+03   3.0472000e+04
   0.0000000e+00   0.0000000e+00   6.0152621e+03   3.0592000e+04
   0.0000000e+00   0.0000000e+00   6.0132093e+03   3.1064000e+04
   0.0000000e+00   0.0000000e+00   6.0123969e+03   3.1844000e+04
   0.0000000e+00   0.0000000e+00   6.0101618e+03   3.2030000e+04
   0.0000000e+00   0.0000000e+00   5.9893235e+03   3.2514000e+04
   0.0000000e+00   0.0000000e+00   5.9858863e+03   3.3585000e+04
   0.0000000e+00   0.0000000e+00   5.9716068e+03   3.4197000e+04
   0.0000000e+00   0.0000000e+00   5.9716068e+03   3.4261000e+04
   0.0000000e+00   0.0000000e+00   5.9531444e+03   3.4618000e+04
   0.0000000e+00   0.0000000e+00   5.9481446e+03   3.4749000e+04
   0.0000000e+00   0.0000000e+00   5.9400933e+03   3.7509000e+04
   0.0000000e+00   0.0000000e+00   5.9381802e+03   3.7549000e+04
   0.0000000e+00   0.0000000e+00   5.9351893e+03   3.8330000e+04
   0.0000000e+00   0.0000000e+00   5.9317858e+03   3.8475000e+04
   0.0000000e+00   0.0000000e+00   5.9310961e+03   3.8600000e+04
   0.0000000e+00   0.0000000e+00   5.9119566e+03   3.8640000e+04
   0.0000000e+00   0.0000000e+00   5.9105020e+03   3.8936000e+04
   0.0000000e+00   0.0000000e+00   5.9061090e+03   3.9005000e+04
   0.0000000e+00   0.0000000e+00   5.9042407e+03   4.0615000e+04
   0.0000000e+00   0.0000000e+00   5.8940607e+03   4.0840000e+04
   0.0000000e+00   0.0000000e+00   5.8628318e+03   4.1188000e+04
   0.0000000e+00   0.0000000e+00   5.8605967e+03   4.1504000e+04
   0.0000000e+00   0.0000000e+00   5.8605967e+03   4.1777000e+04
   0.0000000e+00   0.0000000e+00   5.8504137e+03   4.1956000e+04
   0.0000000e+00   0.0000000e+00   5.8504137e+03   4.2879000e+04
   0.0000000e+00   0.0000000e+00   5.8457289e+03   4.3002000e+04
   0.0000000e+00   0.0000000e+00   5.8321635e+03   4.3516000e+04
   0.0000000e+00   0.0000000e+00   5.8247559e+03   4.3915000e+04
   0.0000000e+00   0.0000000e+00   5.8247559e+03   4.4527000e+04
   0.0000000e+00   0.0000000e+00   5.8247559e+03   4.5646000e+04
   0.0000000e+00   0.0000000e+00   5.8147724e+03   4.6434000e+04
   0.0000000e+00   0.0000000e+00   5.8122119e+03   4.7662000e+04
   0.0000000e+00   0.0000000e+00   5.8099767e+03   4.8198000e+04
   0.0000000e+00   0.0000000e+00   5.8099767e+03   4.8402000e+04
   0.0000000e+00   0.0000000e+00   5.8099767e+03   4.8690000e+04
   0.0000000e+00   0.0000000e+00   5.7985868e+03   4.9109000e+04
   0.0000000e+00   0.0000000e+00   5.7985868e+03   4.9664000e+04
   0.0000000e+00   0.0000000e+00   5.7965334e+03   5.1592000e+04
   0.0000000e+00   0.0000000e+00   5.7928436e+03   5.1609000e+04
   0.0000000e+00   0.0000000e+00   5.7897548e+03   5.5155000e+04
   0.0000000e+00   0.0000000e+00   5.7860604e+03   5.7563000e+04
   0.0000000e+00   0.0000000e+00   5.7860604e+03   5.9684000e+04
   0.0000000e+00   0.0000000e+00   5.7799726e+03   6.0119000e+04
   0.0000000e+00   0.0000000e+00   5.7709333e+03   6.0159000e+04
   0.0000000e+00   0.0000000e+00   5.7695089e+03   6.0942000e+04
   0.0000000e+00   0.0000000e+00   5.7676900e+03   6.1924000e+04
   0.0000000e+00   0.0000000e+00   5.7592078e+03   6.2344000e+04
   0.0000000e+00   0.0000000e+00   5.7592078e+03   6.2480000e+04
   0.0000000e+00   0.0000000e+00   5.7554551e+03   6.2579000e+04
   0.0000000e+00   0.0000000e+00   5.7525356e+03   6.2930000e+04
   0.0000000e+00   0.0000000e+00   5.7503251e+03   6.3012000e+04
   0.0000000e+00   0.0000000e+00   5.7470337e+03   6.3082000e+04
   0.0000000e+00   0.0000000e+00   5.7394551e+03   6.3213000e+04
   0.0000000e+00   0.0000000e+00   5.7394551e+03   6.3231000e+04
   0.0000000e+00   0.0000000e+00   5.7321490e+03   6.4149000e+04
   0.0000000e+00   0.0000000e+00   5.7321490e+03   6.4478000e+04
   0.0000000e+00   0.0000000e+00   5.7284724e+03   6.7331000e+04
   0.0000000e+00   0.0000000e+00   5.7284724e+03   6.7970000e+04
   0.0000000e+00   0.0000000e+00   5.7284724e+03   7.0568000e+04
   0.0000000e+00   0.0000000e+00   5.7211554e+03   7.0690000e+04
   0.0000000e+00   0.0000000e+00   5.7211554e+03   7.0846000e+04
   0.0000000e+00   0.0000000e+00   5.7157388e+03   7.1173000e+04
   0.0000000e+00   0.0000000e+00   5.7154140e+03   7.3325000e+04
   0.0000000e+00   0.0000000e+00   5.7154140e+03   7.3676000e+04
   0.0000000e+00   0.0000000e+00   5.7154140e+03   7.4575000e+04
   0.0000000e+00   0.0000000e+00   5.7154140e+03   7.7443000e+04
   0.0000000e+00   0.0000000e+00   5.7154140e+03   8.0045000e+04
   0.0000000e+00   0.0000000e+00   5.7154140e+03   8.1568000e+04
   0.0000000e+00   0.0000000e+00   5.7154140e+03   8.1752000e+04
   0.0000000e+00   0.0000000e+00   5.7154140e+03   8.2604000e+04
   0.0000000e+00   0.0000000e+00   5.7154140e+03   8.5659000e+04
   0.0000000e+00   0.0000000e+00   5.7131789e+03   8.7300000e+04
   0.0000000e+00   0.0000000e+00   5.7131789e+03   8.8065000e+04
   0.0000000e+00   0.0000000e+00   5.7131789e+03   9.1348000e+04
   0.0000000e+00   0.0000000e+00   5.7122729e+03   9.1599000e+04
   0.0000000e+00   0.0000000e+00   5.7084866e+03   9.1861000e+04
   0.0000000e+00   0.0000000e+00   5.7084866e+03   9.4918000e+04
   0.0000000e+00   0.0000000e+00   5.7084866e+03   9.5318000e+04
   0.0000000e+00   0.0000000e+00   5.7057548e+03   9.7213000e+04
   0.0000000e+00   0.0000000e+00   5.7057548e+03   1.0073500e+05
   0.0000000e+00   0.0000000e+00   5.7057548e+03   1.0243400e+05
   0.0000000e+00   0.0000000e+00   5.7057548e+03   1.0399900e+05
   0.0000000e+00   0.0000000e+00   5.7057548e+03   1.0419500e+05
   0.0000000e+00   0.0000000e+00   5.6949156e+03   1.0481500e+05
   0.0000000e+00   0.0000000e+00   5.6946572e+03   1.0616600e+05
   0.0000000e+00   0.0000000e+00   5.6859097e+03   1.0637300e+05
   0.0000000e+00   0.0000000e+00   5.6859097e+03   1.0659200e+05
   0.0000000e+00   0.0000000e+00   5.6705428e+03   1.0662100e+05
   0.0000000e+00   0.0000000e+00   5.6705428e+03   1.0721800e+05
   0.0000000e+00   0.0000000e+00   5.6659000e+03   1.0759300e+05
   0.0000000e+00   0.0000000e+00   5.6659000e+03   1.0837100e+05
   0.0000000e+00   0.0000000e+00   5.6659000e+03   1.1114300e+05
   0.0000000e+00   0.0000000e+00   5.6659000e+03   1.1241900e+05
   0.0000000e+00   0.0000000e+00   5.6651523e+03   1.1265700e+05
   0.0000000e+00   0.0000000e+00   5.6582340e+03   1.1295900e+05
   0.0000000e+00   0.0000000e+00   5.6559615e+03   1.1326200e+05
   0.0000000e+00   0.0000000e+00   5.6559615e+03   1.1351700e+05
   0.0000000e+00   0.0000000e+00   5.6497766e+03   1.1434600e+05
   0.0000000e+00   0.0000000e+00   5.6497766e+03   1.1503400e+05
   0.0000000e+00   0.0000000e+00   5.6497766e+03   1.1778900e+05
   0.0000000e+00   0.0000000e+00   5.6486380e+03   1.1789000e+05
   0.0000000e+00   0.0000000e+00   5.6476757e+03   1.2030600e+05
   0.0000000e+00   0.0000000e+00   5.6470775e+03   1.2111900e+05
   0.0000000e+00   0.0000000e+00   5.6316016e+03   1.2208500e+05
   0.0000000e+00   0.0000000e+00   5.6288103e+03   1.2250200e+05
   0.0000000e+00   0.0000000e+00   5.6272717e+03   1.2282600e+05
   0.0000000e+00   0.0000000e+00   5.6272717e+03   1.2433600e+05
   0.0000000e+00   0.0000000e+00   5.6272717e+03   1.2447200e+05
   0.0000000e+00   0.0000000e+00   5.6272717e+03   1.2465600e+05
   0.0000000e+00   0.0000000e+00   5.6258170e+03   1.2477500e+05
   0.0000000e+00   0.0000000e+00   5.6225355e+03   1.2488600e+05
   0.0000000e+00   0.0000000e+00   5.6225355e+03   1.2491000e+05
   0.0000000e+00   0.0000000e+00   5.6225355e+03   1.2515700e+05
   0.0000000e+00   0.0000000e+00   5.6225355e+03   1.2637700e+05
   0.0000000e+00   0.0000000e+00   5.6205887e+03   1.2657500e+05
   0.0000000e+00   0.0000000e+00   5.6162357e+03   1.2752000e+05
   0.0000000e+00   0.0000000e+00   5.6162357e+03   1.2782400e+05
   0.0000000e+00   0.0000000e+00   5.6162357e+03   1.2791500e+05
   0.0000000e+00   0.0000000e+00   5.6141453e+03   1.2851100e+05
   0.0000000e+00   0.0000000e+00   5.6141453e+03   1.2857300e+05
   0.0000000e+00   0.0000000e+00   5.6141453e+03   1.2858200e+05
   0.0000000e+00   0.0000000e+00   5.6102266e+03   1.2863700e+05
   0.0000000e+00   0.0000000e+00   5.6078972e+03   1.2949100e+05
   0.0000000e+00   0.0000000e+00   5.6078972e+03   1.2957500e+05
   0.0000000e+00   0.0000000e+00   5.6072244e+03   1.2977000e+05
   0.0000000e+00   0.0000000e+00   5.6040532e+03   1.2978100e+05
   0.0000000e+00   0.0000000e+00   5.6002273e+03   1.3042600e+05
   0.0000000e+00   0.0000000e+00   5.6002273e+03   1.3049300e+05
   0.0000000e+00   0.0000000e+00   5.5972268e+03   1.3054400e+05
   0.0000000e+00   0.0000000e+00   5.5955382e+03   1.3089100e+05
   0.0000000e+00   0.0000000e+00   5.5918616e+03   1.3110500e+05
   0.0000000e+00   0.0000000e+00   5.5918616e+03   1.3162100e+05
   0.0000000e+00   0.0000000e+00   5.5918616e+03   1.3305800e+05
   0.0000000e+00   0.0000000e+00   5.5918616e+03   1.3322600e+05
   0.0000000e+00   0.0000000e+00   5.5906151e+03   1.3336600e+05
   0.0000000e+00   0.0000000e+00   5.5906151e+03   1.3361800e+05
   0.0000000e+00   0.0000000e+00   5.5906151e+03   1.3400500e+05
   0.0000000e+00   0.0000000e+00   5.5682900e+03   1.3531400e+05
   0.0000000e+00   0.0000000e+00   5.5647815e+03   1.3560200e+05
   0.0000000e+00   0.0000000e+00   5.5647815e+03   1.3579600e+05
   0.0000000e+00   0.0000000e+00   5.5630929e+03   1.3614600e+05
   0.0000000e+00   0.0000000e+00   5.5587439e+03   1.3617800e+05
   0.0000000e+00   0.0000000e+00   5.5577174e+03   1.3626400e+05
   0.0000000e+00   0.0000000e+00   5.5520055e+03   1.3645800e+05
   0.0000000e+00   0.0000000e+00   5.5479427e+03   1.3649700e+05
   0.0000000e+00   0.0000000e+00   5.5479427e+03   1.3650900e+05
   0.0000000e+00   0.0000000e+00   5.5430829e+03   1.3651500e+05
   0.0000000e+00   0.0000000e+00   5.5430829e+03   1.3724600e+05
   0.0000000e+00   0.0000000e+00   5.5414683e+03   1.3734200e+05
   0.0000000e+00   0.0000000e+00   5.5410887e+03   1.3776500e+05
   0.0000000e+00   0.0000000e+00   5.5378925e+03   1.3789700e+05
   0.0000000e+00   0.0000000e+00   5.5356787e+03   1.3800500e+05
   0.0000000e+00   0.0000000e+00   5.5336606e+03   1.3800600e+05
   0.0000000e+00   0.0000000e+00   5.5332234e+03   1.3975100e+05
   0.0000000e+00   0.0000000e+00   5.5332234e+03   1.4016800e+05
   0.0000000e+00   0.0000000e+00   5.5332234e+03   1.4058000e+05
   0.0000000e+00   0.0000000e+00   5.5332234e+03   1.4115300e+05
   0.0000000e+00   0.0000000e+00   5.5323174e+03   1.4121300e+05
   0.0000000e+00   0.0000000e+00   5.5323174e+03   1.4157900e+05
   0.0000000e+00   0.0000000e+00   5.5323174e+03   1.4182200e+05
   0.0000000e+00   0.0000000e+00   5.5306288e+03   1.4282300e+05
   0.0000000e+00   0.0000000e+00   5.5306288e+03   1.4311800e+05
   0.0000000e+00   0.0000000e+00   5.5306288e+03   1.4402500e+05
   0.0000000e+00   0.0000000e+00   5.5279077e+03   1.4411900e+05
   0.0000000e+00   0.0000000e+00   5.5279077e+03   1.4421700e+05
   0.0000000e+00   0.0000000e+00   5.5279077e+03   1.4440500e+05
   0.0000000e+00   0.0000000e+00   5.5279077e+03   1.4682600e+05
   0.0000000e+00   0.0000000e+00   5.5264087e+03   1.4790700e+05
   0.0000000e+00   0.0000000e+00   5.5236935e+03   1.4820300e+05
   0.0000000e+00   0.0000000e+00   5.5236935e+03   1.4875300e+05
   0.0000000e+00   0.0000000e+00   5.5222389e+03   1.5019900e+05
   0.0000000e+00   0.0000000e+00   5.5222389e+03   1.5027100e+05
   0.0000000e+00   0.0000000e+00   5.5222389e+03   1.5074800e+05
   0.0000000e+00   0.0000000e+00   5.5222389e+03   1.5084200e+05
   0.0000000e+00   0.0000000e+00   5.5200038e+03   1.5121900e+05
   0.0000000e+00   0.0000000e+00   5.5200038e+03   1.5179800e+05
   0.0000000e+00   0.0000000e+00   5.5200038e+03   1.5215400e+05
   0.0000000e+00   0.0000000e+00   5.5200038e+03   1.5218600e+05
   0.0000000e+00   0.0000000e+00   5.5200038e+03   1.5258300e+05
   0.0000000e+00   0.0000000e+00   5.5200038e+03   1.5365800e+05
   0.0000000e+00   0.0000000e+00   5.5200038e+03   1.5418900e+05
   0.0000000e+00   0.0000000e+00   5.5200038e+03   1.5477900e+05
   0.0000000e+00   0.0000000e+00   5.5200038e+03   1.5588100e+05
   0.0000000e+00   0.0000000e+00   5.5200038e+03   1.5717200e+05
   0.0000000e+00   0.0000000e+00   5.5200038e+03   1.5741000e+05
   0.0000000e+00   0.0000000e+00   5.5200038e+03   1.5788900e+05
   0.0000000e+00   0.0000000e+00   5.5200038e+03   1.5890000e+05
   0.0000000e+00   0.0000000e+00   5.4777518e+03   1.5918800e+05
   0.0000000e+00   0.0000000e+00   5.4723105e+03   1.5919800e+05
   0.0000000e+00   0.0000000e+00   5.4488377e+03   1.5952600e+05
   0.0000000e+00   0.0000000e+00   5.4488377e+03   1.5953300e+05
   0.0000000e+00   0.0000000e+00   5.4488377e+03   1.5983100e+05
   0.0000000e+00   0.0000000e+00   5.4427411e+03   1.6014700e+05
   0.0000000e+00   0.0000000e+00   5.4427411e+03   1.6058600e+05
   0.0000000e+00   0.0000000e+00   5.4427411e+03   1.6134900e+05
   0.0000000e+00   0.0000000e+00   5.4427411e+03   1.6225100e+05
   0.0000000e+00   0.0000000e+00   5.4427411e+03   1.6296200e+05
   0.0000000e+00   0.0000000e+00   5.4415351e+03   1.6334200e+05
   0.0000000e+00   0.0000000e+00   5.4415351e+03   1.6338500e+05
   0.0000000e+00   0.0000000e+00   5.4368591e+03   1.6410300e+05
   0.0000000e+00   0.0000000e+00   5.4368591e+03   1.6510400e+05
   0.0000000e+00   0.0000000e+00   5.4368591e+03   1.6521800e+05
   0.0000000e+00   0.0000000e+00   5.4368591e+03   1.6597400e+05
   0.0000000e+00   0.0000000e+00   5.4368591e+03   1.6659700e+05
   0.0000000e+00   0.0000000e+00   5.4368591e+03   1.6732600e+05
   0.0000000e+00   0.0000000e+00   5.4368591e+03   1.6994200e+05
   0.0000000e+00   0.0000000e+00   5.4368591e+03   1.7075000e+05
   0.0000000e+00   0.0000000e+00   5.4364239e+03   1.7100300e+05
   0.0000000e+00   0.0000000e+00   5.4328718e+03   1.7128200e+05
   0.0000000e+00   0.0000000e+00   5.4287017e+03   1.7169100e+05
   0.0000000e+00   0.0000000e+00   5.4287017e+03   1.7176500e+05
   0.0000000e+00   0.0000000e+00   5.4287017e+03   1.7436900e+05
   0.0000000e+00   0.0000000e+00   5.4287017e+03   1.7473500e+05
   0.0000000e+00   0.0000000e+00   5.4287017e+03   1.7493400e+05
   0.0000000e+00   0.0000000e+00   5.4287017e+03   1.7717800e+05
   0.0000000e+00   0.0000000e+00   5.4287017e+03   1.7739500e+05
   0.0000000e+00   0.0000000e+00   5.4230524e+03   1.7803400e+05
   0.0000000e+00   0.0000000e+00   5.4230524e+03   1.7890500e+05
   0.0000000e+00   0.0000000e+00   5.4230524e+03   1.7899900e+05
   0.0000000e+00   0.0000000e+00   5.4230524e+03   1.7915700e+05
   0.0000000e+00   0.0000000e+00   5.4230524e+03   1.7924100e+05
   0.0000000e+00   0.0000000e+00   5.4230524e+03   1.8003700e+05
   0.0000000e+00   0.0000000e+00   5.4230524e+03   1.8026500e+05
   0.0000000e+00   0.0000000e+00   5.4230524e+03   1.8040100e+05
   0.0000000e+00   0.0000000e+00   5.4206564e+03   1.8053100e+05
   0.0000000e+00   0.0000000e+00   5.4206564e+03   1.8081200e+05
   0.0000000e+00   0.0000000e+00   5.4201691e+03   1.8121300e+05
   0.0000000e+00   0.0000000e+00   5.4176485e+03   1.8163600e+05
   0.0000000e+00   0.0000000e+00   5.4170726e+03   1.8186400e+05
   0.0000000e+00   0.0000000e+00   5.4170726e+03   1.8203600e+05
   0.0000000e+00   0.0000000e+00   5.4170726e+03   1.8223400e+05
   0.0000000e+00   0.0000000e+00   5.4060941e+03   1.8249700e+05
   0.0000000e+00   0.0000000e+00   5.4060941e+03   1.8253300e+05
   0.0000000e+00   0.0000000e+00   5.3962601e+03   1.8283100e+05
   0.0000000e+00   0.0000000e+00   5.3962601e+03   1.8311900e+05
   0.0000000e+00   0.0000000e+00   5.3924261e+03   1.8336400e+05
   0.0000000e+00   0.0000000e+00   5.3924261e+03   1.8364400e+05
   0.0000000e+00   0.0000000e+00   5.3842315e+03   1.8368000e+05
   0.0000000e+00   0.0000000e+00   5.3839507e+03   1.8383500e+05
   0.0000000e+00   0.0000000e+00   5.3839507e+03   1.8391000e+05
   0.0000000e+00   0.0000000e+00   5.3839507e+03   1.8405400e+05
   0.0000000e+00   0.0000000e+00   5.3839507e+03   1.8407800e+05
   0.0000000e+00   0.0000000e+00   5.3839507e+03   1.8497300e+05
   0.0000000e+00   0.0000000e+00   5.3839507e+03   1.8498500e+05
   0.0000000e+00   0.0000000e+00   5.3839507e+03   1.8536800e+05
   0.0000000e+00   0.0000000e+00   5.3813561e+03   1.8692600e+05
   0.0000000e+00   0.0000000e+00   5.3813561e+03   1.8832700e+05
   0.0000000e+00   0.0000000e+00   5.3813561e+03   1.8847100e+05
   0.0000000e+00   0.0000000e+00   5.3698213e+03   1.8869600e+05
   0.0000000e+00   0.0000000e+00   5.3698213e+03   1.9025200e+05
   0.0000000e+00   0.0000000e+00   5.3698213e+03   1.9043200e+05
   0.0000000e+00   0.0000000e+00   5.3698213e+03   1.9080800e+05
   0.0000000e+00   0.0000000e+00   5.3698213e+03   1.9159900e+05
   0.0000000e+00   0.0000000e+00   5.3698213e+03   1.9223300e+05
   0.0000000e+00   0.0000000e+00   5.3698213e+03   1.9269700e+05
   0.0000000e+00   0.0000000e+00   5.3635561e+03   1.9369200e+05
   0.0000000e+00   0.0000000e+00   5.3635561e+03   1.9396400e+05
   0.0000000e+00   0.0000000e+00   5.3635561e+03   1.9409900e+05
   0.0000000e+00   0.0000000e+00   5.3635561e+03   1.9426300e+05
   0.0000000e+00   0.0000000e+00   5.3573334e+03   1.9436900e+05
   0.0000000e+00   0.0000000e+00   5.3573334e+03   1.9515700e+05
   0.0000000e+00   0.0000000e+00   5.3573334e+03   1.9552400e+05
   0.0000000e+00   0.0000000e+00   5.3536568e+03   1.9572800e+05
   0.0000000e+00   0.0000000e+00   5.3536568e+03   1.9582700e+05
   0.0000000e+00   0.0000000e+00   5.3536568e+03   1.9589500e+05
   0.0000000e+00   0.0000000e+00   5.3536568e+03   1.9618600e+05
   0.0000000e+00   0.0000000e+00   5.3536568e+03   1.9749400e+05
   0.0000000e+00   0.0000000e+00   5.3536568e+03   1.9785400e+05
   0.0000000e+00   0.0000000e+00   5.3536568e+03   1.9790400e+05
   0.0000000e+00   0.0000000e+00   5.3536568e+03   1.9800200e+05
   0.0000000e+00   0.0000000e+00   5.3536568e+03   1.9914000e+05
