   2.4185881e+02   1.0988959e+01   1.5254587e+04   2.0000000e+00
   2.0884825e+02   9.2041353e+00   1.5641292e+04   3.0000000e+00
   1.9433165e+02   8.2602739e+00   1.5458155e+04   7.0000000e+00
   1.8639358e+02   7.9055820e+00   1.5194375e+04   8.0000000e+00
   1.7787940e+02   7.0205932e+00   1.6152407e+04   9.0000000e+00
   1.7433412e+02   6.2663766e+00   1.6312920e+04   1.0000000e+01
   1.7015788e+02   5.1994957e+00   1.6843168e+04   1.1000000e+01
   1.6169219e+02   5.4764447e+00   1.6548509e+04   1.2000000e+01
   1.6055716e+02   5.1034663e+00   1.6387791e+04   1.3000000e+01
   1.4946795e+02   4.3970982e+00   1.7784967e+04   1.4000000e+01
   1.3462310e+02   2.5571812e+00   1.7725681e+04   1.9000000e+01
   1.0521949e+02   1.3745058e+00   1.9692585e+04   2.2000000e+01
   9.8866278e+01   1.4080424e+00   1.9139111e+04   2.3000000e+01
   9.7972949e+01   1.1555926e+00   1.9123708e+04   2.4000000e+01
   9.6883008e+01   1.6118959e+00   1.8970471e+04   2.5000000e+01
   9.5620227e+01   1.3331596e+00   1.8514537e+04   2.7000000e+01
   9.0387457e+01   9.5267480e-01   1.8041628e+04   2.9000000e+01
   8.7368482e+01   8.6401729e-01   1.8073153e+04   3.0000000e+01
   8.1831370e+01   7.9275168e-01   1.7987638e+04   3.1000000e+01
   7.5791127e+01   7.0272723e-01   1.8293080e+04   3.3000000e+01
   6.9568763e+01   6.9940893e-01   1.8243530e+04   3.5000000e+01
   6.8008531e+01   6.0686243e-01   1.8110774e+04   3.6000000e+01
   6.7318664e+01   6.1290012e-01   1.7869553e+04   3.7000000e+01
   6.5378709e+01   4.9192227e-01   1.7437050e+04   3.9000000e+01
   6.4718597e+01   5.1356131e-01   1.7344250e+04   4.0000000e+01
   6.4205862e+01   6.2778316e-01   1.7100676e+04   4.1000000e+01
   6.2588208e+01   3.2286319e-01   1.7241216e+04   4.2000000e+01
   6.2129813e+01   3.1383620e-01   1.7409286e+04   4.6000000e+01
   5.6145364e+01   2.8950016e-01   1.8889388e+04   4.7000000e+01
   5.5408614e+01   2.9206297e-01   1.8826010e+04   4.9000000e+01
   5.2494087e+01   2.6872881e-01   1.9338575e+04   5.2000000e+01
   5.1272618e+01   2.1951233e-01   2.0236698e+04   5.7000000e+01
   5.0215191e+01   1.7796859e-01   2.0747195e+04   5.9000000e+01
   4.2261417e+01   4.4894149e-02   2.1164111e+04   6.4000000e+01
   2.8851789e+01   0.0000000e+00   2.2471422e+04   6.6000000e+01
   2.7940058e+01   0.0000000e+00   2.3671794e+04   6.7000000e+01
   2.6147092e+01   0.0000000e+00   2.4381942e+04   6.8000000e+01
   2.5374574e+01   0.0000000e+00   2.4753102e+04   7.1000000e+01
   2.5320772e+01   0.0000000e+00   2.4501853e+04   7.3000000e+01
   2.2785382e+01   0.0000000e+00   2.3847410e+04   7.4000000e+01
   2.2233181e+01   0.0000000e+00   2.4882665e+04   7.5000000e+01
   2.1736372e+01   0.0000000e+00   2.5106391e+04   7.6000000e+01
   2.0874091e+01   0.0000000e+00   2.5712814e+04   7.7000000e+01
   1.9520985e+01   0.0000000e+00   2.5430454e+04   7.8000000e+01
   1.9500122e+01   0.0000000e+00   2.5166918e+04   8.1000000e+01
   1.9264302e+01   0.0000000e+00   2.4584395e+04   8.8000000e+01
   1.8700819e+01   0.0000000e+00   2.4308268e+04   9.3000000e+01
   1.7853115e+01   0.0000000e+00   2.3733987e+04   9.4000000e+01
   1.5091935e+01   0.0000000e+00   2.3497839e+04   9.5000000e+01
   1.4878480e+01   0.0000000e+00   2.4130024e+04   9.6000000e+01
   1.2273505e+01   0.0000000e+00   2.3439943e+04   9.7000000e+01
   1.1947119e+01   0.0000000e+00   2.4624032e+04   1.0100000e+02
   1.1147200e+01   0.0000000e+00   2.4489842e+04   1.0400000e+02
   1.1130317e+01   0.0000000e+00   2.3685637e+04   1.0500000e+02
   1.0335069e+01   0.0000000e+00   2.3606899e+04   1.0700000e+02
   1.0118898e+01   0.0000000e+00   2.3763089e+04   1.1900000e+02
   1.0043007e+01   0.0000000e+00   2.3856162e+04   1.2200000e+02
   9.9555731e+00   0.0000000e+00   2.4890704e+04   1.2300000e+02
   1.4427656e-01   0.0000000e+00   2.5252196e+04   1.2600000e+02
   1.2065272e-01   0.0000000e+00   2.5648646e+04   1.2900000e+02
   1.4056739e-02   0.0000000e+00   2.6914137e+04   1.3600000e+02
   1.3590465e-02   0.0000000e+00   2.6561926e+04   1.4000000e+02
   0.0000000e+00   0.0000000e+00   2.5866411e+04   1.4300000e+02
   0.0000000e+00   0.0000000e+00   2.5082155e+04   1.4800000e+02
   0.0000000e+00   0.0000000e+00   2.4964044e+04   1.4900000e+02
   0.0000000e+00   0.0000000e+00   2.4333712e+04   1.5000000e+02
   0.0000000e+00   0.0000000e+00   2.3629195e+04   1.5200000e+02
   0.0000000e+00   0.0000000e+00   2.3004453e+04   1.5400000e+02
   0.0000000e+00   0.0000000e+00   2.2428518e+04   1.5500000e+02
   0.0000000e+00   0.0000000e+00   2.2324323e+04   1.5700000e+02
   0.0000000e+00   0.0000000e+00   2.1849970e+04   1.6400000e+02
   0.0000000e+00   0.0000000e+00   2.1346543e+04   1.6600000e+02
   0.0000000e+00   0.0000000e+00   2.0775749e+04   1.7300000e+02
   0.0000000e+00   0.0000000e+00   2.0515034e+04   1.7900000e+02
   0.0000000e+00   0.0000000e+00   2.0254167e+04   1.8000000e+02
   0.0000000e+00   0.0000000e+00   2.0088139e+04   1.8300000e+02
   0.0000000e+00   0.0000000e+00   1.9769161e+04   1.9900000e+02
   0.0000000e+00   0.0000000e+00   1.9521546e+04   2.0400000e+02
   0.0000000e+00   0.0000000e+00   1.9332082e+04   2.0500000e+02
   0.0000000e+00   0.0000000e+00   1.8801724e+04   2.0700000e+02
   0.0000000e+00   0.0000000e+00   1.8714680e+04   2.3000000e+02
   0.0000000e+00   0.0000000e+00   1.8569238e+04   2.3700000e+02
   0.0000000e+00   0.0000000e+00   1.8350826e+04   2.3800000e+02
   0.0000000e+00   0.0000000e+00   1.7993141e+04   2.4100000e+02
   0.0000000e+00   0.0000000e+00   1.7736117e+04   2.4300000e+02
   0.0000000e+00   0.0000000e+00   1.7363396e+04   2.5100000e+02
   0.0000000e+00   0.0000000e+00   1.6991808e+04   2.5200000e+02
   0.0000000e+00   0.0000000e+00   1.6660655e+04   2.5300000e+02
   0.0000000e+00   0.0000000e+00   1.6451934e+04   2.6100000e+02
   0.0000000e+00   0.0000000e+00   1.6186532e+04   2.6300000e+02
   0.0000000e+00   0.0000000e+00   1.5940369e+04   2.6500000e+02
   0.0000000e+00   0.0000000e+00   1.5838131e+04   2.7600000e+02
   0.0000000e+00   0.0000000e+00   1.5742544e+04   2.8200000e+02
   0.0000000e+00   0.0000000e+00   1.5733799e+04   2.8500000e+02
   0.0000000e+00   0.0000000e+00   1.5596015e+04   2.8800000e+02
   0.0000000e+00   0.0000000e+00   1.5485484e+04   2.9000000e+02
   0.0000000e+00   0.0000000e+00   1.5373620e+04   2.9300000e+02
   0.0000000e+00   0.0000000e+00   1.5013766e+04   3.0000000e+02
   0.0000000e+00   0.0000000e+00   1.4909185e+04   3.0400000e+02
   0.0000000e+00   0.0000000e+00   1.4739756e+04   3.1000000e+02
   0.0000000e+00   0.0000000e+00   1.4486772e+04   3.1100000e+02
   0.0000000e+00   0.0000000e+00   1.4370469e+04   3.1200000e+02
   0.0000000e+00   0.0000000e+00   1.4278499e+04   3.1400000e+02
   0.0000000e+00   0.0000000e+00   1.3922805e+04   3.1800000e+02
   0.0000000e+00   0.0000000e+00   1.3795727e+04   3.2500000e+02
   0.0000000e+00   0.0000000e+00   1.3682050e+04   3.2900000e+02
   0.0000000e+00   0.0000000e+00   1.3454829e+04   3.3000000e+02
   0.0000000e+00   0.0000000e+00   1.3353042e+04   3.3400000e+02
   0.0000000e+00   0.0000000e+00   1.3239104e+04   3.3500000e+02
   0.0000000e+00   0.0000000e+00   1.3023437e+04   3.3600000e+02
   0.0000000e+00   0.0000000e+00   1.3002133e+04   3.4000000e+02
   0.0000000e+00   0.0000000e+00   1.2755920e+04   3.4400000e+02
   0.0000000e+00   0.0000000e+00   1.2533230e+04   3.4500000e+02
   0.0000000e+00   0.0000000e+00   1.2489176e+04   3.5400000e+02
   0.0000000e+00   0.0000000e+00   1.2146481e+04   3.5900000e+02
   0.0000000e+00   0.0000000e+00   1.2062972e+04   3.6300000e+02
   0.0000000e+00   0.0000000e+00   1.1850490e+04   3.6400000e+02
   0.0000000e+00   0.0000000e+00   1.1796290e+04   3.6500000e+02
   0.0000000e+00   0.0000000e+00   1.1666522e+04   3.6700000e+02
   0.0000000e+00   0.0000000e+00   1.1639688e+04   3.7000000e+02
   0.0000000e+00   0.0000000e+00   1.1496868e+04   3.7600000e+02
   0.0000000e+00   0.0000000e+00   1.1490931e+04   3.8500000e+02
   0.0000000e+00   0.0000000e+00   1.1467793e+04   3.8600000e+02
   0.0000000e+00   0.0000000e+00   1.1381502e+04   3.8700000e+02
   0.0000000e+00   0.0000000e+00   1.1344126e+04   3.9500000e+02
   0.0000000e+00   0.0000000e+00   1.1292807e+04   3.9900000e+02
   0.0000000e+00   0.0000000e+00   1.1098335e+04   4.0300000e+02
   0.0000000e+00   0.0000000e+00   1.1018883e+04   4.2500000e+02
   0.0000000e+00   0.0000000e+00   1.0839635e+04   4.2800000e+02
   0.0000000e+00   0.0000000e+00   1.0675529e+04   4.3000000e+02
   0.0000000e+00   0.0000000e+00   1.0546592e+04   4.4600000e+02
   0.0000000e+00   0.0000000e+00   1.0469489e+04   4.4900000e+02
   0.0000000e+00   0.0000000e+00   1.0291053e+04   4.5100000e+02
   0.0000000e+00   0.0000000e+00   1.0117586e+04   4.5500000e+02
   0.0000000e+00   0.0000000e+00   9.9948660e+03   4.5600000e+02
   0.0000000e+00   0.0000000e+00   9.8406373e+03   4.7500000e+02
   0.0000000e+00   0.0000000e+00   9.8324923e+03   4.8700000e+02
   0.0000000e+00   0.0000000e+00   9.7469144e+03   4.8800000e+02
   0.0000000e+00   0.0000000e+00   9.6867661e+03   4.9400000e+02
   0.0000000e+00   0.0000000e+00   9.6380194e+03   4.9700000e+02
   0.0000000e+00   0.0000000e+00   9.4668299e+03   5.0000000e+02
   0.0000000e+00   0.0000000e+00   9.4257227e+03   5.1800000e+02
   0.0000000e+00   0.0000000e+00   9.4046753e+03   5.2200000e+02
   0.0000000e+00   0.0000000e+00   9.2930445e+03   5.2600000e+02
   0.0000000e+00   0.0000000e+00   9.2097988e+03   5.3000000e+02
   0.0000000e+00   0.0000000e+00   9.1825363e+03   5.3100000e+02
   0.0000000e+00   0.0000000e+00   9.0234322e+03   5.4800000e+02
   0.0000000e+00   0.0000000e+00   9.0095650e+03   5.5000000e+02
   0.0000000e+00   0.0000000e+00   8.9291511e+03   5.5200000e+02
   0.0000000e+00   0.0000000e+00   8.9078046e+03   5.5900000e+02
   0.0000000e+00   0.0000000e+00   8.8267617e+03   5.6500000e+02
   0.0000000e+00   0.0000000e+00   8.7901191e+03   5.7800000e+02
   0.0000000e+00   0.0000000e+00   8.6426418e+03   5.8200000e+02
   0.0000000e+00   0.0000000e+00   8.6325277e+03   5.8600000e+02
   0.0000000e+00   0.0000000e+00   8.5073174e+03   5.8700000e+02
   0.0000000e+00   0.0000000e+00   8.4709316e+03   5.9700000e+02
   0.0000000e+00   0.0000000e+00   8.4080271e+03   6.2400000e+02
   0.0000000e+00   0.0000000e+00   8.3481260e+03   6.6800000e+02
   0.0000000e+00   0.0000000e+00   8.3134978e+03   6.7100000e+02
   0.0000000e+00   0.0000000e+00   8.3031379e+03   6.7900000e+02
   0.0000000e+00   0.0000000e+00   8.2872690e+03   7.0300000e+02
   0.0000000e+00   0.0000000e+00   8.2611594e+03   7.1000000e+02
   0.0000000e+00   0.0000000e+00   8.1476041e+03   7.3500000e+02
   0.0000000e+00   0.0000000e+00   8.1054293e+03   7.3800000e+02
   0.0000000e+00   0.0000000e+00   8.1046478e+03   7.4100000e+02
   0.0000000e+00   0.0000000e+00   8.0867791e+03   7.4300000e+02
   0.0000000e+00   0.0000000e+00   8.0400821e+03   7.4400000e+02
   0.0000000e+00   0.0000000e+00   7.9205163e+03   7.5300000e+02
   0.0000000e+00   0.0000000e+00   7.8805882e+03   7.9900000e+02
   0.0000000e+00   0.0000000e+00   7.8722625e+03   8.4800000e+02
   0.0000000e+00   0.0000000e+00   7.8234535e+03   8.5400000e+02
   0.0000000e+00   0.0000000e+00   7.7676386e+03   8.9400000e+02
   0.0000000e+00   0.0000000e+00   7.7380030e+03   9.4200000e+02
   0.0000000e+00   0.0000000e+00   7.6696120e+03   9.6500000e+02
   0.0000000e+00   0.0000000e+00   7.6598766e+03   9.6800000e+02
   0.0000000e+00   0.0000000e+00   7.6490794e+03   1.0020000e+03
   0.0000000e+00   0.0000000e+00   7.6380402e+03   1.0060000e+03
   0.0000000e+00   0.0000000e+00   7.5823522e+03   1.0700000e+03
   0.0000000e+00   0.0000000e+00   7.4823436e+03   1.2300000e+03
   0.0000000e+00   0.0000000e+00   7.4678264e+03   1.3250000e+03
   0.0000000e+00   0.0000000e+00   7.4620919e+03   1.3650000e+03
   0.0000000e+00   0.0000000e+00   7.4560844e+03   1.3800000e+03
   0.0000000e+00   0.0000000e+00   7.3902442e+03   1.4370000e+03
   0.0000000e+00   0.0000000e+00   7.3402290e+03   1.5390000e+03
   0.0000000e+00   0.0000000e+00   7.3335802e+03   1.6540000e+03
   0.0000000e+00   0.0000000e+00   7.3158076e+03   1.6960000e+03
   0.0000000e+00   0.0000000e+00   7.2762800e+03   1.7200000e+03
   0.0000000e+00   0.0000000e+00   7.2688507e+03   1.7350000e+03
   0.0000000e+00   0.0000000e+00   7.1843349e+03   1.7400000e+03
   0.0000000e+00   0.0000000e+00   7.1576357e+03   1.7500000e+03
   0.0000000e+00   0.0000000e+00   7.1275432e+03   1.8400000e+03
   0.0000000e+00   0.0000000e+00   7.1027140e+03   1.8640000e+03
   0.0000000e+00   0.0000000e+00   7.0574534e+03   1.9700000e+03
   0.0000000e+00   0.0000000e+00   7.0443354e+03   2.2320000e+03
   0.0000000e+00   0.0000000e+00   7.0339032e+03   2.3160000e+03
   0.0000000e+00   0.0000000e+00   7.0274906e+03   2.5080000e+03
   0.0000000e+00   0.0000000e+00   7.0136669e+03   3.0420000e+03
   0.0000000e+00   0.0000000e+00   7.0083865e+03   3.0680000e+03
   0.0000000e+00   0.0000000e+00   6.9703456e+03   3.0700000e+03
   0.0000000e+00   0.0000000e+00   6.9293200e+03   3.2370000e+03
   0.0000000e+00   0.0000000e+00   6.9114476e+03   3.3660000e+03
   0.0000000e+00   0.0000000e+00   6.9070665e+03   3.6420000e+03
   0.0000000e+00   0.0000000e+00   6.8908354e+03   3.6910000e+03
   0.0000000e+00   0.0000000e+00   6.8644886e+03   3.9020000e+03
   0.0000000e+00   0.0000000e+00   6.8266959e+03   4.1330000e+03
   0.0000000e+00   0.0000000e+00   6.8251901e+03   4.3460000e+03
   0.0000000e+00   0.0000000e+00   6.8208517e+03   4.6080000e+03
   0.0000000e+00   0.0000000e+00   6.8010098e+03   4.7880000e+03
   0.0000000e+00   0.0000000e+00   6.7927461e+03   4.8400000e+03
   0.0000000e+00   0.0000000e+00   6.7729208e+03   4.8700000e+03
   0.0000000e+00   0.0000000e+00   6.7702861e+03   4.8760000e+03
   0.0000000e+00   0.0000000e+00   6.7153385e+03   5.5490000e+03
   0.0000000e+00   0.0000000e+00   6.7144647e+03   5.8750000e+03
   0.0000000e+00   0.0000000e+00   6.7091051e+03   6.4070000e+03
   0.0000000e+00   0.0000000e+00   6.6951914e+03   6.7960000e+03
   0.0000000e+00   0.0000000e+00   6.6804288e+03   6.9890000e+03
   0.0000000e+00   0.0000000e+00   6.6484252e+03   7.5710000e+03
   0.0000000e+00   0.0000000e+00   6.6334445e+03   1.0511000e+04
   0.0000000e+00   0.0000000e+00   6.6316446e+03   1.3216000e+04
   0.0000000e+00   0.0000000e+00   6.6136569e+03   1.3249000e+04
   0.0000000e+00   0.0000000e+00   6.5988832e+03   1.3329000e+04
   0.0000000e+00   0.0000000e+00   6.5795973e+03   1.3380000e+04
   0.0000000e+00   0.0000000e+00   6.5567710e+03   1.3681000e+04
   0.0000000e+00   0.0000000e+00   6.5463363e+03   1.4494000e+04
   0.0000000e+00   0.0000000e+00   6.5383518e+03   1.4615000e+04
   0.0000000e+00   0.0000000e+00   6.5112549e+03   1.4753000e+04
   0.0000000e+00   0.0000000e+00   6.5069191e+03   1.5165000e+04
   0.0000000e+00   0.0000000e+00   6.5033514e+03   1.6839000e+04
   0.0000000e+00   0.0000000e+00   6.4823354e+03   1.7099000e+04
   0.0000000e+00   0.0000000e+00   6.4576018e+03   1.7252000e+04
   0.0000000e+00   0.0000000e+00   6.4338146e+03   1.7647000e+04
   0.0000000e+00   0.0000000e+00   6.4273198e+03   2.2076000e+04
   0.0000000e+00   0.0000000e+00   6.4251202e+03   2.2119000e+04
   0.0000000e+00   0.0000000e+00   6.4160603e+03   2.2641000e+04
   0.0000000e+00   0.0000000e+00   6.4059057e+03   2.2673000e+04
   0.0000000e+00   0.0000000e+00   6.3857194e+03   2.2822000e+04
   0.0000000e+00   0.0000000e+00   6.3781782e+03   2.3827000e+04
   0.0000000e+00   0.0000000e+00   6.3657114e+03   3.0519000e+04
   0.0000000e+00   0.0000000e+00   6.3526893e+03   3.8072000e+04
   0.0000000e+00   0.0000000e+00   6.3463845e+03   4.3702000e+04
   0.0000000e+00   0.0000000e+00   6.3411946e+03   4.5529000e+04
   0.0000000e+00   0.0000000e+00   6.3325175e+03   7.3580000e+04
   0.0000000e+00   0.0000000e+00   6.3324968e+03   7.6221000e+04
   0.0000000e+00   0.0000000e+00   6.3284506e+03   7.9630000e+04
   0.0000000e+00   0.0000000e+00   6.3183027e+03   7.9647000e+04
   0.0000000e+00   0.0000000e+00   6.3101339e+03   8.4802000e+04
   0.0000000e+00   0.0000000e+00   6.3086959e+03   8.7521000e+04
   0.0000000e+00   0.0000000e+00   6.3035744e+03   8.7914000e+04
   0.0000000e+00   0.0000000e+00   6.2963022e+03   8.8172000e+04
   0.0000000e+00   0.0000000e+00   6.2798644e+03   1.0116800e+05
   0.0000000e+00   0.0000000e+00   6.2700321e+03   1.3171400e+05
   0.0000000e+00   0.0000000e+00   6.2651002e+03   1.4638600e+05
   0.0000000e+00   0.0000000e+00   6.2640309e+03   1.4917000e+05
   0.0000000e+00   0.0000000e+00   6.2437584e+03   1.5136500e+05
   0.0000000e+00   0.0000000e+00   6.2369193e+03   1.6261200e+05
   0.0000000e+00   0.0000000e+00   6.2360760e+03   1.7256900e+05
   0.0000000e+00   0.0000000e+00   6.2313447e+03   1.7667500e+05
   0.0000000e+00   0.0000000e+00   6.2266935e+03   1.8303700e+05
