   1.5439126e+02   5.2401136e+00   1.4774893e+04   2.0000000e+00
   9.1290311e+01   3.1358365e-01   2.1631278e+04   4.0000000e+00
   3.7639011e+01   0.0000000e+00   3.1227257e+04   5.0000000e+00
   3.2824937e+01   0.0000000e+00   2.8174463e+04   8.0000000e+00
   3.0525103e+01   0.0000000e+00   2.6096932e+04   1.0000000e+01
   2.4685275e+01   0.0000000e+00   2.2189462e+04   1.1000000e+01
   1.6332544e+01   0.0000000e+00   2.0608270e+04   1.3000000e+01
   1.3001806e+01   0.0000000e+00   2.4479564e+04   1.4000000e+01
   1.0963319e+01   0.0000000e+00   2.4843222e+04   1.5000000e+01
   9.8060959e+00   0.0000000e+00   2.8795612e+04   1.6000000e+01
   6.0500563e+00   0.0000000e+00   3.3102302e+04   1.7000000e+01
   5.4835330e+00   0.0000000e+00   3.2104621e+04   1.8000000e+01
   5.2818289e+00   0.0000000e+00   3.0927739e+04   2.0000000e+01
   1.3780820e+00   0.0000000e+00   2.6368794e+04   2.1000000e+01
   1.1899731e+00   0.0000000e+00   2.8430372e+04   2.2000000e+01
   1.1717509e+00   0.0000000e+00   3.5976944e+04   2.3000000e+01
   1.0519604e+00   0.0000000e+00   3.8992930e+04   2.8000000e+01
   1.8967676e-02   0.0000000e+00   4.0988921e+04   3.2000000e+01
   0.0000000e+00   0.0000000e+00   3.9754899e+04   3.6000000e+01
   0.0000000e+00   0.0000000e+00   3.3676039e+04   3.8000000e+01
   0.0000000e+00   0.0000000e+00   2.8383920e+04   4.4000000e+01
   0.0000000e+00   0.0000000e+00   2.6182534e+04   4.5000000e+01
   0.0000000e+00   0.0000000e+00   2.3373920e+04   4.8000000e+01
   0.0000000e+00   0.0000000e+00   2.1375771e+04   5.3000000e+01
   0.0000000e+00   0.0000000e+00   1.9475453e+04   5.5000000e+01
   0.0000000e+00   0.0000000e+00   1.7875030e+04   5.6000000e+01
   0.0000000e+00   0.0000000e+00   1.5707139e+04   5.7000000e+01
   0.0000000e+00   0.0000000e+00   1.3856214e+04   5.8000000e+01
   0.0000000e+00   0.0000000e+00   1.3807446e+04   5.9000000e+01
   0.0000000e+00   0.0000000e+00   1.3280012e+04   6.0000000e+01
   0.0000000e+00   0.0000000e+00   1.3143669e+04   6.9000000e+01
   0.0000000e+00   0.0000000e+00   1.2157183e+04   7.5000000e+01
   0.0000000e+00   0.0000000e+00   1.1405531e+04   8.0000000e+01
   0.0000000e+00   0.0000000e+00   1.0512425e+04   1.0200000e+02
   0.0000000e+00   0.0000000e+00   9.9512448e+03   1.1400000e+02
   0.0000000e+00   0.0000000e+00   8.6942896e+03   1.1900000e+02
   0.0000000e+00   0.0000000e+00   8.4175877e+03   1.4300000e+02
   0.0000000e+00   0.0000000e+00   8.1494482e+03   1.5000000e+02
   0.0000000e+00   0.0000000e+00   7.9421733e+03   1.5200000e+02
   0.0000000e+00   0.0000000e+00   7.7592155e+03   1.5800000e+02
   0.0000000e+00   0.0000000e+00   7.6137435e+03   1.6000000e+02
   0.0000000e+00   0.0000000e+00   7.5449487e+03   1.6200000e+02
   0.0000000e+00   0.0000000e+00   7.4485593e+03   1.9100000e+02
   0.0000000e+00   0.0000000e+00   7.4357274e+03   2.8100000e+02
   0.0000000e+00   0.0000000e+00   7.3770365e+03   2.8800000e+02
   0.0000000e+00   0.0000000e+00   7.2697550e+03   3.0100000e+02
   0.0000000e+00   0.0000000e+00   7.2576902e+03   5.8100000e+02
   0.0000000e+00   0.0000000e+00   7.2526251e+03   5.9500000e+02
   0.0000000e+00   0.0000000e+00   7.2401358e+03   7.0900000e+02
   0.0000000e+00   0.0000000e+00   7.2359275e+03   1.3020000e+03
   0.0000000e+00   0.0000000e+00   7.2188783e+03   1.7630000e+03
   0.0000000e+00   0.0000000e+00   7.2046230e+03   1.8860000e+03
   0.0000000e+00   0.0000000e+00   7.1978215e+03   2.2420000e+03
   0.0000000e+00   0.0000000e+00   7.1747058e+03   2.2750000e+03
   0.0000000e+00   0.0000000e+00   7.1691426e+03   2.8130000e+03
   0.0000000e+00   0.0000000e+00   7.1653397e+03   4.2860000e+03
   0.0000000e+00   0.0000000e+00   7.1623430e+03   4.5740000e+03
   0.0000000e+00   0.0000000e+00   7.1605601e+03   6.3980000e+03
   0.0000000e+00   0.0000000e+00   7.1590012e+03   6.7080000e+03
   0.0000000e+00   0.0000000e+00   7.1579263e+03   8.6690000e+03
   0.0000000e+00   0.0000000e+00   7.1574890e+03   1.2077000e+04
   0.0000000e+00   0.0000000e+00   7.1372326e+03   1.2445000e+04
   0.0000000e+00   0.0000000e+00   7.1334802e+03   1.2536000e+04
   0.0000000e+00   0.0000000e+00   7.1313164e+03   1.3382000e+04
   0.0000000e+00   0.0000000e+00   7.1298450e+03   1.5789000e+04
   0.0000000e+00   0.0000000e+00   7.1290162e+03   1.6234000e+04
   0.0000000e+00   0.0000000e+00   7.1282440e+03   1.7088000e+04
   0.0000000e+00   0.0000000e+00   7.1260989e+03   1.8737000e+04
   0.0000000e+00   0.0000000e+00   7.1250177e+03   2.7905000e+04
   0.0000000e+00   0.0000000e+00   7.1248312e+03   2.8603000e+04
   0.0000000e+00   0.0000000e+00   7.1243868e+03   3.3875000e+04
   0.0000000e+00   0.0000000e+00   7.1241935e+03   3.8625000e+04
   0.0000000e+00   0.0000000e+00   7.1241935e+03   4.1109000e+04
   0.0000000e+00   0.0000000e+00   7.1238464e+03   4.1136000e+04
   0.0000000e+00   0.0000000e+00   7.1238464e+03   4.1813000e+04
   0.0000000e+00   0.0000000e+00   7.1235991e+03   4.2061000e+04
   0.0000000e+00   0.0000000e+00   7.1235991e+03   4.9611000e+04
   0.0000000e+00   0.0000000e+00   7.1235991e+03   5.1415000e+04
   0.0000000e+00   0.0000000e+00   7.1235991e+03   5.6675000e+04
   0.0000000e+00   0.0000000e+00   7.1233464e+03   5.8102000e+04
   0.0000000e+00   0.0000000e+00   7.1233464e+03   6.9322000e+04
   0.0000000e+00   0.0000000e+00   7.1233464e+03   7.1380000e+04
   0.0000000e+00   0.0000000e+00   7.1233464e+03   7.2906000e+04
   0.0000000e+00   0.0000000e+00   7.1233464e+03   8.1145000e+04
   0.0000000e+00   0.0000000e+00   7.1233464e+03   8.1856000e+04
   0.0000000e+00   0.0000000e+00   7.1233464e+03   8.2795000e+04
   0.0000000e+00   0.0000000e+00   7.1233464e+03   8.6012000e+04
   0.0000000e+00   0.0000000e+00   7.1233464e+03   8.7753000e+04
   0.0000000e+00   0.0000000e+00   7.1233464e+03   9.8946000e+04
   0.0000000e+00   0.0000000e+00   7.1233464e+03   1.0372300e+05
   0.0000000e+00   0.0000000e+00   7.1233464e+03   1.0520900e+05
   0.0000000e+00   0.0000000e+00   7.1233464e+03   1.0568900e+05
   0.0000000e+00   0.0000000e+00   7.1233464e+03   1.0612200e+05
   0.0000000e+00   0.0000000e+00   7.1233464e+03   1.0656600e+05
   0.0000000e+00   0.0000000e+00   7.1233464e+03   1.1183900e+05
   0.0000000e+00   0.0000000e+00   7.1233464e+03   1.1202500e+05
   0.0000000e+00   0.0000000e+00   7.1233464e+03   1.1263200e+05
   0.0000000e+00   0.0000000e+00   7.1233464e+03   1.1326500e+05
   0.0000000e+00   0.0000000e+00   7.1233464e+03   1.1828500e+05
   0.0000000e+00   0.0000000e+00   7.1233464e+03   1.1997500e+05
   0.0000000e+00   0.0000000e+00   7.1233464e+03   1.2239300e+05
   0.0000000e+00   0.0000000e+00   7.1233464e+03   1.2301300e+05
   0.0000000e+00   0.0000000e+00   7.1233464e+03   1.2370700e+05
   0.0000000e+00   0.0000000e+00   7.1233464e+03   1.2533300e+05
   0.0000000e+00   0.0000000e+00   7.1233464e+03   1.3079900e+05
   0.0000000e+00   0.0000000e+00   7.1233464e+03   1.3801000e+05
   0.0000000e+00   0.0000000e+00   7.1233464e+03   1.5084500e+05
   0.0000000e+00   0.0000000e+00   7.1233464e+03   1.5103400e+05
   0.0000000e+00   0.0000000e+00   7.1233464e+03   1.5198300e+05
   0.0000000e+00   0.0000000e+00   7.1233464e+03   1.5766600e+05
   0.0000000e+00   0.0000000e+00   7.1233464e+03   1.5928900e+05
   0.0000000e+00   0.0000000e+00   7.1233464e+03   1.6011800e+05
   0.0000000e+00   0.0000000e+00   7.1233464e+03   1.6314300e+05
   0.0000000e+00   0.0000000e+00   7.1233464e+03   1.6466200e+05
   0.0000000e+00   0.0000000e+00   7.1233464e+03   1.6609500e+05
   0.0000000e+00   0.0000000e+00   7.1233464e+03   1.6770600e+05
   0.0000000e+00   0.0000000e+00   7.1233464e+03   1.7043100e+05
   0.0000000e+00   0.0000000e+00   7.1233464e+03   1.7059300e+05
   0.0000000e+00   0.0000000e+00   7.1233464e+03   1.7334000e+05
   0.0000000e+00   0.0000000e+00   7.1233464e+03   1.7503800e+05
   0.0000000e+00   0.0000000e+00   7.1233464e+03   1.7798600e+05
   0.0000000e+00   0.0000000e+00   7.1233464e+03   1.8638600e+05
   0.0000000e+00   0.0000000e+00   7.1233464e+03   1.8689100e+05
   0.0000000e+00   0.0000000e+00   7.1233464e+03   1.8907900e+05
   0.0000000e+00   0.0000000e+00   7.1233464e+03   1.8971600e+05
   0.0000000e+00   0.0000000e+00   7.1233464e+03   1.9022500e+05
   0.0000000e+00   0.0000000e+00   7.1233464e+03   1.9385900e+05
   0.0000000e+00   0.0000000e+00   7.1233464e+03   1.9746600e+05
