   1.9986469e+02   8.8662830e+00   1.4982542e+04   2.0000000e+00
   1.4954809e+02   7.5832771e+00   1.3542263e+04   3.0000000e+00
   8.5248551e+01   3.2109194e+00   1.2826741e+04   6.0000000e+00
   5.0186936e+01   3.1795492e-01   1.4666394e+04   7.0000000e+00
   3.5116139e+01   0.0000000e+00   2.0991643e+04   9.0000000e+00
   3.1119713e+01   0.0000000e+00   2.2530112e+04   1.0000000e+01
   3.0916728e+01   0.0000000e+00   2.0157208e+04   1.1000000e+01
   2.3264778e+01   1.5750972e-01   1.8027838e+04   1.2000000e+01
   1.9110070e+01   8.9650204e-02   1.6558126e+04   1.3000000e+01
   1.7859786e+01   4.1731673e-02   1.6948435e+04   1.5000000e+01
   1.5534752e+01   0.0000000e+00   2.3764383e+04   1.7000000e+01
   1.2742865e+01   0.0000000e+00   2.2210782e+04   1.8000000e+01
   1.1680388e+01   2.5472937e-01   1.9661077e+04   2.0000000e+01
   7.8520782e+00   4.2779799e-02   2.0771490e+04   2.2000000e+01
   5.2543579e+00   2.9082740e-02   1.9103795e+04   2.3000000e+01
   3.4791245e+00   0.0000000e+00   2.3519487e+04   2.4000000e+01
   3.1904145e+00   0.0000000e+00   2.2372690e+04   2.6000000e+01
   2.6379986e+00   0.0000000e+00   2.3206453e+04   2.9000000e+01
   1.4577638e+00   0.0000000e+00   2.1974202e+04   3.0000000e+01
   9.2616980e-01   0.0000000e+00   2.8635049e+04   3.1000000e+01
   7.9806840e-01   0.0000000e+00   2.5637564e+04   3.2000000e+01
   7.8060608e-01   0.0000000e+00   2.5214864e+04   3.4000000e+01
   3.1592007e-01   0.0000000e+00   2.3549488e+04   3.5000000e+01
   2.2132932e-01   0.0000000e+00   2.2584698e+04   3.8000000e+01
   2.1150326e-01   0.0000000e+00   2.2311034e+04   3.9000000e+01
   2.1806673e-02   0.0000000e+00   2.6442645e+04   4.2000000e+01
   0.0000000e+00   0.0000000e+00   2.8219661e+04   4.3000000e+01
   0.0000000e+00   0.0000000e+00   2.6604598e+04   4.4000000e+01
   0.0000000e+00   0.0000000e+00   2.3467259e+04   4.8000000e+01
   0.0000000e+00   0.0000000e+00   2.2139243e+04   5.1000000e+01
   0.0000000e+00   0.0000000e+00   2.1748793e+04   5.3000000e+01
   0.0000000e+00   0.0000000e+00   2.0632852e+04   5.8000000e+01
   0.0000000e+00   0.0000000e+00   1.9882365e+04   6.1000000e+01
   0.0000000e+00   0.0000000e+00   1.8705250e+04   6.3000000e+01
   0.0000000e+00   0.0000000e+00   1.7752714e+04   6.6000000e+01
   0.0000000e+00   0.0000000e+00   1.6946717e+04   6.9000000e+01
   0.0000000e+00   0.0000000e+00   1.5909268e+04   7.3000000e+01
   0.0000000e+00   0.0000000e+00   1.4951368e+04   7.5000000e+01
   0.0000000e+00   0.0000000e+00   1.3915444e+04   8.0000000e+01
   0.0000000e+00   0.0000000e+00   1.3278369e+04   8.8000000e+01
   0.0000000e+00   0.0000000e+00   1.2992749e+04   9.4000000e+01
   0.0000000e+00   0.0000000e+00   1.2311833e+04   1.0900000e+02
   0.0000000e+00   0.0000000e+00   1.2270224e+04   1.1600000e+02
   0.0000000e+00   0.0000000e+00   1.1880845e+04   1.2700000e+02
   0.0000000e+00   0.0000000e+00   1.1368710e+04   1.3200000e+02
   0.0000000e+00   0.0000000e+00   1.0981778e+04   1.3700000e+02
   0.0000000e+00   0.0000000e+00   1.0919096e+04   1.3800000e+02
   0.0000000e+00   0.0000000e+00   1.0407047e+04   1.3900000e+02
   0.0000000e+00   0.0000000e+00   9.6908845e+03   1.4100000e+02
   0.0000000e+00   0.0000000e+00   9.0239399e+03   1.4800000e+02
   0.0000000e+00   0.0000000e+00   9.0031054e+03   1.5300000e+02
   0.0000000e+00   0.0000000e+00   8.7364330e+03   1.5900000e+02
   0.0000000e+00   0.0000000e+00   8.4037463e+03   1.7100000e+02
   0.0000000e+00   0.0000000e+00   8.4017635e+03   1.7500000e+02
   0.0000000e+00   0.0000000e+00   8.2579357e+03   2.0100000e+02
   0.0000000e+00   0.0000000e+00   8.1154126e+03   2.0900000e+02
   0.0000000e+00   0.0000000e+00   8.0392683e+03   2.2500000e+02
   0.0000000e+00   0.0000000e+00   7.8934704e+03   2.4200000e+02
   0.0000000e+00   0.0000000e+00   7.8131753e+03   3.1400000e+02
   0.0000000e+00   0.0000000e+00   7.7260915e+03   3.5900000e+02
   0.0000000e+00   0.0000000e+00   7.6476054e+03   3.9800000e+02
   0.0000000e+00   0.0000000e+00   7.5477358e+03   4.6200000e+02
   0.0000000e+00   0.0000000e+00   7.5191330e+03   1.2160000e+03
   0.0000000e+00   0.0000000e+00   7.4297267e+03   1.6080000e+03
   0.0000000e+00   0.0000000e+00   7.3843408e+03   1.9630000e+03
   0.0000000e+00   0.0000000e+00   7.3309156e+03   2.7120000e+03
   0.0000000e+00   0.0000000e+00   7.3124903e+03   2.8950000e+03
   0.0000000e+00   0.0000000e+00   7.3040585e+03   2.8960000e+03
   0.0000000e+00   0.0000000e+00   7.2860344e+03   2.9160000e+03
   0.0000000e+00   0.0000000e+00   7.2543825e+03   2.9220000e+03
   0.0000000e+00   0.0000000e+00   7.2320223e+03   3.8160000e+03
   0.0000000e+00   0.0000000e+00   7.2275959e+03   4.3380000e+03
   0.0000000e+00   0.0000000e+00   7.2254160e+03   5.9050000e+03
   0.0000000e+00   0.0000000e+00   7.2174113e+03   7.0270000e+03
   0.0000000e+00   0.0000000e+00   7.2132257e+03   8.9510000e+03
   0.0000000e+00   0.0000000e+00   7.2110857e+03   1.1349000e+04
   0.0000000e+00   0.0000000e+00   7.2084008e+03   1.2100000e+04
   0.0000000e+00   0.0000000e+00   7.2041217e+03   1.2895000e+04
   0.0000000e+00   0.0000000e+00   7.1989191e+03   1.3186000e+04
   0.0000000e+00   0.0000000e+00   7.1954603e+03   1.8233000e+04
   0.0000000e+00   0.0000000e+00   7.1918402e+03   2.4588000e+04
   0.0000000e+00   0.0000000e+00   7.1883634e+03   3.9411000e+04
   0.0000000e+00   0.0000000e+00   7.1867721e+03   6.3939000e+04
   0.0000000e+00   0.0000000e+00   7.1847249e+03   1.0480100e+05
   0.0000000e+00   0.0000000e+00   7.1829088e+03   1.5911700e+05
   0.0000000e+00   0.0000000e+00   7.1817409e+03   1.6954300e+05
