   1.3939260e+02   5.0346194e+00   1.4199073e+04   2.0000000e+00
   9.6390090e+01   9.0874494e-01   2.0877214e+04   3.0000000e+00
   2.5881410e+01   0.0000000e+00   1.8699813e+04   4.0000000e+00
   1.6529197e+01   0.0000000e+00   1.6451777e+04   5.0000000e+00
   1.1549938e+01   6.1857422e-03   1.3710903e+04   7.0000000e+00
   8.2036924e+00   0.0000000e+00   1.8993810e+04   8.0000000e+00
   7.1038565e+00   0.0000000e+00   1.6766120e+04   9.0000000e+00
   8.8902931e-01   0.0000000e+00   2.2935885e+04   1.1000000e+01
   8.4305748e-02   0.0000000e+00   2.9433002e+04   1.4000000e+01
   0.0000000e+00   0.0000000e+00   3.0803159e+04   1.8000000e+01
   0.0000000e+00   0.0000000e+00   2.9518439e+04   1.9000000e+01
   0.0000000e+00   0.0000000e+00   2.3465343e+04   3.2000000e+01
   0.0000000e+00   0.0000000e+00   2.1385101e+04   4.9000000e+01
   0.0000000e+00   0.0000000e+00   1.9901832e+04   5.5000000e+01
   0.0000000e+00   0.0000000e+00   1.8412533e+04   5.8000000e+01
   0.0000000e+00   0.0000000e+00   1.7480769e+04   6.5000000e+01
   0.0000000e+00   0.0000000e+00   1.5447794e+04   6.7000000e+01
   0.0000000e+00   0.0000000e+00   1.3719922e+04   7.3000000e+01
   0.0000000e+00   0.0000000e+00   1.3219371e+04   7.5000000e+01
   0.0000000e+00   0.0000000e+00   1.1453456e+04   8.2000000e+01
   0.0000000e+00   0.0000000e+00   1.0063232e+04   1.0200000e+02
   0.0000000e+00   0.0000000e+00   9.3378887e+03   1.3000000e+02
   0.0000000e+00   0.0000000e+00   8.8897826e+03   1.6100000e+02
   0.0000000e+00   0.0000000e+00   8.7717927e+03   1.8800000e+02
   0.0000000e+00   0.0000000e+00   8.6606403e+03   2.0900000e+02
   0.0000000e+00   0.0000000e+00   8.6030545e+03   2.2600000e+02
   0.0000000e+00   0.0000000e+00   8.2478182e+03   2.3600000e+02
   0.0000000e+00   0.0000000e+00   8.0076023e+03   2.4000000e+02
   0.0000000e+00   0.0000000e+00   7.7444361e+03   2.5600000e+02
   0.0000000e+00   0.0000000e+00   7.6008167e+03   2.6600000e+02
   0.0000000e+00   0.0000000e+00   7.5274205e+03   5.7500000e+02
   0.0000000e+00   0.0000000e+00   7.4045019e+03   4.2070000e+03
   0.0000000e+00   0.0000000e+00   7.3260125e+03   5.2060000e+03
   0.0000000e+00   0.0000000e+00   7.2857829e+03   5.3730000e+03
   0.0000000e+00   0.0000000e+00   7.2524421e+03   6.5480000e+03
   0.0000000e+00   0.0000000e+00   7.2454587e+03   9.5200000e+03
   0.0000000e+00   0.0000000e+00   7.2326005e+03   1.2289000e+04
   0.0000000e+00   0.0000000e+00   7.1961068e+03   1.4104000e+04
   0.0000000e+00   0.0000000e+00   7.1941013e+03   1.4770000e+04
   0.0000000e+00   0.0000000e+00   7.1909680e+03   2.1644000e+04
   0.0000000e+00   0.0000000e+00   7.1832007e+03   2.1924000e+04
   0.0000000e+00   0.0000000e+00   7.1832007e+03   2.6756000e+04
   0.0000000e+00   0.0000000e+00   7.1809208e+03   2.7775000e+04
   0.0000000e+00   0.0000000e+00   7.1809208e+03   3.8569000e+04
   0.0000000e+00   0.0000000e+00   7.1809208e+03   4.6834000e+04
   0.0000000e+00   0.0000000e+00   7.1809208e+03   7.6027000e+04
   0.0000000e+00   0.0000000e+00   7.1809208e+03   8.6412000e+04
   0.0000000e+00   0.0000000e+00   7.1809208e+03   9.8629000e+04
   0.0000000e+00   0.0000000e+00   7.1809208e+03   1.0993600e+05
   0.0000000e+00   0.0000000e+00   7.1809208e+03   1.1905800e+05
   0.0000000e+00   0.0000000e+00   7.1809208e+03   1.3366600e+05
   0.0000000e+00   0.0000000e+00   7.1809208e+03   1.4077000e+05
   0.0000000e+00   0.0000000e+00   7.1809208e+03   1.6606000e+05
   0.0000000e+00   0.0000000e+00   7.1809208e+03   1.8239000e+05
   0.0000000e+00   0.0000000e+00   7.1809208e+03   1.9044900e+05
