   3.7719514e+02   2.4477887e+01   1.4856826e+04   4.0000000e+00
   3.6299888e+02   2.1899414e+01   1.5054038e+04   5.0000000e+00
   3.5693487e+02   1.9190799e+01   1.4984144e+04   6.0000000e+00
   3.5236795e+02   1.9879677e+01   1.4844343e+04   7.0000000e+00
   3.5021973e+02   1.9880612e+01   1.4804271e+04   8.0000000e+00
   3.3846704e+02   1.8670356e+01   1.4814217e+04   9.0000000e+00
   3.3679516e+02   1.6937405e+01   1.4895079e+04   1.0000000e+01
   3.3648585e+02   1.6106426e+01   1.4943755e+04   1.1000000e+01
   3.3623105e+02   1.5958317e+01   1.4956003e+04   1.2000000e+01
   3.3577251e+02   1.6227562e+01   1.4881493e+04   1.3000000e+01
   3.3519469e+02   1.6134610e+01   1.5066435e+04   1.4000000e+01
   3.2931397e+02   1.6065100e+01   1.5424423e+04   1.5000000e+01
   3.2922624e+02   1.6104517e+01   1.5388867e+04   1.6000000e+01
   3.2280793e+02   1.5635609e+01   1.5388760e+04   1.7000000e+01
   3.2100095e+02   1.5829288e+01   1.5322210e+04   2.1000000e+01
   3.1729004e+02   1.5466982e+01   1.5131321e+04   2.4000000e+01
   3.1281278e+02   1.5822835e+01   1.5127419e+04   2.5000000e+01
   3.1008783e+02   1.5291318e+01   1.5007986e+04   2.6000000e+01
   3.0589075e+02   1.5057229e+01   1.5035113e+04   2.8000000e+01
   3.0290936e+02   1.5036072e+01   1.5044686e+04   3.3000000e+01
   3.0280111e+02   1.5172352e+01   1.5015640e+04   3.5000000e+01
   2.9446193e+02   1.3149251e+01   1.5103533e+04   3.6000000e+01
   2.9030780e+02   1.2871817e+01   1.5410593e+04   3.7000000e+01
   2.8321644e+02   1.2465542e+01   1.5560630e+04   3.9000000e+01
   2.8270866e+02   1.2298415e+01   1.5633525e+04   4.2000000e+01
   2.8228214e+02   1.2319550e+01   1.5522383e+04   4.3000000e+01
   2.6675464e+02   1.1285438e+01   1.5613455e+04   4.4000000e+01
   2.6057663e+02   1.0855236e+01   1.5603471e+04   4.5000000e+01
   2.5954309e+02   1.0778689e+01   1.5628558e+04   4.7000000e+01
   2.5842773e+02   1.0826027e+01   1.5509229e+04   4.8000000e+01
   2.5416839e+02   1.0527400e+01   1.6111002e+04   4.9000000e+01
   2.4709278e+02   9.8603834e+00   1.6322396e+04   5.2000000e+01
   2.4352444e+02   8.6229351e+00   1.6296319e+04   5.4000000e+01
   2.3712507e+02   8.0501883e+00   1.6701748e+04   5.5000000e+01
   2.3502067e+02   7.3190906e+00   1.7312847e+04   5.8000000e+01
   2.3483323e+02   7.3676185e+00   1.7216860e+04   6.0000000e+01
   2.3433780e+02   7.3415811e+00   1.7237329e+04   6.1000000e+01
   2.3397992e+02   7.2724720e+00   1.7175548e+04   6.2000000e+01
   2.3256832e+02   7.1738384e+00   1.7622168e+04   6.5000000e+01
   2.3011853e+02   7.0540760e+00   1.7821013e+04   6.8000000e+01
   2.2800472e+02   7.0785352e+00   1.7881463e+04   7.0000000e+01
   2.1137934e+02   5.8836400e+00   1.7926424e+04   7.2000000e+01
   2.1120830e+02   5.7346243e+00   1.7932892e+04   7.4000000e+01
   1.8791420e+02   3.4235460e+00   1.8073842e+04   7.5000000e+01
   1.8713601e+02   3.3989088e+00   1.7730972e+04   8.3000000e+01
   1.8428851e+02   2.7306240e+00   1.8044165e+04   8.4000000e+01
   1.5706137e+02   2.4063926e+00   1.8180231e+04   8.9000000e+01
   1.5643833e+02   2.3575417e+00   1.8219582e+04   9.1000000e+01
   1.5601087e+02   2.2730534e+00   1.8354654e+04   9.2000000e+01
   1.4788735e+02   1.6590117e+00   1.8648363e+04   9.5000000e+01
   1.3675041e+02   1.2630437e+00   1.8836660e+04   9.6000000e+01
   1.3570615e+02   8.7650050e-01   1.9021080e+04   9.7000000e+01
   1.2756815e+02   7.4196287e-01   1.9389518e+04   9.9000000e+01
   1.2684057e+02   6.8825047e-01   1.9708970e+04   1.0000000e+02
   1.2588212e+02   5.0757093e-01   1.9800438e+04   1.0100000e+02
   1.2562722e+02   4.9766800e-01   2.0297077e+04   1.0200000e+02
   1.2481718e+02   4.5650069e-01   2.0297591e+04   1.0300000e+02
   1.1730983e+02   4.7142081e-01   2.0353456e+04   1.0400000e+02
   1.1710126e+02   4.5149091e-01   2.0382997e+04   1.0500000e+02
   1.1404063e+02   4.1463496e-01   2.0872739e+04   1.0600000e+02
   1.1283609e+02   3.8869467e-01   2.0751780e+04   1.1000000e+02
   1.1220489e+02   3.5599541e-01   2.0673699e+04   1.1400000e+02
   1.1178916e+02   3.5464653e-01   2.0824412e+04   1.2000000e+02
   1.1026481e+02   3.5657508e-01   2.0868034e+04   1.2100000e+02
   1.0991948e+02   3.5689208e-01   2.1176915e+04   1.2200000e+02
   1.0908743e+02   3.3693782e-01   2.1392975e+04   1.2300000e+02
   1.0838374e+02   3.0971737e-01   2.1437148e+04   1.2500000e+02
   1.0819827e+02   3.0871925e-01   2.1914066e+04   1.2700000e+02
   1.0791878e+02   3.3537319e-01   2.1862764e+04   1.2900000e+02
   5.7691532e+01   0.0000000e+00   2.1767355e+04   1.3400000e+02
   5.7598932e+01   0.0000000e+00   2.1895284e+04   1.3500000e+02
   5.6788093e+01   0.0000000e+00   2.1668149e+04   1.3600000e+02
   5.4304970e+01   0.0000000e+00   2.1471671e+04   1.3700000e+02
   5.0879667e+01   0.0000000e+00   2.1428451e+04   1.3900000e+02
   4.7650595e+01   0.0000000e+00   2.1079372e+04   1.4100000e+02
   4.7365255e+01   0.0000000e+00   2.1493682e+04   1.5800000e+02
   4.7240353e+01   0.0000000e+00   2.1439681e+04   1.5900000e+02
   4.5160559e+01   0.0000000e+00   2.1329944e+04   1.6000000e+02
   4.4915039e+01   0.0000000e+00   2.1546385e+04   1.6300000e+02
   4.4770498e+01   0.0000000e+00   2.1695077e+04   1.6400000e+02
   4.4056237e+01   0.0000000e+00   2.1636371e+04   1.6700000e+02
   4.4009578e+01   0.0000000e+00   2.1744884e+04   1.6800000e+02
   4.3887835e+01   0.0000000e+00   2.1980566e+04   1.7100000e+02
   4.3860133e+01   0.0000000e+00   2.1889621e+04   1.7500000e+02
   4.3795620e+01   0.0000000e+00   2.1995952e+04   1.7700000e+02
   4.1736108e+01   0.0000000e+00   2.2545296e+04   1.7800000e+02
   4.1590048e+01   0.0000000e+00   2.2608510e+04   1.8300000e+02
   8.1483588e+00   0.0000000e+00   2.2522810e+04   1.8800000e+02
   7.9404554e+00   0.0000000e+00   2.2522018e+04   1.9100000e+02
   7.9055019e+00   0.0000000e+00   2.2525723e+04   1.9200000e+02
   7.7548189e+00   0.0000000e+00   2.2312104e+04   1.9400000e+02
   7.4620374e+00   0.0000000e+00   2.2486960e+04   1.9700000e+02
   7.3737179e+00   0.0000000e+00   2.2270665e+04   1.9800000e+02
   7.1309806e+00   0.0000000e+00   2.2386227e+04   2.0300000e+02
   6.9404695e+00   0.0000000e+00   2.2287132e+04   2.0600000e+02
   6.9172284e+00   0.0000000e+00   2.2812989e+04   2.0700000e+02
   6.9000346e+00   0.0000000e+00   2.2663724e+04   2.0800000e+02
   6.6136336e+00   0.0000000e+00   2.2716013e+04   2.0900000e+02
   6.2455562e+00   0.0000000e+00   2.2556485e+04   2.1300000e+02
   5.9814590e+00   0.0000000e+00   2.2557330e+04   2.1400000e+02
   5.5919477e+00   0.0000000e+00   2.2889946e+04   2.1500000e+02
   5.2502603e+00   0.0000000e+00   2.3302222e+04   2.2000000e+02
   5.0515526e+00   0.0000000e+00   2.3530712e+04   2.2400000e+02
   5.0162793e+00   0.0000000e+00   2.3305558e+04   2.2500000e+02
   4.8682769e+00   0.0000000e+00   2.3179272e+04   2.2700000e+02
   4.6733895e+00   0.0000000e+00   2.3034017e+04   2.3300000e+02
   4.5219480e+00   0.0000000e+00   2.3524486e+04   2.3800000e+02
   4.1874393e+00   0.0000000e+00   2.3591576e+04   2.4700000e+02
   4.1854658e+00   0.0000000e+00   2.3787995e+04   2.5000000e+02
   4.1636813e+00   0.0000000e+00   2.3660873e+04   2.5100000e+02
   3.7868102e+00   0.0000000e+00   2.3814812e+04   2.5400000e+02
   3.6724216e+00   0.0000000e+00   2.3906745e+04   2.5500000e+02
   3.6611224e+00   0.0000000e+00   2.3969359e+04   2.6800000e+02
   3.6158364e+00   0.0000000e+00   2.4155865e+04   2.6900000e+02
   3.5676091e+00   0.0000000e+00   2.4321965e+04   2.7100000e+02
   3.4259153e+00   0.0000000e+00   2.4005427e+04   2.7300000e+02
   3.3647769e+00   0.0000000e+00   2.3989282e+04   2.7400000e+02
   3.2811044e+00   0.0000000e+00   2.3900131e+04   2.7700000e+02
   3.1705570e+00   0.0000000e+00   2.4195839e+04   2.7900000e+02
   3.1568784e+00   0.0000000e+00   2.3984962e+04   2.8700000e+02
   3.0218891e+00   0.0000000e+00   2.4048119e+04   2.8800000e+02
   3.0216029e+00   0.0000000e+00   2.3999329e+04   2.9200000e+02
   2.0683886e+00   0.0000000e+00   2.4213043e+04   2.9400000e+02
   2.0415399e+00   0.0000000e+00   2.4254876e+04   2.9900000e+02
   1.7249302e+00   0.0000000e+00   2.3897914e+04   3.0200000e+02
   1.6981053e+00   0.0000000e+00   2.3667803e+04   3.1400000e+02
   1.6088212e+00   0.0000000e+00   2.3580377e+04   3.1600000e+02
   1.5779504e+00   0.0000000e+00   2.3376717e+04   3.1700000e+02
   1.5373444e+00   0.0000000e+00   2.3657814e+04   3.2300000e+02
   1.3236036e+00   0.0000000e+00   2.3771728e+04   3.2600000e+02
   1.2798349e+00   0.0000000e+00   2.3809008e+04   3.2700000e+02
   1.2480661e+00   0.0000000e+00   2.3669090e+04   3.2900000e+02
   1.2402382e+00   0.0000000e+00   2.3653495e+04   3.3100000e+02
   1.2397150e+00   0.0000000e+00   2.3897642e+04   3.3200000e+02
   1.2200700e+00   0.0000000e+00   2.4394360e+04   3.3900000e+02
   1.1501381e+00   0.0000000e+00   2.4508468e+04   3.4400000e+02
   1.1493774e+00   0.0000000e+00   2.4444714e+04   3.4700000e+02
   1.1442291e+00   0.0000000e+00   2.4315823e+04   3.4900000e+02
   1.1389136e+00   0.0000000e+00   2.4045504e+04   3.5900000e+02
   1.1298339e+00   0.0000000e+00   2.4442225e+04   3.6400000e+02
   1.1035339e+00   0.0000000e+00   2.4867036e+04   3.6500000e+02
   9.3032328e-01   0.0000000e+00   2.4595134e+04   3.6600000e+02
   9.2465346e-01   0.0000000e+00   2.4397501e+04   3.7000000e+02
   9.1198570e-01   0.0000000e+00   2.4279380e+04   3.7600000e+02
   8.9979100e-01   0.0000000e+00   2.4238554e+04   3.8100000e+02
   8.6817949e-01   0.0000000e+00   2.4407346e+04   3.8200000e+02
   8.6747928e-01   0.0000000e+00   2.4599433e+04   3.8300000e+02
   8.1988233e-01   0.0000000e+00   2.4394028e+04   3.9400000e+02
   8.0323857e-01   0.0000000e+00   2.4281981e+04   3.9700000e+02
   7.8538724e-01   0.0000000e+00   2.4029599e+04   4.0300000e+02
   7.2651062e-01   0.0000000e+00   2.3884239e+04   4.0500000e+02
   7.2606240e-01   0.0000000e+00   2.4077164e+04   4.0600000e+02
   7.1401528e-01   0.0000000e+00   2.4374459e+04   4.0800000e+02
   7.0811681e-01   0.0000000e+00   2.4170387e+04   4.1200000e+02
   7.0590586e-01   0.0000000e+00   2.4043957e+04   4.1800000e+02
   6.9164161e-01   0.0000000e+00   2.4094861e+04   4.2400000e+02
   6.8999720e-01   0.0000000e+00   2.4131502e+04   4.2900000e+02
   6.8893725e-01   0.0000000e+00   2.3958967e+04   4.3200000e+02
   6.8893206e-01   0.0000000e+00   2.3811863e+04   4.3600000e+02
   6.8732719e-01   0.0000000e+00   2.3648786e+04   4.4500000e+02
   6.7764538e-01   0.0000000e+00   2.3353714e+04   4.5000000e+02
   6.7656613e-01   0.0000000e+00   2.3150482e+04   4.5900000e+02
   6.7303797e-01   0.0000000e+00   2.2890956e+04   4.6300000e+02
   6.2612925e-01   0.0000000e+00   2.3246167e+04   4.6400000e+02
   6.2513635e-01   0.0000000e+00   2.3253365e+04   4.6900000e+02
   6.2026176e-01   0.0000000e+00   2.3211362e+04   4.7100000e+02
   6.1753697e-01   0.0000000e+00   2.3148764e+04   4.7800000e+02
   6.1462760e-01   0.0000000e+00   2.3574269e+04   4.7900000e+02
   6.1285276e-01   0.0000000e+00   2.3446192e+04   4.8200000e+02
   6.1032660e-01   0.0000000e+00   2.3496888e+04   4.9400000e+02
   4.0577259e-01   0.0000000e+00   2.3631243e+04   4.9600000e+02
   3.9908616e-01   0.0000000e+00   2.3315480e+04   5.0100000e+02
   3.9877436e-01   0.0000000e+00   2.3329759e+04   5.0600000e+02
   3.9563638e-01   0.0000000e+00   2.3437429e+04   5.1600000e+02
   3.9054969e-01   0.0000000e+00   2.3198599e+04   5.1800000e+02
   3.8799312e-01   0.0000000e+00   2.3745504e+04   5.1900000e+02
   3.6726609e-01   0.0000000e+00   2.4062448e+04   5.3400000e+02
   3.6540422e-01   0.0000000e+00   2.3862078e+04   5.3900000e+02
   3.6314957e-01   0.0000000e+00   2.3655297e+04   5.4200000e+02
   3.6138546e-01   0.0000000e+00   2.3553759e+04   5.4400000e+02
   3.3559616e-01   0.0000000e+00   2.3484727e+04   5.4500000e+02
   3.0159750e-01   0.0000000e+00   2.3785182e+04   5.4600000e+02
   2.9746914e-01   0.0000000e+00   2.4144771e+04   5.5100000e+02
   2.9252575e-01   0.0000000e+00   2.4079998e+04   5.5200000e+02
   2.8957363e-01   0.0000000e+00   2.4204651e+04   5.5900000e+02
   9.7536980e-03   0.0000000e+00   2.3992751e+04   5.6900000e+02
   0.0000000e+00   0.0000000e+00   2.3904926e+04   5.7000000e+02
   0.0000000e+00   0.0000000e+00   2.3567995e+04   5.7500000e+02
   0.0000000e+00   0.0000000e+00   2.3408179e+04   5.7800000e+02
   0.0000000e+00   0.0000000e+00   2.3118427e+04   5.8500000e+02
   0.0000000e+00   0.0000000e+00   2.3021589e+04   5.8600000e+02
   0.0000000e+00   0.0000000e+00   2.2831684e+04   5.8800000e+02
   0.0000000e+00   0.0000000e+00   2.2711067e+04   5.9000000e+02
   0.0000000e+00   0.0000000e+00   2.2611854e+04   5.9300000e+02
   0.0000000e+00   0.0000000e+00   2.2348548e+04   5.9400000e+02
   0.0000000e+00   0.0000000e+00   2.1869128e+04   5.9900000e+02
   0.0000000e+00   0.0000000e+00   2.1763168e+04   6.0500000e+02
   0.0000000e+00   0.0000000e+00   2.1719773e+04   6.0800000e+02
   0.0000000e+00   0.0000000e+00   2.1510421e+04   6.1100000e+02
   0.0000000e+00   0.0000000e+00   2.1346197e+04   6.1400000e+02
   0.0000000e+00   0.0000000e+00   2.1254120e+04   6.1900000e+02
   0.0000000e+00   0.0000000e+00   2.1027792e+04   6.2200000e+02
   0.0000000e+00   0.0000000e+00   2.0847000e+04   6.2400000e+02
   0.0000000e+00   0.0000000e+00   2.0714835e+04   6.2500000e+02
   0.0000000e+00   0.0000000e+00   2.0693615e+04   6.2800000e+02
   0.0000000e+00   0.0000000e+00   2.0656500e+04   6.3400000e+02
   0.0000000e+00   0.0000000e+00   2.0509505e+04   6.4000000e+02
   0.0000000e+00   0.0000000e+00   2.0499468e+04   6.4200000e+02
   0.0000000e+00   0.0000000e+00   2.0482972e+04   6.4400000e+02
   0.0000000e+00   0.0000000e+00   2.0404904e+04   6.5100000e+02
   0.0000000e+00   0.0000000e+00   2.0207113e+04   6.5900000e+02
   0.0000000e+00   0.0000000e+00   2.0200762e+04   6.6900000e+02
   0.0000000e+00   0.0000000e+00   2.0180785e+04   6.7300000e+02
   0.0000000e+00   0.0000000e+00   2.0106237e+04   6.7600000e+02
   0.0000000e+00   0.0000000e+00   1.9918293e+04   6.8100000e+02
   0.0000000e+00   0.0000000e+00   1.9847538e+04   6.8800000e+02
   0.0000000e+00   0.0000000e+00   1.9650248e+04   6.8900000e+02
   0.0000000e+00   0.0000000e+00   1.9316626e+04   7.0100000e+02
   0.0000000e+00   0.0000000e+00   1.9127070e+04   7.0200000e+02
   0.0000000e+00   0.0000000e+00   1.9023615e+04   7.0400000e+02
   0.0000000e+00   0.0000000e+00   1.8899314e+04   7.0500000e+02
   0.0000000e+00   0.0000000e+00   1.8883316e+04   7.1700000e+02
   0.0000000e+00   0.0000000e+00   1.8850440e+04   7.2000000e+02
   0.0000000e+00   0.0000000e+00   1.8560559e+04   7.2100000e+02
   0.0000000e+00   0.0000000e+00   1.8459186e+04   7.2600000e+02
   0.0000000e+00   0.0000000e+00   1.8378329e+04   7.2700000e+02
   0.0000000e+00   0.0000000e+00   1.8338470e+04   7.3200000e+02
   0.0000000e+00   0.0000000e+00   1.8194595e+04   7.3400000e+02
   0.0000000e+00   0.0000000e+00   1.8011118e+04   7.3900000e+02
   0.0000000e+00   0.0000000e+00   1.7745703e+04   7.4500000e+02
   0.0000000e+00   0.0000000e+00   1.7642387e+04   7.5100000e+02
   0.0000000e+00   0.0000000e+00   1.7496467e+04   7.6000000e+02
   0.0000000e+00   0.0000000e+00   1.7178001e+04   7.6300000e+02
   0.0000000e+00   0.0000000e+00   1.7107275e+04   7.6700000e+02
   0.0000000e+00   0.0000000e+00   1.7071572e+04   7.6900000e+02
   0.0000000e+00   0.0000000e+00   1.7059642e+04   7.7200000e+02
   0.0000000e+00   0.0000000e+00   1.6874099e+04   7.8300000e+02
   0.0000000e+00   0.0000000e+00   1.6737085e+04   7.8500000e+02
   0.0000000e+00   0.0000000e+00   1.6666985e+04   7.8600000e+02
   0.0000000e+00   0.0000000e+00   1.6589227e+04   7.9000000e+02
   0.0000000e+00   0.0000000e+00   1.6342406e+04   7.9300000e+02
   0.0000000e+00   0.0000000e+00   1.6266345e+04   7.9800000e+02
   0.0000000e+00   0.0000000e+00   1.6243840e+04   8.0100000e+02
   0.0000000e+00   0.0000000e+00   1.6211861e+04   8.0200000e+02
   0.0000000e+00   0.0000000e+00   1.6197335e+04   8.0900000e+02
   0.0000000e+00   0.0000000e+00   1.6029498e+04   8.1500000e+02
   0.0000000e+00   0.0000000e+00   1.5942638e+04   8.1600000e+02
   0.0000000e+00   0.0000000e+00   1.5916351e+04   8.2300000e+02
   0.0000000e+00   0.0000000e+00   1.5900780e+04   8.6000000e+02
   0.0000000e+00   0.0000000e+00   1.5877464e+04   8.6100000e+02
   0.0000000e+00   0.0000000e+00   1.5859589e+04   8.6200000e+02
   0.0000000e+00   0.0000000e+00   1.5858005e+04   8.6300000e+02
   0.0000000e+00   0.0000000e+00   1.5842179e+04   8.6500000e+02
   0.0000000e+00   0.0000000e+00   1.5779658e+04   8.6900000e+02
   0.0000000e+00   0.0000000e+00   1.5741701e+04   8.8500000e+02
   0.0000000e+00   0.0000000e+00   1.5596083e+04   8.8600000e+02
   0.0000000e+00   0.0000000e+00   1.5578624e+04   8.9900000e+02
   0.0000000e+00   0.0000000e+00   1.5441327e+04   9.1700000e+02
   0.0000000e+00   0.0000000e+00   1.5412411e+04   9.1800000e+02
   0.0000000e+00   0.0000000e+00   1.5372747e+04   9.1900000e+02
   0.0000000e+00   0.0000000e+00   1.5298686e+04   9.2200000e+02
   0.0000000e+00   0.0000000e+00   1.5262435e+04   9.2600000e+02
   0.0000000e+00   0.0000000e+00   1.5018435e+04   9.2700000e+02
   0.0000000e+00   0.0000000e+00   1.4969098e+04   9.3300000e+02
   0.0000000e+00   0.0000000e+00   1.4843218e+04   9.3600000e+02
   0.0000000e+00   0.0000000e+00   1.4830265e+04   9.3700000e+02
   0.0000000e+00   0.0000000e+00   1.4739460e+04   9.4000000e+02
   0.0000000e+00   0.0000000e+00   1.4723709e+04   9.4300000e+02
   0.0000000e+00   0.0000000e+00   1.4500914e+04   9.5100000e+02
   0.0000000e+00   0.0000000e+00   1.4455720e+04   9.5200000e+02
   0.0000000e+00   0.0000000e+00   1.4382595e+04   9.6200000e+02
   0.0000000e+00   0.0000000e+00   1.4182655e+04   9.6500000e+02
   0.0000000e+00   0.0000000e+00   1.4022644e+04   9.7700000e+02
   0.0000000e+00   0.0000000e+00   1.3992541e+04   9.8200000e+02
   0.0000000e+00   0.0000000e+00   1.3892845e+04   9.8300000e+02
   0.0000000e+00   0.0000000e+00   1.3790840e+04   9.8400000e+02
   0.0000000e+00   0.0000000e+00   1.3698810e+04   9.8800000e+02
   0.0000000e+00   0.0000000e+00   1.3346103e+04   9.8900000e+02
   0.0000000e+00   0.0000000e+00   1.3285273e+04   9.9300000e+02
   0.0000000e+00   0.0000000e+00   1.3255927e+04   9.9800000e+02
   0.0000000e+00   0.0000000e+00   1.3167432e+04   1.0050000e+03
   0.0000000e+00   0.0000000e+00   1.3107869e+04   1.0070000e+03
   0.0000000e+00   0.0000000e+00   1.3103642e+04   1.0090000e+03
   0.0000000e+00   0.0000000e+00   1.3042984e+04   1.0150000e+03
   0.0000000e+00   0.0000000e+00   1.3017130e+04   1.0180000e+03
   0.0000000e+00   0.0000000e+00   1.2846994e+04   1.0250000e+03
   0.0000000e+00   0.0000000e+00   1.2639745e+04   1.0300000e+03
   0.0000000e+00   0.0000000e+00   1.2625045e+04   1.0370000e+03
   0.0000000e+00   0.0000000e+00   1.2560256e+04   1.0410000e+03
   0.0000000e+00   0.0000000e+00   1.2516863e+04   1.0590000e+03
   0.0000000e+00   0.0000000e+00   1.2473943e+04   1.0690000e+03
   0.0000000e+00   0.0000000e+00   1.2397464e+04   1.0890000e+03
   0.0000000e+00   0.0000000e+00   1.2289785e+04   1.0990000e+03
   0.0000000e+00   0.0000000e+00   1.2278152e+04   1.1030000e+03
   0.0000000e+00   0.0000000e+00   1.2253939e+04   1.1050000e+03
   0.0000000e+00   0.0000000e+00   1.2243443e+04   1.1100000e+03
   0.0000000e+00   0.0000000e+00   1.2236053e+04   1.1110000e+03
   0.0000000e+00   0.0000000e+00   1.2207002e+04   1.1120000e+03
   0.0000000e+00   0.0000000e+00   1.2052191e+04   1.1140000e+03
   0.0000000e+00   0.0000000e+00   1.1961175e+04   1.1150000e+03
   0.0000000e+00   0.0000000e+00   1.1837293e+04   1.1180000e+03
   0.0000000e+00   0.0000000e+00   1.1747491e+04   1.1210000e+03
   0.0000000e+00   0.0000000e+00   1.1746352e+04   1.1220000e+03
   0.0000000e+00   0.0000000e+00   1.1635634e+04   1.1250000e+03
   0.0000000e+00   0.0000000e+00   1.1583291e+04   1.1370000e+03
   0.0000000e+00   0.0000000e+00   1.1575851e+04   1.1480000e+03
   0.0000000e+00   0.0000000e+00   1.1537380e+04   1.1580000e+03
   0.0000000e+00   0.0000000e+00   1.1504253e+04   1.1810000e+03
   0.0000000e+00   0.0000000e+00   1.1476060e+04   1.2120000e+03
   0.0000000e+00   0.0000000e+00   1.1441967e+04   1.2380000e+03
   0.0000000e+00   0.0000000e+00   1.1374322e+04   1.2390000e+03
   0.0000000e+00   0.0000000e+00   1.1345358e+04   1.2610000e+03
   0.0000000e+00   0.0000000e+00   1.1259231e+04   1.3110000e+03
   0.0000000e+00   0.0000000e+00   1.1232365e+04   1.3120000e+03
   0.0000000e+00   0.0000000e+00   1.1157625e+04   1.3130000e+03
   0.0000000e+00   0.0000000e+00   1.1118403e+04   1.3150000e+03
   0.0000000e+00   0.0000000e+00   1.1061259e+04   1.3230000e+03
   0.0000000e+00   0.0000000e+00   1.1032020e+04   1.3570000e+03
   0.0000000e+00   0.0000000e+00   1.0975409e+04   1.3630000e+03
   0.0000000e+00   0.0000000e+00   1.0941107e+04   1.3740000e+03
   0.0000000e+00   0.0000000e+00   1.0912671e+04   1.3760000e+03
   0.0000000e+00   0.0000000e+00   1.0900807e+04   1.3870000e+03
   0.0000000e+00   0.0000000e+00   1.0830683e+04   1.3910000e+03
   0.0000000e+00   0.0000000e+00   1.0737215e+04   1.4010000e+03
   0.0000000e+00   0.0000000e+00   1.0697578e+04   1.4020000e+03
   0.0000000e+00   0.0000000e+00   1.0671446e+04   1.4140000e+03
   0.0000000e+00   0.0000000e+00   1.0598045e+04   1.4180000e+03
   0.0000000e+00   0.0000000e+00   1.0557077e+04   1.4360000e+03
   0.0000000e+00   0.0000000e+00   1.0494836e+04   1.4440000e+03
   0.0000000e+00   0.0000000e+00   1.0487100e+04   1.4590000e+03
   0.0000000e+00   0.0000000e+00   1.0462638e+04   1.4640000e+03
   0.0000000e+00   0.0000000e+00   1.0416655e+04   1.4730000e+03
   0.0000000e+00   0.0000000e+00   1.0386947e+04   1.4840000e+03
   0.0000000e+00   0.0000000e+00   1.0380460e+04   1.5000000e+03
   0.0000000e+00   0.0000000e+00   1.0308269e+04   1.5090000e+03
   0.0000000e+00   0.0000000e+00   1.0280159e+04   1.5150000e+03
   0.0000000e+00   0.0000000e+00   1.0264417e+04   1.5180000e+03
   0.0000000e+00   0.0000000e+00   1.0190715e+04   1.5270000e+03
   0.0000000e+00   0.0000000e+00   1.0182575e+04   1.5420000e+03
   0.0000000e+00   0.0000000e+00   1.0117849e+04   1.5450000e+03
   0.0000000e+00   0.0000000e+00   1.0099525e+04   1.5460000e+03
   0.0000000e+00   0.0000000e+00   1.0050421e+04   1.5690000e+03
   0.0000000e+00   0.0000000e+00   1.0003813e+04   1.5750000e+03
   0.0000000e+00   0.0000000e+00   9.9764385e+03   1.5800000e+03
   0.0000000e+00   0.0000000e+00   9.9541161e+03   1.5880000e+03
   0.0000000e+00   0.0000000e+00   9.9529941e+03   1.5940000e+03
   0.0000000e+00   0.0000000e+00   9.8245261e+03   1.6000000e+03
   0.0000000e+00   0.0000000e+00   9.7762954e+03   1.6110000e+03
   0.0000000e+00   0.0000000e+00   9.7285526e+03   1.6240000e+03
   0.0000000e+00   0.0000000e+00   9.6754292e+03   1.6350000e+03
   0.0000000e+00   0.0000000e+00   9.6277531e+03   1.6420000e+03
   0.0000000e+00   0.0000000e+00   9.5096545e+03   1.6530000e+03
   0.0000000e+00   0.0000000e+00   9.4868509e+03   1.6600000e+03
   0.0000000e+00   0.0000000e+00   9.4848901e+03   1.6630000e+03
   0.0000000e+00   0.0000000e+00   9.4697821e+03   1.6750000e+03
   0.0000000e+00   0.0000000e+00   9.4295635e+03   1.6780000e+03
   0.0000000e+00   0.0000000e+00   9.3887149e+03   1.6810000e+03
   0.0000000e+00   0.0000000e+00   9.3376304e+03   1.6860000e+03
   0.0000000e+00   0.0000000e+00   9.3335533e+03   1.7110000e+03
   0.0000000e+00   0.0000000e+00   9.3263919e+03   1.7170000e+03
   0.0000000e+00   0.0000000e+00   9.1868091e+03   1.7310000e+03
   0.0000000e+00   0.0000000e+00   9.1369827e+03   1.7350000e+03
   0.0000000e+00   0.0000000e+00   9.0826051e+03   1.7390000e+03
   0.0000000e+00   0.0000000e+00   9.0711188e+03   1.7450000e+03
   0.0000000e+00   0.0000000e+00   9.0400554e+03   1.7490000e+03
   0.0000000e+00   0.0000000e+00   8.9528981e+03   1.7630000e+03
   0.0000000e+00   0.0000000e+00   8.9168742e+03   1.7680000e+03
   0.0000000e+00   0.0000000e+00   8.8137969e+03   1.7810000e+03
   0.0000000e+00   0.0000000e+00   8.7592659e+03   1.7930000e+03
   0.0000000e+00   0.0000000e+00   8.5930507e+03   1.7950000e+03
   0.0000000e+00   0.0000000e+00   8.5916993e+03   1.8060000e+03
   0.0000000e+00   0.0000000e+00   8.5390713e+03   1.8220000e+03
   0.0000000e+00   0.0000000e+00   8.5271306e+03   1.8330000e+03
   0.0000000e+00   0.0000000e+00   8.5204061e+03   1.8440000e+03
   0.0000000e+00   0.0000000e+00   8.5194216e+03   1.8520000e+03
   0.0000000e+00   0.0000000e+00   8.4985183e+03   1.8600000e+03
   0.0000000e+00   0.0000000e+00   8.4569938e+03   1.8800000e+03
   0.0000000e+00   0.0000000e+00   8.4233391e+03   1.8910000e+03
   0.0000000e+00   0.0000000e+00   8.3969159e+03   1.8980000e+03
   0.0000000e+00   0.0000000e+00   8.3850856e+03   1.9190000e+03
   0.0000000e+00   0.0000000e+00   8.3825808e+03   1.9210000e+03
   0.0000000e+00   0.0000000e+00   8.3641289e+03   1.9310000e+03
   0.0000000e+00   0.0000000e+00   8.3638566e+03   1.9340000e+03
   0.0000000e+00   0.0000000e+00   8.3595455e+03   1.9380000e+03
   0.0000000e+00   0.0000000e+00   8.3546226e+03   1.9520000e+03
   0.0000000e+00   0.0000000e+00   8.3474366e+03   1.9530000e+03
   0.0000000e+00   0.0000000e+00   8.2304650e+03   1.9540000e+03
   0.0000000e+00   0.0000000e+00   8.1921636e+03   1.9640000e+03
   0.0000000e+00   0.0000000e+00   8.1905747e+03   1.9680000e+03
   0.0000000e+00   0.0000000e+00   8.1643530e+03   1.9790000e+03
   0.0000000e+00   0.0000000e+00   8.1264806e+03   1.9930000e+03
   0.0000000e+00   0.0000000e+00   8.0883033e+03   1.9970000e+03
   0.0000000e+00   0.0000000e+00   8.0434238e+03   1.9980000e+03
   0.0000000e+00   0.0000000e+00   8.0430694e+03   1.9990000e+03
   0.0000000e+00   0.0000000e+00   7.9792186e+03   2.0190000e+03
   0.0000000e+00   0.0000000e+00   7.9500271e+03   2.0200000e+03
   0.0000000e+00   0.0000000e+00   7.8910621e+03   2.0230000e+03
   0.0000000e+00   0.0000000e+00   7.8845109e+03   2.0260000e+03
   0.0000000e+00   0.0000000e+00   7.8737722e+03   2.0320000e+03
   0.0000000e+00   0.0000000e+00   7.8643931e+03   2.0340000e+03
   0.0000000e+00   0.0000000e+00   7.8510585e+03   2.0350000e+03
   0.0000000e+00   0.0000000e+00   7.8130875e+03   2.0710000e+03
   0.0000000e+00   0.0000000e+00   7.7464254e+03   2.0960000e+03
   0.0000000e+00   0.0000000e+00   7.7297062e+03   2.1310000e+03
   0.0000000e+00   0.0000000e+00   7.7243376e+03   2.1650000e+03
   0.0000000e+00   0.0000000e+00   7.7066912e+03   2.2240000e+03
   0.0000000e+00   0.0000000e+00   7.6755877e+03   2.2800000e+03
   0.0000000e+00   0.0000000e+00   7.6473937e+03   2.2860000e+03
   0.0000000e+00   0.0000000e+00   7.6391327e+03   2.3100000e+03
   0.0000000e+00   0.0000000e+00   7.6371183e+03   2.3270000e+03
   0.0000000e+00   0.0000000e+00   7.6193629e+03   2.3340000e+03
   0.0000000e+00   0.0000000e+00   7.6019201e+03   2.3550000e+03
   0.0000000e+00   0.0000000e+00   7.5728137e+03   2.3580000e+03
   0.0000000e+00   0.0000000e+00   7.5715437e+03   2.3700000e+03
   0.0000000e+00   0.0000000e+00   7.5119410e+03   2.3820000e+03
   0.0000000e+00   0.0000000e+00   7.4814213e+03   2.4020000e+03
   0.0000000e+00   0.0000000e+00   7.4812304e+03   2.4240000e+03
   0.0000000e+00   0.0000000e+00   7.4494882e+03   2.4430000e+03
   0.0000000e+00   0.0000000e+00   7.4482399e+03   2.4630000e+03
   0.0000000e+00   0.0000000e+00   7.4070322e+03   2.5670000e+03
   0.0000000e+00   0.0000000e+00   7.3961777e+03   2.5720000e+03
   0.0000000e+00   0.0000000e+00   7.3864087e+03   2.5800000e+03
   0.0000000e+00   0.0000000e+00   7.3679827e+03   2.5840000e+03
   0.0000000e+00   0.0000000e+00   7.3009951e+03   2.5990000e+03
   0.0000000e+00   0.0000000e+00   7.2572124e+03   2.6100000e+03
   0.0000000e+00   0.0000000e+00   7.2302333e+03   2.6160000e+03
   0.0000000e+00   0.0000000e+00   7.2073381e+03   2.6740000e+03
   0.0000000e+00   0.0000000e+00   7.2049491e+03   2.6810000e+03
   0.0000000e+00   0.0000000e+00   7.1662899e+03   2.7140000e+03
   0.0000000e+00   0.0000000e+00   7.0881886e+03   2.7310000e+03
   0.0000000e+00   0.0000000e+00   7.0563676e+03   2.8140000e+03
   0.0000000e+00   0.0000000e+00   7.0498450e+03   2.8290000e+03
   0.0000000e+00   0.0000000e+00   7.0259441e+03   2.8390000e+03
   0.0000000e+00   0.0000000e+00   7.0230819e+03   2.8530000e+03
   0.0000000e+00   0.0000000e+00   7.0191451e+03   2.8740000e+03
   0.0000000e+00   0.0000000e+00   6.9896008e+03   2.9790000e+03
   0.0000000e+00   0.0000000e+00   6.9706180e+03   3.0200000e+03
   0.0000000e+00   0.0000000e+00   6.9507594e+03   3.0230000e+03
   0.0000000e+00   0.0000000e+00   6.9195882e+03   3.0510000e+03
   0.0000000e+00   0.0000000e+00   6.8943649e+03   3.1330000e+03
   0.0000000e+00   0.0000000e+00   6.8699351e+03   3.1370000e+03
   0.0000000e+00   0.0000000e+00   6.8550660e+03   3.1430000e+03
   0.0000000e+00   0.0000000e+00   6.8457116e+03   3.1530000e+03
   0.0000000e+00   0.0000000e+00   6.8365284e+03   3.2130000e+03
   0.0000000e+00   0.0000000e+00   6.8349952e+03   3.2220000e+03
   0.0000000e+00   0.0000000e+00   6.8318086e+03   3.2470000e+03
   0.0000000e+00   0.0000000e+00   6.8300377e+03   3.2580000e+03
   0.0000000e+00   0.0000000e+00   6.8194326e+03   3.2650000e+03
   0.0000000e+00   0.0000000e+00   6.8097740e+03   3.2770000e+03
   0.0000000e+00   0.0000000e+00   6.7853251e+03   3.3080000e+03
   0.0000000e+00   0.0000000e+00   6.7853251e+03   3.3100000e+03
   0.0000000e+00   0.0000000e+00   6.7619306e+03   3.3160000e+03
   0.0000000e+00   0.0000000e+00   6.7300573e+03   3.3340000e+03
   0.0000000e+00   0.0000000e+00   6.7296886e+03   3.3440000e+03
   0.0000000e+00   0.0000000e+00   6.7240393e+03   3.3560000e+03
   0.0000000e+00   0.0000000e+00   6.7224175e+03   3.3620000e+03
   0.0000000e+00   0.0000000e+00   6.7222091e+03   3.3920000e+03
   0.0000000e+00   0.0000000e+00   6.7173903e+03   3.4220000e+03
   0.0000000e+00   0.0000000e+00   6.6944068e+03   3.5150000e+03
   0.0000000e+00   0.0000000e+00   6.6877140e+03   3.6600000e+03
   0.0000000e+00   0.0000000e+00   6.6632221e+03   3.7000000e+03
   0.0000000e+00   0.0000000e+00   6.6521011e+03   3.7050000e+03
   0.0000000e+00   0.0000000e+00   6.6404757e+03   3.7830000e+03
   0.0000000e+00   0.0000000e+00   6.6221416e+03   3.7920000e+03
   0.0000000e+00   0.0000000e+00   6.6134688e+03   3.8610000e+03
   0.0000000e+00   0.0000000e+00   6.6015600e+03   3.9000000e+03
   0.0000000e+00   0.0000000e+00   6.5979892e+03   3.9380000e+03
   0.0000000e+00   0.0000000e+00   6.5512997e+03   3.9830000e+03
   0.0000000e+00   0.0000000e+00   6.5274893e+03   4.0740000e+03
   0.0000000e+00   0.0000000e+00   6.4827974e+03   4.1100000e+03
   0.0000000e+00   0.0000000e+00   6.4553192e+03   4.4880000e+03
   0.0000000e+00   0.0000000e+00   6.4415800e+03   4.6360000e+03
   0.0000000e+00   0.0000000e+00   6.4303070e+03   4.6470000e+03
   0.0000000e+00   0.0000000e+00   6.4288524e+03   4.6840000e+03
   0.0000000e+00   0.0000000e+00   6.3933255e+03   4.7010000e+03
   0.0000000e+00   0.0000000e+00   6.3827755e+03   4.8450000e+03
   0.0000000e+00   0.0000000e+00   6.3804006e+03   4.9200000e+03
   0.0000000e+00   0.0000000e+00   6.3770349e+03   4.9700000e+03
   0.0000000e+00   0.0000000e+00   6.3636372e+03   5.0710000e+03
   0.0000000e+00   0.0000000e+00   6.3618234e+03   5.0760000e+03
   0.0000000e+00   0.0000000e+00   6.3565904e+03   5.1970000e+03
   0.0000000e+00   0.0000000e+00   6.3487849e+03   5.3440000e+03
   0.0000000e+00   0.0000000e+00   6.3430508e+03   5.5690000e+03
   0.0000000e+00   0.0000000e+00   6.3422369e+03   5.6980000e+03
   0.0000000e+00   0.0000000e+00   6.3246463e+03   5.7150000e+03
   0.0000000e+00   0.0000000e+00   6.3091538e+03   5.7400000e+03
   0.0000000e+00   0.0000000e+00   6.3057909e+03   6.0100000e+03
   0.0000000e+00   0.0000000e+00   6.3025461e+03   6.1570000e+03
   0.0000000e+00   0.0000000e+00   6.2997828e+03   6.2040000e+03
   0.0000000e+00   0.0000000e+00   6.2666838e+03   6.2120000e+03
   0.0000000e+00   0.0000000e+00   6.2464158e+03   6.2880000e+03
   0.0000000e+00   0.0000000e+00   6.2344438e+03   6.3360000e+03
   0.0000000e+00   0.0000000e+00   6.2289664e+03   6.5320000e+03
   0.0000000e+00   0.0000000e+00   6.2050510e+03   6.6690000e+03
   0.0000000e+00   0.0000000e+00   6.2046887e+03   6.7520000e+03
   0.0000000e+00   0.0000000e+00   6.2039082e+03   6.8010000e+03
   0.0000000e+00   0.0000000e+00   6.1890985e+03   6.8170000e+03
   0.0000000e+00   0.0000000e+00   6.1666153e+03   6.8320000e+03
   0.0000000e+00   0.0000000e+00   6.1578601e+03   6.9240000e+03
   0.0000000e+00   0.0000000e+00   6.1522998e+03   6.9250000e+03
   0.0000000e+00   0.0000000e+00   6.1509531e+03   7.1540000e+03
   0.0000000e+00   0.0000000e+00   6.1376139e+03   7.1740000e+03
   0.0000000e+00   0.0000000e+00   6.1316514e+03   7.4350000e+03
   0.0000000e+00   0.0000000e+00   6.1300705e+03   7.5450000e+03
   0.0000000e+00   0.0000000e+00   6.1141805e+03   7.6700000e+03
   0.0000000e+00   0.0000000e+00   6.0990549e+03   7.9440000e+03
   0.0000000e+00   0.0000000e+00   6.0958219e+03   8.0890000e+03
   0.0000000e+00   0.0000000e+00   6.0850388e+03   8.2230000e+03
   0.0000000e+00   0.0000000e+00   6.0846017e+03   8.2350000e+03
   0.0000000e+00   0.0000000e+00   6.0745175e+03   8.2430000e+03
   0.0000000e+00   0.0000000e+00   6.0628110e+03   8.6030000e+03
   0.0000000e+00   0.0000000e+00   6.0577263e+03   8.6540000e+03
   0.0000000e+00   0.0000000e+00   6.0577263e+03   8.8550000e+03
   0.0000000e+00   0.0000000e+00   6.0484744e+03   9.1730000e+03
   0.0000000e+00   0.0000000e+00   6.0321082e+03   9.1910000e+03
   0.0000000e+00   0.0000000e+00   6.0055002e+03   9.3940000e+03
   0.0000000e+00   0.0000000e+00   6.0001460e+03   9.4090000e+03
   0.0000000e+00   0.0000000e+00   5.9963201e+03   9.5510000e+03
   0.0000000e+00   0.0000000e+00   5.9213608e+03   9.5810000e+03
   0.0000000e+00   0.0000000e+00   5.9094553e+03   9.6160000e+03
   0.0000000e+00   0.0000000e+00   5.9003942e+03   9.6280000e+03
   0.0000000e+00   0.0000000e+00   5.8975646e+03   9.6330000e+03
   0.0000000e+00   0.0000000e+00   5.8614126e+03   9.6680000e+03
   0.0000000e+00   0.0000000e+00   5.8609180e+03   9.7760000e+03
   0.0000000e+00   0.0000000e+00   5.8379484e+03   9.8200000e+03
   0.0000000e+00   0.0000000e+00   5.8379484e+03   9.8320000e+03
   0.0000000e+00   0.0000000e+00   5.8363892e+03   9.9390000e+03
   0.0000000e+00   0.0000000e+00   5.8261151e+03   1.0009000e+04
   0.0000000e+00   0.0000000e+00   5.8146888e+03   1.0049000e+04
   0.0000000e+00   0.0000000e+00   5.8074760e+03   1.0150000e+04
   0.0000000e+00   0.0000000e+00   5.8024050e+03   1.0404000e+04
   0.0000000e+00   0.0000000e+00   5.7927974e+03   1.0576000e+04
   0.0000000e+00   0.0000000e+00   5.7799043e+03   1.0952000e+04
   0.0000000e+00   0.0000000e+00   5.7788044e+03   1.1819000e+04
   0.0000000e+00   0.0000000e+00   5.7750938e+03   1.2344000e+04
   0.0000000e+00   0.0000000e+00   5.7649139e+03   1.2404000e+04
   0.0000000e+00   0.0000000e+00   5.7649139e+03   1.2465000e+04
   0.0000000e+00   0.0000000e+00   5.7501306e+03   1.2517000e+04
   0.0000000e+00   0.0000000e+00   5.7376055e+03   1.2804000e+04
   0.0000000e+00   0.0000000e+00   5.7355475e+03   1.2929000e+04
   0.0000000e+00   0.0000000e+00   5.7235020e+03   1.2948000e+04
   0.0000000e+00   0.0000000e+00   5.7143442e+03   1.2964000e+04
   0.0000000e+00   0.0000000e+00   5.7039422e+03   1.3172000e+04
   0.0000000e+00   0.0000000e+00   5.6990824e+03   1.3241000e+04
   0.0000000e+00   0.0000000e+00   5.6854625e+03   1.3338000e+04
   0.0000000e+00   0.0000000e+00   5.6741231e+03   1.3342000e+04
   0.0000000e+00   0.0000000e+00   5.6485620e+03   1.3394000e+04
   0.0000000e+00   0.0000000e+00   5.6292717e+03   1.3463000e+04
   0.0000000e+00   0.0000000e+00   5.6271465e+03   1.3708000e+04
   0.0000000e+00   0.0000000e+00   5.6117105e+03   1.3712000e+04
   0.0000000e+00   0.0000000e+00   5.6033827e+03   1.3997000e+04
   0.0000000e+00   0.0000000e+00   5.5981840e+03   1.4382000e+04
   0.0000000e+00   0.0000000e+00   5.5866916e+03   1.4528000e+04
   0.0000000e+00   0.0000000e+00   5.5773617e+03   1.4983000e+04
   0.0000000e+00   0.0000000e+00   5.5667420e+03   1.5265000e+04
   0.0000000e+00   0.0000000e+00   5.5555327e+03   1.5270000e+04
   0.0000000e+00   0.0000000e+00   5.5515873e+03   1.5529000e+04
   0.0000000e+00   0.0000000e+00   5.5515873e+03   1.5675000e+04
   0.0000000e+00   0.0000000e+00   5.5473814e+03   1.6534000e+04
   0.0000000e+00   0.0000000e+00   5.5434194e+03   1.7454000e+04
   0.0000000e+00   0.0000000e+00   5.5397428e+03   1.9772000e+04
   0.0000000e+00   0.0000000e+00   5.5293409e+03   2.0010000e+04
   0.0000000e+00   0.0000000e+00   5.5199865e+03   2.1051000e+04
   0.0000000e+00   0.0000000e+00   5.5149800e+03   2.1162000e+04
   0.0000000e+00   0.0000000e+00   5.5110180e+03   2.1168000e+04
   0.0000000e+00   0.0000000e+00   5.5102376e+03   2.1300000e+04
   0.0000000e+00   0.0000000e+00   5.5041066e+03   2.2210000e+04
   0.0000000e+00   0.0000000e+00   5.4970848e+03   2.2393000e+04
   0.0000000e+00   0.0000000e+00   5.4929693e+03   2.2508000e+04
   0.0000000e+00   0.0000000e+00   5.4922981e+03   2.2633000e+04
   0.0000000e+00   0.0000000e+00   5.4917577e+03   2.3596000e+04
   0.0000000e+00   0.0000000e+00   5.4850538e+03   2.4612000e+04
   0.0000000e+00   0.0000000e+00   5.4850538e+03   2.5201000e+04
   0.0000000e+00   0.0000000e+00   5.4850538e+03   2.6437000e+04
   0.0000000e+00   0.0000000e+00   5.4850538e+03   2.6459000e+04
   0.0000000e+00   0.0000000e+00   5.4842413e+03   2.6738000e+04
   0.0000000e+00   0.0000000e+00   5.4842413e+03   2.8222000e+04
   0.0000000e+00   0.0000000e+00   5.4825490e+03   2.8307000e+04
   0.0000000e+00   0.0000000e+00   5.4825490e+03   2.8554000e+04
   0.0000000e+00   0.0000000e+00   5.4803138e+03   2.8605000e+04
   0.0000000e+00   0.0000000e+00   5.4798900e+03   2.8690000e+04
   0.0000000e+00   0.0000000e+00   5.4723841e+03   2.8873000e+04
   0.0000000e+00   0.0000000e+00   5.4697114e+03   2.8932000e+04
   0.0000000e+00   0.0000000e+00   5.4661133e+03   2.8958000e+04
   0.0000000e+00   0.0000000e+00   5.4585662e+03   2.9151000e+04
   0.0000000e+00   0.0000000e+00   5.4526262e+03   2.9880000e+04
   0.0000000e+00   0.0000000e+00   5.4417723e+03   3.0059000e+04
   0.0000000e+00   0.0000000e+00   5.4380957e+03   3.0436000e+04
   0.0000000e+00   0.0000000e+00   5.4143576e+03   3.1350000e+04
   0.0000000e+00   0.0000000e+00   5.4143576e+03   3.1768000e+04
   0.0000000e+00   0.0000000e+00   5.4121225e+03   3.2434000e+04
   0.0000000e+00   0.0000000e+00   5.4040523e+03   3.2633000e+04
   0.0000000e+00   0.0000000e+00   5.3962653e+03   3.3018000e+04
   0.0000000e+00   0.0000000e+00   5.3949661e+03   3.3056000e+04
   0.0000000e+00   0.0000000e+00   5.3924571e+03   3.3227000e+04
   0.0000000e+00   0.0000000e+00   5.3871766e+03   3.3577000e+04
   0.0000000e+00   0.0000000e+00   5.3857219e+03   3.4412000e+04
   0.0000000e+00   0.0000000e+00   5.3801223e+03   3.4889000e+04
   0.0000000e+00   0.0000000e+00   5.3699804e+03   3.5330000e+04
   0.0000000e+00   0.0000000e+00   5.3688667e+03   3.5428000e+04
   0.0000000e+00   0.0000000e+00   5.3611266e+03   3.5502000e+04
   0.0000000e+00   0.0000000e+00   5.3496582e+03   3.5587000e+04
   0.0000000e+00   0.0000000e+00   5.3393410e+03   3.5607000e+04
   0.0000000e+00   0.0000000e+00   5.3355151e+03   3.5778000e+04
   0.0000000e+00   0.0000000e+00   5.3238314e+03   3.7537000e+04
   0.0000000e+00   0.0000000e+00   5.3180387e+03   3.7924000e+04
   0.0000000e+00   0.0000000e+00   5.3065892e+03   3.8075000e+04
   0.0000000e+00   0.0000000e+00   5.2984306e+03   3.9770000e+04
   0.0000000e+00   0.0000000e+00   5.2969760e+03   4.0931000e+04
   0.0000000e+00   0.0000000e+00   5.2969760e+03   4.1500000e+04
   0.0000000e+00   0.0000000e+00   5.2955214e+03   4.3330000e+04
   0.0000000e+00   0.0000000e+00   5.2935819e+03   4.3569000e+04
   0.0000000e+00   0.0000000e+00   5.2913468e+03   4.3597000e+04
   0.0000000e+00   0.0000000e+00   5.2913468e+03   4.3920000e+04
   0.0000000e+00   0.0000000e+00   5.2913468e+03   4.5236000e+04
   0.0000000e+00   0.0000000e+00   5.2860550e+03   4.5395000e+04
   0.0000000e+00   0.0000000e+00   5.2856533e+03   4.5520000e+04
   0.0000000e+00   0.0000000e+00   5.2853771e+03   4.5554000e+04
   0.0000000e+00   0.0000000e+00   5.2821285e+03   4.6860000e+04
   0.0000000e+00   0.0000000e+00   5.2819386e+03   4.9685000e+04
   0.0000000e+00   0.0000000e+00   5.2781085e+03   4.9722000e+04
   0.0000000e+00   0.0000000e+00   5.2781085e+03   4.9739000e+04
   0.0000000e+00   0.0000000e+00   5.2781085e+03   5.0282000e+04
   0.0000000e+00   0.0000000e+00   5.2724592e+03   5.3116000e+04
   0.0000000e+00   0.0000000e+00   5.2724592e+03   5.3986000e+04
   0.0000000e+00   0.0000000e+00   5.2717880e+03   5.7362000e+04
   0.0000000e+00   0.0000000e+00   5.2717880e+03   5.8855000e+04
   0.0000000e+00   0.0000000e+00   5.2717880e+03   6.3168000e+04
   0.0000000e+00   0.0000000e+00   5.2695529e+03   6.4348000e+04
   0.0000000e+00   0.0000000e+00   5.2695529e+03   6.5848000e+04
   0.0000000e+00   0.0000000e+00   5.2695529e+03   6.7167000e+04
   0.0000000e+00   0.0000000e+00   5.2653742e+03   6.7687000e+04
   0.0000000e+00   0.0000000e+00   5.2653742e+03   6.7893000e+04
   0.0000000e+00   0.0000000e+00   5.2641680e+03   6.8866000e+04
   0.0000000e+00   0.0000000e+00   5.2641680e+03   7.0243000e+04
   0.0000000e+00   0.0000000e+00   5.2641680e+03   7.0988000e+04
   0.0000000e+00   0.0000000e+00   5.2627134e+03   7.1690000e+04
   0.0000000e+00   0.0000000e+00   5.2627134e+03   7.3116000e+04
   0.0000000e+00   0.0000000e+00   5.2590368e+03   7.4433000e+04
   0.0000000e+00   0.0000000e+00   5.2590368e+03   7.5146000e+04
   0.0000000e+00   0.0000000e+00   5.2590368e+03   7.6234000e+04
   0.0000000e+00   0.0000000e+00   5.2590368e+03   7.7051000e+04
   0.0000000e+00   0.0000000e+00   5.2588088e+03   7.7803000e+04
   0.0000000e+00   0.0000000e+00   5.2551190e+03   7.7897000e+04
   0.0000000e+00   0.0000000e+00   5.2551190e+03   7.8020000e+04
   0.0000000e+00   0.0000000e+00   5.2551190e+03   7.8097000e+04
   0.0000000e+00   0.0000000e+00   5.2551190e+03   7.8976000e+04
   0.0000000e+00   0.0000000e+00   5.2547179e+03   7.9827000e+04
   0.0000000e+00   0.0000000e+00   5.2474649e+03   8.0319000e+04
   0.0000000e+00   0.0000000e+00   5.2438668e+03   8.1044000e+04
   0.0000000e+00   0.0000000e+00   5.2433079e+03   8.2493000e+04
   0.0000000e+00   0.0000000e+00   5.2433079e+03   8.4442000e+04
   0.0000000e+00   0.0000000e+00   5.2433079e+03   8.4681000e+04
   0.0000000e+00   0.0000000e+00   5.2433079e+03   8.4958000e+04
   0.0000000e+00   0.0000000e+00   5.2433079e+03   8.6130000e+04
   0.0000000e+00   0.0000000e+00   5.2378913e+03   8.7126000e+04
   0.0000000e+00   0.0000000e+00   5.2367737e+03   8.8347000e+04
   0.0000000e+00   0.0000000e+00   5.2313539e+03   8.8968000e+04
   0.0000000e+00   0.0000000e+00   5.2289211e+03   8.9347000e+04
   0.0000000e+00   0.0000000e+00   5.2289211e+03   8.9567000e+04
   0.0000000e+00   0.0000000e+00   5.2252445e+03   8.9629000e+04
   0.0000000e+00   0.0000000e+00   5.2164970e+03   9.0411000e+04
   0.0000000e+00   0.0000000e+00   5.2132379e+03   9.0844000e+04
   0.0000000e+00   0.0000000e+00   5.2132379e+03   9.1966000e+04
   0.0000000e+00   0.0000000e+00   5.2113091e+03   9.2553000e+04
   0.0000000e+00   0.0000000e+00   5.2113091e+03   9.3704000e+04
   0.0000000e+00   0.0000000e+00   5.2098545e+03   9.4330000e+04
   0.0000000e+00   0.0000000e+00   5.2052963e+03   9.4562000e+04
   0.0000000e+00   0.0000000e+00   5.1975816e+03   9.5167000e+04
   0.0000000e+00   0.0000000e+00   5.1975816e+03   9.5619000e+04
   0.0000000e+00   0.0000000e+00   5.1846997e+03   9.5661000e+04
   0.0000000e+00   0.0000000e+00   5.1786031e+03   9.5943000e+04
   0.0000000e+00   0.0000000e+00   5.1702520e+03   9.6001000e+04
   0.0000000e+00   0.0000000e+00   5.1702520e+03   9.6208000e+04
   0.0000000e+00   0.0000000e+00   5.1682593e+03   9.6574000e+04
   0.0000000e+00   0.0000000e+00   5.1640017e+03   9.9010000e+04
   0.0000000e+00   0.0000000e+00   5.1601059e+03   9.9042000e+04
   0.0000000e+00   0.0000000e+00   5.1565078e+03   9.9072000e+04
   0.0000000e+00   0.0000000e+00   5.1513766e+03   9.9095000e+04
   0.0000000e+00   0.0000000e+00   5.1435310e+03   9.9374000e+04
   0.0000000e+00   0.0000000e+00   5.1398544e+03   9.9481000e+04
   0.0000000e+00   0.0000000e+00   5.1359586e+03   9.9591000e+04
   0.0000000e+00   0.0000000e+00   5.1317189e+03   9.9736000e+04
   0.0000000e+00   0.0000000e+00   5.1242781e+03   9.9820000e+04
   0.0000000e+00   0.0000000e+00   5.1208284e+03   1.0000000e+05
   0.0000000e+00   0.0000000e+00   5.1170757e+03   1.0072100e+05
   0.0000000e+00   0.0000000e+00   5.1135014e+03   1.0096600e+05
   0.0000000e+00   0.0000000e+00   5.1135014e+03   1.0200800e+05
   0.0000000e+00   0.0000000e+00   5.1094023e+03   1.0221300e+05
   0.0000000e+00   0.0000000e+00   5.1072765e+03   1.0229400e+05
   0.0000000e+00   0.0000000e+00   5.1072765e+03   1.0266400e+05
   0.0000000e+00   0.0000000e+00   5.1049442e+03   1.0295000e+05
   0.0000000e+00   0.0000000e+00   5.1049442e+03   1.0310800e+05
   0.0000000e+00   0.0000000e+00   5.1008287e+03   1.0333900e+05
   0.0000000e+00   0.0000000e+00   5.0999828e+03   1.0347400e+05
   0.0000000e+00   0.0000000e+00   5.0999828e+03   1.0419900e+05
   0.0000000e+00   0.0000000e+00   5.0999828e+03   1.0484500e+05
   0.0000000e+00   0.0000000e+00   5.0963062e+03   1.0503500e+05
   0.0000000e+00   0.0000000e+00   5.0916302e+03   1.0504800e+05
   0.0000000e+00   0.0000000e+00   5.0916302e+03   1.0538500e+05
   0.0000000e+00   0.0000000e+00   5.0849819e+03   1.0571500e+05
   0.0000000e+00   0.0000000e+00   5.0849819e+03   1.0594100e+05
   0.0000000e+00   0.0000000e+00   5.0821907e+03   1.0789600e+05
   0.0000000e+00   0.0000000e+00   5.0720830e+03   1.0792500e+05
   0.0000000e+00   0.0000000e+00   5.0706284e+03   1.0794000e+05
   0.0000000e+00   0.0000000e+00   5.0706284e+03   1.0846800e+05
   0.0000000e+00   0.0000000e+00   5.0706284e+03   1.0870700e+05
   0.0000000e+00   0.0000000e+00   5.0706284e+03   1.0901100e+05
   0.0000000e+00   0.0000000e+00   5.0667976e+03   1.0976700e+05
   0.0000000e+00   0.0000000e+00   5.0605284e+03   1.1111100e+05
   0.0000000e+00   0.0000000e+00   5.0590738e+03   1.1226000e+05
   0.0000000e+00   0.0000000e+00   5.0553972e+03   1.1317100e+05
   0.0000000e+00   0.0000000e+00   5.0553972e+03   1.1317500e+05
   0.0000000e+00   0.0000000e+00   5.0518004e+03   1.1326600e+05
   0.0000000e+00   0.0000000e+00   5.0486885e+03   1.1387100e+05
   0.0000000e+00   0.0000000e+00   5.0472339e+03   1.1406400e+05
   0.0000000e+00   0.0000000e+00   5.0430178e+03   1.1468500e+05
   0.0000000e+00   0.0000000e+00   5.0430178e+03   1.1560200e+05
   0.0000000e+00   0.0000000e+00   5.0424196e+03   1.1572900e+05
   0.0000000e+00   0.0000000e+00   5.0424196e+03   1.1941600e+05
   0.0000000e+00   0.0000000e+00   5.0384576e+03   1.2084600e+05
   0.0000000e+00   0.0000000e+00   5.0384576e+03   1.2198000e+05
   0.0000000e+00   0.0000000e+00   5.0384576e+03   1.2241900e+05
   0.0000000e+00   0.0000000e+00   5.0384576e+03   1.2267200e+05
   0.0000000e+00   0.0000000e+00   5.0384576e+03   1.2280300e+05
   0.0000000e+00   0.0000000e+00   5.0350452e+03   1.2317100e+05
   0.0000000e+00   0.0000000e+00   5.0350452e+03   1.2408900e+05
   0.0000000e+00   0.0000000e+00   5.0350452e+03   1.2419800e+05
   0.0000000e+00   0.0000000e+00   5.0350452e+03   1.2467700e+05
   0.0000000e+00   0.0000000e+00   5.0350452e+03   1.2596600e+05
   0.0000000e+00   0.0000000e+00   5.0350452e+03   1.2628000e+05
   0.0000000e+00   0.0000000e+00   5.0332679e+03   1.2704700e+05
   0.0000000e+00   0.0000000e+00   5.0307589e+03   1.2724600e+05
   0.0000000e+00   0.0000000e+00   5.0269330e+03   1.2731400e+05
   0.0000000e+00   0.0000000e+00   5.0231803e+03   1.2749700e+05
   0.0000000e+00   0.0000000e+00   5.0231803e+03   1.2779800e+05
   0.0000000e+00   0.0000000e+00   5.0205194e+03   1.2968900e+05
   0.0000000e+00   0.0000000e+00   5.0205194e+03   1.2974600e+05
   0.0000000e+00   0.0000000e+00   5.0185888e+03   1.3033100e+05
   0.0000000e+00   0.0000000e+00   5.0185888e+03   1.3034100e+05
   0.0000000e+00   0.0000000e+00   5.0185888e+03   1.3184300e+05
   0.0000000e+00   0.0000000e+00   5.0163537e+03   1.3220500e+05
   0.0000000e+00   0.0000000e+00   5.0163537e+03   1.3248300e+05
   0.0000000e+00   0.0000000e+00   5.0163537e+03   1.3432000e+05
   0.0000000e+00   0.0000000e+00   5.0163537e+03   1.3528600e+05
   0.0000000e+00   0.0000000e+00   5.0163537e+03   1.3563200e+05
   0.0000000e+00   0.0000000e+00   5.0163537e+03   1.3595000e+05
   0.0000000e+00   0.0000000e+00   5.0163537e+03   1.3612000e+05
   0.0000000e+00   0.0000000e+00   5.0163537e+03   1.3888400e+05
   0.0000000e+00   0.0000000e+00   5.0148991e+03   1.3897600e+05
   0.0000000e+00   0.0000000e+00   5.0148991e+03   1.4078500e+05
   0.0000000e+00   0.0000000e+00   5.0148991e+03   1.4213000e+05
   0.0000000e+00   0.0000000e+00   5.0148991e+03   1.4226100e+05
   0.0000000e+00   0.0000000e+00   5.0148991e+03   1.4241300e+05
   0.0000000e+00   0.0000000e+00   5.0148991e+03   1.4309000e+05
   0.0000000e+00   0.0000000e+00   5.0148991e+03   1.4338700e+05
   0.0000000e+00   0.0000000e+00   5.0148991e+03   1.4470400e+05
   0.0000000e+00   0.0000000e+00   5.0148991e+03   1.4497900e+05
   0.0000000e+00   0.0000000e+00   5.0134445e+03   1.4574900e+05
   0.0000000e+00   0.0000000e+00   5.0134445e+03   1.4634700e+05
   0.0000000e+00   0.0000000e+00   5.0134445e+03   1.4646200e+05
   0.0000000e+00   0.0000000e+00   5.0134445e+03   1.4802300e+05
   0.0000000e+00   0.0000000e+00   5.0134445e+03   1.4869400e+05
   0.0000000e+00   0.0000000e+00   5.0134445e+03   1.4870200e+05
   0.0000000e+00   0.0000000e+00   5.0134445e+03   1.4974700e+05
   0.0000000e+00   0.0000000e+00   5.0134445e+03   1.5016000e+05
   0.0000000e+00   0.0000000e+00   5.0134445e+03   1.5021300e+05
   0.0000000e+00   0.0000000e+00   5.0134445e+03   1.5098300e+05
   0.0000000e+00   0.0000000e+00   5.0134445e+03   1.5183900e+05
   0.0000000e+00   0.0000000e+00   5.0134445e+03   1.5200700e+05
   0.0000000e+00   0.0000000e+00   5.0134445e+03   1.5273900e+05
   0.0000000e+00   0.0000000e+00   5.0134445e+03   1.5277900e+05
   0.0000000e+00   0.0000000e+00   5.0134445e+03   1.5304800e+05
   0.0000000e+00   0.0000000e+00   5.0134445e+03   1.5471000e+05
   0.0000000e+00   0.0000000e+00   5.0134445e+03   1.5522900e+05
   0.0000000e+00   0.0000000e+00   5.0134445e+03   1.5534000e+05
   0.0000000e+00   0.0000000e+00   5.0134445e+03   1.5624700e+05
   0.0000000e+00   0.0000000e+00   5.0134445e+03   1.5650200e+05
   0.0000000e+00   0.0000000e+00   5.0134445e+03   1.5688500e+05
   0.0000000e+00   0.0000000e+00   5.0134445e+03   1.5711400e+05
   0.0000000e+00   0.0000000e+00   5.0134445e+03   1.5803900e+05
   0.0000000e+00   0.0000000e+00   5.0119899e+03   1.5830800e+05
   0.0000000e+00   0.0000000e+00   5.0105352e+03   1.5858100e+05
   0.0000000e+00   0.0000000e+00   5.0105352e+03   1.5896800e+05
   0.0000000e+00   0.0000000e+00   5.0105352e+03   1.5942200e+05
   0.0000000e+00   0.0000000e+00   5.0105352e+03   1.6003300e+05
   0.0000000e+00   0.0000000e+00   5.0105352e+03   1.6016000e+05
   0.0000000e+00   0.0000000e+00   5.0105352e+03   1.6107000e+05
   0.0000000e+00   0.0000000e+00   5.0105352e+03   1.6115200e+05
   0.0000000e+00   0.0000000e+00   5.0105352e+03   1.6162900e+05
   0.0000000e+00   0.0000000e+00   5.0090806e+03   1.6310300e+05
   0.0000000e+00   0.0000000e+00   5.0090806e+03   1.6334600e+05
   0.0000000e+00   0.0000000e+00   5.0090806e+03   1.6677500e+05
   0.0000000e+00   0.0000000e+00   5.0090806e+03   1.6781200e+05
   0.0000000e+00   0.0000000e+00   5.0090806e+03   1.6833700e+05
   0.0000000e+00   0.0000000e+00   5.0090806e+03   1.6866500e+05
   0.0000000e+00   0.0000000e+00   5.0090806e+03   1.6887000e+05
   0.0000000e+00   0.0000000e+00   5.0090806e+03   1.6943900e+05
   0.0000000e+00   0.0000000e+00   5.0050207e+03   1.7198900e+05
   0.0000000e+00   0.0000000e+00   5.0050207e+03   1.7222400e+05
   0.0000000e+00   0.0000000e+00   5.0050207e+03   1.7275000e+05
   0.0000000e+00   0.0000000e+00   5.0050207e+03   1.7359300e+05
   0.0000000e+00   0.0000000e+00   5.0042365e+03   1.7445900e+05
   0.0000000e+00   0.0000000e+00   5.0042365e+03   1.7487100e+05
   0.0000000e+00   0.0000000e+00   5.0042365e+03   1.7725100e+05
   0.0000000e+00   0.0000000e+00   5.0042365e+03   1.7779100e+05
   0.0000000e+00   0.0000000e+00   5.0042365e+03   1.7801400e+05
   0.0000000e+00   0.0000000e+00   5.0027819e+03   1.7814400e+05
   0.0000000e+00   0.0000000e+00   5.0027819e+03   1.7828300e+05
   0.0000000e+00   0.0000000e+00   5.0027819e+03   1.7922900e+05
   0.0000000e+00   0.0000000e+00   5.0027819e+03   1.7948400e+05
   0.0000000e+00   0.0000000e+00   5.0027819e+03   1.7968100e+05
   0.0000000e+00   0.0000000e+00   5.0027819e+03   1.7973100e+05
   0.0000000e+00   0.0000000e+00   5.0027819e+03   1.8069600e+05
   0.0000000e+00   0.0000000e+00   5.0016700e+03   1.8088400e+05
   0.0000000e+00   0.0000000e+00   5.0016700e+03   1.8149000e+05
   0.0000000e+00   0.0000000e+00   4.9911537e+03   1.8153800e+05
   0.0000000e+00   0.0000000e+00   4.9907187e+03   1.8278900e+05
   0.0000000e+00   0.0000000e+00   4.9907187e+03   1.8407500e+05
   0.0000000e+00   0.0000000e+00   4.9907187e+03   1.8487100e+05
   0.0000000e+00   0.0000000e+00   4.9852975e+03   1.8509000e+05
   0.0000000e+00   0.0000000e+00   4.9852975e+03   1.8510700e+05
   0.0000000e+00   0.0000000e+00   4.9852975e+03   1.8557500e+05
   0.0000000e+00   0.0000000e+00   4.9852975e+03   1.8569500e+05
   0.0000000e+00   0.0000000e+00   4.9791669e+03   1.8589200e+05
   0.0000000e+00   0.0000000e+00   4.9785237e+03   1.8641000e+05
   0.0000000e+00   0.0000000e+00   4.9755110e+03   1.8769900e+05
   0.0000000e+00   0.0000000e+00   4.9725199e+03   1.8922300e+05
   0.0000000e+00   0.0000000e+00   4.9725199e+03   1.9137600e+05
   0.0000000e+00   0.0000000e+00   4.9725199e+03   1.9230900e+05
   0.0000000e+00   0.0000000e+00   4.9725199e+03   1.9258500e+05
   0.0000000e+00   0.0000000e+00   4.9725199e+03   1.9286300e+05
   0.0000000e+00   0.0000000e+00   4.9687672e+03   1.9364000e+05
   0.0000000e+00   0.0000000e+00   4.9687672e+03   1.9397700e+05
   0.0000000e+00   0.0000000e+00   4.9687672e+03   1.9474400e+05
   0.0000000e+00   0.0000000e+00   4.9687672e+03   1.9562500e+05
   0.0000000e+00   0.0000000e+00   4.9687672e+03   1.9587300e+05
   0.0000000e+00   0.0000000e+00   4.9665321e+03   1.9679600e+05
   0.0000000e+00   0.0000000e+00   4.9665321e+03   1.9733100e+05
   0.0000000e+00   0.0000000e+00   4.9665321e+03   1.9765200e+05
   0.0000000e+00   0.0000000e+00   4.9665321e+03   1.9778100e+05
