   2.0488322e+02   8.8844521e+00   1.4995019e+04   2.0000000e+00
   1.4954834e+02   7.5094873e+00   1.3701599e+04   3.0000000e+00
   1.2895748e+02   6.0980361e+00   1.3615984e+04   4.0000000e+00
   1.2342196e+02   4.4904532e+00   1.4261304e+04   5.0000000e+00
   7.5260664e+01   3.5736627e+00   1.2667006e+04   7.0000000e+00
   4.5941997e+01   7.7676319e-01   1.3386939e+04   8.0000000e+00
   3.5492534e+01   9.3440397e-02   1.4688995e+04   9.0000000e+00
   3.0929490e+01   1.3415115e-03   2.0642693e+04   1.0000000e+01
   2.2987902e+01   0.0000000e+00   2.0655101e+04   1.1000000e+01
   2.1443686e+01   0.0000000e+00   2.1212199e+04   1.3000000e+01
   1.8781577e+01   0.0000000e+00   2.1494776e+04   1.4000000e+01
   1.1518375e+01   0.0000000e+00   2.0154523e+04   1.5000000e+01
   9.4772719e+00   0.0000000e+00   2.3131959e+04   1.7000000e+01
   7.7323281e+00   0.0000000e+00   2.1204756e+04   1.9000000e+01
   7.7103906e+00   0.0000000e+00   2.2550852e+04   2.0000000e+01
   6.8147743e+00   0.0000000e+00   2.1242434e+04   2.1000000e+01
   4.6057630e+00   0.0000000e+00   2.0611520e+04   2.2000000e+01
   3.1715438e+00   0.0000000e+00   2.2744708e+04   2.5000000e+01
   7.7970987e-01   0.0000000e+00   2.2888352e+04   2.7000000e+01
   2.3206315e-01   0.0000000e+00   2.6056108e+04   2.8000000e+01
   0.0000000e+00   0.0000000e+00   3.0391126e+04   2.9000000e+01
   0.0000000e+00   0.0000000e+00   2.8893790e+04   3.0000000e+01
   0.0000000e+00   0.0000000e+00   2.7185427e+04   3.8000000e+01
   0.0000000e+00   0.0000000e+00   2.7150812e+04   5.1000000e+01
   0.0000000e+00   0.0000000e+00   2.4759423e+04   5.3000000e+01
   0.0000000e+00   0.0000000e+00   2.2946086e+04   5.7000000e+01
   0.0000000e+00   0.0000000e+00   2.2815688e+04   6.0000000e+01
   0.0000000e+00   0.0000000e+00   2.1821939e+04   6.2000000e+01
   0.0000000e+00   0.0000000e+00   2.0932908e+04   6.9000000e+01
   0.0000000e+00   0.0000000e+00   2.0747252e+04   7.1000000e+01
   0.0000000e+00   0.0000000e+00   1.9249979e+04   7.2000000e+01
   0.0000000e+00   0.0000000e+00   1.8581608e+04   7.6000000e+01
   0.0000000e+00   0.0000000e+00   1.7617819e+04   8.4000000e+01
   0.0000000e+00   0.0000000e+00   1.6929645e+04   8.6000000e+01
   0.0000000e+00   0.0000000e+00   1.5846822e+04   9.0000000e+01
   0.0000000e+00   0.0000000e+00   1.5042377e+04   9.1000000e+01
   0.0000000e+00   0.0000000e+00   1.5030163e+04   9.8000000e+01
   0.0000000e+00   0.0000000e+00   1.4270944e+04   1.0100000e+02
   0.0000000e+00   0.0000000e+00   1.3606940e+04   1.0200000e+02
   0.0000000e+00   0.0000000e+00   1.2428286e+04   1.0400000e+02
   0.0000000e+00   0.0000000e+00   1.1739993e+04   1.0700000e+02
   0.0000000e+00   0.0000000e+00   1.1220568e+04   1.0800000e+02
   0.0000000e+00   0.0000000e+00   1.1027268e+04   1.2400000e+02
   0.0000000e+00   0.0000000e+00   1.0588152e+04   1.3100000e+02
   0.0000000e+00   0.0000000e+00   1.0010089e+04   1.4600000e+02
   0.0000000e+00   0.0000000e+00   9.8590866e+03   1.4700000e+02
   0.0000000e+00   0.0000000e+00   9.4688497e+03   1.5400000e+02
   0.0000000e+00   0.0000000e+00   9.0969290e+03   1.5900000e+02
   0.0000000e+00   0.0000000e+00   8.9473067e+03   1.8300000e+02
   0.0000000e+00   0.0000000e+00   8.7636040e+03   2.1200000e+02
   0.0000000e+00   0.0000000e+00   8.6158264e+03   2.2900000e+02
   0.0000000e+00   0.0000000e+00   8.4518062e+03   2.6300000e+02
   0.0000000e+00   0.0000000e+00   8.3761845e+03   3.2400000e+02
   0.0000000e+00   0.0000000e+00   8.3124446e+03   3.4100000e+02
   0.0000000e+00   0.0000000e+00   8.1707395e+03   3.4500000e+02
   0.0000000e+00   0.0000000e+00   8.0384942e+03   3.4900000e+02
   0.0000000e+00   0.0000000e+00   7.9649528e+03   3.9600000e+02
   0.0000000e+00   0.0000000e+00   7.7894169e+03   4.7000000e+02
   0.0000000e+00   0.0000000e+00   7.6786925e+03   4.8000000e+02
   0.0000000e+00   0.0000000e+00   7.6160870e+03   6.3800000e+02
   0.0000000e+00   0.0000000e+00   7.5110843e+03   7.1900000e+02
   0.0000000e+00   0.0000000e+00   7.4634710e+03   7.2200000e+02
   0.0000000e+00   0.0000000e+00   7.4311688e+03   8.9700000e+02
   0.0000000e+00   0.0000000e+00   7.3992547e+03   9.4700000e+02
   0.0000000e+00   0.0000000e+00   7.3839778e+03   9.8200000e+02
   0.0000000e+00   0.0000000e+00   7.3586157e+03   1.1270000e+03
   0.0000000e+00   0.0000000e+00   7.3191726e+03   1.3030000e+03
   0.0000000e+00   0.0000000e+00   7.3112430e+03   1.6350000e+03
   0.0000000e+00   0.0000000e+00   7.2782917e+03   1.7740000e+03
   0.0000000e+00   0.0000000e+00   7.2587991e+03   1.8220000e+03
   0.0000000e+00   0.0000000e+00   7.2464485e+03   2.0380000e+03
   0.0000000e+00   0.0000000e+00   7.2319924e+03   2.4810000e+03
   0.0000000e+00   0.0000000e+00   7.2277671e+03   2.6940000e+03
   0.0000000e+00   0.0000000e+00   7.2270216e+03   2.9850000e+03
   0.0000000e+00   0.0000000e+00   7.2251275e+03   3.0510000e+03
   0.0000000e+00   0.0000000e+00   7.2082190e+03   3.4030000e+03
   0.0000000e+00   0.0000000e+00   7.2026092e+03   3.4250000e+03
   0.0000000e+00   0.0000000e+00   7.2005006e+03   3.4610000e+03
   0.0000000e+00   0.0000000e+00   7.1959718e+03   4.7780000e+03
   0.0000000e+00   0.0000000e+00   7.1883678e+03   4.7920000e+03
   0.0000000e+00   0.0000000e+00   7.1744870e+03   6.3020000e+03
   0.0000000e+00   0.0000000e+00   7.1678730e+03   6.3500000e+03
   0.0000000e+00   0.0000000e+00   7.1610279e+03   7.0540000e+03
   0.0000000e+00   0.0000000e+00   7.1540241e+03   9.0870000e+03
