   1.6750933e+02   5.4329796e+00   1.5044415e+04   2.0000000e+00
   1.3800684e+02   5.3714429e+00   1.3694141e+04   3.0000000e+00
   1.2455208e+02   5.2058616e+00   1.2968763e+04   4.0000000e+00
   4.3232908e+01   0.0000000e+00   2.1999404e+04   6.0000000e+00
   3.5939015e+01   0.0000000e+00   2.0625958e+04   7.0000000e+00
   3.0443123e+01   0.0000000e+00   1.8898257e+04   9.0000000e+00
   2.2485747e+01   0.0000000e+00   2.5763012e+04   1.1000000e+01
   1.3375572e+01   0.0000000e+00   2.7172171e+04   1.2000000e+01
   1.2295403e+01   0.0000000e+00   3.0573432e+04   1.3000000e+01
   1.0804920e+00   0.0000000e+00   3.1871864e+04   1.7000000e+01
   9.4469725e-01   0.0000000e+00   2.8085531e+04   2.1000000e+01
   7.6128341e-01   0.0000000e+00   2.7057021e+04   2.3000000e+01
   7.2386553e-01   0.0000000e+00   2.7186974e+04   2.6000000e+01
   7.0099568e-01   0.0000000e+00   2.4862818e+04   3.6000000e+01
   5.7858783e-01   0.0000000e+00   2.2092933e+04   4.0000000e+01
   5.7785474e-01   0.0000000e+00   1.9852870e+04   4.6000000e+01
   1.1942071e-01   0.0000000e+00   2.3675168e+04   4.7000000e+01
   0.0000000e+00   0.0000000e+00   2.1861039e+04   4.9000000e+01
   0.0000000e+00   0.0000000e+00   2.0796979e+04   5.0000000e+01
   0.0000000e+00   0.0000000e+00   1.9297313e+04   5.2000000e+01
   0.0000000e+00   0.0000000e+00   1.8073109e+04   5.8000000e+01
   0.0000000e+00   0.0000000e+00   1.7657164e+04   6.5000000e+01
   0.0000000e+00   0.0000000e+00   1.6577491e+04   7.0000000e+01
   0.0000000e+00   0.0000000e+00   1.5951245e+04   7.4000000e+01
   0.0000000e+00   0.0000000e+00   1.3957585e+04   7.5000000e+01
   0.0000000e+00   0.0000000e+00   1.3521328e+04   7.8000000e+01
   0.0000000e+00   0.0000000e+00   1.2846058e+04   7.9000000e+01
   0.0000000e+00   0.0000000e+00   1.2552584e+04   8.5000000e+01
   0.0000000e+00   0.0000000e+00   1.2293156e+04   9.9000000e+01
   0.0000000e+00   0.0000000e+00   1.1678406e+04   1.0600000e+02
   0.0000000e+00   0.0000000e+00   1.0804768e+04   1.1100000e+02
   0.0000000e+00   0.0000000e+00   1.0421827e+04   1.1900000e+02
   0.0000000e+00   0.0000000e+00   1.0086873e+04   1.2400000e+02
   0.0000000e+00   0.0000000e+00   9.4789518e+03   1.2500000e+02
   0.0000000e+00   0.0000000e+00   9.1429079e+03   1.5600000e+02
   0.0000000e+00   0.0000000e+00   9.0814613e+03   1.8100000e+02
   0.0000000e+00   0.0000000e+00   8.8244405e+03   1.8300000e+02
   0.0000000e+00   0.0000000e+00   8.4963392e+03   1.8500000e+02
   0.0000000e+00   0.0000000e+00   8.4960300e+03   1.9000000e+02
   0.0000000e+00   0.0000000e+00   8.4885112e+03   1.9500000e+02
   0.0000000e+00   0.0000000e+00   8.2998365e+03   2.0200000e+02
   0.0000000e+00   0.0000000e+00   7.9585664e+03   2.1000000e+02
   0.0000000e+00   0.0000000e+00   7.8053991e+03   2.3000000e+02
   0.0000000e+00   0.0000000e+00   7.7982120e+03   2.4800000e+02
   0.0000000e+00   0.0000000e+00   7.7015710e+03   2.5400000e+02
   0.0000000e+00   0.0000000e+00   7.6180685e+03   2.6700000e+02
   0.0000000e+00   0.0000000e+00   7.4947766e+03   2.8200000e+02
   0.0000000e+00   0.0000000e+00   7.4156322e+03   2.9100000e+02
   0.0000000e+00   0.0000000e+00   7.3740553e+03   3.7400000e+02
   0.0000000e+00   0.0000000e+00   7.3055537e+03   4.4200000e+02
   0.0000000e+00   0.0000000e+00   7.2678901e+03   6.1900000e+02
   0.0000000e+00   0.0000000e+00   7.2534904e+03   8.4000000e+02
   0.0000000e+00   0.0000000e+00   7.2510405e+03   1.2830000e+03
   0.0000000e+00   0.0000000e+00   7.2308475e+03   2.9810000e+03
   0.0000000e+00   0.0000000e+00   7.2175618e+03   3.8230000e+03
   0.0000000e+00   0.0000000e+00   7.2153199e+03   4.3690000e+03
   0.0000000e+00   0.0000000e+00   7.1972721e+03   4.5160000e+03
   0.0000000e+00   0.0000000e+00   7.1909848e+03   5.2520000e+03
   0.0000000e+00   0.0000000e+00   7.1680378e+03   5.3240000e+03
   0.0000000e+00   0.0000000e+00   7.1650731e+03   5.4450000e+03
   0.0000000e+00   0.0000000e+00   7.1584476e+03   5.7120000e+03
   0.0000000e+00   0.0000000e+00   7.1570044e+03   7.2610000e+03
   0.0000000e+00   0.0000000e+00   7.1532151e+03   1.2631000e+04
   0.0000000e+00   0.0000000e+00   7.1508882e+03   1.4157000e+04
   0.0000000e+00   0.0000000e+00   7.1467330e+03   1.4730000e+04
   0.0000000e+00   0.0000000e+00   7.1467330e+03   1.6816000e+04
   0.0000000e+00   0.0000000e+00   7.1467330e+03   2.2966000e+04
   0.0000000e+00   0.0000000e+00   7.1467330e+03   2.5081000e+04
   0.0000000e+00   0.0000000e+00   7.1467330e+03   3.4224000e+04
   0.0000000e+00   0.0000000e+00   7.1467330e+03   4.9220000e+04
   0.0000000e+00   0.0000000e+00   7.1467330e+03   5.6376000e+04
   0.0000000e+00   0.0000000e+00   7.1467330e+03   6.5822000e+04
   0.0000000e+00   0.0000000e+00   7.1467330e+03   7.0010000e+04
   0.0000000e+00   0.0000000e+00   7.1467330e+03   8.9063000e+04
   0.0000000e+00   0.0000000e+00   7.1467330e+03   9.2515000e+04
   0.0000000e+00   0.0000000e+00   7.1467330e+03   9.4509000e+04
   0.0000000e+00   0.0000000e+00   7.1467330e+03   9.9187000e+04
   0.0000000e+00   0.0000000e+00   7.1467330e+03   1.2057400e+05
   0.0000000e+00   0.0000000e+00   7.1467330e+03   1.2763000e+05
   0.0000000e+00   0.0000000e+00   7.1467330e+03   1.3406600e+05
   0.0000000e+00   0.0000000e+00   7.1467330e+03   1.3421000e+05
   0.0000000e+00   0.0000000e+00   7.1467330e+03   1.3494300e+05
   0.0000000e+00   0.0000000e+00   7.1467330e+03   1.3721600e+05
   0.0000000e+00   0.0000000e+00   7.1467330e+03   1.4616700e+05
   0.0000000e+00   0.0000000e+00   7.1467330e+03   1.5569000e+05
   0.0000000e+00   0.0000000e+00   7.1467330e+03   1.5621800e+05
   0.0000000e+00   0.0000000e+00   7.1467330e+03   1.6002900e+05
   0.0000000e+00   0.0000000e+00   7.1467330e+03   1.7271100e+05
   0.0000000e+00   0.0000000e+00   7.1467330e+03   1.7468300e+05
   0.0000000e+00   0.0000000e+00   7.1467330e+03   1.7712300e+05
   0.0000000e+00   0.0000000e+00   7.1467330e+03   1.8170500e+05
   0.0000000e+00   0.0000000e+00   7.1467330e+03   1.9108700e+05
   0.0000000e+00   0.0000000e+00   7.1467330e+03   1.9502000e+05
