   1.5857129e+02   5.2932191e+00   1.5074183e+04   2.0000000e+00
   1.3684451e+02   5.8684396e+00   1.3438605e+04   3.0000000e+00
   1.1110288e+02   3.6859828e+00   1.3653708e+04   4.0000000e+00
   9.5789001e+01   8.1485525e+00   1.1396236e+04   5.0000000e+00
   5.1779796e+01   3.4402672e+00   1.0643435e+04   6.0000000e+00
   4.6051392e+01   3.2638872e+00   1.0034202e+04   8.0000000e+00
   2.9484338e+01   1.4410675e+00   1.0788780e+04   1.0000000e+01
   1.9495198e+01   4.2465917e-01   1.2348533e+04   1.2000000e+01
   1.7735420e+01   1.7081713e-01   1.3021694e+04   1.3000000e+01
   1.2103371e+01   0.0000000e+00   1.9640446e+04   1.4000000e+01
   1.0001115e+01   0.0000000e+00   1.8155678e+04   1.5000000e+01
   5.3653614e+00   0.0000000e+00   1.7599475e+04   1.6000000e+01
   4.6802127e+00   0.0000000e+00   2.6024559e+04   1.8000000e+01
   1.7646277e+00   0.0000000e+00   2.6232568e+04   1.9000000e+01
   1.1330316e+00   0.0000000e+00   2.8735312e+04   2.1000000e+01
   7.5360246e-01   0.0000000e+00   2.8281292e+04   2.2000000e+01
   5.3596315e-01   0.0000000e+00   3.3620786e+04   2.5000000e+01
   5.1090317e-01   0.0000000e+00   3.1016595e+04   3.0000000e+01
   4.3924807e-01   0.0000000e+00   3.1714436e+04   3.8000000e+01
   4.2200724e-01   0.0000000e+00   2.8134809e+04   4.0000000e+01
   2.2103667e-01   0.0000000e+00   3.0307503e+04   4.3000000e+01
   1.1515839e-01   0.0000000e+00   2.6931512e+04   4.4000000e+01
   4.6925258e-02   0.0000000e+00   2.4192176e+04   4.5000000e+01
   4.1653265e-02   0.0000000e+00   2.2546677e+04   4.7000000e+01
   3.0640726e-03   0.0000000e+00   2.4560074e+04   5.0000000e+01
   0.0000000e+00   0.0000000e+00   2.3525740e+04   5.5000000e+01
   0.0000000e+00   0.0000000e+00   2.1402592e+04   5.6000000e+01
   0.0000000e+00   0.0000000e+00   2.0013081e+04   6.3000000e+01
   0.0000000e+00   0.0000000e+00   1.8848383e+04   6.6000000e+01
   0.0000000e+00   0.0000000e+00   1.7772983e+04   6.8000000e+01
   0.0000000e+00   0.0000000e+00   1.6624815e+04   7.4000000e+01
   0.0000000e+00   0.0000000e+00   1.5315894e+04   7.6000000e+01
   0.0000000e+00   0.0000000e+00   1.5159442e+04   8.5000000e+01
   0.0000000e+00   0.0000000e+00   1.4413604e+04   9.1000000e+01
   0.0000000e+00   0.0000000e+00   1.2919304e+04   1.0100000e+02
   0.0000000e+00   0.0000000e+00   1.2661077e+04   1.2500000e+02
   0.0000000e+00   0.0000000e+00   1.1708269e+04   1.2700000e+02
   0.0000000e+00   0.0000000e+00   1.1404852e+04   1.3100000e+02
   0.0000000e+00   0.0000000e+00   1.0662795e+04   1.4000000e+02
   0.0000000e+00   0.0000000e+00   9.9975901e+03   1.4200000e+02
   0.0000000e+00   0.0000000e+00   9.7252966e+03   1.4600000e+02
   0.0000000e+00   0.0000000e+00   9.3793118e+03   1.6300000e+02
   0.0000000e+00   0.0000000e+00   9.1942232e+03   1.8700000e+02
   0.0000000e+00   0.0000000e+00   8.8353798e+03   1.9700000e+02
   0.0000000e+00   0.0000000e+00   8.6205076e+03   2.0200000e+02
   0.0000000e+00   0.0000000e+00   8.4647820e+03   2.0800000e+02
   0.0000000e+00   0.0000000e+00   8.4019484e+03   2.1600000e+02
   0.0000000e+00   0.0000000e+00   8.1655820e+03   2.1900000e+02
   0.0000000e+00   0.0000000e+00   7.8941440e+03   2.2000000e+02
   0.0000000e+00   0.0000000e+00   7.7238421e+03   2.2900000e+02
   0.0000000e+00   0.0000000e+00   7.5768387e+03   2.9100000e+02
   0.0000000e+00   0.0000000e+00   7.4796702e+03   3.3100000e+02
   0.0000000e+00   0.0000000e+00   7.4431841e+03   5.2500000e+02
   0.0000000e+00   0.0000000e+00   7.3481595e+03   8.8400000e+02
   0.0000000e+00   0.0000000e+00   7.2913741e+03   1.0590000e+03
   0.0000000e+00   0.0000000e+00   7.2582488e+03   1.2020000e+03
   0.0000000e+00   0.0000000e+00   7.2507280e+03   2.3220000e+03
   0.0000000e+00   0.0000000e+00   7.2317586e+03   4.5010000e+03
   0.0000000e+00   0.0000000e+00   7.2309265e+03   5.8630000e+03
   0.0000000e+00   0.0000000e+00   7.2143276e+03   7.4160000e+03
   0.0000000e+00   0.0000000e+00   7.2084767e+03   8.0330000e+03
   0.0000000e+00   0.0000000e+00   7.2045863e+03   1.0485000e+04
   0.0000000e+00   0.0000000e+00   7.1929138e+03   1.2628000e+04
   0.0000000e+00   0.0000000e+00   7.1901844e+03   1.3060000e+04
   0.0000000e+00   0.0000000e+00   7.1776638e+03   1.7737000e+04
   0.0000000e+00   0.0000000e+00   7.1770612e+03   1.8265000e+04
   0.0000000e+00   0.0000000e+00   7.1770612e+03   2.6479000e+04
   0.0000000e+00   0.0000000e+00   7.1770612e+03   9.0689000e+04
   0.0000000e+00   0.0000000e+00   7.1497469e+03   1.2668300e+05
   0.0000000e+00   0.0000000e+00   7.1465316e+03   1.5060000e+05
   0.0000000e+00   0.0000000e+00   7.1465316e+03   1.8014900e+05
