   1.6549754e+02   5.3363785e+00   1.5084366e+04   2.0000000e+00
   1.3660525e+02   3.8477838e+00   1.4889530e+04   4.0000000e+00
   7.5216056e+01   5.2544271e-01   1.9490338e+04   5.0000000e+00
   6.9084589e+01   2.8704935e+00   1.6991649e+04   6.0000000e+00
   5.5047927e+01   2.3347890e+00   1.5351493e+04   7.0000000e+00
   2.9537776e+01   3.7760934e-01   1.7047585e+04   8.0000000e+00
   1.8545042e+01   1.3930965e-01   1.7361925e+04   1.0000000e+01
   1.3473339e+01   0.0000000e+00   1.8221256e+04   1.2000000e+01
   9.4217516e+00   0.0000000e+00   2.2067952e+04   1.3000000e+01
   7.4610268e+00   0.0000000e+00   2.1834902e+04   1.4000000e+01
   5.0454346e+00   0.0000000e+00   2.6032757e+04   1.6000000e+01
   3.6546683e+00   0.0000000e+00   2.4324978e+04   1.8000000e+01
   6.5061272e-02   0.0000000e+00   2.2888234e+04   2.0000000e+01
   4.8796043e-02   0.0000000e+00   2.6575287e+04   2.4000000e+01
   0.0000000e+00   0.0000000e+00   3.1093962e+04   2.6000000e+01
   0.0000000e+00   0.0000000e+00   2.8820756e+04   2.9000000e+01
   0.0000000e+00   0.0000000e+00   2.7331707e+04   3.2000000e+01
   0.0000000e+00   0.0000000e+00   2.5218412e+04   3.3000000e+01
   0.0000000e+00   0.0000000e+00   2.2861542e+04   3.5000000e+01
   0.0000000e+00   0.0000000e+00   2.1752073e+04   3.9000000e+01
   0.0000000e+00   0.0000000e+00   1.9542924e+04   4.0000000e+01
   0.0000000e+00   0.0000000e+00   1.8014238e+04   4.4000000e+01
   0.0000000e+00   0.0000000e+00   1.5736107e+04   4.9000000e+01
   0.0000000e+00   0.0000000e+00   1.4455260e+04   5.2000000e+01
   0.0000000e+00   0.0000000e+00   1.3813573e+04   6.2000000e+01
   0.0000000e+00   0.0000000e+00   1.3046722e+04   6.9000000e+01
   0.0000000e+00   0.0000000e+00   1.2685529e+04   7.0000000e+01
   0.0000000e+00   0.0000000e+00   1.2353555e+04   7.4000000e+01
   0.0000000e+00   0.0000000e+00   1.1785199e+04   7.5000000e+01
   0.0000000e+00   0.0000000e+00   1.1491507e+04   7.6000000e+01
   0.0000000e+00   0.0000000e+00   1.0668571e+04   7.8000000e+01
   0.0000000e+00   0.0000000e+00   9.8720225e+03   8.1000000e+01
   0.0000000e+00   0.0000000e+00   9.6164275e+03   8.2000000e+01
   0.0000000e+00   0.0000000e+00   9.1545621e+03   1.1400000e+02
   0.0000000e+00   0.0000000e+00   9.1492434e+03   1.2300000e+02
   0.0000000e+00   0.0000000e+00   9.0995665e+03   1.3300000e+02
   0.0000000e+00   0.0000000e+00   8.3330645e+03   1.4500000e+02
   0.0000000e+00   0.0000000e+00   8.1176727e+03   1.4800000e+02
   0.0000000e+00   0.0000000e+00   7.9576294e+03   1.6300000e+02
   0.0000000e+00   0.0000000e+00   7.9002879e+03   1.6600000e+02
   0.0000000e+00   0.0000000e+00   7.7913531e+03   2.0600000e+02
   0.0000000e+00   0.0000000e+00   7.6217298e+03   2.5000000e+02
   0.0000000e+00   0.0000000e+00   7.5954160e+03   2.9100000e+02
   0.0000000e+00   0.0000000e+00   7.5652071e+03   3.1100000e+02
   0.0000000e+00   0.0000000e+00   7.4814448e+03   3.6200000e+02
   0.0000000e+00   0.0000000e+00   7.4361522e+03   4.9000000e+02
   0.0000000e+00   0.0000000e+00   7.3339418e+03   5.5100000e+02
   0.0000000e+00   0.0000000e+00   7.2994413e+03   5.9100000e+02
   0.0000000e+00   0.0000000e+00   7.2592852e+03   7.5100000e+02
   0.0000000e+00   0.0000000e+00   7.2449092e+03   7.7400000e+02
   0.0000000e+00   0.0000000e+00   7.2234098e+03   7.8300000e+02
   0.0000000e+00   0.0000000e+00   7.2156559e+03   8.4200000e+02
   0.0000000e+00   0.0000000e+00   7.1833846e+03   9.2400000e+02
   0.0000000e+00   0.0000000e+00   7.1813387e+03   9.8800000e+02
   0.0000000e+00   0.0000000e+00   7.1677163e+03   1.2910000e+03
   0.0000000e+00   0.0000000e+00   7.1420628e+03   1.3730000e+03
   0.0000000e+00   0.0000000e+00   7.1373453e+03   1.3900000e+03
   0.0000000e+00   0.0000000e+00   7.1359079e+03   1.5470000e+03
   0.0000000e+00   0.0000000e+00   7.1356686e+03   1.5940000e+03
   0.0000000e+00   0.0000000e+00   7.1209744e+03   1.8440000e+03
   0.0000000e+00   0.0000000e+00   7.1174201e+03   1.8520000e+03
   0.0000000e+00   0.0000000e+00   7.1126413e+03   1.8680000e+03
   0.0000000e+00   0.0000000e+00   7.1064704e+03   1.9510000e+03
   0.0000000e+00   0.0000000e+00   7.1047494e+03   2.0090000e+03
   0.0000000e+00   0.0000000e+00   7.0990781e+03   2.2330000e+03
   0.0000000e+00   0.0000000e+00   7.0926827e+03   2.6600000e+03
   0.0000000e+00   0.0000000e+00   7.0895100e+03   3.0830000e+03
   0.0000000e+00   0.0000000e+00   7.0866894e+03   3.4090000e+03
   0.0000000e+00   0.0000000e+00   7.0845035e+03   3.4370000e+03
   0.0000000e+00   0.0000000e+00   7.0826537e+03   3.7160000e+03
   0.0000000e+00   0.0000000e+00   7.0812353e+03   3.8910000e+03
   0.0000000e+00   0.0000000e+00   7.0799554e+03   1.2092000e+04
   0.0000000e+00   0.0000000e+00   7.0788296e+03   1.2884000e+04
   0.0000000e+00   0.0000000e+00   7.0777152e+03   2.1906000e+04
   0.0000000e+00   0.0000000e+00   7.0776443e+03   2.7175000e+04
   0.0000000e+00   0.0000000e+00   7.0776443e+03   2.7972000e+04
   0.0000000e+00   0.0000000e+00   7.0772978e+03   2.9962000e+04
   0.0000000e+00   0.0000000e+00   7.0767489e+03   3.1888000e+04
   0.0000000e+00   0.0000000e+00   7.0765734e+03   3.2728000e+04
   0.0000000e+00   0.0000000e+00   7.0763834e+03   3.3948000e+04
   0.0000000e+00   0.0000000e+00   7.0763834e+03   3.4735000e+04
   0.0000000e+00   0.0000000e+00   7.0759553e+03   3.5405000e+04
   0.0000000e+00   0.0000000e+00   7.0759553e+03   3.7168000e+04
   0.0000000e+00   0.0000000e+00   7.0757798e+03   3.9022000e+04
   0.0000000e+00   0.0000000e+00   7.0757798e+03   4.4916000e+04
   0.0000000e+00   0.0000000e+00   7.0757798e+03   5.1407000e+04
   0.0000000e+00   0.0000000e+00   7.0757798e+03   5.7220000e+04
   0.0000000e+00   0.0000000e+00   7.0757798e+03   6.4283000e+04
   0.0000000e+00   0.0000000e+00   7.0757798e+03   6.6396000e+04
   0.0000000e+00   0.0000000e+00   7.0757798e+03   6.9035000e+04
   0.0000000e+00   0.0000000e+00   7.0757798e+03   7.0574000e+04
   0.0000000e+00   0.0000000e+00   7.0755154e+03   7.0880000e+04
   0.0000000e+00   0.0000000e+00   7.0755154e+03   7.4281000e+04
   0.0000000e+00   0.0000000e+00   7.0753324e+03   7.6953000e+04
   0.0000000e+00   0.0000000e+00   7.0753324e+03   8.0392000e+04
   0.0000000e+00   0.0000000e+00   7.0753324e+03   8.4065000e+04
   0.0000000e+00   0.0000000e+00   7.0753324e+03   8.7912000e+04
   0.0000000e+00   0.0000000e+00   7.0753324e+03   9.1932000e+04
   0.0000000e+00   0.0000000e+00   7.0753324e+03   9.2753000e+04
   0.0000000e+00   0.0000000e+00   7.0753324e+03   9.6318000e+04
   0.0000000e+00   0.0000000e+00   7.0753324e+03   1.0215400e+05
   0.0000000e+00   0.0000000e+00   7.0753324e+03   1.0295100e+05
   0.0000000e+00   0.0000000e+00   7.0753324e+03   1.0492900e+05
   0.0000000e+00   0.0000000e+00   7.0753324e+03   1.1163800e+05
   0.0000000e+00   0.0000000e+00   7.0753324e+03   1.1242300e+05
   0.0000000e+00   0.0000000e+00   7.0753324e+03   1.1506300e+05
   0.0000000e+00   0.0000000e+00   7.0753324e+03   1.2186100e+05
   0.0000000e+00   0.0000000e+00   7.0753324e+03   1.2288900e+05
   0.0000000e+00   0.0000000e+00   7.0753324e+03   1.2540900e+05
   0.0000000e+00   0.0000000e+00   7.0753324e+03   1.2613600e+05
   0.0000000e+00   0.0000000e+00   7.0753324e+03   1.2716100e+05
   0.0000000e+00   0.0000000e+00   7.0753324e+03   1.2773800e+05
   0.0000000e+00   0.0000000e+00   7.0753324e+03   1.2870200e+05
   0.0000000e+00   0.0000000e+00   7.0753324e+03   1.3133600e+05
   0.0000000e+00   0.0000000e+00   7.0753324e+03   1.3249800e+05
   0.0000000e+00   0.0000000e+00   7.0753324e+03   1.3552600e+05
   0.0000000e+00   0.0000000e+00   7.0753324e+03   1.3701000e+05
   0.0000000e+00   0.0000000e+00   7.0753324e+03   1.4044100e+05
   0.0000000e+00   0.0000000e+00   7.0753324e+03   1.4406500e+05
   0.0000000e+00   0.0000000e+00   7.0753324e+03   1.4779000e+05
   0.0000000e+00   0.0000000e+00   7.0753324e+03   1.5176900e+05
   0.0000000e+00   0.0000000e+00   7.0753324e+03   1.5181600e+05
   0.0000000e+00   0.0000000e+00   7.0753324e+03   1.5587400e+05
   0.0000000e+00   0.0000000e+00   7.0753324e+03   1.5676000e+05
   0.0000000e+00   0.0000000e+00   7.0753324e+03   1.5824900e+05
   0.0000000e+00   0.0000000e+00   7.0753324e+03   1.6280400e+05
   0.0000000e+00   0.0000000e+00   7.0753324e+03   1.6888100e+05
   0.0000000e+00   0.0000000e+00   7.0753324e+03   1.7173500e+05
   0.0000000e+00   0.0000000e+00   7.0753324e+03   1.7239900e+05
   0.0000000e+00   0.0000000e+00   7.0753324e+03   1.7257200e+05
   0.0000000e+00   0.0000000e+00   7.0753324e+03   1.7393500e+05
   0.0000000e+00   0.0000000e+00   7.0753324e+03   1.7733200e+05
   0.0000000e+00   0.0000000e+00   7.0753324e+03   1.8418100e+05
   0.0000000e+00   0.0000000e+00   7.0753324e+03   1.8495100e+05
   0.0000000e+00   0.0000000e+00   7.0753324e+03   1.9111100e+05
   0.0000000e+00   0.0000000e+00   7.0753324e+03   1.9765600e+05
   0.0000000e+00   0.0000000e+00   7.0753324e+03   1.9767200e+05
   0.0000000e+00   0.0000000e+00   7.0753324e+03   1.9875200e+05
   0.0000000e+00   0.0000000e+00   7.0753324e+03   1.9918600e+05
