   2.0379861e+02   8.5008961e+00   1.5058071e+04   2.0000000e+00
   1.4742422e+02   3.0933755e+00   1.7494949e+04   3.0000000e+00
   1.2322657e+02   1.8028647e+00   2.1338409e+04   4.0000000e+00
   1.0945692e+02   9.8467761e-01   2.1621136e+04   5.0000000e+00
   8.3502197e+01   4.6373056e-01   2.0512251e+04   7.0000000e+00
   5.3079618e+01   0.0000000e+00   2.3513185e+04   9.0000000e+00
   4.6923073e+01   0.0000000e+00   2.2458597e+04   1.4000000e+01
   4.6848385e+01   0.0000000e+00   2.1712720e+04   1.5000000e+01
   2.1226337e+01   0.0000000e+00   2.0364789e+04   1.6000000e+01
   1.4287629e+01   0.0000000e+00   2.3786784e+04   1.7000000e+01
   1.0726615e+01   0.0000000e+00   2.2249079e+04   1.8000000e+01
   9.6940142e+00   0.0000000e+00   2.3377818e+04   1.9000000e+01
   8.4579994e+00   0.0000000e+00   2.4808382e+04   2.0000000e+01
   6.1446611e+00   0.0000000e+00   2.3037000e+04   2.1000000e+01
   6.0943457e+00   0.0000000e+00   2.1955891e+04   2.4000000e+01
   4.1654341e+00   0.0000000e+00   2.1720982e+04   2.5000000e+01
   3.1844206e+00   0.0000000e+00   2.0659269e+04   2.6000000e+01
   2.6594829e+00   0.0000000e+00   1.9142834e+04   2.8000000e+01
   2.6091244e+00   0.0000000e+00   1.9043612e+04   2.9000000e+01
   2.4259093e+00   0.0000000e+00   1.8540335e+04   3.0000000e+01
   2.3125380e+00   0.0000000e+00   2.1605602e+04   3.1000000e+01
   1.5775623e-01   0.0000000e+00   2.0572160e+04   3.2000000e+01
   1.2781682e-01   0.0000000e+00   2.2842146e+04   3.4000000e+01
   1.2653549e-01   0.0000000e+00   2.2564164e+04   3.5000000e+01
   6.1322673e-02   0.0000000e+00   2.2001374e+04   3.7000000e+01
   0.0000000e+00   0.0000000e+00   2.5509701e+04   4.0000000e+01
   0.0000000e+00   0.0000000e+00   2.3240003e+04   5.0000000e+01
   0.0000000e+00   0.0000000e+00   2.2391886e+04   5.2000000e+01
   0.0000000e+00   0.0000000e+00   2.0791648e+04   6.0000000e+01
   0.0000000e+00   0.0000000e+00   1.9711287e+04   6.4000000e+01
   0.0000000e+00   0.0000000e+00   1.9245909e+04   7.4000000e+01
   0.0000000e+00   0.0000000e+00   1.8356545e+04   7.8000000e+01
   0.0000000e+00   0.0000000e+00   1.8223981e+04   8.4000000e+01
   0.0000000e+00   0.0000000e+00   1.6931369e+04   8.5000000e+01
   0.0000000e+00   0.0000000e+00   1.5718259e+04   8.7000000e+01
   0.0000000e+00   0.0000000e+00   1.4654610e+04   9.3000000e+01
   0.0000000e+00   0.0000000e+00   1.4254449e+04   1.0700000e+02
   0.0000000e+00   0.0000000e+00   1.3431586e+04   1.0800000e+02
   0.0000000e+00   0.0000000e+00   1.3240764e+04   1.1000000e+02
   0.0000000e+00   0.0000000e+00   1.2632676e+04   1.1100000e+02
   0.0000000e+00   0.0000000e+00   1.2513481e+04   1.1600000e+02
   0.0000000e+00   0.0000000e+00   1.2169415e+04   1.2100000e+02
   0.0000000e+00   0.0000000e+00   1.1835451e+04   1.2600000e+02
   0.0000000e+00   0.0000000e+00   1.1287728e+04   1.2900000e+02
   0.0000000e+00   0.0000000e+00   1.0657766e+04   1.3100000e+02
   0.0000000e+00   0.0000000e+00   1.0156126e+04   1.3300000e+02
   0.0000000e+00   0.0000000e+00   1.0061177e+04   1.4000000e+02
   0.0000000e+00   0.0000000e+00   9.8942870e+03   1.7700000e+02
   0.0000000e+00   0.0000000e+00   9.6369754e+03   1.7800000e+02
   0.0000000e+00   0.0000000e+00   9.5772473e+03   1.8700000e+02
   0.0000000e+00   0.0000000e+00   9.2580859e+03   1.9000000e+02
   0.0000000e+00   0.0000000e+00   9.2479845e+03   1.9600000e+02
   0.0000000e+00   0.0000000e+00   9.1735874e+03   2.0100000e+02
   0.0000000e+00   0.0000000e+00   9.1529791e+03   2.0500000e+02
   0.0000000e+00   0.0000000e+00   8.9333644e+03   2.1400000e+02
   0.0000000e+00   0.0000000e+00   8.8582180e+03   2.3600000e+02
   0.0000000e+00   0.0000000e+00   8.7822787e+03   2.3800000e+02
   0.0000000e+00   0.0000000e+00   8.5225013e+03   2.4400000e+02
   0.0000000e+00   0.0000000e+00   8.3413961e+03   2.4800000e+02
   0.0000000e+00   0.0000000e+00   8.2524276e+03   2.6000000e+02
   0.0000000e+00   0.0000000e+00   7.9511524e+03   2.7100000e+02
   0.0000000e+00   0.0000000e+00   7.8930999e+03   2.7800000e+02
   0.0000000e+00   0.0000000e+00   7.7732837e+03   2.9600000e+02
   0.0000000e+00   0.0000000e+00   7.7124867e+03   3.9100000e+02
   0.0000000e+00   0.0000000e+00   7.6494609e+03   5.5300000e+02
   0.0000000e+00   0.0000000e+00   7.6287568e+03   5.5400000e+02
   0.0000000e+00   0.0000000e+00   7.5538674e+03   5.6300000e+02
   0.0000000e+00   0.0000000e+00   7.5171399e+03   6.1500000e+02
   0.0000000e+00   0.0000000e+00   7.4707349e+03   7.3100000e+02
   0.0000000e+00   0.0000000e+00   7.4503881e+03   7.3300000e+02
   0.0000000e+00   0.0000000e+00   7.4179977e+03   8.4000000e+02
   0.0000000e+00   0.0000000e+00   7.3940563e+03   8.7800000e+02
   0.0000000e+00   0.0000000e+00   7.3777420e+03   1.2980000e+03
   0.0000000e+00   0.0000000e+00   7.3629144e+03   1.4130000e+03
   0.0000000e+00   0.0000000e+00   7.3413633e+03   1.4880000e+03
   0.0000000e+00   0.0000000e+00   7.3289201e+03   1.5760000e+03
   0.0000000e+00   0.0000000e+00   7.3131467e+03   1.7220000e+03
   0.0000000e+00   0.0000000e+00   7.3052039e+03   1.8430000e+03
   0.0000000e+00   0.0000000e+00   7.3018853e+03   2.4850000e+03
   0.0000000e+00   0.0000000e+00   7.2932508e+03   2.5330000e+03
   0.0000000e+00   0.0000000e+00   7.2517509e+03   3.4890000e+03
   0.0000000e+00   0.0000000e+00   7.2436771e+03   4.2190000e+03
   0.0000000e+00   0.0000000e+00   7.2327406e+03   4.9050000e+03
   0.0000000e+00   0.0000000e+00   7.2281842e+03   4.9540000e+03
   0.0000000e+00   0.0000000e+00   7.2264059e+03   5.1130000e+03
   0.0000000e+00   0.0000000e+00   7.2148777e+03   5.4800000e+03
   0.0000000e+00   0.0000000e+00   7.2079601e+03   7.3780000e+03
   0.0000000e+00   0.0000000e+00   7.2074026e+03   7.4210000e+03
   0.0000000e+00   0.0000000e+00   7.2040423e+03   1.1712000e+04
   0.0000000e+00   0.0000000e+00   7.2016290e+03   1.2348000e+04
   0.0000000e+00   0.0000000e+00   7.1963983e+03   2.1434000e+04
