   2.0548624e+02   8.8856303e+00   1.4953774e+04   2.0000000e+00
   1.3811301e+02   4.4195158e+00   1.4646990e+04   3.0000000e+00
   1.1457528e+02   2.1926677e+00   1.7397537e+04   4.0000000e+00
   1.0318338e+02   1.2321606e+00   2.0268823e+04   5.0000000e+00
   8.0431181e+01   3.8497699e-01   1.9156000e+04   6.0000000e+00
   7.7362760e+01   1.0106214e+00   1.6734254e+04   7.0000000e+00
   6.9958505e+01   3.4118459e-01   1.6497784e+04   9.0000000e+00
   5.7596999e+01   0.0000000e+00   1.7684500e+04   1.1000000e+01
   5.1077693e+01   0.0000000e+00   1.6747647e+04   1.2000000e+01
   4.4544248e+01   0.0000000e+00   1.9182763e+04   1.3000000e+01
   4.0509012e+01   3.9585881e-03   1.7199576e+04   1.4000000e+01
   1.4988194e+01   0.0000000e+00   2.0838252e+04   1.5000000e+01
   1.2235415e+01   0.0000000e+00   2.3610463e+04   1.7000000e+01
   8.7391481e+00   0.0000000e+00   2.1409078e+04   1.8000000e+01
   7.2556520e+00   0.0000000e+00   2.2832451e+04   2.0000000e+01
   3.4525762e+00   0.0000000e+00   2.2520543e+04   2.1000000e+01
   2.3424086e+00   0.0000000e+00   2.4033963e+04   2.4000000e+01
   8.2250427e-01   0.0000000e+00   2.2575369e+04   2.6000000e+01
   7.6007346e-01   0.0000000e+00   2.2299069e+04   3.0000000e+01
   4.1116561e-01   0.0000000e+00   2.5460086e+04   3.1000000e+01
   1.3955243e-01   0.0000000e+00   2.3041795e+04   3.3000000e+01
   3.2802843e-02   0.0000000e+00   2.4982861e+04   3.5000000e+01
   3.0499884e-02   0.0000000e+00   2.4207370e+04   4.0000000e+01
   3.3764099e-03   0.0000000e+00   2.2372954e+04   4.9000000e+01
   0.0000000e+00   0.0000000e+00   2.4743529e+04   5.1000000e+01
   0.0000000e+00   0.0000000e+00   2.3238554e+04   5.2000000e+01
   0.0000000e+00   0.0000000e+00   2.0935296e+04   5.4000000e+01
   0.0000000e+00   0.0000000e+00   2.0870289e+04   5.5000000e+01
   0.0000000e+00   0.0000000e+00   1.9883170e+04   6.3000000e+01
   0.0000000e+00   0.0000000e+00   1.9437879e+04   6.8000000e+01
   0.0000000e+00   0.0000000e+00   1.7375767e+04   6.9000000e+01
   0.0000000e+00   0.0000000e+00   1.6276982e+04   7.6000000e+01
   0.0000000e+00   0.0000000e+00   1.5272539e+04   7.7000000e+01
   0.0000000e+00   0.0000000e+00   1.4818002e+04   8.2000000e+01
   0.0000000e+00   0.0000000e+00   1.4435100e+04   8.5000000e+01
   0.0000000e+00   0.0000000e+00   1.4385312e+04   9.7000000e+01
   0.0000000e+00   0.0000000e+00   1.2936533e+04   1.0100000e+02
   0.0000000e+00   0.0000000e+00   1.2587860e+04   1.0600000e+02
   0.0000000e+00   0.0000000e+00   1.2409467e+04   1.0700000e+02
   0.0000000e+00   0.0000000e+00   1.2335585e+04   1.1000000e+02
   0.0000000e+00   0.0000000e+00   1.1925361e+04   1.1600000e+02
   0.0000000e+00   0.0000000e+00   1.1424328e+04   1.1700000e+02
   0.0000000e+00   0.0000000e+00   1.0389800e+04   1.2300000e+02
   0.0000000e+00   0.0000000e+00   1.0290883e+04   1.2700000e+02
   0.0000000e+00   0.0000000e+00   1.0108307e+04   1.2900000e+02
   0.0000000e+00   0.0000000e+00   9.4204567e+03   1.3800000e+02
   0.0000000e+00   0.0000000e+00   8.9648213e+03   1.4000000e+02
   0.0000000e+00   0.0000000e+00   8.8133530e+03   1.4400000e+02
   0.0000000e+00   0.0000000e+00   8.6732500e+03   1.5500000e+02
   0.0000000e+00   0.0000000e+00   8.5921592e+03   1.6300000e+02
   0.0000000e+00   0.0000000e+00   8.3637068e+03   1.9400000e+02
   0.0000000e+00   0.0000000e+00   8.0796468e+03   1.9600000e+02
   0.0000000e+00   0.0000000e+00   7.9212698e+03   1.9800000e+02
   0.0000000e+00   0.0000000e+00   7.8117631e+03   2.5300000e+02
   0.0000000e+00   0.0000000e+00   7.7584835e+03   2.5400000e+02
   0.0000000e+00   0.0000000e+00   7.6916638e+03   2.7700000e+02
   0.0000000e+00   0.0000000e+00   7.6151949e+03   2.8700000e+02
   0.0000000e+00   0.0000000e+00   7.5302234e+03   2.9800000e+02
   0.0000000e+00   0.0000000e+00   7.4845808e+03   3.1000000e+02
   0.0000000e+00   0.0000000e+00   7.4344539e+03   4.5800000e+02
   0.0000000e+00   0.0000000e+00   7.4249022e+03   5.0400000e+02
   0.0000000e+00   0.0000000e+00   7.4122412e+03   5.2200000e+02
   0.0000000e+00   0.0000000e+00   7.4002342e+03   6.6200000e+02
   0.0000000e+00   0.0000000e+00   7.3861654e+03   6.7200000e+02
   0.0000000e+00   0.0000000e+00   7.3624790e+03   7.0000000e+02
   0.0000000e+00   0.0000000e+00   7.3381146e+03   7.3900000e+02
   0.0000000e+00   0.0000000e+00   7.3144404e+03   7.4900000e+02
   0.0000000e+00   0.0000000e+00   7.2836911e+03   9.0800000e+02
   0.0000000e+00   0.0000000e+00   7.2759004e+03   9.5500000e+02
   0.0000000e+00   0.0000000e+00   7.2708020e+03   1.2750000e+03
   0.0000000e+00   0.0000000e+00   7.2673183e+03   1.4200000e+03
   0.0000000e+00   0.0000000e+00   7.2601690e+03   1.5180000e+03
   0.0000000e+00   0.0000000e+00   7.2550875e+03   1.5640000e+03
   0.0000000e+00   0.0000000e+00   7.2063008e+03   1.8850000e+03
   0.0000000e+00   0.0000000e+00   7.2059454e+03   2.6690000e+03
   0.0000000e+00   0.0000000e+00   7.1946340e+03   2.8070000e+03
   0.0000000e+00   0.0000000e+00   7.1936571e+03   2.9550000e+03
   0.0000000e+00   0.0000000e+00   7.1867883e+03   2.9830000e+03
   0.0000000e+00   0.0000000e+00   7.1813601e+03   3.2080000e+03
   0.0000000e+00   0.0000000e+00   7.1777125e+03   3.5340000e+03
   0.0000000e+00   0.0000000e+00   7.1775572e+03   5.2270000e+03
   0.0000000e+00   0.0000000e+00   7.1719104e+03   6.2760000e+03
   0.0000000e+00   0.0000000e+00   7.1682837e+03   6.3730000e+03
   0.0000000e+00   0.0000000e+00   7.1571218e+03   1.2263000e+04
   0.0000000e+00   0.0000000e+00   7.1569855e+03   1.5389000e+04
   0.0000000e+00   0.0000000e+00   7.1534246e+03   2.7005000e+04
   0.0000000e+00   0.0000000e+00   7.1515028e+03   5.9694000e+04
   0.0000000e+00   0.0000000e+00   7.1495055e+03   1.4654500e+05
