   1.5495752e+02   4.8010873e+00   1.4873455e+04   2.0000000e+00
   1.1440218e+02   1.5373078e+00   2.2780144e+04   3.0000000e+00
   9.0188763e+01   9.7498310e-01   2.1068523e+04   8.0000000e+00
   5.7475852e+01   3.0545849e-01   1.8938916e+04   9.0000000e+00
   3.8900886e+01   1.6045285e-01   1.6222405e+04   1.0000000e+01
   2.8978103e+01   5.2598519e-02   1.9765226e+04   1.1000000e+01
   1.7901961e+01   0.0000000e+00   1.8035518e+04   1.3000000e+01
   6.2567184e+00   0.0000000e+00   1.5938090e+04   1.4000000e+01
   4.7411776e+00   0.0000000e+00   1.4353695e+04   1.5000000e+01
   3.5986498e+00   0.0000000e+00   1.4067525e+04   1.6000000e+01
   4.1424060e-01   0.0000000e+00   1.2620699e+04   1.7000000e+01
   3.3442069e-01   0.0000000e+00   1.7992011e+04   1.8000000e+01
   1.4801654e-01   0.0000000e+00   2.4837402e+04   2.1000000e+01
   1.4171044e-01   0.0000000e+00   2.1828077e+04   2.2000000e+01
   0.0000000e+00   0.0000000e+00   2.0042368e+04   2.4000000e+01
   0.0000000e+00   0.0000000e+00   1.9078610e+04   2.5000000e+01
   0.0000000e+00   0.0000000e+00   1.6464057e+04   2.6000000e+01
   0.0000000e+00   0.0000000e+00   1.5448907e+04   3.1000000e+01
   0.0000000e+00   0.0000000e+00   1.3845506e+04   3.2000000e+01
   0.0000000e+00   0.0000000e+00   1.2338008e+04   3.4000000e+01
   0.0000000e+00   0.0000000e+00   1.2246394e+04   3.8000000e+01
   0.0000000e+00   0.0000000e+00   1.1542921e+04   4.5000000e+01
   0.0000000e+00   0.0000000e+00   1.0603116e+04   5.8000000e+01
   0.0000000e+00   0.0000000e+00   1.0027230e+04   6.4000000e+01
   0.0000000e+00   0.0000000e+00   9.6063768e+03   9.0000000e+01
   0.0000000e+00   0.0000000e+00   9.0474900e+03   9.6000000e+01
   0.0000000e+00   0.0000000e+00   8.9991689e+03   9.9000000e+01
   0.0000000e+00   0.0000000e+00   8.6677251e+03   1.0800000e+02
   0.0000000e+00   0.0000000e+00   8.6420120e+03   1.1900000e+02
   0.0000000e+00   0.0000000e+00   8.4539366e+03   1.2300000e+02
   0.0000000e+00   0.0000000e+00   7.9974440e+03   1.2500000e+02
   0.0000000e+00   0.0000000e+00   7.8667215e+03   1.3100000e+02
   0.0000000e+00   0.0000000e+00   7.7761464e+03   1.4000000e+02
   0.0000000e+00   0.0000000e+00   7.6383754e+03   1.4900000e+02
   0.0000000e+00   0.0000000e+00   7.5642135e+03   7.7600000e+02
   0.0000000e+00   0.0000000e+00   7.5240567e+03   8.6200000e+02
   0.0000000e+00   0.0000000e+00   7.4655040e+03   9.0700000e+02
   0.0000000e+00   0.0000000e+00   7.4120509e+03   1.0200000e+03
   0.0000000e+00   0.0000000e+00   7.3776473e+03   2.1540000e+03
   0.0000000e+00   0.0000000e+00   7.3366828e+03   2.9580000e+03
   0.0000000e+00   0.0000000e+00   7.3293439e+03   2.9760000e+03
   0.0000000e+00   0.0000000e+00   7.3245250e+03   4.0240000e+03
   0.0000000e+00   0.0000000e+00   7.3186715e+03   4.3390000e+03
   0.0000000e+00   0.0000000e+00   7.3149954e+03   4.9160000e+03
   0.0000000e+00   0.0000000e+00   7.3090530e+03   6.6270000e+03
   0.0000000e+00   0.0000000e+00   7.3067622e+03   1.5754000e+04
   0.0000000e+00   0.0000000e+00   7.3032357e+03   2.1245000e+04
   0.0000000e+00   0.0000000e+00   7.2995020e+03   2.2369000e+04
   0.0000000e+00   0.0000000e+00   7.2995020e+03   2.9100000e+04
   0.0000000e+00   0.0000000e+00   7.2995020e+03   3.4597000e+04
   0.0000000e+00   0.0000000e+00   7.2995020e+03   3.8380000e+04
   0.0000000e+00   0.0000000e+00   7.2995020e+03   3.9114000e+04
   0.0000000e+00   0.0000000e+00   7.2995020e+03   4.5664000e+04
   0.0000000e+00   0.0000000e+00   7.2995020e+03   5.2385000e+04
   0.0000000e+00   0.0000000e+00   7.2995020e+03   6.6173000e+04
   0.0000000e+00   0.0000000e+00   7.2995020e+03   7.2199000e+04
   0.0000000e+00   0.0000000e+00   7.2995020e+03   7.3326000e+04
   0.0000000e+00   0.0000000e+00   7.2995020e+03   8.7043000e+04
   0.0000000e+00   0.0000000e+00   7.2995020e+03   1.3152000e+05
   0.0000000e+00   0.0000000e+00   7.2995020e+03   1.3294300e+05
   0.0000000e+00   0.0000000e+00   7.2995020e+03   1.3413000e+05
   0.0000000e+00   0.0000000e+00   7.2995020e+03   1.3645500e+05
   0.0000000e+00   0.0000000e+00   7.2995020e+03   1.4026100e+05
   0.0000000e+00   0.0000000e+00   7.2995020e+03   1.4910300e+05
   0.0000000e+00   0.0000000e+00   7.2995020e+03   1.6352600e+05
   0.0000000e+00   0.0000000e+00   7.2995020e+03   1.8505200e+05
   0.0000000e+00   0.0000000e+00   7.2995020e+03   1.8524400e+05
