   2.0422293e+02   8.5007006e+00   1.5040132e+04   2.0000000e+00
   1.8799081e+02   7.4386389e+00   1.4786965e+04   4.0000000e+00
   1.6653834e+02   4.6980835e+00   1.6954990e+04   5.0000000e+00
   1.4867158e+02   2.6526205e+00   2.1304870e+04   6.0000000e+00
   1.2690820e+02   2.8652542e+00   1.9891265e+04   9.0000000e+00
   1.2609123e+02   3.6024934e+00   1.8281658e+04   1.0000000e+01
   1.1405415e+02   2.7583292e+00   1.7293111e+04   1.1000000e+01
   9.9472877e+01   1.4587632e+00   1.7599297e+04   1.3000000e+01
   7.2517974e+01   7.6426660e-01   1.8790135e+04   1.4000000e+01
   5.9223170e+01   6.8731503e-01   1.7174169e+04   1.6000000e+01
   4.9442465e+01   3.6514340e-01   2.1037994e+04   1.7000000e+01
   3.9984136e+01   3.9884446e-01   1.9934410e+04   1.9000000e+01
   3.8853608e+01   4.1479390e-01   1.9280826e+04   2.0000000e+01
   3.1406636e+01   1.4345333e-01   2.1539768e+04   2.1000000e+01
   2.9855882e+01   4.3721425e-01   2.0083824e+04   2.2000000e+01
   2.4234088e+01   2.3658006e-01   1.9647189e+04   2.3000000e+01
   2.1153564e+01   1.1091476e-01   2.1390035e+04   2.4000000e+01
   1.9705755e+01   0.0000000e+00   2.2927424e+04   2.5000000e+01
   1.6433813e+01   0.0000000e+00   2.2144054e+04   2.6000000e+01
   5.3781253e+00   0.0000000e+00   2.4248007e+04   2.7000000e+01
   3.4121695e+00   0.0000000e+00   2.3210856e+04   3.3000000e+01
   3.2929309e+00   0.0000000e+00   2.6624869e+04   3.5000000e+01
   1.5782993e+00   0.0000000e+00   2.6489008e+04   3.6000000e+01
   1.1625416e+00   0.0000000e+00   2.5918107e+04   3.7000000e+01
   1.0785359e+00   0.0000000e+00   2.5763752e+04   4.1000000e+01
   1.0587677e+00   0.0000000e+00   2.5810261e+04   4.2000000e+01
   1.9187410e-01   0.0000000e+00   2.8142700e+04   4.3000000e+01
   1.8181846e-01   0.0000000e+00   2.6275037e+04   4.6000000e+01
   1.6949175e-01   0.0000000e+00   2.8383926e+04   5.5000000e+01
   1.5658971e-01   0.0000000e+00   2.6745593e+04   5.6000000e+01
   1.5359014e-01   0.0000000e+00   2.7733887e+04   5.8000000e+01
   1.3396367e-01   0.0000000e+00   2.8263241e+04   6.6000000e+01
   1.1515195e-01   0.0000000e+00   3.0254999e+04   6.8000000e+01
   1.0161846e-01   0.0000000e+00   3.3031058e+04   7.0000000e+01
   5.3069183e-02   0.0000000e+00   3.4996996e+04   7.3000000e+01
   3.4207632e-02   0.0000000e+00   3.5107227e+04   7.4000000e+01
   1.9665952e-02   0.0000000e+00   3.6533506e+04   7.7000000e+01
   3.1686677e-03   0.0000000e+00   3.3557189e+04   7.9000000e+01
   0.0000000e+00   0.0000000e+00   3.2190407e+04   8.3000000e+01
   0.0000000e+00   0.0000000e+00   3.1544281e+04   9.7000000e+01
   0.0000000e+00   0.0000000e+00   3.1123733e+04   1.2500000e+02
   0.0000000e+00   0.0000000e+00   2.8918823e+04   1.2600000e+02
   0.0000000e+00   0.0000000e+00   2.7844837e+04   1.2800000e+02
   0.0000000e+00   0.0000000e+00   2.6833083e+04   1.2900000e+02
   0.0000000e+00   0.0000000e+00   2.4794860e+04   1.3000000e+02
   0.0000000e+00   0.0000000e+00   2.3769963e+04   1.3300000e+02
   0.0000000e+00   0.0000000e+00   2.2949138e+04   1.3800000e+02
   0.0000000e+00   0.0000000e+00   2.1556074e+04   1.4000000e+02
   0.0000000e+00   0.0000000e+00   2.0246894e+04   1.4300000e+02
   0.0000000e+00   0.0000000e+00   1.9032920e+04   1.5000000e+02
   0.0000000e+00   0.0000000e+00   1.7932147e+04   1.5100000e+02
   0.0000000e+00   0.0000000e+00   1.7789768e+04   1.5500000e+02
   0.0000000e+00   0.0000000e+00   1.6835970e+04   1.6400000e+02
   0.0000000e+00   0.0000000e+00   1.6496509e+04   1.6700000e+02
   0.0000000e+00   0.0000000e+00   1.6249541e+04   1.7300000e+02
   0.0000000e+00   0.0000000e+00   1.5304318e+04   1.7400000e+02
   0.0000000e+00   0.0000000e+00   1.5025608e+04   1.7500000e+02
   0.0000000e+00   0.0000000e+00   1.4211558e+04   1.7800000e+02
   0.0000000e+00   0.0000000e+00   1.3579636e+04   1.8300000e+02
   0.0000000e+00   0.0000000e+00   1.3154129e+04   1.8500000e+02
   0.0000000e+00   0.0000000e+00   1.2995612e+04   1.8900000e+02
   0.0000000e+00   0.0000000e+00   1.2156525e+04   1.9400000e+02
   0.0000000e+00   0.0000000e+00   1.1938053e+04   1.9500000e+02
   0.0000000e+00   0.0000000e+00   1.1824492e+04   1.9600000e+02
   0.0000000e+00   0.0000000e+00   1.1322475e+04   1.9700000e+02
   0.0000000e+00   0.0000000e+00   1.0885490e+04   1.9900000e+02
   0.0000000e+00   0.0000000e+00   1.0650273e+04   2.0100000e+02
   0.0000000e+00   0.0000000e+00   1.0446816e+04   2.0700000e+02
   0.0000000e+00   0.0000000e+00   1.0346691e+04   2.1700000e+02
   0.0000000e+00   0.0000000e+00   9.8354002e+03   2.2500000e+02
   0.0000000e+00   0.0000000e+00   9.7304504e+03   2.4900000e+02
   0.0000000e+00   0.0000000e+00   9.6058277e+03   2.5800000e+02
   0.0000000e+00   0.0000000e+00   9.3562029e+03   2.7000000e+02
   0.0000000e+00   0.0000000e+00   9.2991291e+03   2.7100000e+02
   0.0000000e+00   0.0000000e+00   9.2472302e+03   2.8600000e+02
   0.0000000e+00   0.0000000e+00   9.2003058e+03   2.9600000e+02
   0.0000000e+00   0.0000000e+00   8.7220038e+03   3.0000000e+02
   0.0000000e+00   0.0000000e+00   8.7181935e+03   3.0100000e+02
   0.0000000e+00   0.0000000e+00   8.6271899e+03   3.0700000e+02
   0.0000000e+00   0.0000000e+00   8.5256518e+03   3.0800000e+02
   0.0000000e+00   0.0000000e+00   8.3422679e+03   3.2400000e+02
   0.0000000e+00   0.0000000e+00   7.9572160e+03   3.7500000e+02
   0.0000000e+00   0.0000000e+00   7.9437924e+03   3.8800000e+02
   0.0000000e+00   0.0000000e+00   7.8832979e+03   4.2100000e+02
   0.0000000e+00   0.0000000e+00   7.7878548e+03   4.2200000e+02
   0.0000000e+00   0.0000000e+00   7.7227767e+03   4.5800000e+02
   0.0000000e+00   0.0000000e+00   7.6698112e+03   4.7200000e+02
   0.0000000e+00   0.0000000e+00   7.6156846e+03   4.7400000e+02
   0.0000000e+00   0.0000000e+00   7.5625594e+03   4.8100000e+02
   0.0000000e+00   0.0000000e+00   7.5218644e+03   5.2600000e+02
   0.0000000e+00   0.0000000e+00   7.5002411e+03   5.7400000e+02
   0.0000000e+00   0.0000000e+00   7.4503025e+03   5.8900000e+02
   0.0000000e+00   0.0000000e+00   7.4036781e+03   6.0300000e+02
   0.0000000e+00   0.0000000e+00   7.3820955e+03   6.2200000e+02
   0.0000000e+00   0.0000000e+00   7.3563932e+03   6.5900000e+02
   0.0000000e+00   0.0000000e+00   7.3502803e+03   6.8200000e+02
   0.0000000e+00   0.0000000e+00   7.3429638e+03   6.9200000e+02
   0.0000000e+00   0.0000000e+00   7.3368001e+03   9.3500000e+02
   0.0000000e+00   0.0000000e+00   7.3064562e+03   1.0240000e+03
   0.0000000e+00   0.0000000e+00   7.2927080e+03   1.1020000e+03
   0.0000000e+00   0.0000000e+00   7.2759418e+03   1.1730000e+03
   0.0000000e+00   0.0000000e+00   7.2683456e+03   1.2480000e+03
   0.0000000e+00   0.0000000e+00   7.2626725e+03   1.2660000e+03
   0.0000000e+00   0.0000000e+00   7.2563284e+03   1.3140000e+03
   0.0000000e+00   0.0000000e+00   7.2533712e+03   1.3770000e+03
   0.0000000e+00   0.0000000e+00   7.2462054e+03   1.3960000e+03
   0.0000000e+00   0.0000000e+00   7.2422426e+03   1.4380000e+03
   0.0000000e+00   0.0000000e+00   7.2192169e+03   1.5920000e+03
   0.0000000e+00   0.0000000e+00   7.2083914e+03   1.8160000e+03
   0.0000000e+00   0.0000000e+00   7.2064970e+03   2.1980000e+03
   0.0000000e+00   0.0000000e+00   7.2046311e+03   2.2220000e+03
   0.0000000e+00   0.0000000e+00   7.2033777e+03   2.6550000e+03
   0.0000000e+00   0.0000000e+00   7.2016028e+03   3.0900000e+03
   0.0000000e+00   0.0000000e+00   7.2001769e+03   3.1080000e+03
   0.0000000e+00   0.0000000e+00   7.1981682e+03   3.2100000e+03
   0.0000000e+00   0.0000000e+00   7.1904994e+03   3.2310000e+03
   0.0000000e+00   0.0000000e+00   7.1890379e+03   3.2380000e+03
   0.0000000e+00   0.0000000e+00   7.1822362e+03   3.4730000e+03
   0.0000000e+00   0.0000000e+00   7.1816475e+03   5.3880000e+03
   0.0000000e+00   0.0000000e+00   7.1782414e+03   5.6240000e+03
   0.0000000e+00   0.0000000e+00   7.1760427e+03   7.0020000e+03
   0.0000000e+00   0.0000000e+00   7.1734633e+03   7.8750000e+03
   0.0000000e+00   0.0000000e+00   7.1733900e+03   9.7560000e+03
   0.0000000e+00   0.0000000e+00   7.1707852e+03   1.1180000e+04
   0.0000000e+00   0.0000000e+00   7.1691611e+03   2.6935000e+04
   0.0000000e+00   0.0000000e+00   7.1685653e+03   3.0623000e+04
   0.0000000e+00   0.0000000e+00   7.1647994e+03   3.1481000e+04
   0.0000000e+00   0.0000000e+00   7.1623427e+03   3.4832000e+04
   0.0000000e+00   0.0000000e+00   7.1608163e+03   4.2809000e+04
   0.0000000e+00   0.0000000e+00   7.1589063e+03   7.3178000e+04
   0.0000000e+00   0.0000000e+00   7.1568397e+03   1.0557200e+05
   0.0000000e+00   0.0000000e+00   7.1554728e+03   1.1182100e+05
   0.0000000e+00   0.0000000e+00   7.1536726e+03   1.2081500e+05
   0.0000000e+00   0.0000000e+00   7.1520104e+03   1.2587700e+05
   0.0000000e+00   0.0000000e+00   7.1497764e+03   1.4834600e+05
