   1.4005933e+02   5.0772806e+00   1.4239800e+04   2.0000000e+00
   1.1739987e+02   5.3084338e+00   1.2817624e+04   3.0000000e+00
   2.8042183e+01   0.0000000e+00   2.1819786e+04   4.0000000e+00
   1.5816911e+01   0.0000000e+00   1.9045362e+04   8.0000000e+00
   1.1445608e+01   0.0000000e+00   1.9914968e+04   9.0000000e+00
   1.0619196e+01   0.0000000e+00   1.8156326e+04   1.0000000e+01
   1.0272688e+01   0.0000000e+00   1.9381294e+04   1.2000000e+01
   7.1982772e+00   0.0000000e+00   1.7553528e+04   1.3000000e+01
   5.9864035e+00   0.0000000e+00   2.3935667e+04   1.4000000e+01
   5.5343883e+00   0.0000000e+00   2.2152847e+04   1.8000000e+01
   4.7681499e-01   0.0000000e+00   1.9904130e+04   1.9000000e+01
   2.0502317e-02   0.0000000e+00   1.7069766e+04   2.1000000e+01
   0.0000000e+00   0.0000000e+00   2.1875396e+04   2.4000000e+01
   0.0000000e+00   0.0000000e+00   1.9577458e+04   2.9000000e+01
   0.0000000e+00   0.0000000e+00   1.6715400e+04   3.3000000e+01
   0.0000000e+00   0.0000000e+00   1.5624057e+04   3.8000000e+01
   0.0000000e+00   0.0000000e+00   1.5016241e+04   4.6000000e+01
   0.0000000e+00   0.0000000e+00   1.4447409e+04   5.1000000e+01
   0.0000000e+00   0.0000000e+00   1.2499532e+04   5.3000000e+01
   0.0000000e+00   0.0000000e+00   1.0912928e+04   5.5000000e+01
   0.0000000e+00   0.0000000e+00   9.5739651e+03   5.6000000e+01
   0.0000000e+00   0.0000000e+00   9.4586835e+03   5.7000000e+01
   0.0000000e+00   0.0000000e+00   9.2199025e+03   6.1000000e+01
   0.0000000e+00   0.0000000e+00   8.6289524e+03   7.8000000e+01
   0.0000000e+00   0.0000000e+00   8.5537468e+03   8.5000000e+01
   0.0000000e+00   0.0000000e+00   8.2100830e+03   1.0800000e+02
   0.0000000e+00   0.0000000e+00   8.0133801e+03   1.4900000e+02
   0.0000000e+00   0.0000000e+00   7.8476720e+03   1.8200000e+02
   0.0000000e+00   0.0000000e+00   7.6409808e+03   2.4900000e+02
   0.0000000e+00   0.0000000e+00   7.4338760e+03   2.5300000e+02
   0.0000000e+00   0.0000000e+00   7.4029500e+03   5.1660000e+03
   0.0000000e+00   0.0000000e+00   7.3796570e+03   6.0450000e+03
   0.0000000e+00   0.0000000e+00   7.3394227e+03   9.6470000e+03
   0.0000000e+00   0.0000000e+00   7.3198176e+03   1.0014000e+04
   0.0000000e+00   0.0000000e+00   7.3132335e+03   1.5157000e+04
   0.0000000e+00   0.0000000e+00   7.3049541e+03   1.7506000e+04
   0.0000000e+00   0.0000000e+00   7.2994369e+03   3.7807000e+04
   0.0000000e+00   0.0000000e+00   7.2848805e+03   4.9498000e+04
   0.0000000e+00   0.0000000e+00   7.2811494e+03   5.8707000e+04
   0.0000000e+00   0.0000000e+00   7.2741526e+03   5.9822000e+04
