   1.3348652e+02   2.1893470e+00   1.7093701e+04   2.0000000e+00
   1.3233914e+02   1.9361265e+00   1.7633985e+04   3.0000000e+00
   1.2951805e+02   1.7496557e+00   1.7798911e+04   8.0000000e+00
   1.2641791e+02   1.7299017e+00   1.8029028e+04   9.0000000e+00
   1.2606862e+02   1.6501975e+00   1.8378946e+04   1.0000000e+01
   1.2398450e+02   1.6134019e+00   1.8479273e+04   1.4000000e+01
   1.1940237e+02   1.1787245e+00   1.8477040e+04   1.6000000e+01
   1.1866980e+02   1.1553690e+00   1.8720537e+04   1.7000000e+01
   1.1643546e+02   1.1317870e+00   1.8818311e+04   2.0000000e+01
   1.1624437e+02   1.1204863e+00   1.8869023e+04   2.2000000e+01
   1.1005788e+02   8.2470541e-01   1.9742970e+04   2.6000000e+01
   1.0833227e+02   8.2483771e-01   1.9528048e+04   2.7000000e+01
   1.0579362e+02   8.3138501e-01   1.9165419e+04   2.8000000e+01
   1.0561744e+02   8.1094959e-01   1.9402957e+04   3.1000000e+01
   9.8367745e+01   7.2054407e-01   1.9600454e+04   3.2000000e+01
   7.7177420e+01   5.4055386e-01   1.9512485e+04   3.4000000e+01
   7.7151064e+01   5.5433255e-01   1.9354334e+04   3.5000000e+01
   7.5787493e+01   5.5158378e-01   1.9463233e+04   3.6000000e+01
   7.5719843e+01   5.5435810e-01   1.9742824e+04   3.8000000e+01
   7.5577170e+01   5.5016587e-01   2.0239244e+04   3.9000000e+01
   7.5513290e+01   5.4847506e-01   2.0145297e+04   4.0000000e+01
   6.6755016e+01   5.4465956e-01   1.9854978e+04   4.1000000e+01
   6.6739475e+01   5.2557607e-01   1.9771619e+04   4.2000000e+01
   6.2579064e+01   4.9552722e-01   1.9826547e+04   4.3000000e+01
   5.4719494e+01   3.8777354e-01   1.9452476e+04   4.6000000e+01
   5.4176266e+01   2.8420443e-01   1.9834308e+04   4.9000000e+01
   5.2458699e+01   2.5612910e-01   2.0063645e+04   5.0000000e+01
   5.2136253e+01   2.5912015e-01   1.9949000e+04   5.1000000e+01
   5.2027003e+01   2.5826659e-01   2.0265012e+04   5.6000000e+01
   4.9640411e+01   2.5934581e-01   2.0170611e+04   5.7000000e+01
   4.9193204e+01   2.5753897e-01   2.0512391e+04   5.8000000e+01
   3.0149696e+01   0.0000000e+00   2.0499685e+04   5.9000000e+01
   3.0024780e+01   0.0000000e+00   2.0741973e+04   6.0000000e+01
   2.9952206e+01   0.0000000e+00   2.0583663e+04   6.3000000e+01
   2.9605383e+01   0.0000000e+00   2.0876830e+04   6.5000000e+01
   2.8699924e+01   0.0000000e+00   2.1103731e+04   6.7000000e+01
   2.7239117e+01   0.0000000e+00   2.1148646e+04   6.8000000e+01
   2.6941263e+01   0.0000000e+00   2.1521805e+04   6.9000000e+01
   2.6897164e+01   0.0000000e+00   2.1533409e+04   7.1000000e+01
   2.6862878e+01   0.0000000e+00   2.1560575e+04   7.3000000e+01
   2.6820534e+01   0.0000000e+00   2.1493095e+04   7.4000000e+01
   2.6661070e+01   0.0000000e+00   2.1753468e+04   7.6000000e+01
   2.6606650e+01   0.0000000e+00   2.1603046e+04   8.0000000e+01
   2.4730232e+01   0.0000000e+00   2.1789478e+04   8.2000000e+01
   2.3106590e+01   0.0000000e+00   2.1948516e+04   8.3000000e+01
   2.2988602e+01   0.0000000e+00   2.1989052e+04   8.5000000e+01
   2.2015242e+01   0.0000000e+00   2.1972364e+04   8.7000000e+01
   2.1318449e+01   0.0000000e+00   2.2086286e+04   8.9000000e+01
   1.8262967e+01   0.0000000e+00   2.2183841e+04   9.0000000e+01
   1.7808484e+01   0.0000000e+00   2.2460209e+04   9.2000000e+01
   1.7744392e+01   0.0000000e+00   2.2767485e+04   9.6000000e+01
   1.7576781e+01   0.0000000e+00   2.3006889e+04   9.8000000e+01
   1.7564957e+01   0.0000000e+00   2.2998997e+04   1.0300000e+02
   1.6890575e+01   0.0000000e+00   2.2869041e+04   1.0600000e+02
   1.6730018e+01   0.0000000e+00   2.2754230e+04   1.0800000e+02
   1.6436877e+01   0.0000000e+00   2.3222697e+04   1.1200000e+02
   1.6181237e+01   0.0000000e+00   2.3690927e+04   1.1400000e+02
   1.5708029e+01   0.0000000e+00   2.3257360e+04   1.1600000e+02
   1.3991950e+01   0.0000000e+00   2.3580216e+04   1.2000000e+02
   1.3693356e+01   0.0000000e+00   2.3483467e+04   1.2100000e+02
   1.3424870e+01   0.0000000e+00   2.3710948e+04   1.2200000e+02
   1.3413008e+01   0.0000000e+00   2.3646414e+04   1.3000000e+02
   1.3129996e+01   0.0000000e+00   2.3702340e+04   1.3200000e+02
   1.3046669e+01   0.0000000e+00   2.3558324e+04   1.3400000e+02
   1.2949725e+01   0.0000000e+00   2.3709038e+04   1.3500000e+02
   1.2914576e+01   0.0000000e+00   2.3935644e+04   1.4300000e+02
   1.2674674e+01   0.0000000e+00   2.4519085e+04   1.4500000e+02
   1.2627795e+01   0.0000000e+00   2.4471940e+04   1.5100000e+02
   1.2392339e+01   0.0000000e+00   2.4561421e+04   1.5200000e+02
   1.2379272e+01   0.0000000e+00   2.4530911e+04   1.5400000e+02
   1.2313122e+01   0.0000000e+00   2.4441722e+04   1.5600000e+02
   1.2171657e+01   0.0000000e+00   2.4708350e+04   1.5900000e+02
   1.2105950e+01   0.0000000e+00   2.4538449e+04   1.6700000e+02
   1.2096211e+01   0.0000000e+00   2.4373624e+04   1.6800000e+02
   1.1924399e+01   0.0000000e+00   2.4781718e+04   1.6900000e+02
   1.1698879e+01   0.0000000e+00   2.4913522e+04   1.7400000e+02
   1.1626606e+01   0.0000000e+00   2.5243895e+04   1.7600000e+02
   1.1480764e+01   0.0000000e+00   2.5492129e+04   1.7700000e+02
   1.1441548e+01   0.0000000e+00   2.5277030e+04   1.8400000e+02
   1.1264216e+01   0.0000000e+00   2.5367459e+04   1.8700000e+02
   1.0459595e+01   0.0000000e+00   2.5488290e+04   1.8800000e+02
   1.0283168e+01   0.0000000e+00   2.5538481e+04   1.8900000e+02
   1.0186241e+01   0.0000000e+00   2.5551537e+04   1.9100000e+02
   1.0139408e+01   0.0000000e+00   2.5841624e+04   1.9200000e+02
   1.0030555e+01   0.0000000e+00   2.5953807e+04   1.9400000e+02
   9.9175920e+00   0.0000000e+00   2.6069788e+04   1.9500000e+02
   9.8898696e+00   0.0000000e+00   2.6092382e+04   1.9700000e+02
   9.4347626e+00   0.0000000e+00   2.6609951e+04   2.0000000e+02
   8.3381524e+00   0.0000000e+00   2.6530195e+04   2.0100000e+02
   8.3056250e+00   0.0000000e+00   2.6782132e+04   2.0500000e+02
   8.3004402e+00   0.0000000e+00   2.6916079e+04   2.1000000e+02
   8.2411476e+00   0.0000000e+00   2.7390174e+04   2.1400000e+02
   8.2225841e+00   0.0000000e+00   2.7244007e+04   2.2000000e+02
   8.2000978e+00   0.0000000e+00   2.7471677e+04   2.2100000e+02
   7.5824306e+00   0.0000000e+00   2.7910250e+04   2.2200000e+02
   7.0393707e+00   0.0000000e+00   2.7863724e+04   2.2300000e+02
   6.8643449e+00   0.0000000e+00   2.7711497e+04   2.3100000e+02
   6.8624840e+00   0.0000000e+00   2.7670748e+04   2.3200000e+02
   6.8449939e+00   0.0000000e+00   2.7689188e+04   2.3300000e+02
   6.8418202e+00   0.0000000e+00   2.7809695e+04   2.3700000e+02
   6.8340492e+00   0.0000000e+00   2.7722816e+04   2.3800000e+02
   6.8170372e+00   0.0000000e+00   2.8065495e+04   2.3900000e+02
   6.8076615e+00   0.0000000e+00   2.7825730e+04   2.4100000e+02
   6.7420696e+00   0.0000000e+00   2.7804970e+04   2.4300000e+02
   6.7266299e+00   0.0000000e+00   2.7777086e+04   2.4600000e+02
   6.7182680e+00   0.0000000e+00   2.7696614e+04   2.4700000e+02
   6.6971576e+00   0.0000000e+00   2.7931521e+04   2.4900000e+02
   6.6095013e+00   0.0000000e+00   2.7734492e+04   2.5100000e+02
   6.6016658e+00   0.0000000e+00   2.7590381e+04   2.5500000e+02
   5.4257014e+00   0.0000000e+00   2.7873098e+04   2.5600000e+02
   5.3780779e+00   0.0000000e+00   2.7660767e+04   2.5700000e+02
   4.4084412e+00   0.0000000e+00   2.7834227e+04   2.5800000e+02
   4.3667959e+00   0.0000000e+00   2.7526450e+04   2.5900000e+02
   4.3228522e+00   0.0000000e+00   2.7382209e+04   2.6300000e+02
   4.3140415e+00   0.0000000e+00   2.7146661e+04   2.6500000e+02
   4.3095399e+00   0.0000000e+00   2.7065532e+04   2.6700000e+02
   3.7751192e+00   0.0000000e+00   2.6973885e+04   2.7000000e+02
   3.5657218e+00   0.0000000e+00   2.6991645e+04   2.7700000e+02
   3.5165407e+00   0.0000000e+00   2.7106913e+04   2.8200000e+02
   3.4838502e+00   0.0000000e+00   2.7066468e+04   2.9400000e+02
   3.3456729e+00   0.0000000e+00   2.7253140e+04   2.9500000e+02
   3.3309077e+00   0.0000000e+00   2.7127683e+04   2.9800000e+02
   3.2541681e+00   0.0000000e+00   2.7237679e+04   3.0400000e+02
   3.2026027e+00   0.0000000e+00   2.7278489e+04   3.0900000e+02
   3.1812439e+00   0.0000000e+00   2.7514800e+04   3.1200000e+02
   3.1794579e+00   0.0000000e+00   2.7726622e+04   3.1400000e+02
   9.4471110e-02   0.0000000e+00   2.7780289e+04   3.2100000e+02
   9.4245835e-02   0.0000000e+00   2.7656396e+04   3.2200000e+02
   9.1972448e-02   0.0000000e+00   2.7512627e+04   3.2500000e+02
   9.1730051e-02   0.0000000e+00   2.7751874e+04   3.3100000e+02
   8.9615465e-02   0.0000000e+00   2.7729624e+04   3.3700000e+02
   8.6556745e-02   0.0000000e+00   2.7766031e+04   3.3800000e+02
   8.6288162e-02   0.0000000e+00   2.7928398e+04   3.4100000e+02
   8.3987366e-02   0.0000000e+00   2.7865269e+04   3.4400000e+02
   8.2367779e-02   0.0000000e+00   2.7987383e+04   3.4500000e+02
   8.0612088e-02   0.0000000e+00   2.7934101e+04   3.4600000e+02
   8.0254587e-02   0.0000000e+00   2.8112587e+04   3.4700000e+02
   7.9397381e-02   0.0000000e+00   2.8232234e+04   3.4800000e+02
   6.0735636e-02   0.0000000e+00   2.8388466e+04   3.4900000e+02
   5.9748385e-02   0.0000000e+00   2.8773259e+04   3.5600000e+02
   5.4974096e-02   0.0000000e+00   2.8685924e+04   3.6300000e+02
   4.8515331e-02   0.0000000e+00   2.8279418e+04   3.6800000e+02
   4.4258349e-02   0.0000000e+00   2.8143559e+04   3.6900000e+02
   4.3896171e-02   0.0000000e+00   2.7841678e+04   3.7200000e+02
   4.2090831e-02   0.0000000e+00   2.7924127e+04   3.7600000e+02
   4.1659951e-02   0.0000000e+00   2.8161201e+04   3.7900000e+02
   3.2403534e-02   0.0000000e+00   2.7956979e+04   3.8600000e+02
   2.9735970e-02   0.0000000e+00   2.8053277e+04   3.8800000e+02
   2.3528579e-02   0.0000000e+00   2.7673607e+04   3.9000000e+02
   2.3330382e-02   0.0000000e+00   2.7449700e+04   3.9100000e+02
   2.3311436e-02   0.0000000e+00   2.7364033e+04   3.9600000e+02
   0.0000000e+00   0.0000000e+00   2.7200512e+04   3.9900000e+02
   0.0000000e+00   0.0000000e+00   2.6924622e+04   4.0300000e+02
   0.0000000e+00   0.0000000e+00   2.6824762e+04   4.0800000e+02
   0.0000000e+00   0.0000000e+00   2.6816836e+04   4.0900000e+02
   0.0000000e+00   0.0000000e+00   2.6677143e+04   4.1100000e+02
   0.0000000e+00   0.0000000e+00   2.6492631e+04   4.1300000e+02
   0.0000000e+00   0.0000000e+00   2.6295730e+04   4.1600000e+02
   0.0000000e+00   0.0000000e+00   2.6108382e+04   4.1900000e+02
   0.0000000e+00   0.0000000e+00   2.5858867e+04   4.2500000e+02
   0.0000000e+00   0.0000000e+00   2.5738138e+04   4.2600000e+02
   0.0000000e+00   0.0000000e+00   2.5601511e+04   4.3000000e+02
   0.0000000e+00   0.0000000e+00   2.5550919e+04   4.3100000e+02
   0.0000000e+00   0.0000000e+00   2.5473158e+04   4.3400000e+02
   0.0000000e+00   0.0000000e+00   2.5398031e+04   4.3900000e+02
   0.0000000e+00   0.0000000e+00   2.5060797e+04   4.4000000e+02
   0.0000000e+00   0.0000000e+00   2.4990834e+04   4.4600000e+02
   0.0000000e+00   0.0000000e+00   2.4791116e+04   4.4800000e+02
   0.0000000e+00   0.0000000e+00   2.4537598e+04   4.5100000e+02
   0.0000000e+00   0.0000000e+00   2.4304550e+04   4.5400000e+02
   0.0000000e+00   0.0000000e+00   2.4228604e+04   4.5700000e+02
   0.0000000e+00   0.0000000e+00   2.4041214e+04   4.5800000e+02
   0.0000000e+00   0.0000000e+00   2.3846825e+04   4.5900000e+02
   0.0000000e+00   0.0000000e+00   2.3742987e+04   4.6200000e+02
   0.0000000e+00   0.0000000e+00   2.3408515e+04   4.6300000e+02
   0.0000000e+00   0.0000000e+00   2.3400312e+04   4.6600000e+02
   0.0000000e+00   0.0000000e+00   2.3142834e+04   4.6800000e+02
   0.0000000e+00   0.0000000e+00   2.2860435e+04   4.6900000e+02
   0.0000000e+00   0.0000000e+00   2.2760804e+04   4.7100000e+02
   0.0000000e+00   0.0000000e+00   2.2289064e+04   4.7200000e+02
   0.0000000e+00   0.0000000e+00   2.1955557e+04   4.7800000e+02
   0.0000000e+00   0.0000000e+00   2.1813652e+04   4.8000000e+02
   0.0000000e+00   0.0000000e+00   2.1744083e+04   4.8100000e+02
   0.0000000e+00   0.0000000e+00   2.1522686e+04   4.8300000e+02
   0.0000000e+00   0.0000000e+00   2.1396278e+04   4.8600000e+02
   0.0000000e+00   0.0000000e+00   2.1386422e+04   4.8700000e+02
   0.0000000e+00   0.0000000e+00   2.1188918e+04   4.9200000e+02
   0.0000000e+00   0.0000000e+00   2.0912538e+04   4.9800000e+02
   0.0000000e+00   0.0000000e+00   2.0880593e+04   4.9900000e+02
   0.0000000e+00   0.0000000e+00   2.0861363e+04   5.0000000e+02
   0.0000000e+00   0.0000000e+00   2.0604019e+04   5.0400000e+02
   0.0000000e+00   0.0000000e+00   2.0436290e+04   5.0500000e+02
   0.0000000e+00   0.0000000e+00   2.0257624e+04   5.0600000e+02
   0.0000000e+00   0.0000000e+00   2.0131084e+04   5.0900000e+02
   0.0000000e+00   0.0000000e+00   2.0038521e+04   5.1100000e+02
   0.0000000e+00   0.0000000e+00   2.0008193e+04   5.1200000e+02
   0.0000000e+00   0.0000000e+00   1.9984977e+04   5.1600000e+02
   0.0000000e+00   0.0000000e+00   1.9823901e+04   5.1700000e+02
   0.0000000e+00   0.0000000e+00   1.9811703e+04   5.2000000e+02
   0.0000000e+00   0.0000000e+00   1.9785042e+04   5.2400000e+02
   0.0000000e+00   0.0000000e+00   1.9735846e+04   5.2700000e+02
   0.0000000e+00   0.0000000e+00   1.9438957e+04   5.2900000e+02
   0.0000000e+00   0.0000000e+00   1.9406876e+04   5.3200000e+02
   0.0000000e+00   0.0000000e+00   1.9331883e+04   5.3700000e+02
   0.0000000e+00   0.0000000e+00   1.9171996e+04   5.3800000e+02
   0.0000000e+00   0.0000000e+00   1.9106310e+04   5.5100000e+02
   0.0000000e+00   0.0000000e+00   1.9087840e+04   5.5900000e+02
   0.0000000e+00   0.0000000e+00   1.9060203e+04   5.6100000e+02
   0.0000000e+00   0.0000000e+00   1.8959722e+04   5.6200000e+02
   0.0000000e+00   0.0000000e+00   1.8860470e+04   5.6800000e+02
   0.0000000e+00   0.0000000e+00   1.8652933e+04   5.7100000e+02
   0.0000000e+00   0.0000000e+00   1.8628692e+04   5.7300000e+02
   0.0000000e+00   0.0000000e+00   1.8548253e+04   5.8000000e+02
   0.0000000e+00   0.0000000e+00   1.8493526e+04   5.8200000e+02
   0.0000000e+00   0.0000000e+00   1.8429931e+04   5.8400000e+02
   0.0000000e+00   0.0000000e+00   1.8383971e+04   5.8500000e+02
   0.0000000e+00   0.0000000e+00   1.8195549e+04   5.9000000e+02
   0.0000000e+00   0.0000000e+00   1.8185417e+04   5.9200000e+02
   0.0000000e+00   0.0000000e+00   1.8149880e+04   5.9500000e+02
   0.0000000e+00   0.0000000e+00   1.8007617e+04   6.0000000e+02
   0.0000000e+00   0.0000000e+00   1.7992379e+04   6.0300000e+02
   0.0000000e+00   0.0000000e+00   1.7965511e+04   6.0500000e+02
   0.0000000e+00   0.0000000e+00   1.7898467e+04   6.1000000e+02
   0.0000000e+00   0.0000000e+00   1.7652419e+04   6.1100000e+02
   0.0000000e+00   0.0000000e+00   1.7513372e+04   6.1400000e+02
   0.0000000e+00   0.0000000e+00   1.7453784e+04   6.1500000e+02
   0.0000000e+00   0.0000000e+00   1.7316039e+04   6.1600000e+02
   0.0000000e+00   0.0000000e+00   1.7149553e+04   6.3000000e+02
   0.0000000e+00   0.0000000e+00   1.7109164e+04   6.3800000e+02
   0.0000000e+00   0.0000000e+00   1.7041252e+04   6.3900000e+02
   0.0000000e+00   0.0000000e+00   1.7002506e+04   6.4000000e+02
   0.0000000e+00   0.0000000e+00   1.6868888e+04   6.4400000e+02
   0.0000000e+00   0.0000000e+00   1.6634546e+04   6.4600000e+02
   0.0000000e+00   0.0000000e+00   1.6478732e+04   6.4700000e+02
   0.0000000e+00   0.0000000e+00   1.6396251e+04   6.5700000e+02
   0.0000000e+00   0.0000000e+00   1.6394637e+04   6.6600000e+02
   0.0000000e+00   0.0000000e+00   1.6313407e+04   6.6800000e+02
   0.0000000e+00   0.0000000e+00   1.6191006e+04   6.7800000e+02
   0.0000000e+00   0.0000000e+00   1.6091360e+04   6.8100000e+02
   0.0000000e+00   0.0000000e+00   1.6080865e+04   6.8400000e+02
   0.0000000e+00   0.0000000e+00   1.5917364e+04   6.8700000e+02
   0.0000000e+00   0.0000000e+00   1.5813226e+04   6.8800000e+02
   0.0000000e+00   0.0000000e+00   1.5590319e+04   6.9300000e+02
   0.0000000e+00   0.0000000e+00   1.5453233e+04   6.9500000e+02
   0.0000000e+00   0.0000000e+00   1.5436240e+04   6.9600000e+02
   0.0000000e+00   0.0000000e+00   1.5252038e+04   7.0100000e+02
   0.0000000e+00   0.0000000e+00   1.5086875e+04   7.0400000e+02
   0.0000000e+00   0.0000000e+00   1.4900637e+04   7.0500000e+02
   0.0000000e+00   0.0000000e+00   1.4887138e+04   7.0700000e+02
   0.0000000e+00   0.0000000e+00   1.4741396e+04   7.1100000e+02
   0.0000000e+00   0.0000000e+00   1.4690208e+04   7.1800000e+02
   0.0000000e+00   0.0000000e+00   1.4676434e+04   7.2400000e+02
   0.0000000e+00   0.0000000e+00   1.4673587e+04   7.2600000e+02
   0.0000000e+00   0.0000000e+00   1.4670028e+04   7.3100000e+02
   0.0000000e+00   0.0000000e+00   1.4598578e+04   7.3500000e+02
   0.0000000e+00   0.0000000e+00   1.4556777e+04   7.3800000e+02
   0.0000000e+00   0.0000000e+00   1.4530566e+04   7.3900000e+02
   0.0000000e+00   0.0000000e+00   1.4456287e+04   7.4300000e+02
   0.0000000e+00   0.0000000e+00   1.4281378e+04   7.4700000e+02
   0.0000000e+00   0.0000000e+00   1.4237832e+04   7.6200000e+02
   0.0000000e+00   0.0000000e+00   1.4195478e+04   7.6400000e+02
   0.0000000e+00   0.0000000e+00   1.4168525e+04   7.7000000e+02
   0.0000000e+00   0.0000000e+00   1.4129249e+04   7.7400000e+02
   0.0000000e+00   0.0000000e+00   1.3901697e+04   7.7600000e+02
   0.0000000e+00   0.0000000e+00   1.3885751e+04   7.8200000e+02
   0.0000000e+00   0.0000000e+00   1.3833184e+04   7.8300000e+02
   0.0000000e+00   0.0000000e+00   1.3764810e+04   7.9000000e+02
   0.0000000e+00   0.0000000e+00   1.3695729e+04   7.9600000e+02
   0.0000000e+00   0.0000000e+00   1.3673360e+04   8.0000000e+02
   0.0000000e+00   0.0000000e+00   1.3581966e+04   8.0600000e+02
   0.0000000e+00   0.0000000e+00   1.3351003e+04   8.1100000e+02
   0.0000000e+00   0.0000000e+00   1.3113146e+04   8.1200000e+02
   0.0000000e+00   0.0000000e+00   1.2965295e+04   8.1500000e+02
   0.0000000e+00   0.0000000e+00   1.2940340e+04   8.1800000e+02
   0.0000000e+00   0.0000000e+00   1.2879549e+04   8.2000000e+02
   0.0000000e+00   0.0000000e+00   1.2847280e+04   8.2100000e+02
   0.0000000e+00   0.0000000e+00   1.2741272e+04   8.2600000e+02
   0.0000000e+00   0.0000000e+00   1.2650135e+04   8.2800000e+02
   0.0000000e+00   0.0000000e+00   1.2618833e+04   8.4300000e+02
   0.0000000e+00   0.0000000e+00   1.2606136e+04   8.4500000e+02
   0.0000000e+00   0.0000000e+00   1.2563688e+04   8.4700000e+02
   0.0000000e+00   0.0000000e+00   1.2435463e+04   8.9300000e+02
   0.0000000e+00   0.0000000e+00   1.2415564e+04   8.9700000e+02
   0.0000000e+00   0.0000000e+00   1.2333032e+04   9.3300000e+02
   0.0000000e+00   0.0000000e+00   1.2298407e+04   9.4500000e+02
   0.0000000e+00   0.0000000e+00   1.2269612e+04   9.5200000e+02
   0.0000000e+00   0.0000000e+00   1.2259966e+04   9.6400000e+02
   0.0000000e+00   0.0000000e+00   1.2192348e+04   9.6800000e+02
   0.0000000e+00   0.0000000e+00   1.2136154e+04   9.7300000e+02
   0.0000000e+00   0.0000000e+00   1.2117534e+04   9.7500000e+02
   0.0000000e+00   0.0000000e+00   1.2096500e+04   9.9100000e+02
   0.0000000e+00   0.0000000e+00   1.2014295e+04   9.9400000e+02
   0.0000000e+00   0.0000000e+00   1.1964017e+04   9.9500000e+02
   0.0000000e+00   0.0000000e+00   1.1956982e+04   9.9700000e+02
   0.0000000e+00   0.0000000e+00   1.1882482e+04   9.9900000e+02
   0.0000000e+00   0.0000000e+00   1.1874761e+04   1.0040000e+03
   0.0000000e+00   0.0000000e+00   1.1817059e+04   1.0050000e+03
   0.0000000e+00   0.0000000e+00   1.1685014e+04   1.0060000e+03
   0.0000000e+00   0.0000000e+00   1.1609126e+04   1.0080000e+03
   0.0000000e+00   0.0000000e+00   1.1579770e+04   1.0170000e+03
   0.0000000e+00   0.0000000e+00   1.1528695e+04   1.0190000e+03
   0.0000000e+00   0.0000000e+00   1.1478526e+04   1.0200000e+03
   0.0000000e+00   0.0000000e+00   1.1450719e+04   1.0310000e+03
   0.0000000e+00   0.0000000e+00   1.1429221e+04   1.0560000e+03
   0.0000000e+00   0.0000000e+00   1.1390319e+04   1.0610000e+03
   0.0000000e+00   0.0000000e+00   1.1229754e+04   1.0700000e+03
   0.0000000e+00   0.0000000e+00   1.1200807e+04   1.0750000e+03
   0.0000000e+00   0.0000000e+00   1.1134032e+04   1.0860000e+03
   0.0000000e+00   0.0000000e+00   1.0986344e+04   1.0880000e+03
   0.0000000e+00   0.0000000e+00   1.0931098e+04   1.0940000e+03
   0.0000000e+00   0.0000000e+00   1.0833371e+04   1.1110000e+03
   0.0000000e+00   0.0000000e+00   1.0775042e+04   1.1250000e+03
   0.0000000e+00   0.0000000e+00   1.0732640e+04   1.1310000e+03
   0.0000000e+00   0.0000000e+00   1.0702952e+04   1.1480000e+03
   0.0000000e+00   0.0000000e+00   1.0665269e+04   1.1590000e+03
   0.0000000e+00   0.0000000e+00   1.0609966e+04   1.1680000e+03
   0.0000000e+00   0.0000000e+00   1.0606629e+04   1.1700000e+03
   0.0000000e+00   0.0000000e+00   1.0595977e+04   1.1710000e+03
   0.0000000e+00   0.0000000e+00   1.0533907e+04   1.1850000e+03
   0.0000000e+00   0.0000000e+00   1.0499936e+04   1.2380000e+03
   0.0000000e+00   0.0000000e+00   1.0465430e+04   1.2400000e+03
   0.0000000e+00   0.0000000e+00   1.0386677e+04   1.2480000e+03
   0.0000000e+00   0.0000000e+00   1.0347514e+04   1.2490000e+03
   0.0000000e+00   0.0000000e+00   1.0238309e+04   1.2500000e+03
   0.0000000e+00   0.0000000e+00   1.0206304e+04   1.2530000e+03
   0.0000000e+00   0.0000000e+00   1.0158163e+04   1.2540000e+03
   0.0000000e+00   0.0000000e+00   1.0143421e+04   1.2580000e+03
   0.0000000e+00   0.0000000e+00   1.0101956e+04   1.2590000e+03
   0.0000000e+00   0.0000000e+00   1.0064503e+04   1.2600000e+03
   0.0000000e+00   0.0000000e+00   9.9942987e+03   1.2650000e+03
   0.0000000e+00   0.0000000e+00   9.9346701e+03   1.2750000e+03
   0.0000000e+00   0.0000000e+00   9.8927973e+03   1.3050000e+03
   0.0000000e+00   0.0000000e+00   9.8730986e+03   1.3140000e+03
   0.0000000e+00   0.0000000e+00   9.8147784e+03   1.3250000e+03
   0.0000000e+00   0.0000000e+00   9.7899225e+03   1.3310000e+03
   0.0000000e+00   0.0000000e+00   9.6988277e+03   1.3390000e+03
   0.0000000e+00   0.0000000e+00   9.6740720e+03   1.3740000e+03
   0.0000000e+00   0.0000000e+00   9.6604344e+03   1.4090000e+03
   0.0000000e+00   0.0000000e+00   9.6602485e+03   1.4110000e+03
   0.0000000e+00   0.0000000e+00   9.6184321e+03   1.4360000e+03
   0.0000000e+00   0.0000000e+00   9.5988215e+03   1.4490000e+03
   0.0000000e+00   0.0000000e+00   9.5063580e+03   1.4500000e+03
   0.0000000e+00   0.0000000e+00   9.4875049e+03   1.4520000e+03
   0.0000000e+00   0.0000000e+00   9.4138575e+03   1.4830000e+03
   0.0000000e+00   0.0000000e+00   9.4051143e+03   1.4940000e+03
   0.0000000e+00   0.0000000e+00   9.3947340e+03   1.4970000e+03
   0.0000000e+00   0.0000000e+00   9.3595618e+03   1.5030000e+03
   0.0000000e+00   0.0000000e+00   9.3574043e+03   1.5080000e+03
   0.0000000e+00   0.0000000e+00   9.3469138e+03   1.5600000e+03
   0.0000000e+00   0.0000000e+00   9.3235683e+03   1.5930000e+03
   0.0000000e+00   0.0000000e+00   9.2919575e+03   1.6260000e+03
   0.0000000e+00   0.0000000e+00   9.2570446e+03   1.6480000e+03
   0.0000000e+00   0.0000000e+00   9.2266366e+03   1.6520000e+03
   0.0000000e+00   0.0000000e+00   9.2256069e+03   1.6700000e+03
   0.0000000e+00   0.0000000e+00   9.1971679e+03   1.6830000e+03
   0.0000000e+00   0.0000000e+00   9.1650928e+03   1.6900000e+03
   0.0000000e+00   0.0000000e+00   9.1522975e+03   1.6940000e+03
   0.0000000e+00   0.0000000e+00   9.1102542e+03   1.7230000e+03
   0.0000000e+00   0.0000000e+00   9.1039581e+03   1.7380000e+03
   0.0000000e+00   0.0000000e+00   8.9607628e+03   1.7460000e+03
   0.0000000e+00   0.0000000e+00   8.9170694e+03   1.7550000e+03
   0.0000000e+00   0.0000000e+00   8.8912662e+03   1.7560000e+03
   0.0000000e+00   0.0000000e+00   8.8791540e+03   1.7630000e+03
   0.0000000e+00   0.0000000e+00   8.8605305e+03   1.7780000e+03
   0.0000000e+00   0.0000000e+00   8.8331482e+03   1.7870000e+03
   0.0000000e+00   0.0000000e+00   8.8274866e+03   1.7890000e+03
   0.0000000e+00   0.0000000e+00   8.7840573e+03   1.9160000e+03
   0.0000000e+00   0.0000000e+00   8.7666350e+03   1.9840000e+03
   0.0000000e+00   0.0000000e+00   8.7564067e+03   1.9850000e+03
   0.0000000e+00   0.0000000e+00   8.6757616e+03   2.0140000e+03
   0.0000000e+00   0.0000000e+00   8.6704357e+03   2.0190000e+03
   0.0000000e+00   0.0000000e+00   8.6691411e+03   2.1160000e+03
   0.0000000e+00   0.0000000e+00   8.6418134e+03   2.1230000e+03
   0.0000000e+00   0.0000000e+00   8.6259956e+03   2.1370000e+03
   0.0000000e+00   0.0000000e+00   8.5961773e+03   2.1470000e+03
   0.0000000e+00   0.0000000e+00   8.5750093e+03   2.1790000e+03
   0.0000000e+00   0.0000000e+00   8.4193938e+03   2.2280000e+03
   0.0000000e+00   0.0000000e+00   8.3866533e+03   2.2320000e+03
   0.0000000e+00   0.0000000e+00   8.3627231e+03   2.2450000e+03
   0.0000000e+00   0.0000000e+00   8.3292699e+03   2.2690000e+03
   0.0000000e+00   0.0000000e+00   8.3180988e+03   2.2840000e+03
   0.0000000e+00   0.0000000e+00   8.3075122e+03   2.2930000e+03
   0.0000000e+00   0.0000000e+00   8.2863035e+03   2.3000000e+03
   0.0000000e+00   0.0000000e+00   8.2814675e+03   2.3250000e+03
   0.0000000e+00   0.0000000e+00   8.2647356e+03   2.4060000e+03
   0.0000000e+00   0.0000000e+00   8.2644467e+03   2.4250000e+03
   0.0000000e+00   0.0000000e+00   8.2602196e+03   2.4390000e+03
   0.0000000e+00   0.0000000e+00   8.1546431e+03   2.4570000e+03
   0.0000000e+00   0.0000000e+00   8.1523936e+03   2.4780000e+03
   0.0000000e+00   0.0000000e+00   8.0909031e+03   2.4820000e+03
   0.0000000e+00   0.0000000e+00   8.0632440e+03   2.4850000e+03
   0.0000000e+00   0.0000000e+00   8.0616730e+03   2.4980000e+03
   0.0000000e+00   0.0000000e+00   8.0070395e+03   2.5000000e+03
   0.0000000e+00   0.0000000e+00   7.9911641e+03   2.5030000e+03
   0.0000000e+00   0.0000000e+00   7.9660838e+03   2.5130000e+03
   0.0000000e+00   0.0000000e+00   7.9646188e+03   2.5450000e+03
   0.0000000e+00   0.0000000e+00   7.8970144e+03   2.5720000e+03
   0.0000000e+00   0.0000000e+00   7.8912866e+03   2.5760000e+03
   0.0000000e+00   0.0000000e+00   7.8471689e+03   2.6090000e+03
   0.0000000e+00   0.0000000e+00   7.7590630e+03   2.6100000e+03
   0.0000000e+00   0.0000000e+00   7.7463447e+03   2.6500000e+03
   0.0000000e+00   0.0000000e+00   7.7384576e+03   2.6700000e+03
   0.0000000e+00   0.0000000e+00   7.7375770e+03   2.7110000e+03
   0.0000000e+00   0.0000000e+00   7.7318025e+03   2.7330000e+03
   0.0000000e+00   0.0000000e+00   7.7280893e+03   2.7580000e+03
   0.0000000e+00   0.0000000e+00   7.7115019e+03   2.7700000e+03
   0.0000000e+00   0.0000000e+00   7.7092057e+03   2.7970000e+03
   0.0000000e+00   0.0000000e+00   7.7009071e+03   2.8040000e+03
   0.0000000e+00   0.0000000e+00   7.6960617e+03   2.8200000e+03
   0.0000000e+00   0.0000000e+00   7.6605392e+03   2.8500000e+03
   0.0000000e+00   0.0000000e+00   7.6355721e+03   2.8540000e+03
   0.0000000e+00   0.0000000e+00   7.6292338e+03   2.9680000e+03
   0.0000000e+00   0.0000000e+00   7.6184009e+03   2.9850000e+03
   0.0000000e+00   0.0000000e+00   7.5579170e+03   3.0000000e+03
   0.0000000e+00   0.0000000e+00   7.5439816e+03   3.0130000e+03
   0.0000000e+00   0.0000000e+00   7.5427450e+03   3.0210000e+03
   0.0000000e+00   0.0000000e+00   7.5355766e+03   3.0350000e+03
   0.0000000e+00   0.0000000e+00   7.5207382e+03   3.0420000e+03
   0.0000000e+00   0.0000000e+00   7.4978047e+03   3.0620000e+03
   0.0000000e+00   0.0000000e+00   7.4848469e+03   3.0970000e+03
   0.0000000e+00   0.0000000e+00   7.4682567e+03   3.1360000e+03
   0.0000000e+00   0.0000000e+00   7.4646259e+03   3.1780000e+03
   0.0000000e+00   0.0000000e+00   7.4241170e+03   3.1860000e+03
   0.0000000e+00   0.0000000e+00   7.3988084e+03   3.2050000e+03
   0.0000000e+00   0.0000000e+00   7.3668605e+03   3.2940000e+03
   0.0000000e+00   0.0000000e+00   7.3631850e+03   3.3040000e+03
   0.0000000e+00   0.0000000e+00   7.3361319e+03   3.3620000e+03
   0.0000000e+00   0.0000000e+00   7.3320803e+03   3.3730000e+03
   0.0000000e+00   0.0000000e+00   7.3149124e+03   3.4340000e+03
   0.0000000e+00   0.0000000e+00   7.2983316e+03   3.4430000e+03
   0.0000000e+00   0.0000000e+00   7.2775109e+03   3.4550000e+03
   0.0000000e+00   0.0000000e+00   7.2572877e+03   3.4650000e+03
   0.0000000e+00   0.0000000e+00   7.2310776e+03   3.4670000e+03
   0.0000000e+00   0.0000000e+00   7.2285174e+03   3.4800000e+03
   0.0000000e+00   0.0000000e+00   7.2250309e+03   3.4900000e+03
   0.0000000e+00   0.0000000e+00   7.2024127e+03   3.4930000e+03
   0.0000000e+00   0.0000000e+00   7.1907163e+03   3.5150000e+03
   0.0000000e+00   0.0000000e+00   7.1709031e+03   3.5790000e+03
   0.0000000e+00   0.0000000e+00   7.1665604e+03   3.6810000e+03
   0.0000000e+00   0.0000000e+00   7.1536060e+03   3.7900000e+03
   0.0000000e+00   0.0000000e+00   7.1370375e+03   3.8000000e+03
   0.0000000e+00   0.0000000e+00   7.1326894e+03   3.8590000e+03
   0.0000000e+00   0.0000000e+00   7.1092205e+03   3.9010000e+03
   0.0000000e+00   0.0000000e+00   7.1021730e+03   3.9270000e+03
   0.0000000e+00   0.0000000e+00   7.0836822e+03   3.9290000e+03
   0.0000000e+00   0.0000000e+00   7.0409182e+03   3.9760000e+03
   0.0000000e+00   0.0000000e+00   7.0030759e+03   3.9870000e+03
   0.0000000e+00   0.0000000e+00   7.0026127e+03   4.0160000e+03
   0.0000000e+00   0.0000000e+00   7.0010707e+03   4.0300000e+03
   0.0000000e+00   0.0000000e+00   6.9952182e+03   4.0840000e+03
   0.0000000e+00   0.0000000e+00   6.9718092e+03   4.1240000e+03
   0.0000000e+00   0.0000000e+00   6.9157389e+03   4.1990000e+03
   0.0000000e+00   0.0000000e+00   6.8935338e+03   4.2050000e+03
   0.0000000e+00   0.0000000e+00   6.8679976e+03   4.3160000e+03
   0.0000000e+00   0.0000000e+00   6.8644995e+03   4.3530000e+03
   0.0000000e+00   0.0000000e+00   6.8507923e+03   4.3830000e+03
   0.0000000e+00   0.0000000e+00   6.8406803e+03   4.4740000e+03
   0.0000000e+00   0.0000000e+00   6.8295448e+03   4.5880000e+03
   0.0000000e+00   0.0000000e+00   6.8180803e+03   4.6020000e+03
   0.0000000e+00   0.0000000e+00   6.8046498e+03   4.6390000e+03
   0.0000000e+00   0.0000000e+00   6.7973751e+03   4.6820000e+03
   0.0000000e+00   0.0000000e+00   6.7820109e+03   4.7380000e+03
   0.0000000e+00   0.0000000e+00   6.7645303e+03   4.7420000e+03
   0.0000000e+00   0.0000000e+00   6.7600313e+03   5.3700000e+03
   0.0000000e+00   0.0000000e+00   6.7577541e+03   6.0950000e+03
   0.0000000e+00   0.0000000e+00   6.7567067e+03   6.1640000e+03
   0.0000000e+00   0.0000000e+00   6.7310740e+03   6.2510000e+03
   0.0000000e+00   0.0000000e+00   6.7230000e+03   6.6140000e+03
   0.0000000e+00   0.0000000e+00   6.7101288e+03   6.6530000e+03
   0.0000000e+00   0.0000000e+00   6.7009378e+03   6.7320000e+03
   0.0000000e+00   0.0000000e+00   6.6967515e+03   6.7810000e+03
   0.0000000e+00   0.0000000e+00   6.6847738e+03   6.7990000e+03
   0.0000000e+00   0.0000000e+00   6.6804298e+03   6.9170000e+03
   0.0000000e+00   0.0000000e+00   6.6728162e+03   7.3280000e+03
   0.0000000e+00   0.0000000e+00   6.6617610e+03   7.4440000e+03
   0.0000000e+00   0.0000000e+00   6.6529467e+03   7.5030000e+03
   0.0000000e+00   0.0000000e+00   6.6316952e+03   7.5130000e+03
   0.0000000e+00   0.0000000e+00   6.6306396e+03   7.5620000e+03
   0.0000000e+00   0.0000000e+00   6.6107739e+03   7.6990000e+03
   0.0000000e+00   0.0000000e+00   6.5954756e+03   7.7340000e+03
   0.0000000e+00   0.0000000e+00   6.5918775e+03   7.7750000e+03
   0.0000000e+00   0.0000000e+00   6.5862540e+03   8.1130000e+03
   0.0000000e+00   0.0000000e+00   6.5836272e+03   8.1480000e+03
   0.0000000e+00   0.0000000e+00   6.5668058e+03   8.2790000e+03
   0.0000000e+00   0.0000000e+00   6.5602539e+03   8.3790000e+03
   0.0000000e+00   0.0000000e+00   6.5456283e+03   8.6720000e+03
   0.0000000e+00   0.0000000e+00   6.5344825e+03   8.7520000e+03
   0.0000000e+00   0.0000000e+00   6.5325442e+03   9.3030000e+03
   0.0000000e+00   0.0000000e+00   6.5319956e+03   1.0152000e+04
   0.0000000e+00   0.0000000e+00   6.5319956e+03   1.0275000e+04
   0.0000000e+00   0.0000000e+00   6.5251932e+03   1.0549000e+04
   0.0000000e+00   0.0000000e+00   6.5138838e+03   1.0632000e+04
   0.0000000e+00   0.0000000e+00   6.5124321e+03   1.0868000e+04
   0.0000000e+00   0.0000000e+00   6.5097112e+03   1.0924000e+04
   0.0000000e+00   0.0000000e+00   6.4957528e+03   1.1090000e+04
   0.0000000e+00   0.0000000e+00   6.4952319e+03   1.1622000e+04
   0.0000000e+00   0.0000000e+00   6.4928623e+03   1.1631000e+04
   0.0000000e+00   0.0000000e+00   6.4895587e+03   1.1767000e+04
   0.0000000e+00   0.0000000e+00   6.4881629e+03   1.1791000e+04
   0.0000000e+00   0.0000000e+00   6.4778370e+03   1.1880000e+04
   0.0000000e+00   0.0000000e+00   6.4746333e+03   1.1947000e+04
   0.0000000e+00   0.0000000e+00   6.4675857e+03   1.2049000e+04
   0.0000000e+00   0.0000000e+00   6.4592331e+03   1.2175000e+04
   0.0000000e+00   0.0000000e+00   6.4518657e+03   1.2201000e+04
   0.0000000e+00   0.0000000e+00   6.4298029e+03   1.2324000e+04
   0.0000000e+00   0.0000000e+00   6.4157533e+03   1.2484000e+04
   0.0000000e+00   0.0000000e+00   6.3994243e+03   1.2778000e+04
   0.0000000e+00   0.0000000e+00   6.3882121e+03   1.3117000e+04
   0.0000000e+00   0.0000000e+00   6.3866028e+03   1.3162000e+04
   0.0000000e+00   0.0000000e+00   6.3730855e+03   1.3629000e+04
   0.0000000e+00   0.0000000e+00   6.3726483e+03   1.3635000e+04
   0.0000000e+00   0.0000000e+00   6.3619187e+03   1.3642000e+04
   0.0000000e+00   0.0000000e+00   6.3533886e+03   1.3654000e+04
   0.0000000e+00   0.0000000e+00   6.3437147e+03   1.3672000e+04
   0.0000000e+00   0.0000000e+00   6.3429342e+03   1.4333000e+04
   0.0000000e+00   0.0000000e+00   6.3371010e+03   1.4379000e+04
   0.0000000e+00   0.0000000e+00   6.3195574e+03   1.4493000e+04
   0.0000000e+00   0.0000000e+00   6.3146431e+03   1.4612000e+04
   0.0000000e+00   0.0000000e+00   6.3117368e+03   1.4700000e+04
   0.0000000e+00   0.0000000e+00   6.3117368e+03   1.5191000e+04
   0.0000000e+00   0.0000000e+00   6.3087810e+03   1.5233000e+04
   0.0000000e+00   0.0000000e+00   6.3018943e+03   1.5239000e+04
   0.0000000e+00   0.0000000e+00   6.2931266e+03   1.5510000e+04
   0.0000000e+00   0.0000000e+00   6.2612805e+03   1.5654000e+04
   0.0000000e+00   0.0000000e+00   6.2564540e+03   1.8115000e+04
   0.0000000e+00   0.0000000e+00   6.2502439e+03   1.8178000e+04
   0.0000000e+00   0.0000000e+00   6.2499808e+03   1.8196000e+04
   0.0000000e+00   0.0000000e+00   6.2343932e+03   1.8538000e+04
   0.0000000e+00   0.0000000e+00   6.2131683e+03   1.9429000e+04
   0.0000000e+00   0.0000000e+00   6.2114451e+03   1.9455000e+04
   0.0000000e+00   0.0000000e+00   6.1983393e+03   1.9497000e+04
   0.0000000e+00   0.0000000e+00   6.1893064e+03   1.9824000e+04
   0.0000000e+00   0.0000000e+00   6.1854805e+03   2.0501000e+04
   0.0000000e+00   0.0000000e+00   6.1741308e+03   2.0757000e+04
   0.0000000e+00   0.0000000e+00   6.1677103e+03   2.0815000e+04
   0.0000000e+00   0.0000000e+00   6.1677103e+03   2.1204000e+04
   0.0000000e+00   0.0000000e+00   6.1564841e+03   2.1402000e+04
   0.0000000e+00   0.0000000e+00   6.1511444e+03   2.1500000e+04
   0.0000000e+00   0.0000000e+00   6.1317266e+03   2.2359000e+04
   0.0000000e+00   0.0000000e+00   6.1296667e+03   2.2509000e+04
   0.0000000e+00   0.0000000e+00   6.1224601e+03   2.2593000e+04
   0.0000000e+00   0.0000000e+00   6.1158782e+03   2.2825000e+04
   0.0000000e+00   0.0000000e+00   6.1158782e+03   2.2914000e+04
   0.0000000e+00   0.0000000e+00   6.1138202e+03   2.3450000e+04
   0.0000000e+00   0.0000000e+00   6.1138202e+03   2.3781000e+04
   0.0000000e+00   0.0000000e+00   6.1060985e+03   2.3889000e+04
   0.0000000e+00   0.0000000e+00   6.0959167e+03   2.4124000e+04
   0.0000000e+00   0.0000000e+00   6.0938639e+03   2.4452000e+04
   0.0000000e+00   0.0000000e+00   6.0888039e+03   2.4519000e+04
   0.0000000e+00   0.0000000e+00   6.0882859e+03   2.4586000e+04
   0.0000000e+00   0.0000000e+00   6.0753603e+03   2.4712000e+04
   0.0000000e+00   0.0000000e+00   6.0753603e+03   2.5564000e+04
   0.0000000e+00   0.0000000e+00   6.0740784e+03   2.5847000e+04
   0.0000000e+00   0.0000000e+00   6.0712169e+03   2.6225000e+04
   0.0000000e+00   0.0000000e+00   6.0679457e+03   2.7506000e+04
   0.0000000e+00   0.0000000e+00   6.0677893e+03   2.7579000e+04
   0.0000000e+00   0.0000000e+00   6.0627183e+03   2.7838000e+04
   0.0000000e+00   0.0000000e+00   6.0560963e+03   2.8933000e+04
   0.0000000e+00   0.0000000e+00   6.0385748e+03   2.9164000e+04
   0.0000000e+00   0.0000000e+00   6.0365386e+03   3.0512000e+04
   0.0000000e+00   0.0000000e+00   6.0336741e+03   3.1050000e+04
   0.0000000e+00   0.0000000e+00   6.0336741e+03   3.1086000e+04
   0.0000000e+00   0.0000000e+00   6.0241077e+03   3.1297000e+04
   0.0000000e+00   0.0000000e+00   6.0233273e+03   3.1368000e+04
   0.0000000e+00   0.0000000e+00   6.0233273e+03   3.1443000e+04
   0.0000000e+00   0.0000000e+00   6.0193653e+03   3.1779000e+04
   0.0000000e+00   0.0000000e+00   6.0176767e+03   3.1785000e+04
   0.0000000e+00   0.0000000e+00   6.0083514e+03   3.2373000e+04
   0.0000000e+00   0.0000000e+00   6.0001404e+03   3.3508000e+04
   0.0000000e+00   0.0000000e+00   5.9961785e+03   3.5881000e+04
   0.0000000e+00   0.0000000e+00   5.9961785e+03   3.7666000e+04
   0.0000000e+00   0.0000000e+00   5.9961785e+03   3.8758000e+04
   0.0000000e+00   0.0000000e+00   5.9961785e+03   3.8866000e+04
   0.0000000e+00   0.0000000e+00   5.9961785e+03   3.9544000e+04
   0.0000000e+00   0.0000000e+00   5.9961785e+03   4.1485000e+04
   0.0000000e+00   0.0000000e+00   5.9920630e+03   4.2201000e+04
   0.0000000e+00   0.0000000e+00   5.9868049e+03   4.3434000e+04
   0.0000000e+00   0.0000000e+00   5.9868042e+03   4.4877000e+04
   0.0000000e+00   0.0000000e+00   5.9868042e+03   4.5856000e+04
   0.0000000e+00   0.0000000e+00   5.9816645e+03   4.5870000e+04
   0.0000000e+00   0.0000000e+00   5.9816645e+03   4.5894000e+04
   0.0000000e+00   0.0000000e+00   5.9816645e+03   4.7657000e+04
   0.0000000e+00   0.0000000e+00   5.9811056e+03   4.7922000e+04
   0.0000000e+00   0.0000000e+00   5.9796510e+03   4.8629000e+04
   0.0000000e+00   0.0000000e+00   5.9791578e+03   5.0475000e+04
   0.0000000e+00   0.0000000e+00   5.9713969e+03   5.0955000e+04
   0.0000000e+00   0.0000000e+00   5.9674349e+03   5.1669000e+04
   0.0000000e+00   0.0000000e+00   5.9674349e+03   5.2476000e+04
   0.0000000e+00   0.0000000e+00   5.9659803e+03   5.2984000e+04
   0.0000000e+00   0.0000000e+00   5.9645257e+03   5.3465000e+04
   0.0000000e+00   0.0000000e+00   5.9630711e+03   5.3606000e+04
   0.0000000e+00   0.0000000e+00   5.9630711e+03   5.6874000e+04
   0.0000000e+00   0.0000000e+00   5.9630711e+03   5.7112000e+04
   0.0000000e+00   0.0000000e+00   5.9630711e+03   6.0197000e+04
   0.0000000e+00   0.0000000e+00   5.9630711e+03   6.2111000e+04
   0.0000000e+00   0.0000000e+00   5.9630711e+03   6.3441000e+04
   0.0000000e+00   0.0000000e+00   5.9630711e+03   6.3682000e+04
   0.0000000e+00   0.0000000e+00   5.9630711e+03   7.1459000e+04
   0.0000000e+00   0.0000000e+00   5.9630711e+03   7.3769000e+04
   0.0000000e+00   0.0000000e+00   5.9630711e+03   7.4895000e+04
   0.0000000e+00   0.0000000e+00   5.9623023e+03   7.9237000e+04
   0.0000000e+00   0.0000000e+00   5.9604173e+03   7.9254000e+04
   0.0000000e+00   0.0000000e+00   5.9604173e+03   7.9650000e+04
   0.0000000e+00   0.0000000e+00   5.9572633e+03   8.1515000e+04
   0.0000000e+00   0.0000000e+00   5.9572633e+03   8.1999000e+04
   0.0000000e+00   0.0000000e+00   5.9497819e+03   8.2483000e+04
   0.0000000e+00   0.0000000e+00   5.9459560e+03   8.2750000e+04
   0.0000000e+00   0.0000000e+00   5.9459560e+03   8.3138000e+04
   0.0000000e+00   0.0000000e+00   5.9438657e+03   8.3434000e+04
   0.0000000e+00   0.0000000e+00   5.9409594e+03   8.5120000e+04
   0.0000000e+00   0.0000000e+00   5.9409594e+03   8.5456000e+04
   0.0000000e+00   0.0000000e+00   5.9409594e+03   8.5845000e+04
   0.0000000e+00   0.0000000e+00   5.9395048e+03   8.6773000e+04
   0.0000000e+00   0.0000000e+00   5.9395048e+03   8.6903000e+04
   0.0000000e+00   0.0000000e+00   5.9395048e+03   8.8401000e+04
   0.0000000e+00   0.0000000e+00   5.9395048e+03   8.8470000e+04
   0.0000000e+00   0.0000000e+00   5.9364987e+03   8.8547000e+04
   0.0000000e+00   0.0000000e+00   5.9299731e+03   9.2332000e+04
   0.0000000e+00   0.0000000e+00   5.9285185e+03   9.2555000e+04
   0.0000000e+00   0.0000000e+00   5.9285185e+03   9.5363000e+04
   0.0000000e+00   0.0000000e+00   5.9257825e+03   9.5637000e+04
   0.0000000e+00   0.0000000e+00   5.9218205e+03   9.7795000e+04
   0.0000000e+00   0.0000000e+00   5.9218205e+03   9.8402000e+04
   0.0000000e+00   0.0000000e+00   5.9205220e+03   9.9217000e+04
   0.0000000e+00   0.0000000e+00   5.9190674e+03   1.0089500e+05
   0.0000000e+00   0.0000000e+00   5.9166809e+03   1.0160600e+05
   0.0000000e+00   0.0000000e+00   5.9091756e+03   1.0203800e+05
   0.0000000e+00   0.0000000e+00   5.9040732e+03   1.0215300e+05
   0.0000000e+00   0.0000000e+00   5.8897773e+03   1.0318200e+05
   0.0000000e+00   0.0000000e+00   5.8883227e+03   1.0460000e+05
   0.0000000e+00   0.0000000e+00   5.8868118e+03   1.0527800e+05
   0.0000000e+00   0.0000000e+00   5.8868118e+03   1.0575200e+05
   0.0000000e+00   0.0000000e+00   5.8853572e+03   1.0872400e+05
   0.0000000e+00   0.0000000e+00   5.8853572e+03   1.0915100e+05
   0.0000000e+00   0.0000000e+00   5.8853572e+03   1.1044400e+05
   0.0000000e+00   0.0000000e+00   5.8853572e+03   1.1056600e+05
   0.0000000e+00   0.0000000e+00   5.8853572e+03   1.1061600e+05
   0.0000000e+00   0.0000000e+00   5.8836686e+03   1.1067900e+05
   0.0000000e+00   0.0000000e+00   5.8836686e+03   1.1104400e+05
   0.0000000e+00   0.0000000e+00   5.8836686e+03   1.1264800e+05
   0.0000000e+00   0.0000000e+00   5.8836686e+03   1.1305700e+05
   0.0000000e+00   0.0000000e+00   5.8836686e+03   1.1477900e+05
   0.0000000e+00   0.0000000e+00   5.8819412e+03   1.1483900e+05
   0.0000000e+00   0.0000000e+00   5.8712488e+03   1.1650200e+05
   0.0000000e+00   0.0000000e+00   5.8669078e+03   1.1855200e+05
   0.0000000e+00   0.0000000e+00   5.8669078e+03   1.1931500e+05
   0.0000000e+00   0.0000000e+00   5.8669078e+03   1.2243400e+05
   0.0000000e+00   0.0000000e+00   5.8669078e+03   1.2258800e+05
   0.0000000e+00   0.0000000e+00   5.8669078e+03   1.2272800e+05
   0.0000000e+00   0.0000000e+00   5.8622950e+03   1.2325800e+05
   0.0000000e+00   0.0000000e+00   5.8608404e+03   1.2331300e+05
   0.0000000e+00   0.0000000e+00   5.8570263e+03   1.2338000e+05
   0.0000000e+00   0.0000000e+00   5.8570263e+03   1.2395800e+05
   0.0000000e+00   0.0000000e+00   5.8570263e+03   1.2565500e+05
   0.0000000e+00   0.0000000e+00   5.8570263e+03   1.2571700e+05
   0.0000000e+00   0.0000000e+00   5.8558489e+03   1.2606400e+05
   0.0000000e+00   0.0000000e+00   5.8506977e+03   1.3044600e+05
   0.0000000e+00   0.0000000e+00   5.8506977e+03   1.3134500e+05
   0.0000000e+00   0.0000000e+00   5.8448760e+03   1.3208900e+05
   0.0000000e+00   0.0000000e+00   5.8387794e+03   1.3222900e+05
   0.0000000e+00   0.0000000e+00   5.8375732e+03   1.3620000e+05
   0.0000000e+00   0.0000000e+00   5.8375732e+03   1.3888000e+05
   0.0000000e+00   0.0000000e+00   5.8302820e+03   1.4015100e+05
   0.0000000e+00   0.0000000e+00   5.8297395e+03   1.4093700e+05
   0.0000000e+00   0.0000000e+00   5.8264839e+03   1.4107700e+05
   0.0000000e+00   0.0000000e+00   5.8264839e+03   1.4222700e+05
   0.0000000e+00   0.0000000e+00   5.8164115e+03   1.4318000e+05
   0.0000000e+00   0.0000000e+00   5.8164115e+03   1.4327700e+05
   0.0000000e+00   0.0000000e+00   5.8158934e+03   1.4491300e+05
   0.0000000e+00   0.0000000e+00   5.8122257e+03   1.4683400e+05
   0.0000000e+00   0.0000000e+00   5.8098542e+03   1.4799800e+05
   0.0000000e+00   0.0000000e+00   5.8098542e+03   1.4883700e+05
   0.0000000e+00   0.0000000e+00   5.8064056e+03   1.4956100e+05
   0.0000000e+00   0.0000000e+00   5.8029046e+03   1.5045200e+05
   0.0000000e+00   0.0000000e+00   5.7991519e+03   1.5048000e+05
   0.0000000e+00   0.0000000e+00   5.7847876e+03   1.5101100e+05
   0.0000000e+00   0.0000000e+00   5.7808256e+03   1.5143700e+05
   0.0000000e+00   0.0000000e+00   5.7808256e+03   1.5195900e+05
   0.0000000e+00   0.0000000e+00   5.7788260e+03   1.5202400e+05
   0.0000000e+00   0.0000000e+00   5.7700843e+03   1.5221200e+05
   0.0000000e+00   0.0000000e+00   5.7625119e+03   1.5246300e+05
   0.0000000e+00   0.0000000e+00   5.7549331e+03   1.5345000e+05
   0.0000000e+00   0.0000000e+00   5.7538638e+03   1.5493800e+05
   0.0000000e+00   0.0000000e+00   5.7538638e+03   1.5627000e+05
   0.0000000e+00   0.0000000e+00   5.7524092e+03   1.5709000e+05
   0.0000000e+00   0.0000000e+00   5.7491645e+03   1.5869900e+05
   0.0000000e+00   0.0000000e+00   5.7442787e+03   1.5979200e+05
   0.0000000e+00   0.0000000e+00   5.7399778e+03   1.6119800e+05
   0.0000000e+00   0.0000000e+00   5.7385232e+03   1.6227200e+05
   0.0000000e+00   0.0000000e+00   5.7370686e+03   1.6354900e+05
   0.0000000e+00   0.0000000e+00   5.7370686e+03   1.6377200e+05
   0.0000000e+00   0.0000000e+00   5.7333920e+03   1.6644500e+05
   0.0000000e+00   0.0000000e+00   5.7316559e+03   1.6656800e+05
   0.0000000e+00   0.0000000e+00   5.7312762e+03   1.6702300e+05
   0.0000000e+00   0.0000000e+00   5.7312762e+03   1.6734300e+05
   0.0000000e+00   0.0000000e+00   5.7312762e+03   1.6756000e+05
   0.0000000e+00   0.0000000e+00   5.7298216e+03   1.6886500e+05
   0.0000000e+00   0.0000000e+00   5.7277313e+03   1.7027000e+05
   0.0000000e+00   0.0000000e+00   5.7277313e+03   1.7160200e+05
   0.0000000e+00   0.0000000e+00   5.7277060e+03   1.7291600e+05
   0.0000000e+00   0.0000000e+00   5.7277060e+03   1.7481700e+05
   0.0000000e+00   0.0000000e+00   5.7270703e+03   1.7517600e+05
   0.0000000e+00   0.0000000e+00   5.7270703e+03   1.7592700e+05
   0.0000000e+00   0.0000000e+00   5.7267236e+03   1.7801500e+05
   0.0000000e+00   0.0000000e+00   5.7267236e+03   1.7836800e+05
   0.0000000e+00   0.0000000e+00   5.7267236e+03   1.7904300e+05
   0.0000000e+00   0.0000000e+00   5.7267236e+03   1.7956600e+05
   0.0000000e+00   0.0000000e+00   5.7267236e+03   1.8155500e+05
   0.0000000e+00   0.0000000e+00   5.7229709e+03   1.8164300e+05
   0.0000000e+00   0.0000000e+00   5.7229709e+03   1.8186800e+05
   0.0000000e+00   0.0000000e+00   5.7220649e+03   1.8406100e+05
   0.0000000e+00   0.0000000e+00   5.7220649e+03   1.8611900e+05
   0.0000000e+00   0.0000000e+00   5.7198298e+03   1.8725400e+05
   0.0000000e+00   0.0000000e+00   5.7169205e+03   1.8759700e+05
   0.0000000e+00   0.0000000e+00   5.7169205e+03   1.9009000e+05
   0.0000000e+00   0.0000000e+00   5.7169205e+03   1.9009700e+05
   0.0000000e+00   0.0000000e+00   5.7169205e+03   1.9337100e+05
   0.0000000e+00   0.0000000e+00   5.7169205e+03   1.9604600e+05
   0.0000000e+00   0.0000000e+00   5.7169205e+03   1.9862700e+05
   0.0000000e+00   0.0000000e+00   5.7169205e+03   1.9896900e+05
