   2.4080356e+02   1.0683986e+01   1.5293427e+04   2.0000000e+00
   2.1224703e+02   1.0194609e+01   1.4994940e+04   3.0000000e+00
   2.0993215e+02   9.2856941e+00   1.5175745e+04   4.0000000e+00
   2.0638549e+02   9.1864442e+00   1.5078816e+04   5.0000000e+00
   2.0242444e+02   9.3426213e+00   1.4959177e+04   6.0000000e+00
   1.8907831e+02   8.5634015e+00   1.4728129e+04   8.0000000e+00
   1.8506843e+02   7.5661765e+00   1.5019727e+04   9.0000000e+00
   1.8229585e+02   7.1973305e+00   1.5667265e+04   1.1000000e+01
   1.7886598e+02   6.4933612e+00   1.6143686e+04   1.2000000e+01
   1.7399904e+02   5.9528548e+00   1.6266561e+04   1.3000000e+01
   1.7241815e+02   6.3734928e+00   1.5887421e+04   1.4000000e+01
   1.7081540e+02   6.3385210e+00   1.5774083e+04   1.5000000e+01
   1.6649818e+02   5.7117934e+00   1.6753659e+04   1.8000000e+01
   1.6142159e+02   5.4039456e+00   1.6496694e+04   2.1000000e+01
   1.4413963e+02   3.5928054e+00   1.6496659e+04   2.2000000e+01
   1.3754939e+02   3.0875307e+00   1.6586814e+04   2.3000000e+01
   1.3376608e+02   3.5702162e+00   1.6254034e+04   2.5000000e+01
   1.1279975e+02   2.1384233e+00   1.7823365e+04   2.6000000e+01
   1.0211000e+02   1.8357629e+00   1.8172127e+04   2.7000000e+01
   1.0084003e+02   1.8200835e+00   1.8188182e+04   2.8000000e+01
   8.7824380e+01   1.6037712e+00   1.7919176e+04   2.9000000e+01
   7.7917890e+01   1.1414130e+00   1.8881267e+04   3.5000000e+01
   7.7180117e+01   1.0135791e+00   1.9383835e+04   3.6000000e+01
   7.5584432e+01   9.3936905e-01   1.9578231e+04   3.7000000e+01
   6.8022313e+01   8.0227691e-01   1.9591627e+04   3.9000000e+01
   6.7860017e+01   8.2879214e-01   1.9461897e+04   4.1000000e+01
   6.3782452e+01   5.8934667e-01   1.9607063e+04   4.3000000e+01
   6.2935712e+01   6.1318262e-01   1.9325070e+04   4.4000000e+01
   6.0407358e+01   5.1671277e-01   1.9378016e+04   5.0000000e+01
   5.9524549e+01   4.2619879e-01   1.9703208e+04   5.1000000e+01
   5.9118177e+01   3.9885044e-01   1.9400386e+04   5.4000000e+01
   5.8834444e+01   2.9992595e-01   1.9429445e+04   5.5000000e+01
   4.9898802e+01   1.6011382e-01   2.0509727e+04   5.6000000e+01
   4.9753879e+01   1.6883804e-01   2.0345612e+04   6.0000000e+01
   4.4367773e+01   2.0190144e-01   2.0196970e+04   6.1000000e+01
   4.4134014e+01   1.9973580e-01   2.0787817e+04   6.2000000e+01
   4.3016013e+01   1.4234813e-01   2.0799345e+04   6.3000000e+01
   4.1846499e+01   1.9029649e-01   2.0505815e+04   6.5000000e+01
   4.0682890e+01   1.4837574e-01   2.0549089e+04   6.6000000e+01
   4.0111171e+01   9.6771439e-02   2.1095741e+04   6.8000000e+01
   3.9454089e+01   3.1415458e-02   2.0944902e+04   6.9000000e+01
   3.8271136e+01   3.4809489e-02   2.0843508e+04   7.0000000e+01
   3.6529884e+01   0.0000000e+00   2.1587914e+04   7.1000000e+01
   3.5827013e+01   1.3723609e-02   2.1156806e+04   7.8000000e+01
   3.5243961e+01   1.4565573e-02   2.2164467e+04   8.0000000e+01
   3.5209252e+01   6.4175707e-03   2.2233029e+04   8.3000000e+01
   3.4501754e+01   2.8143595e-02   2.2002536e+04   8.6000000e+01
   3.2505469e+01   0.0000000e+00   2.1881478e+04   8.7000000e+01
   3.2015758e+01   0.0000000e+00   2.2061362e+04   8.9000000e+01
   3.1482131e+01   0.0000000e+00   2.2504675e+04   9.2000000e+01
   2.9509739e+01   0.0000000e+00   2.2426519e+04   9.3000000e+01
   2.9069851e+01   0.0000000e+00   2.2682570e+04   9.6000000e+01
   2.8921331e+01   0.0000000e+00   2.2351700e+04   9.9000000e+01
   2.7974497e+01   0.0000000e+00   2.2517620e+04   1.0100000e+02
   2.7820228e+01   0.0000000e+00   2.1759297e+04   1.0400000e+02
   2.7575308e+01   0.0000000e+00   2.2118703e+04   1.0600000e+02
   2.6804278e+01   0.0000000e+00   2.1747781e+04   1.0800000e+02
   2.5878816e+01   0.0000000e+00   2.1832500e+04   1.1100000e+02
   2.4056806e+01   0.0000000e+00   2.2183223e+04   1.1400000e+02
   2.4043481e+01   0.0000000e+00   2.1824537e+04   1.1700000e+02
   2.3936649e+01   0.0000000e+00   2.2400874e+04   1.1900000e+02
   2.3003598e+01   0.0000000e+00   2.3331418e+04   1.2200000e+02
   2.2341602e+01   0.0000000e+00   2.3215504e+04   1.2400000e+02
   2.0586309e+01   0.0000000e+00   2.2967686e+04   1.2700000e+02
   1.9812033e+01   0.0000000e+00   2.2902801e+04   1.2800000e+02
   1.9058672e+01   0.0000000e+00   2.2949437e+04   1.3500000e+02
   1.8041006e+01   0.0000000e+00   2.3550434e+04   1.3600000e+02
   1.7934893e+01   0.0000000e+00   2.2948752e+04   1.3700000e+02
   1.7533488e+01   0.0000000e+00   2.2871229e+04   1.4100000e+02
   1.7124079e+01   0.0000000e+00   2.2359208e+04   1.4400000e+02
   1.6890416e+01   0.0000000e+00   2.2306233e+04   1.4600000e+02
   1.6847301e+01   0.0000000e+00   2.3044432e+04   1.4700000e+02
   1.6443473e+01   0.0000000e+00   2.4379678e+04   1.4800000e+02
   1.5909664e+01   0.0000000e+00   2.4064940e+04   1.4900000e+02
   4.8475002e+00   0.0000000e+00   2.4452367e+04   1.5100000e+02
   4.5512355e+00   0.0000000e+00   2.4021904e+04   1.5200000e+02
   3.2788065e+00   0.0000000e+00   2.4124285e+04   1.5900000e+02
   3.2634336e+00   0.0000000e+00   2.5422008e+04   1.6000000e+02
   3.2019850e+00   0.0000000e+00   2.5771870e+04   1.6800000e+02
   2.9707258e+00   0.0000000e+00   2.6193726e+04   1.7300000e+02
   2.3057898e+00   0.0000000e+00   2.5687270e+04   1.7400000e+02
   2.1203032e+00   0.0000000e+00   2.6358716e+04   1.7500000e+02
   2.1167512e+00   0.0000000e+00   2.5725299e+04   1.7600000e+02
   2.0927763e+00   0.0000000e+00   2.5207258e+04   1.7700000e+02
   2.0873030e+00   0.0000000e+00   2.5336533e+04   1.7900000e+02
   1.5564309e+00   0.0000000e+00   2.6345339e+04   1.8300000e+02
   1.5161703e+00   0.0000000e+00   2.5998820e+04   1.8400000e+02
   1.5149051e+00   0.0000000e+00   2.5608374e+04   1.8500000e+02
   1.5130998e+00   0.0000000e+00   2.5110389e+04   1.8600000e+02
   1.4870885e+00   0.0000000e+00   2.5855951e+04   1.9700000e+02
   1.4459709e+00   0.0000000e+00   2.6605646e+04   2.0800000e+02
   1.0214700e+00   0.0000000e+00   2.7319092e+04   2.1000000e+02
   9.0561912e-01   0.0000000e+00   2.7401415e+04   2.1900000e+02
   8.5607503e-01   0.0000000e+00   2.7208218e+04   2.2000000e+02
   7.7130768e-01   0.0000000e+00   2.7574053e+04   2.2200000e+02
   7.6979412e-01   0.0000000e+00   2.7460623e+04   2.2400000e+02
   7.6519350e-01   0.0000000e+00   2.7484766e+04   2.2700000e+02
   7.5897544e-01   0.0000000e+00   2.7210394e+04   2.3200000e+02
   6.2752800e-01   0.0000000e+00   2.6677407e+04   2.3400000e+02
   6.1922345e-01   0.0000000e+00   2.7691796e+04   2.3500000e+02
   5.8776594e-01   0.0000000e+00   2.7837426e+04   2.3700000e+02
   5.8118947e-01   0.0000000e+00   2.8449418e+04   2.4200000e+02
   5.2654571e-01   0.0000000e+00   2.7809346e+04   2.4300000e+02
   3.1931050e-01   0.0000000e+00   2.8422312e+04   2.4500000e+02
   2.9636804e-01   0.0000000e+00   2.8921930e+04   2.4900000e+02
   2.7253108e-01   0.0000000e+00   2.8437480e+04   2.5400000e+02
   2.4028540e-01   0.0000000e+00   2.8585452e+04   2.5600000e+02
   2.3247805e-01   0.0000000e+00   2.8090489e+04   2.5700000e+02
   2.2956232e-01   0.0000000e+00   2.7603411e+04   2.6900000e+02
   0.0000000e+00   0.0000000e+00   2.7750248e+04   2.7400000e+02
   0.0000000e+00   0.0000000e+00   2.7583771e+04   2.7500000e+02
   0.0000000e+00   0.0000000e+00   2.7171071e+04   2.7900000e+02
   0.0000000e+00   0.0000000e+00   2.6322389e+04   2.8200000e+02
   0.0000000e+00   0.0000000e+00   2.5967909e+04   2.8400000e+02
   0.0000000e+00   0.0000000e+00   2.5554377e+04   2.8500000e+02
   0.0000000e+00   0.0000000e+00   2.5127911e+04   2.9400000e+02
   0.0000000e+00   0.0000000e+00   2.4946264e+04   3.0000000e+02
   0.0000000e+00   0.0000000e+00   2.4851028e+04   3.2100000e+02
   0.0000000e+00   0.0000000e+00   2.4661852e+04   3.2500000e+02
   0.0000000e+00   0.0000000e+00   2.4512351e+04   3.2600000e+02
   0.0000000e+00   0.0000000e+00   2.4200592e+04   3.2800000e+02
   0.0000000e+00   0.0000000e+00   2.3651349e+04   3.3500000e+02
   0.0000000e+00   0.0000000e+00   2.3456081e+04   3.4700000e+02
   0.0000000e+00   0.0000000e+00   2.3149873e+04   3.4800000e+02
   0.0000000e+00   0.0000000e+00   2.2805783e+04   3.5400000e+02
   0.0000000e+00   0.0000000e+00   2.2458885e+04   3.5500000e+02
   0.0000000e+00   0.0000000e+00   2.2355150e+04   3.6100000e+02
   0.0000000e+00   0.0000000e+00   2.2211445e+04   3.6600000e+02
   0.0000000e+00   0.0000000e+00   2.2157978e+04   3.6700000e+02
   0.0000000e+00   0.0000000e+00   2.1951455e+04   3.7100000e+02
   0.0000000e+00   0.0000000e+00   2.1837719e+04   3.7500000e+02
   0.0000000e+00   0.0000000e+00   2.1657853e+04   3.8000000e+02
   0.0000000e+00   0.0000000e+00   2.1141718e+04   3.9700000e+02
   0.0000000e+00   0.0000000e+00   2.0571443e+04   4.0100000e+02
   0.0000000e+00   0.0000000e+00   1.9787624e+04   4.0900000e+02
   0.0000000e+00   0.0000000e+00   1.9659632e+04   4.1000000e+02
   0.0000000e+00   0.0000000e+00   1.9603333e+04   4.1500000e+02
   0.0000000e+00   0.0000000e+00   1.9465376e+04   4.2400000e+02
   0.0000000e+00   0.0000000e+00   1.9378543e+04   4.2600000e+02
   0.0000000e+00   0.0000000e+00   1.9353749e+04   4.3000000e+02
   0.0000000e+00   0.0000000e+00   1.8928219e+04   4.3200000e+02
   0.0000000e+00   0.0000000e+00   1.8876207e+04   4.3400000e+02
   0.0000000e+00   0.0000000e+00   1.8728170e+04   4.3800000e+02
   0.0000000e+00   0.0000000e+00   1.8476592e+04   4.4000000e+02
   0.0000000e+00   0.0000000e+00   1.8445845e+04   4.4100000e+02
   0.0000000e+00   0.0000000e+00   1.8087584e+04   4.4200000e+02
   0.0000000e+00   0.0000000e+00   1.7890910e+04   4.4400000e+02
   0.0000000e+00   0.0000000e+00   1.7767067e+04   4.4800000e+02
   0.0000000e+00   0.0000000e+00   1.7684483e+04   4.4900000e+02
   0.0000000e+00   0.0000000e+00   1.7437553e+04   4.5000000e+02
   0.0000000e+00   0.0000000e+00   1.6843019e+04   4.5500000e+02
   0.0000000e+00   0.0000000e+00   1.6604703e+04   4.6100000e+02
   0.0000000e+00   0.0000000e+00   1.6205041e+04   4.6300000e+02
   0.0000000e+00   0.0000000e+00   1.6071560e+04   4.6400000e+02
   0.0000000e+00   0.0000000e+00   1.5760083e+04   4.6500000e+02
   0.0000000e+00   0.0000000e+00   1.5631117e+04   4.6600000e+02
   0.0000000e+00   0.0000000e+00   1.5621667e+04   4.6900000e+02
   0.0000000e+00   0.0000000e+00   1.5351548e+04   4.7100000e+02
   0.0000000e+00   0.0000000e+00   1.5343082e+04   4.7800000e+02
   0.0000000e+00   0.0000000e+00   1.5298876e+04   4.8500000e+02
   0.0000000e+00   0.0000000e+00   1.5191851e+04   4.8600000e+02
   0.0000000e+00   0.0000000e+00   1.5172813e+04   4.8700000e+02
   0.0000000e+00   0.0000000e+00   1.5166388e+04   4.8900000e+02
   0.0000000e+00   0.0000000e+00   1.5102453e+04   4.9400000e+02
   0.0000000e+00   0.0000000e+00   1.4941957e+04   4.9500000e+02
   0.0000000e+00   0.0000000e+00   1.4834544e+04   4.9600000e+02
   0.0000000e+00   0.0000000e+00   1.4815785e+04   4.9800000e+02
   0.0000000e+00   0.0000000e+00   1.4778949e+04   5.1000000e+02
   0.0000000e+00   0.0000000e+00   1.4565409e+04   5.1600000e+02
   0.0000000e+00   0.0000000e+00   1.4430578e+04   5.2800000e+02
   0.0000000e+00   0.0000000e+00   1.4329922e+04   5.3700000e+02
   0.0000000e+00   0.0000000e+00   1.4285348e+04   5.4200000e+02
   0.0000000e+00   0.0000000e+00   1.4262126e+04   5.4500000e+02
   0.0000000e+00   0.0000000e+00   1.4162942e+04   5.5600000e+02
   0.0000000e+00   0.0000000e+00   1.4134341e+04   5.5800000e+02
   0.0000000e+00   0.0000000e+00   1.4113304e+04   5.7700000e+02
   0.0000000e+00   0.0000000e+00   1.4066522e+04   5.8200000e+02
   0.0000000e+00   0.0000000e+00   1.3723054e+04   5.8400000e+02
   0.0000000e+00   0.0000000e+00   1.3545927e+04   5.9800000e+02
   0.0000000e+00   0.0000000e+00   1.3525949e+04   6.0700000e+02
   0.0000000e+00   0.0000000e+00   1.3358714e+04   6.0900000e+02
   0.0000000e+00   0.0000000e+00   1.3173972e+04   6.1100000e+02
   0.0000000e+00   0.0000000e+00   1.3011729e+04   6.1200000e+02
   0.0000000e+00   0.0000000e+00   1.2846031e+04   6.1500000e+02
   0.0000000e+00   0.0000000e+00   1.2767084e+04   6.2600000e+02
   0.0000000e+00   0.0000000e+00   1.2733357e+04   6.3600000e+02
   0.0000000e+00   0.0000000e+00   1.2500482e+04   6.3900000e+02
   0.0000000e+00   0.0000000e+00   1.2438799e+04   6.4000000e+02
   0.0000000e+00   0.0000000e+00   1.2347487e+04   6.5200000e+02
   0.0000000e+00   0.0000000e+00   1.2338501e+04   6.5400000e+02
   0.0000000e+00   0.0000000e+00   1.2271876e+04   6.5600000e+02
   0.0000000e+00   0.0000000e+00   1.2239843e+04   6.5800000e+02
   0.0000000e+00   0.0000000e+00   1.2105204e+04   6.6200000e+02
   0.0000000e+00   0.0000000e+00   1.2093172e+04   6.6700000e+02
   0.0000000e+00   0.0000000e+00   1.1786253e+04   6.7100000e+02
   0.0000000e+00   0.0000000e+00   1.1690123e+04   6.7800000e+02
   0.0000000e+00   0.0000000e+00   1.1562037e+04   6.8700000e+02
   0.0000000e+00   0.0000000e+00   1.1552998e+04   6.8800000e+02
   0.0000000e+00   0.0000000e+00   1.1546498e+04   6.9400000e+02
   0.0000000e+00   0.0000000e+00   1.1301017e+04   7.0100000e+02
   0.0000000e+00   0.0000000e+00   1.1219153e+04   7.0400000e+02
   0.0000000e+00   0.0000000e+00   1.1036983e+04   7.1200000e+02
   0.0000000e+00   0.0000000e+00   1.0951360e+04   7.4000000e+02
   0.0000000e+00   0.0000000e+00   1.0905424e+04   7.4600000e+02
   0.0000000e+00   0.0000000e+00   1.0883612e+04   7.5700000e+02
   0.0000000e+00   0.0000000e+00   1.0618336e+04   7.7700000e+02
   0.0000000e+00   0.0000000e+00   1.0353279e+04   7.7800000e+02
   0.0000000e+00   0.0000000e+00   1.0281460e+04   8.1700000e+02
   0.0000000e+00   0.0000000e+00   1.0280137e+04   8.2300000e+02
   0.0000000e+00   0.0000000e+00   1.0228816e+04   8.4500000e+02
   0.0000000e+00   0.0000000e+00   1.0117410e+04   8.5200000e+02
   0.0000000e+00   0.0000000e+00   9.9737349e+03   8.5900000e+02
   0.0000000e+00   0.0000000e+00   9.8168392e+03   8.7500000e+02
   0.0000000e+00   0.0000000e+00   9.7152823e+03   8.9100000e+02
   0.0000000e+00   0.0000000e+00   9.6961947e+03   8.9800000e+02
   0.0000000e+00   0.0000000e+00   9.6520572e+03   9.0700000e+02
   0.0000000e+00   0.0000000e+00   9.4876697e+03   9.5700000e+02
   0.0000000e+00   0.0000000e+00   9.2630315e+03   1.0020000e+03
   0.0000000e+00   0.0000000e+00   9.2434136e+03   1.0110000e+03
   0.0000000e+00   0.0000000e+00   9.2076607e+03   1.0230000e+03
   0.0000000e+00   0.0000000e+00   9.1643771e+03   1.0340000e+03
   0.0000000e+00   0.0000000e+00   9.1311696e+03   1.0680000e+03
   0.0000000e+00   0.0000000e+00   9.0874714e+03   1.0730000e+03
   0.0000000e+00   0.0000000e+00   9.0588910e+03   1.0800000e+03
   0.0000000e+00   0.0000000e+00   9.0386531e+03   1.0840000e+03
   0.0000000e+00   0.0000000e+00   9.0065315e+03   1.0880000e+03
   0.0000000e+00   0.0000000e+00   8.9886902e+03   1.1010000e+03
   0.0000000e+00   0.0000000e+00   8.9687064e+03   1.1260000e+03
   0.0000000e+00   0.0000000e+00   8.9200857e+03   1.1360000e+03
   0.0000000e+00   0.0000000e+00   8.8611349e+03   1.1670000e+03
   0.0000000e+00   0.0000000e+00   8.8067151e+03   1.1790000e+03
   0.0000000e+00   0.0000000e+00   8.7933724e+03   1.1860000e+03
   0.0000000e+00   0.0000000e+00   8.7553444e+03   1.1940000e+03
   0.0000000e+00   0.0000000e+00   8.6671406e+03   1.2040000e+03
   0.0000000e+00   0.0000000e+00   8.6464446e+03   1.2110000e+03
   0.0000000e+00   0.0000000e+00   8.5735579e+03   1.2130000e+03
   0.0000000e+00   0.0000000e+00   8.3785614e+03   1.2240000e+03
   0.0000000e+00   0.0000000e+00   8.3134296e+03   1.2610000e+03
   0.0000000e+00   0.0000000e+00   8.2755492e+03   1.2660000e+03
   0.0000000e+00   0.0000000e+00   8.2569142e+03   1.2810000e+03
   0.0000000e+00   0.0000000e+00   8.2051628e+03   1.3150000e+03
   0.0000000e+00   0.0000000e+00   8.1407939e+03   1.3240000e+03
   0.0000000e+00   0.0000000e+00   8.0050113e+03   1.3610000e+03
   0.0000000e+00   0.0000000e+00   7.9803172e+03   1.3690000e+03
   0.0000000e+00   0.0000000e+00   7.9719205e+03   1.3910000e+03
   0.0000000e+00   0.0000000e+00   7.9314711e+03   1.4540000e+03
   0.0000000e+00   0.0000000e+00   7.9198801e+03   1.5140000e+03
   0.0000000e+00   0.0000000e+00   7.8971740e+03   1.5230000e+03
   0.0000000e+00   0.0000000e+00   7.8878120e+03   1.5490000e+03
   0.0000000e+00   0.0000000e+00   7.8720305e+03   1.5920000e+03
   0.0000000e+00   0.0000000e+00   7.8698824e+03   1.5950000e+03
   0.0000000e+00   0.0000000e+00   7.8360402e+03   1.6060000e+03
   0.0000000e+00   0.0000000e+00   7.8001016e+03   1.6110000e+03
   0.0000000e+00   0.0000000e+00   7.7886823e+03   1.6220000e+03
   0.0000000e+00   0.0000000e+00   7.7851205e+03   1.6550000e+03
   0.0000000e+00   0.0000000e+00   7.7448188e+03   1.6630000e+03
   0.0000000e+00   0.0000000e+00   7.7398536e+03   1.7360000e+03
   0.0000000e+00   0.0000000e+00   7.7021292e+03   1.9030000e+03
   0.0000000e+00   0.0000000e+00   7.6867274e+03   1.9150000e+03
   0.0000000e+00   0.0000000e+00   7.6746916e+03   1.9900000e+03
   0.0000000e+00   0.0000000e+00   7.6577900e+03   2.1880000e+03
   0.0000000e+00   0.0000000e+00   7.5867443e+03   2.1970000e+03
   0.0000000e+00   0.0000000e+00   7.5821731e+03   2.2340000e+03
   0.0000000e+00   0.0000000e+00   7.5796122e+03   2.2570000e+03
   0.0000000e+00   0.0000000e+00   7.5677739e+03   2.3050000e+03
   0.0000000e+00   0.0000000e+00   7.5410690e+03   2.3190000e+03
   0.0000000e+00   0.0000000e+00   7.5377213e+03   2.3820000e+03
   0.0000000e+00   0.0000000e+00   7.5286309e+03   2.3970000e+03
   0.0000000e+00   0.0000000e+00   7.5000190e+03   2.4150000e+03
   0.0000000e+00   0.0000000e+00   7.4773234e+03   2.4500000e+03
   0.0000000e+00   0.0000000e+00   7.4707225e+03   2.6780000e+03
   0.0000000e+00   0.0000000e+00   7.4267574e+03   2.7890000e+03
   0.0000000e+00   0.0000000e+00   7.4228408e+03   3.5870000e+03
   0.0000000e+00   0.0000000e+00   7.4204023e+03   5.2100000e+03
   0.0000000e+00   0.0000000e+00   7.4159368e+03   5.7320000e+03
   0.0000000e+00   0.0000000e+00   7.4076085e+03   5.8900000e+03
   0.0000000e+00   0.0000000e+00   7.2922898e+03   5.9090000e+03
   0.0000000e+00   0.0000000e+00   7.2629965e+03   5.9560000e+03
   0.0000000e+00   0.0000000e+00   7.2535778e+03   5.9990000e+03
   0.0000000e+00   0.0000000e+00   7.2438353e+03   6.0990000e+03
   0.0000000e+00   0.0000000e+00   7.2384828e+03   6.1530000e+03
   0.0000000e+00   0.0000000e+00   7.2060974e+03   6.4890000e+03
   0.0000000e+00   0.0000000e+00   7.2009698e+03   7.0760000e+03
   0.0000000e+00   0.0000000e+00   7.1875231e+03   7.1820000e+03
   0.0000000e+00   0.0000000e+00   7.1854716e+03   8.1370000e+03
   0.0000000e+00   0.0000000e+00   7.1706920e+03   8.7850000e+03
   0.0000000e+00   0.0000000e+00   7.1462059e+03   8.8280000e+03
   0.0000000e+00   0.0000000e+00   7.1366048e+03   1.0033000e+04
   0.0000000e+00   0.0000000e+00   7.1276901e+03   1.0280000e+04
   0.0000000e+00   0.0000000e+00   7.1241560e+03   1.0333000e+04
   0.0000000e+00   0.0000000e+00   7.1206944e+03   1.0527000e+04
   0.0000000e+00   0.0000000e+00   7.0863781e+03   1.0835000e+04
   0.0000000e+00   0.0000000e+00   7.0813997e+03   1.0873000e+04
   0.0000000e+00   0.0000000e+00   7.0796202e+03   1.1860000e+04
   0.0000000e+00   0.0000000e+00   7.0710377e+03   1.2242000e+04
   0.0000000e+00   0.0000000e+00   7.0702448e+03   1.3277000e+04
   0.0000000e+00   0.0000000e+00   7.0546951e+03   1.3524000e+04
   0.0000000e+00   0.0000000e+00   7.0435457e+03   1.3528000e+04
   0.0000000e+00   0.0000000e+00   7.0329305e+03   1.3644000e+04
   0.0000000e+00   0.0000000e+00   7.0268781e+03   1.3773000e+04
   0.0000000e+00   0.0000000e+00   7.0236549e+03   1.4127000e+04
   0.0000000e+00   0.0000000e+00   7.0215639e+03   1.4416000e+04
   0.0000000e+00   0.0000000e+00   7.0194121e+03   1.4799000e+04
   0.0000000e+00   0.0000000e+00   7.0185501e+03   1.5467000e+04
   0.0000000e+00   0.0000000e+00   7.0141350e+03   1.5773000e+04
   0.0000000e+00   0.0000000e+00   6.9988192e+03   1.6218000e+04
   0.0000000e+00   0.0000000e+00   6.9983571e+03   1.6360000e+04
   0.0000000e+00   0.0000000e+00   6.9974475e+03   1.6817000e+04
   0.0000000e+00   0.0000000e+00   6.9960908e+03   1.7067000e+04
   0.0000000e+00   0.0000000e+00   6.9958267e+03   1.7654000e+04
   0.0000000e+00   0.0000000e+00   6.9955055e+03   1.7922000e+04
   0.0000000e+00   0.0000000e+00   6.9734974e+03   1.8272000e+04
   0.0000000e+00   0.0000000e+00   6.9733219e+03   1.8661000e+04
   0.0000000e+00   0.0000000e+00   6.9729904e+03   2.1793000e+04
   0.0000000e+00   0.0000000e+00   6.9496664e+03   2.5828000e+04
   0.0000000e+00   0.0000000e+00   6.9450165e+03   2.5975000e+04
   0.0000000e+00   0.0000000e+00   6.9421279e+03   2.6007000e+04
   0.0000000e+00   0.0000000e+00   6.9389761e+03   2.7796000e+04
   0.0000000e+00   0.0000000e+00   6.9352503e+03   2.8376000e+04
   0.0000000e+00   0.0000000e+00   6.9323317e+03   2.9485000e+04
   0.0000000e+00   0.0000000e+00   6.9200909e+03   2.9573000e+04
   0.0000000e+00   0.0000000e+00   6.9193457e+03   2.9646000e+04
   0.0000000e+00   0.0000000e+00   6.9173863e+03   3.2963000e+04
   0.0000000e+00   0.0000000e+00   6.9167459e+03   3.3939000e+04
   0.0000000e+00   0.0000000e+00   6.9164988e+03   3.4274000e+04
   0.0000000e+00   0.0000000e+00   6.9158578e+03   3.4734000e+04
   0.0000000e+00   0.0000000e+00   6.9153024e+03   3.4905000e+04
   0.0000000e+00   0.0000000e+00   6.9148217e+03   3.5369000e+04
   0.0000000e+00   0.0000000e+00   6.9145227e+03   3.5595000e+04
   0.0000000e+00   0.0000000e+00   6.9102057e+03   3.5707000e+04
   0.0000000e+00   0.0000000e+00   6.9088408e+03   3.5758000e+04
   0.0000000e+00   0.0000000e+00   6.9083855e+03   3.5815000e+04
   0.0000000e+00   0.0000000e+00   6.9069534e+03   3.5830000e+04
   0.0000000e+00   0.0000000e+00   6.9036958e+03   3.6033000e+04
   0.0000000e+00   0.0000000e+00   6.8974055e+03   3.6414000e+04
   0.0000000e+00   0.0000000e+00   6.8949477e+03   3.7181000e+04
   0.0000000e+00   0.0000000e+00   6.8930575e+03   3.7315000e+04
   0.0000000e+00   0.0000000e+00   6.8923746e+03   3.7423000e+04
   0.0000000e+00   0.0000000e+00   6.8810389e+03   3.7448000e+04
   0.0000000e+00   0.0000000e+00   6.8668296e+03   3.7563000e+04
   0.0000000e+00   0.0000000e+00   6.8663673e+03   3.7736000e+04
   0.0000000e+00   0.0000000e+00   6.8020936e+03   3.8112000e+04
   0.0000000e+00   0.0000000e+00   6.7945547e+03   3.8549000e+04
   0.0000000e+00   0.0000000e+00   6.7892814e+03   3.8593000e+04
   0.0000000e+00   0.0000000e+00   6.7853217e+03   3.9008000e+04
   0.0000000e+00   0.0000000e+00   6.7851284e+03   3.9654000e+04
   0.0000000e+00   0.0000000e+00   6.7851284e+03   4.0325000e+04
   0.0000000e+00   0.0000000e+00   6.7848561e+03   4.0367000e+04
   0.0000000e+00   0.0000000e+00   6.7724401e+03   4.0560000e+04
   0.0000000e+00   0.0000000e+00   6.7705518e+03   4.1038000e+04
   0.0000000e+00   0.0000000e+00   6.7700679e+03   4.4354000e+04
   0.0000000e+00   0.0000000e+00   6.7696881e+03   4.4607000e+04
   0.0000000e+00   0.0000000e+00   6.7687469e+03   4.4624000e+04
   0.0000000e+00   0.0000000e+00   6.7687469e+03   4.6691000e+04
   0.0000000e+00   0.0000000e+00   6.7685916e+03   4.7043000e+04
   0.0000000e+00   0.0000000e+00   6.7684123e+03   4.7704000e+04
   0.0000000e+00   0.0000000e+00   6.7681149e+03   4.8360000e+04
   0.0000000e+00   0.0000000e+00   6.7679356e+03   4.8835000e+04
   0.0000000e+00   0.0000000e+00   6.7674796e+03   4.9823000e+04
   0.0000000e+00   0.0000000e+00   6.7672896e+03   5.0432000e+04
   0.0000000e+00   0.0000000e+00   6.7665651e+03   5.2193000e+04
   0.0000000e+00   0.0000000e+00   6.7614829e+03   5.2447000e+04
   0.0000000e+00   0.0000000e+00   6.7612963e+03   5.4856000e+04
   0.0000000e+00   0.0000000e+00   6.7612139e+03   6.1030000e+04
   0.0000000e+00   0.0000000e+00   6.7571939e+03   6.2637000e+04
   0.0000000e+00   0.0000000e+00   6.7571230e+03   6.4781000e+04
   0.0000000e+00   0.0000000e+00   6.7565750e+03   6.5519000e+04
   0.0000000e+00   0.0000000e+00   6.7559084e+03   7.6543000e+04
   0.0000000e+00   0.0000000e+00   6.7559084e+03   7.7097000e+04
   0.0000000e+00   0.0000000e+00   6.7559084e+03   7.7237000e+04
   0.0000000e+00   0.0000000e+00   6.7559084e+03   7.8446000e+04
   0.0000000e+00   0.0000000e+00   6.7558260e+03   7.9728000e+04
   0.0000000e+00   0.0000000e+00   6.7558260e+03   8.0037000e+04
   0.0000000e+00   0.0000000e+00   6.7556361e+03   8.1044000e+04
   0.0000000e+00   0.0000000e+00   6.7552893e+03   8.1300000e+04
   0.0000000e+00   0.0000000e+00   6.7552893e+03   8.2118000e+04
   0.0000000e+00   0.0000000e+00   6.7550315e+03   8.4934000e+04
   0.0000000e+00   0.0000000e+00   6.7550315e+03   9.0402000e+04
   0.0000000e+00   0.0000000e+00   6.7550315e+03   9.5653000e+04
   0.0000000e+00   0.0000000e+00   6.7550315e+03   1.0576600e+05
   0.0000000e+00   0.0000000e+00   6.7550315e+03   1.1031300e+05
   0.0000000e+00   0.0000000e+00   6.7550315e+03   1.1615500e+05
   0.0000000e+00   0.0000000e+00   6.7550315e+03   1.1820100e+05
   0.0000000e+00   0.0000000e+00   6.7548485e+03   1.1879700e+05
   0.0000000e+00   0.0000000e+00   6.7548485e+03   1.2212800e+05
   0.0000000e+00   0.0000000e+00   6.7544048e+03   1.2305900e+05
   0.0000000e+00   0.0000000e+00   6.7544048e+03   1.2324200e+05
   0.0000000e+00   0.0000000e+00   6.7544048e+03   1.2341300e+05
   0.0000000e+00   0.0000000e+00   6.7542116e+03   1.3145900e+05
   0.0000000e+00   0.0000000e+00   6.7541407e+03   1.3216800e+05
   0.0000000e+00   0.0000000e+00   6.7541407e+03   1.4115600e+05
   0.0000000e+00   0.0000000e+00   6.7541407e+03   1.4318700e+05
   0.0000000e+00   0.0000000e+00   6.7541407e+03   1.4350500e+05
   0.0000000e+00   0.0000000e+00   6.7541407e+03   1.4454400e+05
   0.0000000e+00   0.0000000e+00   6.7541407e+03   1.4493000e+05
   0.0000000e+00   0.0000000e+00   6.7539507e+03   1.4796600e+05
   0.0000000e+00   0.0000000e+00   6.7539507e+03   1.5090000e+05
   0.0000000e+00   0.0000000e+00   6.7539507e+03   1.5240000e+05
   0.0000000e+00   0.0000000e+00   6.7539507e+03   1.5399300e+05
   0.0000000e+00   0.0000000e+00   6.7536863e+03   1.5491900e+05
   0.0000000e+00   0.0000000e+00   6.7536154e+03   1.5950000e+05
   0.0000000e+00   0.0000000e+00   6.7536154e+03   1.6489500e+05
   0.0000000e+00   0.0000000e+00   6.7451098e+03   1.6861800e+05
   0.0000000e+00   0.0000000e+00   6.7449198e+03   1.6937300e+05
   0.0000000e+00   0.0000000e+00   6.7447368e+03   1.7041900e+05
   0.0000000e+00   0.0000000e+00   6.7246089e+03   1.7163400e+05
   0.0000000e+00   0.0000000e+00   6.7246089e+03   1.7771200e+05
   0.0000000e+00   0.0000000e+00   6.7115676e+03   1.7798200e+05
   0.0000000e+00   0.0000000e+00   6.7113032e+03   1.7904600e+05
   0.0000000e+00   0.0000000e+00   6.7113032e+03   1.8326800e+05
   0.0000000e+00   0.0000000e+00   6.7113032e+03   1.8462000e+05
   0.0000000e+00   0.0000000e+00   6.7113032e+03   1.8602300e+05
   0.0000000e+00   0.0000000e+00   6.7094499e+03   1.8839900e+05
   0.0000000e+00   0.0000000e+00   6.7091737e+03   1.8884200e+05
   0.0000000e+00   0.0000000e+00   6.7091028e+03   1.8962900e+05
   0.0000000e+00   0.0000000e+00   6.7088747e+03   1.8985600e+05
   0.0000000e+00   0.0000000e+00   6.7088747e+03   1.9166800e+05
   0.0000000e+00   0.0000000e+00   6.7088747e+03   1.9265700e+05
   0.0000000e+00   0.0000000e+00   6.6824910e+03   1.9692000e+05
   0.0000000e+00   0.0000000e+00   6.6824910e+03   1.9755300e+05
   0.0000000e+00   0.0000000e+00   6.6824910e+03   1.9956000e+05
