   1.9937345e+02   8.2903380e+00   1.5044285e+04   2.0000000e+00
   1.2615615e+02   2.4414190e+00   2.2388366e+04   3.0000000e+00
   1.0935630e+02   1.1890802e+00   2.4449647e+04   4.0000000e+00
   8.0510913e+01   6.4180432e-01   2.2648789e+04   5.0000000e+00
   7.0375836e+01   3.7345538e-01   2.0849250e+04   8.0000000e+00
   6.7611393e+01   5.8049424e-01   1.8908163e+04   9.0000000e+00
   3.2240852e+01   0.0000000e+00   2.0879611e+04   1.0000000e+01
   2.5539393e+01   0.0000000e+00   1.9743568e+04   1.1000000e+01
   1.3476693e+01   0.0000000e+00   1.8087878e+04   1.3000000e+01
   1.2767498e+01   0.0000000e+00   1.6814401e+04   1.5000000e+01
   8.0659275e+00   0.0000000e+00   1.6977588e+04   1.7000000e+01
   5.0626551e+00   0.0000000e+00   1.6715249e+04   1.8000000e+01
   3.1560363e+00   0.0000000e+00   1.6639015e+04   1.9000000e+01
   1.1628267e+00   0.0000000e+00   1.6964850e+04   2.1000000e+01
   3.9952274e-01   0.0000000e+00   1.7107053e+04   2.3000000e+01
   3.7206531e-01   0.0000000e+00   2.3054940e+04   2.4000000e+01
   2.2904021e-01   0.0000000e+00   2.2422414e+04   3.0000000e+01
   0.0000000e+00   0.0000000e+00   2.0747646e+04   3.1000000e+01
   0.0000000e+00   0.0000000e+00   1.9382113e+04   3.6000000e+01
   0.0000000e+00   0.0000000e+00   1.8626679e+04   3.8000000e+01
   0.0000000e+00   0.0000000e+00   1.7326989e+04   3.9000000e+01
   0.0000000e+00   0.0000000e+00   1.6054359e+04   4.3000000e+01
   0.0000000e+00   0.0000000e+00   1.5649532e+04   4.9000000e+01
   0.0000000e+00   0.0000000e+00   1.4673401e+04   5.1000000e+01
   0.0000000e+00   0.0000000e+00   1.4574372e+04   5.7000000e+01
   0.0000000e+00   0.0000000e+00   1.4373715e+04   6.5000000e+01
   0.0000000e+00   0.0000000e+00   1.4312604e+04   7.6000000e+01
   0.0000000e+00   0.0000000e+00   1.3558247e+04   7.9000000e+01
   0.0000000e+00   0.0000000e+00   1.1974333e+04   8.7000000e+01
   0.0000000e+00   0.0000000e+00   1.1906330e+04   9.4000000e+01
   0.0000000e+00   0.0000000e+00   1.1232615e+04   9.6000000e+01
   0.0000000e+00   0.0000000e+00   1.0580902e+04   1.0300000e+02
   0.0000000e+00   0.0000000e+00   1.0302708e+04   1.1000000e+02
   0.0000000e+00   0.0000000e+00   1.0005248e+04   1.3200000e+02
   0.0000000e+00   0.0000000e+00   9.6705287e+03   1.3800000e+02
   0.0000000e+00   0.0000000e+00   9.4847442e+03   1.5900000e+02
   0.0000000e+00   0.0000000e+00   8.9462838e+03   1.6600000e+02
   0.0000000e+00   0.0000000e+00   8.8964734e+03   1.7500000e+02
   0.0000000e+00   0.0000000e+00   8.6865031e+03   2.0600000e+02
   0.0000000e+00   0.0000000e+00   8.5714879e+03   2.1500000e+02
   0.0000000e+00   0.0000000e+00   8.3706539e+03   2.9600000e+02
   0.0000000e+00   0.0000000e+00   8.2241706e+03   2.9700000e+02
   0.0000000e+00   0.0000000e+00   8.0926855e+03   3.0600000e+02
   0.0000000e+00   0.0000000e+00   7.9732035e+03   3.2900000e+02
   0.0000000e+00   0.0000000e+00   7.8504233e+03   3.3000000e+02
   0.0000000e+00   0.0000000e+00   7.7703849e+03   3.5800000e+02
   0.0000000e+00   0.0000000e+00   7.7203456e+03   4.1000000e+02
   0.0000000e+00   0.0000000e+00   7.6155575e+03   4.2100000e+02
   0.0000000e+00   0.0000000e+00   7.5605255e+03   4.4000000e+02
   0.0000000e+00   0.0000000e+00   7.4471348e+03   4.5500000e+02
   0.0000000e+00   0.0000000e+00   7.3892245e+03   4.7200000e+02
   0.0000000e+00   0.0000000e+00   7.3305111e+03   5.1500000e+02
   0.0000000e+00   0.0000000e+00   7.2960733e+03   5.3300000e+02
   0.0000000e+00   0.0000000e+00   7.2869487e+03   1.0080000e+03
   0.0000000e+00   0.0000000e+00   7.2693164e+03   1.3050000e+03
   0.0000000e+00   0.0000000e+00   7.2617979e+03   1.4980000e+03
   0.0000000e+00   0.0000000e+00   7.2548917e+03   1.7840000e+03
   0.0000000e+00   0.0000000e+00   7.2503220e+03   2.1450000e+03
   0.0000000e+00   0.0000000e+00   7.2362395e+03   2.3780000e+03
   0.0000000e+00   0.0000000e+00   7.2307302e+03   2.5660000e+03
   0.0000000e+00   0.0000000e+00   7.2218917e+03   2.6670000e+03
   0.0000000e+00   0.0000000e+00   7.2196402e+03   2.9950000e+03
   0.0000000e+00   0.0000000e+00   7.2142095e+03   3.2570000e+03
   0.0000000e+00   0.0000000e+00   7.1945773e+03   5.8460000e+03
   0.0000000e+00   0.0000000e+00   7.1904312e+03   5.8830000e+03
   0.0000000e+00   0.0000000e+00   7.1834649e+03   6.2370000e+03
   0.0000000e+00   0.0000000e+00   7.1679877e+03   9.5070000e+03
   0.0000000e+00   0.0000000e+00   7.1651267e+03   1.0397400e+05
