   1.5538956e+02   4.7848637e+00   1.4877220e+04   2.0000000e+00
   1.2468176e+02   5.6146847e+00   1.3239705e+04   3.0000000e+00
   9.0763712e+01   4.0912736e+00   1.1841803e+04   4.0000000e+00
   3.1146441e+01   2.3670993e-01   1.3347524e+04   5.0000000e+00
   2.3394408e+01   0.0000000e+00   2.1346781e+04   6.0000000e+00
   1.3880335e+01   0.0000000e+00   2.0992638e+04   7.0000000e+00
   7.8507337e+00   0.0000000e+00   1.8440324e+04   8.0000000e+00
   7.1768739e+00   0.0000000e+00   2.7339471e+04   9.0000000e+00
   2.9937169e+00   0.0000000e+00   2.8840971e+04   1.0000000e+01
   2.9622154e+00   0.0000000e+00   2.5420009e+04   1.3000000e+01
   1.0601381e+00   0.0000000e+00   2.4894705e+04   1.4000000e+01
   4.0604375e-01   0.0000000e+00   2.2477358e+04   1.8000000e+01
   3.6237841e-01   0.0000000e+00   2.4774944e+04   1.9000000e+01
   3.0913907e-01   0.0000000e+00   2.0740487e+04   2.2000000e+01
   0.0000000e+00   0.0000000e+00   2.0187797e+04   2.3000000e+01
   0.0000000e+00   0.0000000e+00   1.8171521e+04   2.6000000e+01
   0.0000000e+00   0.0000000e+00   1.7233236e+04   2.8000000e+01
   0.0000000e+00   0.0000000e+00   1.5727452e+04   2.9000000e+01
   0.0000000e+00   0.0000000e+00   1.5219682e+04   4.4000000e+01
   0.0000000e+00   0.0000000e+00   1.4595867e+04   4.6000000e+01
   0.0000000e+00   0.0000000e+00   1.3695470e+04   4.7000000e+01
   0.0000000e+00   0.0000000e+00   1.2944803e+04   4.8000000e+01
   0.0000000e+00   0.0000000e+00   1.2911626e+04   5.6000000e+01
   0.0000000e+00   0.0000000e+00   1.1819503e+04   6.0000000e+01
   0.0000000e+00   0.0000000e+00   1.1405140e+04   6.4000000e+01
   0.0000000e+00   0.0000000e+00   1.0958658e+04   7.2000000e+01
   0.0000000e+00   0.0000000e+00   9.8752793e+03   7.4000000e+01
   0.0000000e+00   0.0000000e+00   9.6423520e+03   8.8000000e+01
   0.0000000e+00   0.0000000e+00   9.5552543e+03   9.7000000e+01
   0.0000000e+00   0.0000000e+00   9.3768324e+03   9.9000000e+01
   0.0000000e+00   0.0000000e+00   9.3284486e+03   1.0200000e+02
   0.0000000e+00   0.0000000e+00   8.4695541e+03   1.1000000e+02
   0.0000000e+00   0.0000000e+00   8.2392991e+03   1.1400000e+02
   0.0000000e+00   0.0000000e+00   7.9868883e+03   1.3600000e+02
   0.0000000e+00   0.0000000e+00   7.8523859e+03   1.8600000e+02
   0.0000000e+00   0.0000000e+00   7.6722621e+03   3.1000000e+02
   0.0000000e+00   0.0000000e+00   7.6326099e+03   3.7800000e+02
   0.0000000e+00   0.0000000e+00   7.5222104e+03   3.7900000e+02
   0.0000000e+00   0.0000000e+00   7.4098980e+03   4.8100000e+02
   0.0000000e+00   0.0000000e+00   7.3355922e+03   4.9500000e+02
   0.0000000e+00   0.0000000e+00   7.3273013e+03   6.9100000e+02
   0.0000000e+00   0.0000000e+00   7.2750933e+03   7.0800000e+02
   0.0000000e+00   0.0000000e+00   7.2592492e+03   7.7800000e+02
   0.0000000e+00   0.0000000e+00   7.2488026e+03   7.8200000e+02
   0.0000000e+00   0.0000000e+00   7.2285591e+03   9.6000000e+02
   0.0000000e+00   0.0000000e+00   7.2083168e+03   9.7000000e+02
   0.0000000e+00   0.0000000e+00   7.1857441e+03   1.4210000e+03
   0.0000000e+00   0.0000000e+00   7.1614630e+03   1.4790000e+03
   0.0000000e+00   0.0000000e+00   7.1472807e+03   1.7810000e+03
   0.0000000e+00   0.0000000e+00   7.1466097e+03   2.3710000e+03
   0.0000000e+00   0.0000000e+00   7.1444184e+03   2.4300000e+03
   0.0000000e+00   0.0000000e+00   7.1376697e+03   2.7180000e+03
   0.0000000e+00   0.0000000e+00   7.1292992e+03   3.1550000e+03
   0.0000000e+00   0.0000000e+00   7.1223847e+03   3.1810000e+03
   0.0000000e+00   0.0000000e+00   7.1168006e+03   3.6040000e+03
   0.0000000e+00   0.0000000e+00   7.1043566e+03   3.7520000e+03
   0.0000000e+00   0.0000000e+00   7.0987030e+03   9.4490000e+03
