   1.4023392e+02   4.9891218e+00   1.4339529e+04   2.0000000e+00
   1.0449090e+02   1.5406861e+00   1.9656156e+04   3.0000000e+00
   5.0348992e+01   1.1979707e-01   1.7275555e+04   4.0000000e+00
   4.2995872e+01   1.7289958e-01   1.5417325e+04   7.0000000e+00
   1.4789607e+01   0.0000000e+00   1.3155205e+04   8.0000000e+00
   1.3787926e+01   0.0000000e+00   1.5667991e+04   9.0000000e+00
   9.8721072e+00   6.6262635e-03   1.3735576e+04   1.0000000e+01
   7.3285327e+00   0.0000000e+00   1.9336460e+04   1.1000000e+01
   3.8647160e+00   0.0000000e+00   2.4078964e+04   1.3000000e+01
   4.3762229e-01   0.0000000e+00   2.0611607e+04   1.4000000e+01
   1.6785425e-01   0.0000000e+00   2.0444383e+04   1.6000000e+01
   0.0000000e+00   0.0000000e+00   2.7213844e+04   1.9000000e+01
   0.0000000e+00   0.0000000e+00   2.5040709e+04   2.0000000e+01
   0.0000000e+00   0.0000000e+00   2.2553642e+04   2.1000000e+01
   0.0000000e+00   0.0000000e+00   1.9361736e+04   2.2000000e+01
   0.0000000e+00   0.0000000e+00   1.7901687e+04   2.7000000e+01
   0.0000000e+00   0.0000000e+00   1.7444840e+04   3.5000000e+01
   0.0000000e+00   0.0000000e+00   1.5720089e+04   3.9000000e+01
   0.0000000e+00   0.0000000e+00   1.4637627e+04   4.2000000e+01
   0.0000000e+00   0.0000000e+00   1.4618271e+04   4.4000000e+01
   0.0000000e+00   0.0000000e+00   1.3241581e+04   5.4000000e+01
   0.0000000e+00   0.0000000e+00   1.2879822e+04   5.6000000e+01
   0.0000000e+00   0.0000000e+00   1.1978123e+04   5.9000000e+01
   0.0000000e+00   0.0000000e+00   1.0286439e+04   7.0000000e+01
   0.0000000e+00   0.0000000e+00   9.2879731e+03   7.1000000e+01
   0.0000000e+00   0.0000000e+00   8.9291334e+03   7.3000000e+01
   0.0000000e+00   0.0000000e+00   8.5672706e+03   9.8000000e+01
   0.0000000e+00   0.0000000e+00   7.9798801e+03   9.9000000e+01
   0.0000000e+00   0.0000000e+00   7.7483915e+03   1.1400000e+02
   0.0000000e+00   0.0000000e+00   7.6327538e+03   2.6200000e+02
   0.0000000e+00   0.0000000e+00   7.5401816e+03   2.7200000e+02
   0.0000000e+00   0.0000000e+00   7.4801643e+03   2.7300000e+02
   0.0000000e+00   0.0000000e+00   7.4701414e+03   3.1100000e+02
   0.0000000e+00   0.0000000e+00   7.3992964e+03   3.6800000e+02
   0.0000000e+00   0.0000000e+00   7.3284211e+03   4.1500000e+02
   0.0000000e+00   0.0000000e+00   7.3219283e+03   4.5500000e+02
   0.0000000e+00   0.0000000e+00   7.3092043e+03   1.2110000e+03
   0.0000000e+00   0.0000000e+00   7.2942855e+03   1.3070000e+03
   0.0000000e+00   0.0000000e+00   7.2694232e+03   2.4200000e+03
   0.0000000e+00   0.0000000e+00   7.2665684e+03   2.9850000e+03
   0.0000000e+00   0.0000000e+00   7.2547638e+03   6.0690000e+03
   0.0000000e+00   0.0000000e+00   7.2246375e+03   7.8280000e+03
   0.0000000e+00   0.0000000e+00   7.2196415e+03   4.2819000e+04
