   2.6617962e+02   1.1906001e+01   1.5468555e+04   2.0000000e+00
   2.4115829e+02   1.0221649e+01   1.5563487e+04   3.0000000e+00
   2.4023766e+02   1.1437447e+01   1.5358810e+04   4.0000000e+00
   2.1364493e+02   1.0002148e+01   1.5514621e+04   5.0000000e+00
   2.1143881e+02   1.0016386e+01   1.5423736e+04   6.0000000e+00
   2.1038847e+02   9.9200610e+00   1.5520764e+04   7.0000000e+00
   2.0948492e+02   1.0015978e+01   1.5476354e+04   8.0000000e+00
   2.0832715e+02   9.8588594e+00   1.5548307e+04   9.0000000e+00
   2.0676289e+02   9.9655047e+00   1.5454456e+04   1.5000000e+01
   2.0657022e+02   9.8426052e+00   1.5892710e+04   1.6000000e+01
   1.9665393e+02   9.7011036e+00   1.5893786e+04   1.7000000e+01
   1.9153153e+02   8.8790372e+00   1.5781098e+04   1.8000000e+01
   1.8699742e+02   7.8662408e+00   1.6269823e+04   2.1000000e+01
   1.8654124e+02   7.8006232e+00   1.6527358e+04   2.3000000e+01
   1.8602528e+02   7.6535425e+00   1.6758892e+04   2.5000000e+01
   1.8220417e+02   6.7887109e+00   1.7051639e+04   2.7000000e+01
   1.8123064e+02   6.7150747e+00   1.6894012e+04   3.0000000e+01
   1.7380564e+02   6.2898886e+00   1.6939473e+04   3.4000000e+01
   1.7378919e+02   6.2114465e+00   1.6910053e+04   3.5000000e+01
   1.7080855e+02   5.8407014e+00   1.7253320e+04   3.8000000e+01
   1.6933262e+02   5.9277319e+00   1.7269101e+04   3.9000000e+01
   1.6809071e+02   5.5097019e+00   1.7568048e+04   4.2000000e+01
   1.6703927e+02   5.4953130e+00   1.7986892e+04   4.3000000e+01
   1.6528714e+02   4.9551665e+00   1.8256034e+04   4.5000000e+01
   1.6444277e+02   5.2697803e+00   1.8021372e+04   4.6000000e+01
   1.5904481e+02   4.6352021e+00   1.8088313e+04   4.8000000e+01
   1.4857436e+02   4.0431871e+00   1.8560637e+04   4.9000000e+01
   1.4400916e+02   3.3053702e+00   1.8464084e+04   5.2000000e+01
   1.3338571e+02   2.5612047e+00   1.8397593e+04   5.4000000e+01
   1.2696095e+02   2.0791578e+00   1.8455977e+04   6.0000000e+01
   1.2653862e+02   2.0725788e+00   1.8442237e+04   6.1000000e+01
   1.1375019e+02   1.9226641e+00   1.8451940e+04   6.3000000e+01
   1.1093837e+02   1.8477668e+00   1.8444126e+04   6.6000000e+01
   1.0960278e+02   1.8172478e+00   1.8396197e+04   6.7000000e+01
   1.0899400e+02   1.6827643e+00   1.8432840e+04   6.9000000e+01
   1.0078181e+02   1.4880420e+00   1.8442529e+04   7.1000000e+01
   9.9914577e+01   1.4742294e+00   1.8455243e+04   7.2000000e+01
   9.8856205e+01   1.3440457e+00   1.8807118e+04   7.3000000e+01
   9.8815714e+01   1.3433529e+00   1.8795557e+04   7.4000000e+01
   9.5157098e+01   1.1556570e+00   1.9267990e+04   7.5000000e+01
   9.4844286e+01   8.2253360e-01   1.9359093e+04   7.9000000e+01
   9.4543277e+01   9.7437659e-01   1.9234055e+04   8.0000000e+01
   9.4483954e+01   9.8046823e-01   1.9188014e+04   8.3000000e+01
   9.2713109e+01   9.2522054e-01   1.9146510e+04   8.4000000e+01
   8.7290709e+01   8.8530768e-01   1.9349076e+04   8.6000000e+01
   8.4989915e+01   8.4599332e-01   1.9665494e+04   8.7000000e+01
   8.4632732e+01   8.2505454e-01   1.9789672e+04   8.8000000e+01
   8.4265311e+01   8.1747647e-01   2.0377621e+04   9.0000000e+01
   8.0737457e+01   8.4392095e-01   2.0340714e+04   9.1000000e+01
   8.0710107e+01   8.2052620e-01   2.0555125e+04   9.3000000e+01
   7.9956450e+01   7.6526900e-01   2.0686384e+04   9.5000000e+01
   7.9501036e+01   9.1725263e-01   2.0483985e+04   9.6000000e+01
   7.9120216e+01   9.4532219e-01   2.0407030e+04   1.0000000e+02
   7.8798042e+01   9.2820071e-01   2.0494977e+04   1.0100000e+02
   7.7836701e+01   8.7330908e-01   2.0602639e+04   1.0600000e+02
   7.6387260e+01   8.1852216e-01   2.0503321e+04   1.0700000e+02
   7.6168282e+01   8.0505789e-01   2.0813093e+04   1.0900000e+02
   7.5736858e+01   8.0013114e-01   2.0813935e+04   1.1000000e+02
   7.5161283e+01   8.0227156e-01   2.0830203e+04   1.1100000e+02
   7.5025921e+01   8.6355994e-01   2.0706160e+04   1.1700000e+02
   7.2738485e+01   8.0765600e-01   2.1126085e+04   1.1800000e+02
   7.1300699e+01   7.6572737e-01   2.1093259e+04   1.1900000e+02
   7.0993425e+01   7.3907865e-01   2.1153447e+04   1.2000000e+02
   6.9840470e+01   6.9944325e-01   2.1150093e+04   1.2200000e+02
   6.9343738e+01   7.1219194e-01   2.1208363e+04   1.2600000e+02
   6.9195778e+01   7.1236771e-01   2.1180307e+04   1.3000000e+02
   5.9811474e+01   7.0897857e-01   2.1098548e+04   1.3100000e+02
   5.9610515e+01   6.9756732e-01   2.1095083e+04   1.3200000e+02
   5.6214691e+01   7.4984375e-01   2.1113397e+04   1.3300000e+02
   5.6120135e+01   6.2371098e-01   2.1452069e+04   1.3700000e+02
   5.5796884e+01   6.1742072e-01   2.1459394e+04   1.3800000e+02
   5.1063470e+01   5.3804533e-01   2.1631202e+04   1.3900000e+02
   5.0775929e+01   5.1424215e-01   2.1941365e+04   1.4100000e+02
   5.0769772e+01   5.3217622e-01   2.1486982e+04   1.4300000e+02
   5.0539606e+01   5.3546310e-01   2.1484089e+04   1.4500000e+02
   4.3711025e+01   5.4078108e-01   2.1348404e+04   1.5100000e+02
   4.0544820e+01   4.1789104e-01   2.1352410e+04   1.5400000e+02
   3.6998467e+01   3.9763278e-01   2.1221296e+04   1.5500000e+02
   3.5385098e+01   3.3615036e-01   2.1533193e+04   1.5900000e+02
   3.5314606e+01   3.4453043e-01   2.1487970e+04   1.6100000e+02
   3.5001520e+01   3.3012339e-01   2.1530312e+04   1.6200000e+02
   3.4940909e+01   3.2934585e-01   2.1528064e+04   1.6600000e+02
   3.4671473e+01   2.9596192e-01   2.1782977e+04   1.6700000e+02
   3.4036612e+01   3.3443658e-01   2.1459006e+04   1.6900000e+02
   3.3913829e+01   3.3581681e-01   2.1740658e+04   1.7300000e+02
   3.3884055e+01   3.3570494e-01   2.1906174e+04   1.7400000e+02
   3.0386590e+01   1.5447898e-01   2.1815137e+04   1.7700000e+02
   3.0363264e+01   1.3903282e-01   2.1730628e+04   1.7800000e+02
   3.0236540e+01   1.4329685e-01   2.1568883e+04   1.7900000e+02
   3.0100672e+01   1.3483101e-01   2.1600175e+04   1.8100000e+02
   3.0027541e+01   1.4112002e-01   2.1541281e+04   1.8800000e+02
   2.8756097e+01   9.5030443e-02   2.1559113e+04   1.9000000e+02
   2.7944691e+01   7.1928809e-02   2.2019887e+04   1.9400000e+02
   2.7193427e+01   5.7992609e-02   2.2355596e+04   1.9700000e+02
   2.7148289e+01   5.9647726e-02   2.2505057e+04   2.0000000e+02
   2.7091262e+01   6.2096965e-02   2.2576121e+04   2.0100000e+02
   2.6642912e+01   4.5494354e-02   2.2620528e+04   2.0400000e+02
   2.6560027e+01   4.4458437e-02   2.2593279e+04   2.0600000e+02
   2.6454934e+01   4.4335456e-02   2.2675164e+04   2.0800000e+02
   2.6288586e+01   4.7233634e-02   2.2654457e+04   2.1000000e+02
   2.5346008e+01   0.0000000e+00   2.2464491e+04   2.1800000e+02
   2.5182231e+01   0.0000000e+00   2.2771300e+04   2.1900000e+02
   2.5093888e+01   0.0000000e+00   2.2962566e+04   2.2100000e+02
   2.5021435e+01   0.0000000e+00   2.2857588e+04   2.2200000e+02
   2.4677715e+01   0.0000000e+00   2.2806571e+04   2.2400000e+02
   2.2999523e+01   0.0000000e+00   2.2788994e+04   2.2600000e+02
   2.2921432e+01   0.0000000e+00   2.2903692e+04   2.2700000e+02
   2.2536243e+01   0.0000000e+00   2.3174941e+04   2.2800000e+02
   2.1063842e+01   0.0000000e+00   2.2992812e+04   2.3200000e+02
   1.9292773e+01   0.0000000e+00   2.2996077e+04   2.3500000e+02
   1.9124097e+01   0.0000000e+00   2.2853264e+04   2.3600000e+02
   1.9073128e+01   0.0000000e+00   2.2645925e+04   2.3900000e+02
   1.9024251e+01   0.0000000e+00   2.2773294e+04   2.4100000e+02
   1.9021362e+01   0.0000000e+00   2.2712783e+04   2.5000000e+02
   1.8542171e+01   0.0000000e+00   2.2785854e+04   2.5300000e+02
   1.8138287e+01   0.0000000e+00   2.3222346e+04   2.5800000e+02
   1.7684082e+01   0.0000000e+00   2.3207285e+04   2.6200000e+02
   1.7257592e+01   0.0000000e+00   2.2999451e+04   2.6600000e+02
   1.4842010e+01   0.0000000e+00   2.3035043e+04   2.6800000e+02
   1.4737801e+01   0.0000000e+00   2.2967211e+04   2.6900000e+02
   1.4732967e+01   0.0000000e+00   2.2849224e+04   2.7000000e+02
   1.4686217e+01   0.0000000e+00   2.3196196e+04   2.7100000e+02
   1.4655016e+01   0.0000000e+00   2.3198838e+04   2.7300000e+02
   1.4626563e+01   0.0000000e+00   2.3058189e+04   2.7800000e+02
   1.4540503e+01   0.0000000e+00   2.2951802e+04   2.8000000e+02
   1.4240563e+01   0.0000000e+00   2.3058180e+04   2.8100000e+02
   1.4034179e+01   0.0000000e+00   2.3314228e+04   2.8200000e+02
   1.4031764e+01   0.0000000e+00   2.3274074e+04   2.8300000e+02
   1.3942783e+01   0.0000000e+00   2.3320941e+04   2.8400000e+02
   1.3104934e+01   0.0000000e+00   2.3427998e+04   2.8500000e+02
   1.3093005e+01   0.0000000e+00   2.3624555e+04   2.8600000e+02
   1.2818281e+01   0.0000000e+00   2.3969527e+04   2.8800000e+02
   1.2802292e+01   0.0000000e+00   2.4283713e+04   2.8900000e+02
   1.2692111e+01   0.0000000e+00   2.4376615e+04   2.9300000e+02
   1.2556583e+01   0.0000000e+00   2.4442618e+04   2.9600000e+02
   1.2492752e+01   0.0000000e+00   2.4600879e+04   2.9900000e+02
   1.2492234e+01   0.0000000e+00   2.4690886e+04   3.0000000e+02
   1.2374285e+01   0.0000000e+00   2.5020596e+04   3.0200000e+02
   1.2362705e+01   0.0000000e+00   2.5056392e+04   3.0300000e+02
   1.2119903e+01   0.0000000e+00   2.5351894e+04   3.0600000e+02
   1.1916467e+01   0.0000000e+00   2.5233248e+04   3.1000000e+02
   1.1733376e+01   0.0000000e+00   2.5243929e+04   3.1100000e+02
   1.1667247e+01   0.0000000e+00   2.5202622e+04   3.1400000e+02
   1.1579649e+01   0.0000000e+00   2.5122940e+04   3.1700000e+02
   4.7533912e+00   0.0000000e+00   2.5127117e+04   3.2800000e+02
   4.7272535e+00   0.0000000e+00   2.5032733e+04   3.3000000e+02
   4.7122322e+00   0.0000000e+00   2.4977059e+04   3.3100000e+02
   4.5304624e+00   0.0000000e+00   2.4986306e+04   3.3300000e+02
   4.5186239e+00   0.0000000e+00   2.5190349e+04   3.3700000e+02
   4.4945322e+00   0.0000000e+00   2.5017922e+04   3.3800000e+02
   4.4920116e+00   0.0000000e+00   2.4951604e+04   3.3900000e+02
   4.4752668e+00   0.0000000e+00   2.5043005e+04   3.4300000e+02
   4.3922784e+00   0.0000000e+00   2.5310909e+04   3.4600000e+02
   4.3490545e+00   0.0000000e+00   2.5350378e+04   3.4900000e+02
   4.2687574e+00   0.0000000e+00   2.5685761e+04   3.5100000e+02
   4.2304699e+00   0.0000000e+00   2.5418000e+04   3.5900000e+02
   4.2165515e+00   0.0000000e+00   2.5416651e+04   3.6200000e+02
   4.2127854e+00   0.0000000e+00   2.5649233e+04   3.6300000e+02
   2.1071539e+00   0.0000000e+00   2.5618460e+04   3.6600000e+02
   2.0842813e+00   0.0000000e+00   2.5908869e+04   3.6700000e+02
   2.0826698e+00   0.0000000e+00   2.5952817e+04   3.6900000e+02
   2.0059929e+00   0.0000000e+00   2.6137426e+04   3.7000000e+02
   1.9781235e+00   0.0000000e+00   2.6150039e+04   3.7200000e+02
   1.9727196e+00   0.0000000e+00   2.6258800e+04   3.7400000e+02
   1.9649031e+00   0.0000000e+00   2.6099676e+04   3.7500000e+02
   1.9602732e+00   0.0000000e+00   2.5937698e+04   3.7800000e+02
   1.9404921e+00   0.0000000e+00   2.6207140e+04   3.7900000e+02
   1.9357333e+00   0.0000000e+00   2.5956293e+04   3.8200000e+02
   1.9082827e+00   0.0000000e+00   2.5813576e+04   3.8700000e+02
   1.9067929e+00   0.0000000e+00   2.5851420e+04   3.9100000e+02
   1.8312728e+00   0.0000000e+00   2.6236258e+04   3.9700000e+02
   1.8290600e+00   0.0000000e+00   2.5853112e+04   3.9800000e+02
   1.7776857e+00   0.0000000e+00   2.6066310e+04   4.0300000e+02
   1.7242261e+00   0.0000000e+00   2.6060799e+04   4.0600000e+02
   1.7240556e+00   0.0000000e+00   2.6185008e+04   4.0900000e+02
   1.7198625e+00   0.0000000e+00   2.6065824e+04   4.1300000e+02
   1.6963504e+00   0.0000000e+00   2.6409920e+04   4.1400000e+02
   1.6898980e+00   0.0000000e+00   2.6498918e+04   4.1800000e+02
   1.6874206e+00   0.0000000e+00   2.6665901e+04   4.2100000e+02
   1.6814929e+00   0.0000000e+00   2.6883832e+04   4.2200000e+02
   1.6776100e+00   0.0000000e+00   2.6911614e+04   4.2700000e+02
   1.6627634e+00   0.0000000e+00   2.6726264e+04   4.2900000e+02
   1.6457353e+00   0.0000000e+00   2.6874862e+04   4.3000000e+02
   1.6381867e+00   0.0000000e+00   2.6708019e+04   4.3900000e+02
   1.6374632e+00   0.0000000e+00   2.6729633e+04   4.4000000e+02
   1.6351091e+00   0.0000000e+00   2.6607543e+04   4.4300000e+02
   1.6344529e+00   0.0000000e+00   2.6449383e+04   4.4600000e+02
   1.6100058e+00   0.0000000e+00   2.6411218e+04   4.4800000e+02
   1.6082772e+00   0.0000000e+00   2.6218104e+04   4.4900000e+02
   1.5213177e+00   0.0000000e+00   2.6227929e+04   4.5000000e+02
   1.5202082e+00   0.0000000e+00   2.6077550e+04   4.5300000e+02
   1.4696895e+00   0.0000000e+00   2.5990252e+04   4.5400000e+02
   1.3580097e+00   0.0000000e+00   2.6250942e+04   4.5600000e+02
   1.3568208e+00   0.0000000e+00   2.5962244e+04   4.5700000e+02
   1.3560184e+00   0.0000000e+00   2.5967515e+04   4.6200000e+02
   1.3498881e+00   0.0000000e+00   2.6201578e+04   4.6800000e+02
   1.3496099e+00   0.0000000e+00   2.6347020e+04   4.6900000e+02
   1.3392393e+00   0.0000000e+00   2.6245725e+04   4.7200000e+02
   1.3371500e+00   0.0000000e+00   2.5995396e+04   4.7300000e+02
   1.3364994e+00   0.0000000e+00   2.6090590e+04   4.7500000e+02
   1.2945890e+00   0.0000000e+00   2.6439154e+04   4.7600000e+02
   1.2792197e+00   0.0000000e+00   2.6317089e+04   4.7700000e+02
   1.2569166e+00   0.0000000e+00   2.5925837e+04   4.7800000e+02
   1.2548948e+00   0.0000000e+00   2.6136738e+04   4.7900000e+02
   1.2547660e+00   0.0000000e+00   2.5980644e+04   4.8300000e+02
   1.2235338e+00   0.0000000e+00   2.5929874e+04   4.8400000e+02
   1.1357934e+00   0.0000000e+00   2.6477540e+04   4.8500000e+02
   1.1227190e+00   0.0000000e+00   2.6590836e+04   4.8600000e+02
   1.1226301e+00   0.0000000e+00   2.6560257e+04   4.8800000e+02
   1.1216229e+00   0.0000000e+00   2.6182152e+04   4.9300000e+02
   1.1180641e+00   0.0000000e+00   2.5954614e+04   4.9700000e+02
   1.1149545e+00   0.0000000e+00   2.5974676e+04   5.0600000e+02
   1.1114387e+00   0.0000000e+00   2.5626591e+04   5.0700000e+02
   1.1025690e+00   0.0000000e+00   2.5835452e+04   5.1700000e+02
   1.1022443e+00   0.0000000e+00   2.5832102e+04   5.1900000e+02
   1.0639033e+00   0.0000000e+00   2.5850605e+04   5.2100000e+02
   1.0612444e+00   0.0000000e+00   2.5680427e+04   5.2600000e+02
   1.0245601e+00   0.0000000e+00   2.5625892e+04   5.3000000e+02
   5.5923694e-02   0.0000000e+00   2.5736739e+04   5.3200000e+02
   2.9074959e-02   0.0000000e+00   2.5662271e+04   5.3300000e+02
   2.8542149e-02   0.0000000e+00   2.5258062e+04   5.3800000e+02
   2.7517631e-02   0.0000000e+00   2.5489039e+04   5.4000000e+02
   2.7327963e-02   0.0000000e+00   2.5292911e+04   5.4500000e+02
   1.2183907e-02   0.0000000e+00   2.5331308e+04   5.4700000e+02
   3.1343295e-03   0.0000000e+00   2.5460792e+04   5.5200000e+02
   0.0000000e+00   0.0000000e+00   2.5469353e+04   5.5300000e+02
   0.0000000e+00   0.0000000e+00   2.5204008e+04   5.5400000e+02
   0.0000000e+00   0.0000000e+00   2.5090094e+04   5.6800000e+02
   0.0000000e+00   0.0000000e+00   2.4935983e+04   5.7000000e+02
   0.0000000e+00   0.0000000e+00   2.4837665e+04   5.7100000e+02
   0.0000000e+00   0.0000000e+00   2.4704457e+04   5.7300000e+02
   0.0000000e+00   0.0000000e+00   2.4653100e+04   5.7700000e+02
   0.0000000e+00   0.0000000e+00   2.4619402e+04   5.8000000e+02
   0.0000000e+00   0.0000000e+00   2.4385970e+04   5.8200000e+02
   0.0000000e+00   0.0000000e+00   2.4225041e+04   5.8300000e+02
   0.0000000e+00   0.0000000e+00   2.4083099e+04   5.8600000e+02
   0.0000000e+00   0.0000000e+00   2.4070939e+04   5.9100000e+02
   0.0000000e+00   0.0000000e+00   2.3985819e+04   5.9300000e+02
   0.0000000e+00   0.0000000e+00   2.3790377e+04   5.9400000e+02
   0.0000000e+00   0.0000000e+00   2.3757563e+04   5.9500000e+02
   0.0000000e+00   0.0000000e+00   2.3686016e+04   5.9800000e+02
   0.0000000e+00   0.0000000e+00   2.3576105e+04   6.0000000e+02
   0.0000000e+00   0.0000000e+00   2.3551044e+04   6.0100000e+02
   0.0000000e+00   0.0000000e+00   2.3515537e+04   6.0300000e+02
   0.0000000e+00   0.0000000e+00   2.3340953e+04   6.0400000e+02
   0.0000000e+00   0.0000000e+00   2.3324652e+04   6.0800000e+02
   0.0000000e+00   0.0000000e+00   2.3076306e+04   6.1000000e+02
   0.0000000e+00   0.0000000e+00   2.2979982e+04   6.1100000e+02
   0.0000000e+00   0.0000000e+00   2.2771310e+04   6.1200000e+02
   0.0000000e+00   0.0000000e+00   2.2767482e+04   6.1700000e+02
   0.0000000e+00   0.0000000e+00   2.2642416e+04   6.2300000e+02
   0.0000000e+00   0.0000000e+00   2.2470534e+04   6.2600000e+02
   0.0000000e+00   0.0000000e+00   2.2332425e+04   6.2700000e+02
   0.0000000e+00   0.0000000e+00   2.2295147e+04   6.2800000e+02
   0.0000000e+00   0.0000000e+00   2.2284785e+04   6.3000000e+02
   0.0000000e+00   0.0000000e+00   2.2100978e+04   6.3200000e+02
   0.0000000e+00   0.0000000e+00   2.1864009e+04   6.3800000e+02
   0.0000000e+00   0.0000000e+00   2.1846062e+04   6.3900000e+02
   0.0000000e+00   0.0000000e+00   2.1804251e+04   6.4000000e+02
   0.0000000e+00   0.0000000e+00   2.1534973e+04   6.4300000e+02
   0.0000000e+00   0.0000000e+00   2.1440459e+04   6.4400000e+02
   0.0000000e+00   0.0000000e+00   2.1342156e+04   6.4500000e+02
   0.0000000e+00   0.0000000e+00   2.1178419e+04   6.4600000e+02
   0.0000000e+00   0.0000000e+00   2.0971541e+04   6.5300000e+02
   0.0000000e+00   0.0000000e+00   2.0945739e+04   6.5500000e+02
   0.0000000e+00   0.0000000e+00   2.0869959e+04   6.6200000e+02
   0.0000000e+00   0.0000000e+00   2.0716567e+04   6.6700000e+02
   0.0000000e+00   0.0000000e+00   2.0645212e+04   6.7000000e+02
   0.0000000e+00   0.0000000e+00   2.0249017e+04   6.7400000e+02
   0.0000000e+00   0.0000000e+00   2.0115334e+04   6.8300000e+02
   0.0000000e+00   0.0000000e+00   2.0093578e+04   6.8900000e+02
   0.0000000e+00   0.0000000e+00   2.0047655e+04   6.9300000e+02
   0.0000000e+00   0.0000000e+00   2.0037783e+04   6.9900000e+02
   0.0000000e+00   0.0000000e+00   2.0005890e+04   7.0100000e+02
   0.0000000e+00   0.0000000e+00   1.9960990e+04   7.0200000e+02
   0.0000000e+00   0.0000000e+00   1.9870253e+04   7.0700000e+02
   0.0000000e+00   0.0000000e+00   1.9700975e+04   7.1000000e+02
   0.0000000e+00   0.0000000e+00   1.9536707e+04   7.1300000e+02
   0.0000000e+00   0.0000000e+00   1.9384338e+04   7.1400000e+02
   0.0000000e+00   0.0000000e+00   1.9330537e+04   7.1900000e+02
   0.0000000e+00   0.0000000e+00   1.9294124e+04   7.2200000e+02
   0.0000000e+00   0.0000000e+00   1.9232979e+04   7.2500000e+02
   0.0000000e+00   0.0000000e+00   1.9163934e+04   7.2600000e+02
   0.0000000e+00   0.0000000e+00   1.9096835e+04   7.2900000e+02
   0.0000000e+00   0.0000000e+00   1.8891112e+04   7.3000000e+02
   0.0000000e+00   0.0000000e+00   1.8795247e+04   7.3300000e+02
   0.0000000e+00   0.0000000e+00   1.8645170e+04   7.3400000e+02
   0.0000000e+00   0.0000000e+00   1.8423017e+04   7.3900000e+02
   0.0000000e+00   0.0000000e+00   1.8370963e+04   7.4200000e+02
   0.0000000e+00   0.0000000e+00   1.8313093e+04   7.4700000e+02
   0.0000000e+00   0.0000000e+00   1.8257603e+04   7.5500000e+02
   0.0000000e+00   0.0000000e+00   1.8246836e+04   7.6100000e+02
   0.0000000e+00   0.0000000e+00   1.8139788e+04   7.6600000e+02
   0.0000000e+00   0.0000000e+00   1.8102148e+04   7.6800000e+02
   0.0000000e+00   0.0000000e+00   1.8073675e+04   7.7700000e+02
   0.0000000e+00   0.0000000e+00   1.8034106e+04   7.7900000e+02
   0.0000000e+00   0.0000000e+00   1.7768994e+04   7.8000000e+02
   0.0000000e+00   0.0000000e+00   1.7705815e+04   7.8100000e+02
   0.0000000e+00   0.0000000e+00   1.7672920e+04   7.8300000e+02
   0.0000000e+00   0.0000000e+00   1.7628577e+04   7.8500000e+02
   0.0000000e+00   0.0000000e+00   1.7611727e+04   7.8700000e+02
   0.0000000e+00   0.0000000e+00   1.7561738e+04   7.9000000e+02
   0.0000000e+00   0.0000000e+00   1.7510281e+04   7.9100000e+02
   0.0000000e+00   0.0000000e+00   1.7508092e+04   7.9200000e+02
   0.0000000e+00   0.0000000e+00   1.7255597e+04   7.9500000e+02
   0.0000000e+00   0.0000000e+00   1.7213453e+04   7.9600000e+02
   0.0000000e+00   0.0000000e+00   1.6975737e+04   8.0000000e+02
   0.0000000e+00   0.0000000e+00   1.6760176e+04   8.0300000e+02
   0.0000000e+00   0.0000000e+00   1.6728213e+04   8.0600000e+02
   0.0000000e+00   0.0000000e+00   1.6467666e+04   8.1300000e+02
   0.0000000e+00   0.0000000e+00   1.6455080e+04   8.1700000e+02
   0.0000000e+00   0.0000000e+00   1.6447171e+04   8.1900000e+02
   0.0000000e+00   0.0000000e+00   1.6391327e+04   8.2000000e+02
   0.0000000e+00   0.0000000e+00   1.6357944e+04   8.2400000e+02
   0.0000000e+00   0.0000000e+00   1.6292253e+04   8.2800000e+02
   0.0000000e+00   0.0000000e+00   1.6211840e+04   8.2900000e+02
   0.0000000e+00   0.0000000e+00   1.5999325e+04   8.3400000e+02
   0.0000000e+00   0.0000000e+00   1.5918670e+04   8.3500000e+02
   0.0000000e+00   0.0000000e+00   1.5725900e+04   8.4100000e+02
   0.0000000e+00   0.0000000e+00   1.5713708e+04   8.4200000e+02
   0.0000000e+00   0.0000000e+00   1.5703465e+04   8.5300000e+02
   0.0000000e+00   0.0000000e+00   1.5631005e+04   8.5500000e+02
   0.0000000e+00   0.0000000e+00   1.5605531e+04   8.5600000e+02
   0.0000000e+00   0.0000000e+00   1.5416294e+04   8.6100000e+02
   0.0000000e+00   0.0000000e+00   1.5217539e+04   8.6400000e+02
   0.0000000e+00   0.0000000e+00   1.5119081e+04   8.6600000e+02
   0.0000000e+00   0.0000000e+00   1.4975393e+04   8.7000000e+02
   0.0000000e+00   0.0000000e+00   1.4967239e+04   8.7300000e+02
   0.0000000e+00   0.0000000e+00   1.4907688e+04   8.7500000e+02
   0.0000000e+00   0.0000000e+00   1.4893932e+04   8.7900000e+02
   0.0000000e+00   0.0000000e+00   1.4785054e+04   8.8200000e+02
   0.0000000e+00   0.0000000e+00   1.4755785e+04   8.8300000e+02
   0.0000000e+00   0.0000000e+00   1.4682903e+04   8.8600000e+02
   0.0000000e+00   0.0000000e+00   1.4610510e+04   8.9400000e+02
   0.0000000e+00   0.0000000e+00   1.4600818e+04   8.9600000e+02
   0.0000000e+00   0.0000000e+00   1.4571178e+04   8.9900000e+02
   0.0000000e+00   0.0000000e+00   1.4559092e+04   9.0400000e+02
   0.0000000e+00   0.0000000e+00   1.4434697e+04   9.0600000e+02
   0.0000000e+00   0.0000000e+00   1.4352219e+04   9.0800000e+02
   0.0000000e+00   0.0000000e+00   1.4325595e+04   9.1100000e+02
   0.0000000e+00   0.0000000e+00   1.4255199e+04   9.1800000e+02
   0.0000000e+00   0.0000000e+00   1.4214162e+04   9.2200000e+02
   0.0000000e+00   0.0000000e+00   1.4135031e+04   9.2600000e+02
   0.0000000e+00   0.0000000e+00   1.4059342e+04   9.3300000e+02
   0.0000000e+00   0.0000000e+00   1.3953542e+04   9.3400000e+02
   0.0000000e+00   0.0000000e+00   1.3868290e+04   9.3800000e+02
   0.0000000e+00   0.0000000e+00   1.3824870e+04   9.4600000e+02
   0.0000000e+00   0.0000000e+00   1.3807152e+04   9.5300000e+02
   0.0000000e+00   0.0000000e+00   1.3786951e+04   9.5700000e+02
   0.0000000e+00   0.0000000e+00   1.3402352e+04   9.7000000e+02
   0.0000000e+00   0.0000000e+00   1.3357873e+04   9.7200000e+02
   0.0000000e+00   0.0000000e+00   1.3327143e+04   9.7600000e+02
   0.0000000e+00   0.0000000e+00   1.3300082e+04   9.8000000e+02
   0.0000000e+00   0.0000000e+00   1.3267801e+04   9.8200000e+02
   0.0000000e+00   0.0000000e+00   1.3254878e+04   9.8600000e+02
   0.0000000e+00   0.0000000e+00   1.3241576e+04   9.8700000e+02
   0.0000000e+00   0.0000000e+00   1.3210133e+04   9.9300000e+02
   0.0000000e+00   0.0000000e+00   1.3178432e+04   9.9800000e+02
   0.0000000e+00   0.0000000e+00   1.3132775e+04   1.0020000e+03
   0.0000000e+00   0.0000000e+00   1.3037848e+04   1.0090000e+03
   0.0000000e+00   0.0000000e+00   1.2938734e+04   1.0220000e+03
   0.0000000e+00   0.0000000e+00   1.2923757e+04   1.0350000e+03
   0.0000000e+00   0.0000000e+00   1.2873210e+04   1.0380000e+03
   0.0000000e+00   0.0000000e+00   1.2862870e+04   1.0410000e+03
   0.0000000e+00   0.0000000e+00   1.2823471e+04   1.0430000e+03
   0.0000000e+00   0.0000000e+00   1.2701599e+04   1.0450000e+03
   0.0000000e+00   0.0000000e+00   1.2639822e+04   1.0510000e+03
   0.0000000e+00   0.0000000e+00   1.2558340e+04   1.0520000e+03
   0.0000000e+00   0.0000000e+00   1.2532569e+04   1.0590000e+03
   0.0000000e+00   0.0000000e+00   1.2496168e+04   1.0660000e+03
   0.0000000e+00   0.0000000e+00   1.2260958e+04   1.0700000e+03
   0.0000000e+00   0.0000000e+00   1.2165734e+04   1.0800000e+03
   0.0000000e+00   0.0000000e+00   1.2024381e+04   1.0810000e+03
   0.0000000e+00   0.0000000e+00   1.2017366e+04   1.0860000e+03
   0.0000000e+00   0.0000000e+00   1.2017221e+04   1.0880000e+03
   0.0000000e+00   0.0000000e+00   1.1943203e+04   1.0970000e+03
   0.0000000e+00   0.0000000e+00   1.1934432e+04   1.1020000e+03
   0.0000000e+00   0.0000000e+00   1.1920897e+04   1.1040000e+03
   0.0000000e+00   0.0000000e+00   1.1900848e+04   1.1070000e+03
   0.0000000e+00   0.0000000e+00   1.1855661e+04   1.1240000e+03
   0.0000000e+00   0.0000000e+00   1.1819810e+04   1.1350000e+03
   0.0000000e+00   0.0000000e+00   1.1778033e+04   1.1490000e+03
   0.0000000e+00   0.0000000e+00   1.1758219e+04   1.1510000e+03
   0.0000000e+00   0.0000000e+00   1.1688016e+04   1.1520000e+03
   0.0000000e+00   0.0000000e+00   1.1682088e+04   1.1540000e+03
   0.0000000e+00   0.0000000e+00   1.1663501e+04   1.1680000e+03
   0.0000000e+00   0.0000000e+00   1.1602371e+04   1.1720000e+03
   0.0000000e+00   0.0000000e+00   1.1541557e+04   1.1740000e+03
   0.0000000e+00   0.0000000e+00   1.1533035e+04   1.1840000e+03
   0.0000000e+00   0.0000000e+00   1.1461244e+04   1.1930000e+03
   0.0000000e+00   0.0000000e+00   1.1438704e+04   1.1940000e+03
   0.0000000e+00   0.0000000e+00   1.1415218e+04   1.1970000e+03
   0.0000000e+00   0.0000000e+00   1.1400580e+04   1.1980000e+03
   0.0000000e+00   0.0000000e+00   1.1372316e+04   1.2050000e+03
   0.0000000e+00   0.0000000e+00   1.1149638e+04   1.2100000e+03
   0.0000000e+00   0.0000000e+00   1.1105529e+04   1.2120000e+03
   0.0000000e+00   0.0000000e+00   1.1031599e+04   1.2160000e+03
   0.0000000e+00   0.0000000e+00   1.1002694e+04   1.2170000e+03
   0.0000000e+00   0.0000000e+00   1.0998404e+04   1.2260000e+03
   0.0000000e+00   0.0000000e+00   1.0977720e+04   1.2320000e+03
   0.0000000e+00   0.0000000e+00   1.0973707e+04   1.2390000e+03
   0.0000000e+00   0.0000000e+00   1.0972900e+04   1.2480000e+03
   0.0000000e+00   0.0000000e+00   1.0959170e+04   1.2530000e+03
   0.0000000e+00   0.0000000e+00   1.0936556e+04   1.2580000e+03
   0.0000000e+00   0.0000000e+00   1.0917423e+04   1.2660000e+03
   0.0000000e+00   0.0000000e+00   1.0889500e+04   1.2730000e+03
   0.0000000e+00   0.0000000e+00   1.0866387e+04   1.2770000e+03
   0.0000000e+00   0.0000000e+00   1.0800931e+04   1.2800000e+03
   0.0000000e+00   0.0000000e+00   1.0768230e+04   1.3170000e+03
   0.0000000e+00   0.0000000e+00   1.0746840e+04   1.3280000e+03
   0.0000000e+00   0.0000000e+00   1.0718503e+04   1.3320000e+03
   0.0000000e+00   0.0000000e+00   1.0691486e+04   1.3340000e+03
   0.0000000e+00   0.0000000e+00   1.0688643e+04   1.3410000e+03
   0.0000000e+00   0.0000000e+00   1.0646188e+04   1.3440000e+03
   0.0000000e+00   0.0000000e+00   1.0599966e+04   1.3500000e+03
   0.0000000e+00   0.0000000e+00   1.0578657e+04   1.3640000e+03
   0.0000000e+00   0.0000000e+00   1.0544364e+04   1.4520000e+03
   0.0000000e+00   0.0000000e+00   1.0539504e+04   1.4570000e+03
   0.0000000e+00   0.0000000e+00   1.0531445e+04   1.4600000e+03
   0.0000000e+00   0.0000000e+00   1.0453894e+04   1.4620000e+03
   0.0000000e+00   0.0000000e+00   1.0384495e+04   1.4780000e+03
   0.0000000e+00   0.0000000e+00   1.0353464e+04   1.4810000e+03
   0.0000000e+00   0.0000000e+00   1.0331746e+04   1.4920000e+03
   0.0000000e+00   0.0000000e+00   1.0296512e+04   1.4960000e+03
   0.0000000e+00   0.0000000e+00   1.0254349e+04   1.4970000e+03
   0.0000000e+00   0.0000000e+00   1.0251024e+04   1.5010000e+03
   0.0000000e+00   0.0000000e+00   1.0213157e+04   1.5060000e+03
   0.0000000e+00   0.0000000e+00   1.0193628e+04   1.5250000e+03
   0.0000000e+00   0.0000000e+00   1.0174087e+04   1.5370000e+03
   0.0000000e+00   0.0000000e+00   1.0146272e+04   1.5780000e+03
   0.0000000e+00   0.0000000e+00   1.0137494e+04   1.5860000e+03
   0.0000000e+00   0.0000000e+00   1.0092927e+04   1.5990000e+03
   0.0000000e+00   0.0000000e+00   1.0052501e+04   1.6020000e+03
   0.0000000e+00   0.0000000e+00   1.0026448e+04   1.6310000e+03
   0.0000000e+00   0.0000000e+00   9.8560564e+03   1.6370000e+03
   0.0000000e+00   0.0000000e+00   9.8200444e+03   1.6400000e+03
   0.0000000e+00   0.0000000e+00   9.7664989e+03   1.6430000e+03
   0.0000000e+00   0.0000000e+00   9.7543153e+03   1.6510000e+03
   0.0000000e+00   0.0000000e+00   9.7338891e+03   1.6580000e+03
   0.0000000e+00   0.0000000e+00   9.7252998e+03   1.6690000e+03
   0.0000000e+00   0.0000000e+00   9.6199491e+03   1.6740000e+03
   0.0000000e+00   0.0000000e+00   9.6036657e+03   1.6800000e+03
   0.0000000e+00   0.0000000e+00   9.5813077e+03   1.6890000e+03
   0.0000000e+00   0.0000000e+00   9.5759737e+03   1.6920000e+03
   0.0000000e+00   0.0000000e+00   9.5692142e+03   1.6950000e+03
   0.0000000e+00   0.0000000e+00   9.5623075e+03   1.7000000e+03
   0.0000000e+00   0.0000000e+00   9.4550844e+03   1.7080000e+03
   0.0000000e+00   0.0000000e+00   9.4362559e+03   1.7220000e+03
   0.0000000e+00   0.0000000e+00   9.4132759e+03   1.7300000e+03
   0.0000000e+00   0.0000000e+00   9.3442124e+03   1.7310000e+03
   0.0000000e+00   0.0000000e+00   9.3250433e+03   1.7320000e+03
   0.0000000e+00   0.0000000e+00   9.2976543e+03   1.7540000e+03
   0.0000000e+00   0.0000000e+00   9.2891565e+03   1.7590000e+03
   0.0000000e+00   0.0000000e+00   9.1896733e+03   1.7690000e+03
   0.0000000e+00   0.0000000e+00   9.1437846e+03   1.7780000e+03
   0.0000000e+00   0.0000000e+00   9.1325236e+03   1.7850000e+03
   0.0000000e+00   0.0000000e+00   9.1171350e+03   1.8000000e+03
   0.0000000e+00   0.0000000e+00   8.8582703e+03   1.8010000e+03
   0.0000000e+00   0.0000000e+00   8.8489259e+03   1.8090000e+03
   0.0000000e+00   0.0000000e+00   8.8347431e+03   1.8450000e+03
   0.0000000e+00   0.0000000e+00   8.8105645e+03   1.8470000e+03
   0.0000000e+00   0.0000000e+00   8.8010841e+03   1.8500000e+03
   0.0000000e+00   0.0000000e+00   8.7896349e+03   1.8620000e+03
   0.0000000e+00   0.0000000e+00   8.7623866e+03   1.8710000e+03
   0.0000000e+00   0.0000000e+00   8.7496791e+03   1.8790000e+03
   0.0000000e+00   0.0000000e+00   8.7118685e+03   1.8880000e+03
   0.0000000e+00   0.0000000e+00   8.6716209e+03   1.9010000e+03
   0.0000000e+00   0.0000000e+00   8.6660945e+03   1.9170000e+03
   0.0000000e+00   0.0000000e+00   8.6441034e+03   1.9490000e+03
   0.0000000e+00   0.0000000e+00   8.6072326e+03   1.9530000e+03
   0.0000000e+00   0.0000000e+00   8.5974180e+03   1.9990000e+03
   0.0000000e+00   0.0000000e+00   8.5911454e+03   2.0000000e+03
   0.0000000e+00   0.0000000e+00   8.5852837e+03   2.0020000e+03
   0.0000000e+00   0.0000000e+00   8.4856723e+03   2.0050000e+03
   0.0000000e+00   0.0000000e+00   8.4766632e+03   2.0100000e+03
   0.0000000e+00   0.0000000e+00   8.4569746e+03   2.0360000e+03
   0.0000000e+00   0.0000000e+00   8.4518200e+03   2.0400000e+03
   0.0000000e+00   0.0000000e+00   8.4477558e+03   2.0660000e+03
   0.0000000e+00   0.0000000e+00   8.4341641e+03   2.1400000e+03
   0.0000000e+00   0.0000000e+00   8.3997787e+03   2.1450000e+03
   0.0000000e+00   0.0000000e+00   8.3914597e+03   2.1560000e+03
   0.0000000e+00   0.0000000e+00   8.3810762e+03   2.1740000e+03
   0.0000000e+00   0.0000000e+00   8.3701279e+03   2.1860000e+03
   0.0000000e+00   0.0000000e+00   8.2618428e+03   2.2190000e+03
   0.0000000e+00   0.0000000e+00   8.0831793e+03   2.2420000e+03
   0.0000000e+00   0.0000000e+00   8.0679050e+03   2.2770000e+03
   0.0000000e+00   0.0000000e+00   8.0404775e+03   2.2880000e+03
   0.0000000e+00   0.0000000e+00   8.0262776e+03   2.3080000e+03
   0.0000000e+00   0.0000000e+00   8.0204517e+03   2.3180000e+03
   0.0000000e+00   0.0000000e+00   8.0177908e+03   2.3290000e+03
   0.0000000e+00   0.0000000e+00   8.0095332e+03   2.3370000e+03
   0.0000000e+00   0.0000000e+00   8.0049903e+03   2.3930000e+03
   0.0000000e+00   0.0000000e+00   7.9994284e+03   2.4100000e+03
   0.0000000e+00   0.0000000e+00   7.9778639e+03   2.4230000e+03
   0.0000000e+00   0.0000000e+00   7.9546212e+03   2.4260000e+03
   0.0000000e+00   0.0000000e+00   7.9320877e+03   2.4310000e+03
   0.0000000e+00   0.0000000e+00   7.8837510e+03   2.4490000e+03
   0.0000000e+00   0.0000000e+00   7.8753361e+03   2.4760000e+03
   0.0000000e+00   0.0000000e+00   7.8734308e+03   2.4810000e+03
   0.0000000e+00   0.0000000e+00   7.8677815e+03   2.4950000e+03
   0.0000000e+00   0.0000000e+00   7.8664033e+03   2.5900000e+03
   0.0000000e+00   0.0000000e+00   7.8655221e+03   2.5910000e+03
   0.0000000e+00   0.0000000e+00   7.8649043e+03   2.6190000e+03
   0.0000000e+00   0.0000000e+00   7.8391218e+03   2.6600000e+03
   0.0000000e+00   0.0000000e+00   7.8344896e+03   2.6880000e+03
   0.0000000e+00   0.0000000e+00   7.8272771e+03   2.7090000e+03
   0.0000000e+00   0.0000000e+00   7.8127458e+03   2.7100000e+03
   0.0000000e+00   0.0000000e+00   7.7967454e+03   2.7140000e+03
   0.0000000e+00   0.0000000e+00   7.7901646e+03   2.7330000e+03
   0.0000000e+00   0.0000000e+00   7.7776106e+03   2.7610000e+03
   0.0000000e+00   0.0000000e+00   7.7736160e+03   2.7990000e+03
   0.0000000e+00   0.0000000e+00   7.7389793e+03   2.8020000e+03
   0.0000000e+00   0.0000000e+00   7.7150897e+03   2.8470000e+03
   0.0000000e+00   0.0000000e+00   7.6549089e+03   2.8790000e+03
   0.0000000e+00   0.0000000e+00   7.6350649e+03   2.8910000e+03
   0.0000000e+00   0.0000000e+00   7.6175747e+03   2.9050000e+03
   0.0000000e+00   0.0000000e+00   7.5729739e+03   2.9890000e+03
   0.0000000e+00   0.0000000e+00   7.5222310e+03   3.0120000e+03
   0.0000000e+00   0.0000000e+00   7.5113826e+03   3.0220000e+03
   0.0000000e+00   0.0000000e+00   7.5023215e+03   3.0570000e+03
   0.0000000e+00   0.0000000e+00   7.5015390e+03   3.0740000e+03
   0.0000000e+00   0.0000000e+00   7.4925389e+03   3.0860000e+03
   0.0000000e+00   0.0000000e+00   7.4778738e+03   3.0870000e+03
   0.0000000e+00   0.0000000e+00   7.4764191e+03   3.1080000e+03
   0.0000000e+00   0.0000000e+00   7.4684348e+03   3.1130000e+03
   0.0000000e+00   0.0000000e+00   7.4553379e+03   3.1490000e+03
   0.0000000e+00   0.0000000e+00   7.4522228e+03   3.1620000e+03
   0.0000000e+00   0.0000000e+00   7.4160761e+03   3.1900000e+03
   0.0000000e+00   0.0000000e+00   7.3687450e+03   3.1950000e+03
   0.0000000e+00   0.0000000e+00   7.3659468e+03   3.2060000e+03
   0.0000000e+00   0.0000000e+00   7.3549358e+03   3.2190000e+03
   0.0000000e+00   0.0000000e+00   7.3501091e+03   3.2240000e+03
   0.0000000e+00   0.0000000e+00   7.3458907e+03   3.2430000e+03
   0.0000000e+00   0.0000000e+00   7.3383840e+03   3.2440000e+03
   0.0000000e+00   0.0000000e+00   7.3280264e+03   3.2920000e+03
   0.0000000e+00   0.0000000e+00   7.3159928e+03   3.4470000e+03
   0.0000000e+00   0.0000000e+00   7.3111083e+03   3.4740000e+03
   0.0000000e+00   0.0000000e+00   7.3092262e+03   3.4930000e+03
   0.0000000e+00   0.0000000e+00   7.3023677e+03   3.5430000e+03
   0.0000000e+00   0.0000000e+00   7.2914297e+03   3.6050000e+03
   0.0000000e+00   0.0000000e+00   7.2835463e+03   3.6710000e+03
   0.0000000e+00   0.0000000e+00   7.2554228e+03   3.7090000e+03
   0.0000000e+00   0.0000000e+00   7.2435862e+03   3.7400000e+03
   0.0000000e+00   0.0000000e+00   7.2195736e+03   3.7750000e+03
   0.0000000e+00   0.0000000e+00   7.2077887e+03   3.8160000e+03
   0.0000000e+00   0.0000000e+00   7.1872049e+03   3.8730000e+03
   0.0000000e+00   0.0000000e+00   7.1816485e+03   3.9010000e+03
   0.0000000e+00   0.0000000e+00   7.1767028e+03   4.0150000e+03
   0.0000000e+00   0.0000000e+00   7.1713448e+03   4.1670000e+03
   0.0000000e+00   0.0000000e+00   7.1567918e+03   4.2030000e+03
   0.0000000e+00   0.0000000e+00   7.1522708e+03   4.2320000e+03
   0.0000000e+00   0.0000000e+00   7.1432568e+03   4.2720000e+03
   0.0000000e+00   0.0000000e+00   7.1398854e+03   4.3100000e+03
   0.0000000e+00   0.0000000e+00   7.1031407e+03   4.5000000e+03
   0.0000000e+00   0.0000000e+00   7.0736161e+03   4.5730000e+03
   0.0000000e+00   0.0000000e+00   7.0644200e+03   4.6030000e+03
   0.0000000e+00   0.0000000e+00   7.0460645e+03   4.7560000e+03
   0.0000000e+00   0.0000000e+00   7.0442308e+03   4.7930000e+03
   0.0000000e+00   0.0000000e+00   7.0379031e+03   4.7950000e+03
   0.0000000e+00   0.0000000e+00   7.0333754e+03   4.8680000e+03
   0.0000000e+00   0.0000000e+00   7.0179025e+03   4.9250000e+03
   0.0000000e+00   0.0000000e+00   7.0174267e+03   5.0500000e+03
   0.0000000e+00   0.0000000e+00   7.0111733e+03   5.0540000e+03
   0.0000000e+00   0.0000000e+00   7.0087357e+03   5.0710000e+03
   0.0000000e+00   0.0000000e+00   7.0030864e+03   5.1180000e+03
   0.0000000e+00   0.0000000e+00   6.9861966e+03   5.2490000e+03
   0.0000000e+00   0.0000000e+00   6.9824216e+03   5.3350000e+03
   0.0000000e+00   0.0000000e+00   6.9702585e+03   5.3380000e+03
   0.0000000e+00   0.0000000e+00   6.9620357e+03   5.4230000e+03
   0.0000000e+00   0.0000000e+00   6.9458865e+03   5.4290000e+03
   0.0000000e+00   0.0000000e+00   6.9429763e+03   5.5290000e+03
   0.0000000e+00   0.0000000e+00   6.9374150e+03   5.6340000e+03
   0.0000000e+00   0.0000000e+00   6.9354408e+03   5.8400000e+03
   0.0000000e+00   0.0000000e+00   6.9299443e+03   5.8600000e+03
   0.0000000e+00   0.0000000e+00   6.9204451e+03   5.8920000e+03
   0.0000000e+00   0.0000000e+00   6.9204054e+03   5.9180000e+03
   0.0000000e+00   0.0000000e+00   6.9190513e+03   5.9560000e+03
   0.0000000e+00   0.0000000e+00   6.9134051e+03   5.9740000e+03
   0.0000000e+00   0.0000000e+00   6.9098339e+03   5.9890000e+03
   0.0000000e+00   0.0000000e+00   6.8914813e+03   5.9980000e+03
   0.0000000e+00   0.0000000e+00   6.8794535e+03   6.0500000e+03
   0.0000000e+00   0.0000000e+00   6.8626411e+03   6.0940000e+03
   0.0000000e+00   0.0000000e+00   6.8510057e+03   6.1390000e+03
   0.0000000e+00   0.0000000e+00   6.8413152e+03   6.2380000e+03
   0.0000000e+00   0.0000000e+00   6.8239299e+03   6.2720000e+03
   0.0000000e+00   0.0000000e+00   6.7754990e+03   6.3500000e+03
   0.0000000e+00   0.0000000e+00   6.7664572e+03   6.3750000e+03
   0.0000000e+00   0.0000000e+00   6.7491371e+03   6.4050000e+03
   0.0000000e+00   0.0000000e+00   6.7483174e+03   6.7520000e+03
   0.0000000e+00   0.0000000e+00   6.7449743e+03   6.9370000e+03
   0.0000000e+00   0.0000000e+00   6.7438197e+03   7.0170000e+03
   0.0000000e+00   0.0000000e+00   6.7432215e+03   7.0340000e+03
   0.0000000e+00   0.0000000e+00   6.7333478e+03   7.0560000e+03
   0.0000000e+00   0.0000000e+00   6.7314803e+03   7.1730000e+03
   0.0000000e+00   0.0000000e+00   6.7254552e+03   7.3000000e+03
   0.0000000e+00   0.0000000e+00   6.7128182e+03   7.5320000e+03
   0.0000000e+00   0.0000000e+00   6.7055754e+03   7.5510000e+03
   0.0000000e+00   0.0000000e+00   6.7038361e+03   7.6110000e+03
   0.0000000e+00   0.0000000e+00   6.6964277e+03   7.6950000e+03
   0.0000000e+00   0.0000000e+00   6.6959013e+03   7.7660000e+03
   0.0000000e+00   0.0000000e+00   6.6922586e+03   7.7820000e+03
   0.0000000e+00   0.0000000e+00   6.6872278e+03   7.8960000e+03
   0.0000000e+00   0.0000000e+00   6.6872278e+03   7.9880000e+03
   0.0000000e+00   0.0000000e+00   6.6845670e+03   8.1230000e+03
   0.0000000e+00   0.0000000e+00   6.6748623e+03   8.1500000e+03
   0.0000000e+00   0.0000000e+00   6.6733041e+03   8.5110000e+03
   0.0000000e+00   0.0000000e+00   6.6714012e+03   8.6850000e+03
   0.0000000e+00   0.0000000e+00   6.6638245e+03   8.8390000e+03
   0.0000000e+00   0.0000000e+00   6.6625815e+03   8.9760000e+03
   0.0000000e+00   0.0000000e+00   6.6543323e+03   9.0300000e+03
   0.0000000e+00   0.0000000e+00   6.6462918e+03   9.2460000e+03
   0.0000000e+00   0.0000000e+00   6.6459051e+03   9.3260000e+03
   0.0000000e+00   0.0000000e+00   6.6455497e+03   9.3630000e+03
   0.0000000e+00   0.0000000e+00   6.6437305e+03   9.8450000e+03
   0.0000000e+00   0.0000000e+00   6.6350925e+03   1.0071000e+04
   0.0000000e+00   0.0000000e+00   6.6281867e+03   1.0393000e+04
   0.0000000e+00   0.0000000e+00   6.6161296e+03   1.0408000e+04
   0.0000000e+00   0.0000000e+00   6.6085410e+03   1.0437000e+04
   0.0000000e+00   0.0000000e+00   6.6014085e+03   1.0671000e+04
   0.0000000e+00   0.0000000e+00   6.5820076e+03   1.0989000e+04
   0.0000000e+00   0.0000000e+00   6.5748839e+03   1.0993000e+04
   0.0000000e+00   0.0000000e+00   6.5702067e+03   1.1043000e+04
   0.0000000e+00   0.0000000e+00   6.5584769e+03   1.1158000e+04
   0.0000000e+00   0.0000000e+00   6.5581275e+03   1.1251000e+04
   0.0000000e+00   0.0000000e+00   6.5515791e+03   1.1330000e+04
   0.0000000e+00   0.0000000e+00   6.5439254e+03   1.1343000e+04
   0.0000000e+00   0.0000000e+00   6.5437388e+03   1.1360000e+04
   0.0000000e+00   0.0000000e+00   6.5432110e+03   1.1372000e+04
   0.0000000e+00   0.0000000e+00   6.5396761e+03   1.1411000e+04
   0.0000000e+00   0.0000000e+00   6.5297294e+03   1.1488000e+04
   0.0000000e+00   0.0000000e+00   6.5215045e+03   1.1503000e+04
   0.0000000e+00   0.0000000e+00   6.5180855e+03   1.1509000e+04
   0.0000000e+00   0.0000000e+00   6.5053037e+03   1.1521000e+04
   0.0000000e+00   0.0000000e+00   6.4947225e+03   1.1580000e+04
   0.0000000e+00   0.0000000e+00   6.4902224e+03   1.1636000e+04
   0.0000000e+00   0.0000000e+00   6.4768680e+03   1.1702000e+04
   0.0000000e+00   0.0000000e+00   6.4756063e+03   1.1788000e+04
   0.0000000e+00   0.0000000e+00   6.4592756e+03   1.1990000e+04
   0.0000000e+00   0.0000000e+00   6.4178314e+03   1.2268000e+04
   0.0000000e+00   0.0000000e+00   6.4150737e+03   1.2291000e+04
   0.0000000e+00   0.0000000e+00   6.4150737e+03   1.2778000e+04
   0.0000000e+00   0.0000000e+00   6.3989830e+03   1.2949000e+04
   0.0000000e+00   0.0000000e+00   6.3894494e+03   1.3080000e+04
   0.0000000e+00   0.0000000e+00   6.3894494e+03   1.4048000e+04
   0.0000000e+00   0.0000000e+00   6.3874517e+03   1.5965000e+04
   0.0000000e+00   0.0000000e+00   6.3862142e+03   1.6096000e+04
   0.0000000e+00   0.0000000e+00   6.3858125e+03   1.6380000e+04
   0.0000000e+00   0.0000000e+00   6.3787225e+03   1.6386000e+04
   0.0000000e+00   0.0000000e+00   6.3770640e+03   1.6450000e+04
   0.0000000e+00   0.0000000e+00   6.3770339e+03   1.6521000e+04
   0.0000000e+00   0.0000000e+00   6.3770339e+03   1.6604000e+04
   0.0000000e+00   0.0000000e+00   6.3731646e+03   1.6643000e+04
   0.0000000e+00   0.0000000e+00   6.3731646e+03   1.6868000e+04
   0.0000000e+00   0.0000000e+00   6.3672400e+03   1.7240000e+04
   0.0000000e+00   0.0000000e+00   6.3672400e+03   1.7651000e+04
   0.0000000e+00   0.0000000e+00   6.3553327e+03   1.7704000e+04
   0.0000000e+00   0.0000000e+00   6.3551093e+03   1.8100000e+04
   0.0000000e+00   0.0000000e+00   6.3416682e+03   1.8215000e+04
   0.0000000e+00   0.0000000e+00   6.3348461e+03   1.8298000e+04
   0.0000000e+00   0.0000000e+00   6.3297752e+03   1.8414000e+04
   0.0000000e+00   0.0000000e+00   6.3258719e+03   1.8511000e+04
   0.0000000e+00   0.0000000e+00   6.3184479e+03   1.8951000e+04
   0.0000000e+00   0.0000000e+00   6.3076323e+03   1.9101000e+04
   0.0000000e+00   0.0000000e+00   6.2903020e+03   1.9271000e+04
   0.0000000e+00   0.0000000e+00   6.2865493e+03   1.9279000e+04
   0.0000000e+00   0.0000000e+00   6.2768123e+03   1.9696000e+04
   0.0000000e+00   0.0000000e+00   6.2760318e+03   1.9908000e+04
   0.0000000e+00   0.0000000e+00   6.2760318e+03   1.9967000e+04
   0.0000000e+00   0.0000000e+00   6.2756522e+03   2.0168000e+04
   0.0000000e+00   0.0000000e+00   6.2726103e+03   2.0236000e+04
   0.0000000e+00   0.0000000e+00   6.2725355e+03   2.0350000e+04
   0.0000000e+00   0.0000000e+00   6.2706852e+03   2.0365000e+04
   0.0000000e+00   0.0000000e+00   6.2706852e+03   2.0571000e+04
   0.0000000e+00   0.0000000e+00   6.2646993e+03   2.0628000e+04
   0.0000000e+00   0.0000000e+00   6.2639796e+03   2.1178000e+04
   0.0000000e+00   0.0000000e+00   6.2634030e+03   2.1190000e+04
   0.0000000e+00   0.0000000e+00   6.2576332e+03   2.1591000e+04
   0.0000000e+00   0.0000000e+00   6.2462307e+03   2.1648000e+04
   0.0000000e+00   0.0000000e+00   6.2445421e+03   2.1956000e+04
   0.0000000e+00   0.0000000e+00   6.2413512e+03   2.2373000e+04
   0.0000000e+00   0.0000000e+00   6.2367004e+03   2.2446000e+04
   0.0000000e+00   0.0000000e+00   6.2367004e+03   2.2826000e+04
   0.0000000e+00   0.0000000e+00   6.2367004e+03   2.3100000e+04
   0.0000000e+00   0.0000000e+00   6.2313894e+03   2.3157000e+04
   0.0000000e+00   0.0000000e+00   6.2272739e+03   2.3537000e+04
   0.0000000e+00   0.0000000e+00   6.2244799e+03   2.3548000e+04
   0.0000000e+00   0.0000000e+00   6.2221146e+03   2.4322000e+04
   0.0000000e+00   0.0000000e+00   6.2221146e+03   2.4820000e+04
   0.0000000e+00   0.0000000e+00   6.2013141e+03   2.4926000e+04
   0.0000000e+00   0.0000000e+00   6.1987383e+03   2.5622000e+04
   0.0000000e+00   0.0000000e+00   6.1944655e+03   2.6361000e+04
   0.0000000e+00   0.0000000e+00   6.1903501e+03   2.6783000e+04
   0.0000000e+00   0.0000000e+00   6.1883250e+03   2.6918000e+04
   0.0000000e+00   0.0000000e+00   6.1831508e+03   2.6971000e+04
   0.0000000e+00   0.0000000e+00   6.1831508e+03   2.7132000e+04
   0.0000000e+00   0.0000000e+00   6.1815210e+03   2.7220000e+04
   0.0000000e+00   0.0000000e+00   6.1807285e+03   2.8052000e+04
   0.0000000e+00   0.0000000e+00   6.1797640e+03   2.8147000e+04
   0.0000000e+00   0.0000000e+00   6.1771801e+03   2.8310000e+04
   0.0000000e+00   0.0000000e+00   6.1725609e+03   2.8553000e+04
   0.0000000e+00   0.0000000e+00   6.1715156e+03   2.8959000e+04
   0.0000000e+00   0.0000000e+00   6.1697529e+03   2.9131000e+04
   0.0000000e+00   0.0000000e+00   6.1681832e+03   2.9369000e+04
   0.0000000e+00   0.0000000e+00   6.1681832e+03   3.0356000e+04
   0.0000000e+00   0.0000000e+00   6.1643573e+03   3.0681000e+04
   0.0000000e+00   0.0000000e+00   6.1608743e+03   3.1078000e+04
   0.0000000e+00   0.0000000e+00   6.1566368e+03   3.1592000e+04
   0.0000000e+00   0.0000000e+00   6.1529602e+03   3.1596000e+04
   0.0000000e+00   0.0000000e+00   6.1474328e+03   3.1989000e+04
   0.0000000e+00   0.0000000e+00   6.1454999e+03   3.2773000e+04
   0.0000000e+00   0.0000000e+00   6.1381814e+03   3.3486000e+04
   0.0000000e+00   0.0000000e+00   6.1297310e+03   3.3527000e+04
   0.0000000e+00   0.0000000e+00   6.1257101e+03   3.3695000e+04
   0.0000000e+00   0.0000000e+00   6.1225943e+03   3.4004000e+04
   0.0000000e+00   0.0000000e+00   6.1175140e+03   3.4346000e+04
   0.0000000e+00   0.0000000e+00   6.1145079e+03   3.4762000e+04
   0.0000000e+00   0.0000000e+00   6.1126473e+03   3.5298000e+04
   0.0000000e+00   0.0000000e+00   6.1034050e+03   3.5614000e+04
   0.0000000e+00   0.0000000e+00   6.0887033e+03   3.5684000e+04
   0.0000000e+00   0.0000000e+00   6.0887033e+03   3.5982000e+04
   0.0000000e+00   0.0000000e+00   6.0853277e+03   3.5987000e+04
   0.0000000e+00   0.0000000e+00   6.0821367e+03   3.6009000e+04
   0.0000000e+00   0.0000000e+00   6.0806710e+03   3.6409000e+04
   0.0000000e+00   0.0000000e+00   6.0720142e+03   3.6423000e+04
   0.0000000e+00   0.0000000e+00   6.0674091e+03   3.6640000e+04
   0.0000000e+00   0.0000000e+00   6.0659759e+03   3.7738000e+04
   0.0000000e+00   0.0000000e+00   6.0659759e+03   3.8187000e+04
   0.0000000e+00   0.0000000e+00   6.0645213e+03   3.8423000e+04
   0.0000000e+00   0.0000000e+00   6.0607377e+03   3.8646000e+04
   0.0000000e+00   0.0000000e+00   6.0576026e+03   3.9905000e+04
   0.0000000e+00   0.0000000e+00   6.0561227e+03   3.9906000e+04
   0.0000000e+00   0.0000000e+00   6.0559947e+03   3.9976000e+04
   0.0000000e+00   0.0000000e+00   6.0404173e+03   4.0083000e+04
   0.0000000e+00   0.0000000e+00   6.0404173e+03   4.0499000e+04
   0.0000000e+00   0.0000000e+00   6.0403313e+03   4.0602000e+04
   0.0000000e+00   0.0000000e+00   6.0363389e+03   4.0622000e+04
   0.0000000e+00   0.0000000e+00   6.0343355e+03   4.0623000e+04
   0.0000000e+00   0.0000000e+00   6.0313827e+03   4.0805000e+04
   0.0000000e+00   0.0000000e+00   6.0299038e+03   4.0813000e+04
   0.0000000e+00   0.0000000e+00   6.0270676e+03   4.0900000e+04
   0.0000000e+00   0.0000000e+00   6.0245587e+03   4.1086000e+04
   0.0000000e+00   0.0000000e+00   6.0208821e+03   4.1382000e+04
   0.0000000e+00   0.0000000e+00   6.0172055e+03   4.2164000e+04
   0.0000000e+00   0.0000000e+00   6.0097187e+03   4.2291000e+04
   0.0000000e+00   0.0000000e+00   6.0084711e+03   4.2945000e+04
   0.0000000e+00   0.0000000e+00   6.0005914e+03   4.2997000e+04
   0.0000000e+00   0.0000000e+00   5.9973020e+03   4.3124000e+04
   0.0000000e+00   0.0000000e+00   5.9965183e+03   4.3697000e+04
   0.0000000e+00   0.0000000e+00   5.9950637e+03   4.3721000e+04
   0.0000000e+00   0.0000000e+00   5.9937568e+03   4.3826000e+04
   0.0000000e+00   0.0000000e+00   5.9923823e+03   4.3922000e+04
   0.0000000e+00   0.0000000e+00   5.9907803e+03   4.4049000e+04
   0.0000000e+00   0.0000000e+00   5.9872695e+03   4.4342000e+04
   0.0000000e+00   0.0000000e+00   5.9852115e+03   4.4466000e+04
   0.0000000e+00   0.0000000e+00   5.9764870e+03   4.4575000e+04
   0.0000000e+00   0.0000000e+00   5.9749544e+03   4.4639000e+04
   0.0000000e+00   0.0000000e+00   5.9731202e+03   4.5066000e+04
   0.0000000e+00   0.0000000e+00   5.9710350e+03   4.5146000e+04
   0.0000000e+00   0.0000000e+00   5.9706951e+03   4.5212000e+04
   0.0000000e+00   0.0000000e+00   5.9706541e+03   4.5336000e+04
   0.0000000e+00   0.0000000e+00   5.9632813e+03   4.5464000e+04
   0.0000000e+00   0.0000000e+00   5.9611910e+03   4.5582000e+04
   0.0000000e+00   0.0000000e+00   5.9591337e+03   4.5592000e+04
   0.0000000e+00   0.0000000e+00   5.9591337e+03   4.5830000e+04
   0.0000000e+00   0.0000000e+00   5.9581723e+03   4.5868000e+04
   0.0000000e+00   0.0000000e+00   5.9471476e+03   4.6547000e+04
   0.0000000e+00   0.0000000e+00   5.9439318e+03   4.6592000e+04
   0.0000000e+00   0.0000000e+00   5.9367593e+03   4.7123000e+04
   0.0000000e+00   0.0000000e+00   5.9328027e+03   4.7260000e+04
   0.0000000e+00   0.0000000e+00   5.9328027e+03   4.7612000e+04
   0.0000000e+00   0.0000000e+00   5.9326626e+03   4.7766000e+04
   0.0000000e+00   0.0000000e+00   5.9324398e+03   4.8584000e+04
   0.0000000e+00   0.0000000e+00   5.9314760e+03   4.9008000e+04
   0.0000000e+00   0.0000000e+00   5.9294625e+03   4.9117000e+04
   0.0000000e+00   0.0000000e+00   5.9280079e+03   4.9537000e+04
   0.0000000e+00   0.0000000e+00   5.9263624e+03   5.0395000e+04
   0.0000000e+00   0.0000000e+00   5.9241273e+03   5.2192000e+04
   0.0000000e+00   0.0000000e+00   5.9241273e+03   5.2271000e+04
   0.0000000e+00   0.0000000e+00   5.9240449e+03   5.2687000e+04
   0.0000000e+00   0.0000000e+00   5.9221646e+03   5.3303000e+04
   0.0000000e+00   0.0000000e+00   5.9221646e+03   5.4491000e+04
   0.0000000e+00   0.0000000e+00   5.9204006e+03   5.4702000e+04
   0.0000000e+00   0.0000000e+00   5.9204006e+03   5.4782000e+04
   0.0000000e+00   0.0000000e+00   5.9139330e+03   5.6551000e+04
   0.0000000e+00   0.0000000e+00   5.9117557e+03   5.8651000e+04
   0.0000000e+00   0.0000000e+00   5.9096798e+03   5.9412000e+04
   0.0000000e+00   0.0000000e+00   5.9059794e+03   5.9462000e+04
   0.0000000e+00   0.0000000e+00   5.9059794e+03   5.9639000e+04
   0.0000000e+00   0.0000000e+00   5.9059794e+03   5.9962000e+04
   0.0000000e+00   0.0000000e+00   5.8305685e+03   6.1935000e+04
   0.0000000e+00   0.0000000e+00   5.8268920e+03   6.2105000e+04
   0.0000000e+00   0.0000000e+00   5.8268920e+03   6.2117000e+04
   0.0000000e+00   0.0000000e+00   5.8238031e+03   6.2268000e+04
   0.0000000e+00   0.0000000e+00   5.8133652e+03   6.2990000e+04
   0.0000000e+00   0.0000000e+00   5.8118796e+03   6.3036000e+04
   0.0000000e+00   0.0000000e+00   5.8113865e+03   6.3097000e+04
   0.0000000e+00   0.0000000e+00   5.8113865e+03   6.3297000e+04
   0.0000000e+00   0.0000000e+00   5.8056063e+03   6.4067000e+04
   0.0000000e+00   0.0000000e+00   5.8056063e+03   6.4531000e+04
   0.0000000e+00   0.0000000e+00   5.8056063e+03   6.5191000e+04
   0.0000000e+00   0.0000000e+00   5.8056063e+03   6.5352000e+04
   0.0000000e+00   0.0000000e+00   5.7983757e+03   6.5565000e+04
   0.0000000e+00   0.0000000e+00   5.7969211e+03   6.6805000e+04
   0.0000000e+00   0.0000000e+00   5.7969211e+03   6.6816000e+04
   0.0000000e+00   0.0000000e+00   5.7969211e+03   6.8987000e+04
   0.0000000e+00   0.0000000e+00   5.7814039e+03   6.9926000e+04
   0.0000000e+00   0.0000000e+00   5.7658498e+03   6.9976000e+04
   0.0000000e+00   0.0000000e+00   5.7658498e+03   7.0247000e+04
   0.0000000e+00   0.0000000e+00   5.7643952e+03   7.0759000e+04
   0.0000000e+00   0.0000000e+00   5.7619629e+03   7.0838000e+04
   0.0000000e+00   0.0000000e+00   5.7619629e+03   7.2258000e+04
   0.0000000e+00   0.0000000e+00   5.7619629e+03   7.2526000e+04
   0.0000000e+00   0.0000000e+00   5.7619629e+03   7.2759000e+04
   0.0000000e+00   0.0000000e+00   5.7612866e+03   7.4517000e+04
   0.0000000e+00   0.0000000e+00   5.7612866e+03   7.5167000e+04
   0.0000000e+00   0.0000000e+00   5.7612866e+03   7.5202000e+04
   0.0000000e+00   0.0000000e+00   5.7612866e+03   7.5293000e+04
   0.0000000e+00   0.0000000e+00   5.7525484e+03   7.6951000e+04
   0.0000000e+00   0.0000000e+00   5.7525484e+03   7.8564000e+04
   0.0000000e+00   0.0000000e+00   5.7525484e+03   7.8842000e+04
   0.0000000e+00   0.0000000e+00   5.7525484e+03   7.9074000e+04
   0.0000000e+00   0.0000000e+00   5.7525484e+03   7.9250000e+04
   0.0000000e+00   0.0000000e+00   5.7525484e+03   7.9688000e+04
   0.0000000e+00   0.0000000e+00   5.7525484e+03   8.0577000e+04
   0.0000000e+00   0.0000000e+00   5.7525484e+03   8.1888000e+04
   0.0000000e+00   0.0000000e+00   5.7525484e+03   8.4126000e+04
   0.0000000e+00   0.0000000e+00   5.7525484e+03   8.5017000e+04
   0.0000000e+00   0.0000000e+00   5.7521017e+03   8.6014000e+04
   0.0000000e+00   0.0000000e+00   5.7521017e+03   8.6126000e+04
   0.0000000e+00   0.0000000e+00   5.7494651e+03   8.6778000e+04
   0.0000000e+00   0.0000000e+00   5.7494651e+03   8.7686000e+04
   0.0000000e+00   0.0000000e+00   5.7467953e+03   8.8288000e+04
   0.0000000e+00   0.0000000e+00   5.7464657e+03   8.9152000e+04
   0.0000000e+00   0.0000000e+00   5.7464657e+03   8.9266000e+04
   0.0000000e+00   0.0000000e+00   5.7464657e+03   9.0140000e+04
   0.0000000e+00   0.0000000e+00   5.7464657e+03   9.1552000e+04
   0.0000000e+00   0.0000000e+00   5.7426518e+03   9.2554000e+04
   0.0000000e+00   0.0000000e+00   5.7426518e+03   9.5938000e+04
   0.0000000e+00   0.0000000e+00   5.7390536e+03   9.8684000e+04
   0.0000000e+00   0.0000000e+00   5.7390536e+03   1.0206800e+05
   0.0000000e+00   0.0000000e+00   5.7381064e+03   1.0238800e+05
   0.0000000e+00   0.0000000e+00   5.7381064e+03   1.0289100e+05
   0.0000000e+00   0.0000000e+00   5.7320098e+03   1.0605600e+05
   0.0000000e+00   0.0000000e+00   5.7293911e+03   1.0698500e+05
   0.0000000e+00   0.0000000e+00   5.7293911e+03   1.0848800e+05
   0.0000000e+00   0.0000000e+00   5.7293911e+03   1.0870100e+05
   0.0000000e+00   0.0000000e+00   5.7287206e+03   1.0950100e+05
   0.0000000e+00   0.0000000e+00   5.7287206e+03   1.0950600e+05
   0.0000000e+00   0.0000000e+00   5.7287206e+03   1.0959600e+05
   0.0000000e+00   0.0000000e+00   5.7287206e+03   1.1039800e+05
   0.0000000e+00   0.0000000e+00   5.7261917e+03   1.1049000e+05
   0.0000000e+00   0.0000000e+00   5.7261917e+03   1.1075300e+05
   0.0000000e+00   0.0000000e+00   5.7260522e+03   1.1311000e+05
   0.0000000e+00   0.0000000e+00   5.7210610e+03   1.1636700e+05
   0.0000000e+00   0.0000000e+00   5.7210610e+03   1.1669900e+05
   0.0000000e+00   0.0000000e+00   5.7210610e+03   1.1720000e+05
   0.0000000e+00   0.0000000e+00   5.7210610e+03   1.1784400e+05
   0.0000000e+00   0.0000000e+00   5.7210610e+03   1.1896200e+05
   0.0000000e+00   0.0000000e+00   5.7210610e+03   1.1938100e+05
   0.0000000e+00   0.0000000e+00   5.7210610e+03   1.2145500e+05
   0.0000000e+00   0.0000000e+00   5.7188530e+03   1.2393500e+05
   0.0000000e+00   0.0000000e+00   5.7176329e+03   1.2399200e+05
   0.0000000e+00   0.0000000e+00   5.7133578e+03   1.2401000e+05
   0.0000000e+00   0.0000000e+00   5.7133578e+03   1.2408400e+05
   0.0000000e+00   0.0000000e+00   5.7087749e+03   1.2462600e+05
   0.0000000e+00   0.0000000e+00   5.7008429e+03   1.2529800e+05
   0.0000000e+00   0.0000000e+00   5.6984830e+03   1.2534100e+05
   0.0000000e+00   0.0000000e+00   5.6984830e+03   1.2590200e+05
   0.0000000e+00   0.0000000e+00   5.6977476e+03   1.2629800e+05
   0.0000000e+00   0.0000000e+00   5.6977476e+03   1.2748800e+05
   0.0000000e+00   0.0000000e+00   5.6977476e+03   1.2759800e+05
   0.0000000e+00   0.0000000e+00   5.6970771e+03   1.2856000e+05
   0.0000000e+00   0.0000000e+00   5.6970771e+03   1.3316800e+05
   0.0000000e+00   0.0000000e+00   5.6949022e+03   1.3371400e+05
   0.0000000e+00   0.0000000e+00   5.6949022e+03   1.3401300e+05
   0.0000000e+00   0.0000000e+00   5.6949022e+03   1.3446800e+05
   0.0000000e+00   0.0000000e+00   5.6949022e+03   1.3501700e+05
   0.0000000e+00   0.0000000e+00   5.6894810e+03   1.3654600e+05
   0.0000000e+00   0.0000000e+00   5.6894810e+03   1.3844000e+05
   0.0000000e+00   0.0000000e+00   5.6894810e+03   1.3998500e+05
   0.0000000e+00   0.0000000e+00   5.6894810e+03   1.4011800e+05
   0.0000000e+00   0.0000000e+00   5.6884667e+03   1.4038700e+05
   0.0000000e+00   0.0000000e+00   5.6884667e+03   1.4107300e+05
   0.0000000e+00   0.0000000e+00   5.6884667e+03   1.4144700e+05
   0.0000000e+00   0.0000000e+00   5.6884667e+03   1.4224000e+05
   0.0000000e+00   0.0000000e+00   5.6884667e+03   1.4273100e+05
   0.0000000e+00   0.0000000e+00   5.6884667e+03   1.4289800e+05
   0.0000000e+00   0.0000000e+00   5.6884667e+03   1.4338600e+05
   0.0000000e+00   0.0000000e+00   5.6884667e+03   1.4401000e+05
   0.0000000e+00   0.0000000e+00   5.6880051e+03   1.4687100e+05
   0.0000000e+00   0.0000000e+00   5.6872697e+03   1.4759600e+05
   0.0000000e+00   0.0000000e+00   5.6855811e+03   1.4967900e+05
   0.0000000e+00   0.0000000e+00   5.6855811e+03   1.5248700e+05
   0.0000000e+00   0.0000000e+00   5.6855811e+03   1.5424400e+05
   0.0000000e+00   0.0000000e+00   5.6855811e+03   1.6058500e+05
   0.0000000e+00   0.0000000e+00   5.6849934e+03   1.6095500e+05
   0.0000000e+00   0.0000000e+00   5.6805915e+03   1.6184200e+05
   0.0000000e+00   0.0000000e+00   5.6805915e+03   1.6246100e+05
   0.0000000e+00   0.0000000e+00   5.6760704e+03   1.6298500e+05
   0.0000000e+00   0.0000000e+00   5.6755952e+03   1.6324900e+05
   0.0000000e+00   0.0000000e+00   5.6755952e+03   1.6433900e+05
   0.0000000e+00   0.0000000e+00   5.6755952e+03   1.6502400e+05
   0.0000000e+00   0.0000000e+00   5.6755952e+03   1.6708400e+05
   0.0000000e+00   0.0000000e+00   5.6755952e+03   1.6849300e+05
   0.0000000e+00   0.0000000e+00   5.6755952e+03   1.7516400e+05
   0.0000000e+00   0.0000000e+00   5.6755952e+03   1.7537600e+05
   0.0000000e+00   0.0000000e+00   5.6755952e+03   1.7592500e+05
   0.0000000e+00   0.0000000e+00   5.6755952e+03   1.7789500e+05
   0.0000000e+00   0.0000000e+00   5.6753042e+03   1.8016300e+05
   0.0000000e+00   0.0000000e+00   5.6753042e+03   1.8316400e+05
   0.0000000e+00   0.0000000e+00   5.6753042e+03   1.8434500e+05
   0.0000000e+00   0.0000000e+00   5.6748677e+03   1.8621400e+05
   0.0000000e+00   0.0000000e+00   5.6748677e+03   1.8628800e+05
   0.0000000e+00   0.0000000e+00   5.6716144e+03   1.8845100e+05
   0.0000000e+00   0.0000000e+00   5.6716144e+03   1.8900300e+05
   0.0000000e+00   0.0000000e+00   5.6712306e+03   1.8930000e+05
   0.0000000e+00   0.0000000e+00   5.6626548e+03   1.8939300e+05
   0.0000000e+00   0.0000000e+00   5.6626548e+03   1.8971800e+05
   0.0000000e+00   0.0000000e+00   5.6626548e+03   1.9015300e+05
   0.0000000e+00   0.0000000e+00   5.6626548e+03   1.9032100e+05
   0.0000000e+00   0.0000000e+00   5.6626548e+03   1.9174600e+05
   0.0000000e+00   0.0000000e+00   5.6617488e+03   1.9175300e+05
   0.0000000e+00   0.0000000e+00   5.6617488e+03   1.9610600e+05
   0.0000000e+00   0.0000000e+00   5.6611176e+03   1.9615800e+05
   0.0000000e+00   0.0000000e+00   5.6591041e+03   1.9628900e+05
   0.0000000e+00   0.0000000e+00   5.6591041e+03   1.9646200e+05
   0.0000000e+00   0.0000000e+00   5.6591041e+03   1.9675200e+05
   0.0000000e+00   0.0000000e+00   5.6577867e+03   1.9734500e+05
   0.0000000e+00   0.0000000e+00   5.6577867e+03   1.9743900e+05
   0.0000000e+00   0.0000000e+00   5.6570513e+03   1.9876100e+05
   0.0000000e+00   0.0000000e+00   5.6553566e+03   1.9886700e+05
   0.0000000e+00   0.0000000e+00   5.6553566e+03   1.9930500e+05
